index,GeneSeq,label,validCrispor,cfdScore,MITwebsite,MITscores,CropitScores,CCTopSores,scores,phylop,Promoter,Enhancer,segwayPromoter,segwayEnhancer
1,GAGGCTGAGCAGCAGGAGAATGG,0,0,0.023496241,0,0.060534271,455,189.7526696,0.756521739,2,0,0,0,0
2,CCAGTGAGCGGAGGAGAGGCCAG,0,0,0,0.030671588,0.030671588,425,184.402277,0,-0.043478261,0,0,0,0
3,AGATGAGAACATGAGGCACAGAG,0,0,0.027654321,0,1.275482667,530,207.4521631,0.3,0.543478261,0,0,0,0
4,TGTCAGTGTGTGTGTGTGTGTGA,0,0,0.010294118,0,0.372455417,552.5,193.3805086,0,3,0,0,0,0
5,CTTACCCCACTGTGGAGTAACAG,0,0,0.001076923,0.085089618,0.082355815,327.5,188.3899742,0,-0.108695652,0,0,0,0
6,GAGTGCGTGCAGAAAAACAAGGG,0,0,0.115246099,0.080313734,0.078958228,455,175.1815082,0.169565217,0.130434783,0,0,0,0
7,GAATGAAAAGAGGAAGCACAAAG,0,0,0.176228516,0,0.135371465,425,194.8936972,0.047826087,-0.130434783,0,0,0,0
8,GGCTGTGGGGAGTTTGGTCAGAG,0,0,0.001955198,0.157225945,0.151635689,485,158.762305,0.995652174,-0.326086957,0,0,0,0
9,TACCCCCCCCACCCCGCCACAGG,0,0,0.285714286,0,1.127118644,560,186.5521831,0,-0.369565217,0,0,0,0
10,GGAATCTCTTCTTCAGTACACAG,0,0,0.01474537,0.064882475,0.063787412,387.5,149.1937877,0,-0.369565217,0,0,0,0
11,TGGATGGATGGATGGGGGGTTAG,0,0,0.023367901,0,0.025484762,357.5,169.3797811,0,0.02173913,0,0,1,0
12,AGAAGAGAGGAAGAGGCAGAGGA,0,0,0.002204586,0,0.30473625,552.5,183.3786197,0,-0.130434783,0,0,0,0
13,CCGTCCCAGCAGTAGAAGAATGG,0,0,0.115752551,0.397317959,0.397317959,522.5,207.0774987,0,0.043478261,0,0,0,0
14,CTTGCCCTCCAGGGCAGGCATGA,0,0,0.002394636,0,0.05397136,485,155.9690695,0.02173913,-0.434782609,0,0,0,0
15,AAAAAAGAAAAAGAGGCAAAGGA,0,0,0.011463845,0,0.45934875,552.5,181.2983436,0.034782609,-0.152173913,0,0,0,0
16,GGGTGGGAGGTGATAGCTCCTGG,0,0,0.123326067,0.07979221,0.078569341,327.5,186.1637572,0.017391304,0.02173913,0,0,0,0
17,TGTGAGTGCGAGTGTGTGTGTGA,0,0,0.013888889,0,0.206712756,455,188.0240249,0,0,0,0,0,0
18,GCTTTCCCAGAGCCTGGCCCAGA,0,0,0.003836104,0,0.599576987,552.5,175.2543437,0,0,0,0,0,0
19,GGTTAGTGTGTGTGTGTGTGAGA,0,0,0.007070707,0,0.699446792,560,194.5805086,0,-0.195652174,0,0,1,0
20,TGTGAGTGTGTATGTGCATGAGA,0,0,0.026923077,0,0.093289924,455,182.1007859,0.1,0.304347826,0,0,0,0
21,CCAGTGCATATAGCAGAGGCTGG,0,0,0.158371041,0.143048343,0.13866372,425,193.279897,0.017391304,1.304347826,0,0,0,0
22,ATCATCCAACCAGAGACCCAGGG,0,0,0.160791589,0.196604032,0.189613667,552.5,189.5768864,0.017391304,-0.260869565,0,0,0,0
23,GGTGATTGATTGAGTGCATGCAG,0,0,0.067307692,0,0.063531421,455,177.4996258,0,-0.456521739,0,0,0,0
24,GGGTTGGAGAAGTGAGGAGTCAG,0,0,0.106375619,0,0.648306325,522.5,205.6185631,0,0.630434783,0,0,0,0
25,CATTTGTTTTCATTTTTCTTGGG,0,0,0.021045918,0.187826277,0.184299023,455,167.3273785,0.004347826,0.282608696,0,0,0,0
26,GGTTGGGGGTACTCTGCTCCGGG,0,0,0.06144958,0.098406944,0.095245275,425,194.3249785,0,-0.413043478,0,0,0,0
27,GCATCCCCACTGCCTGCCCATGG,0,0,0.020915033,0,0.291673374,455,186.4640688,0,-0.934782609,0,0,0,0
28,TGGATGGAGGAGTGAGTGGGTGA,0,0,0.000885076,0,0.021131597,320,127.9368553,0,-0.369565217,0,0,1,0
29,GCCATACATGCAGAGGCACATAG,0,0,0.01643854,0.151745495,0.151745495,552.5,195.1338537,0.043478261,0.173913043,0,0,0,0
30,TACTTGTCTTCATTCTTCTCTGA,0,0,0.018939394,0,0.844444444,530,203.0931615,0,-0.086956522,0,0,0,0
31,ATATGAGTAGAAGAAGCACTGAG,0,0,0.045632799,0.186915845,0.186915845,455,164.5155615,0,-0.630434783,0,0,0,0
32,GGGTGGGGGAAGGGTTCTCCGGA,0,0,0,0,0.012468083,357.5,175.7813325,0,0.326086957,0,0,0,0
33,CAGACCGAAGCAGGGTTCTTGAG,0,0,0.018518519,0.047273134,0.045592311,455,181.6094821,0.186956522,0.760869565,0,0,0,0
34,GGTGAGTGTGTGTGCGTGCGTGA,0,0,0.001462905,0,0.028412066,387.5,149.2990871,0.57826087,1.804347826,0,0,0,0
35,AAATGATAAGAAAAGGCAAGGGA,0,0,0.012004802,0,0.0521897,387.5,139.4318988,0.069565217,-0.130434783,0,0,0,0
36,TGTGAGGGAGTGTGAGTGTGTGA,0,0,0.011036578,0,0.111580572,455,181.6236866,0.117391304,-0.065217391,0,0,0,0
37,ATCACCAGTGAGTAGGTGGGGAG,0,0,0.001208668,0.020922224,0.020550273,442.5,155.2621298,0,0.065217391,0,0,0,0
38,GTCAGCTTTGTCACTACCTGTGA,0,0,0.007619048,0,0.243282841,530,203.512715,0.726086957,-0.695652174,0,0,0,0
39,ATATGACAAGTAAAGGCACAAAG,0,0,0.036817883,0.216851526,0.209884409,425,200.847415,0.008695652,0.239130435,0,0,0,0
40,GGTGAGGTGGTGTGTGCTTGTGG,0,0,0.163398693,0,0.117023615,555,184.3338886,0.008695652,0.152173913,0,0,0,0
41,CCTGCCTCCTCGCTGCTCACCAG,0,0,0.068460648,0,0.294680478,432.5,193.4851416,0,-0.173913043,0,0,0,0
42,GGAGTCCCTTCTTCAACAGCAGG,0,0,0.0234375,0,0.033198795,387.5,160.7906536,0.017391304,NA,0,0,0,0
43,GACACCCTAGCAGCGTTATTAGG,0,0,0.042091837,0.029484982,0.028537674,455,176.6544843,0.013043478,-0.326086957,0,0,0,0
44,GAATTGTTTTCTTAGTTTTCAGA,0,0,0.007983749,0,0.022431417,357.5,173.8933816,0,-0.5,0,0,0,0
45,GACCCTGAGGCTGGGGGTGGTGG,0,0,0.12617647,0,0.402848101,522.5,200.7795615,0.339130435,1.739130435,0,0,0,0
46,GACACTAGGGCAGGAGGTGGAGG,0,0,0.435164835,0,0.480774398,522.5,205.7609018,0.8,-0.043478261,0,0,1,0
47,GGGTGGGGGCAGTTAGTGCCTGG,0,0,0.036023392,0.026226816,0.025422929,387.5,153.5917977,0,0.369565217,1,0,0,0
48,TATTTGTTTTCATTTTTTTCAGA,0,0,0.004384566,0,0.082004963,455,179.0416451,0,0.108695652,0,0,0,0
49,TTGGATACCAGTGAGGAGAGCAG,0,0,0.052083333,0,0.164761667,552.5,199.2519901,0,-0.043478261,0,0,0,1
50,CTTGCCCCACAGGGCCTCAGAGA,0,0,0,0,0.007062745,375,118.3645298,0.008695652,-0.173913043,0,0,0,0
51,AAAAGAGAAAAAAAGTCACAGAG,0,0,0,0,0.092152171,455,186.5469172,0.004347826,0.913043478,0,0,0,0
52,CTTGCTCCACAGGGCACTGTCAG,0,0,0.012745098,0.047597277,0.045990617,417.5,128.5423051,0,-0.152173913,0,0,1,0
53,GGGAAAGACACACCTTCCCTCAG,0,0,0.008481997,0.043049833,0.043049833,357.5,159.7539215,0.734782609,-0.065217391,0,0,0,0
54,ATGACAACGAGTGAGAAGAGGGG,0,0,0.261286333,0.093985934,0.090966306,552.5,194.8774898,0,0,0,0,0,0
55,GAGAGCGAGCAGAAGCAGGATGG,0,0,0,0,0.085785,485,169.0016542,0,0.065217391,0,0,0,0
56,GATGCCGTGAAGAAGAAGAACAG,0,0,0.030092593,1.258804523,1.2395125,620,209.7068466,0,0.065217391,0,0,0,0
57,AATGGAGAAGAAGGGGCAAAGGG,0,0,0.088235294,0,0.073273358,455,175.4112154,0,-1.304347826,0,0,1,0
58,TGCACTCCGACTGGAAGTGGTGG,0,0,0.641666666,0,0.171309377,552.5,194.5366569,0.047826087,-0.043478261,0,0,0,0
59,GGGGAGAGTGTGTGTGTGTGAGG,0,0,0.1225,0,0.238125599,552.5,191.3429278,0.008695652,-0.391304348,0,0,0,0
60,ATATAAGAAGAAGAGGGAGAGGA,0,0,0.000321846,0,0.19201875,485,165.937569,0,-0.282608696,0,0,0,0
61,TGGATGGAAGACAAAGGAGTGAG,0,0,0.022773279,0,0.022620165,362.5,186.385614,0,-0.173913043,0,0,0,0
62,AAATGTGAGGCAGAGACACAAGG,0,0,0.19047619,0,0.0504863,455,189.9357261,0.082608696,-0.086956522,0,0,0,0
63,AAACATAAAGAATAGACTGCAAG,0,0,0.1625,0,0.945144444,530,212.3839323,0,-0.152173913,0,0,0,0
64,AACGGTGAAGAGGAGGCACAGAG,0,0,0.035824515,0.41990681,0.41990681,522.5,208.2963156,1,1.347826087,0,0,0,0
65,GTACATAAATCATAGACTACTGA,0,0,0.027217326,0,0.277905994,552.5,181.4342796,0,-0.52173913,0,0,0,0
66,GACTTGTTTACATCTTTTTCTGG,0,0,0.022490629,0.010150119,0.009839004,357.5,162.9387241,0,-0.173913043,0,0,0,0
67,CCCACAAATCCAGAGAAACAGGA,0,0,0.022569444,0,0.239135105,555,192.7564041,0.047826087,0.282608696,0,0,0,0
68,GGCTTGTTTTCCTTGTTGTCCAG,0,0,0.007277453,0,0.323140741,462.5,187.0205663,0.026086957,0.282608696,0,0,0,0
69,CCCATCCTTCCAGTGGCAGATGG,0,0,0.005494505,0.01193337,0.011549968,387.5,156.4245726,0,-0.152173913,0,0,1,0
70,ATATGAGAAAATGAGGCCCACAG,0,0,0.011173463,0,0.140621964,455,180.8288298,0,0.043478261,0,0,0,0
71,GACTTGTTTTCTTTGCCTTCCAG,0,0,0.026143791,0.00871615,0.00871615,345,147.7860293,0,-0.195652174,0,0,0,0
72,AAGGTGGAGGAAAGAGGAGTGGA,0,0,0.025425296,0,0.581724684,522.5,208.5870795,0,-0.543478261,0,0,0,0
73,GGCACTGGGGCTTGGGGTAGGGA,0,0,0.006218112,0,0.046742489,357.5,161.645841,0,-0.239130435,0,0,0,0
74,GGAGGGTGAGTGTGTGCGGCAGA,0,0,0.003826531,0,0.205067048,485,149.4980801,0.008695652,-0.173913043,0,0,0,0
75,TGTGAGTGTGTGTGTGCAGGTGA,0,0,0.007211538,0,0.06309328,485,159.0688864,0,-0.391304348,0,0,0,0
76,AAATCAGAAGTAAAGGGACAAAG,0,0,0.003403334,0,0.124300022,357.5,181.1961647,0,0.195652174,0,0,0,0
77,CCAGCCCCACAGGGCAGTGCCAG,0,0,0.013528138,0.216620121,0.216620121,485,150.5464001,0,-1.130434783,0,0,1,0
78,AACATCCATGCAGAGACAAAAAG,0,0,0.031425365,0.485227553,0.485227553,552.5,183.2202636,0.891304348,0.130434783,0,0,0,0
79,GGCACCTCCTTTCACTAGGGCAG,0,0,0.024894816,0.292416186,0.283021289,425,198.2388593,0.686956522,0.97826087,0,0,0,0
80,TGTATGGAGGAAAAGGGAGTGGA,0,0,0.01171875,0,0.022904218,362.5,183.3264732,0.169565217,0.043478261,0,0,0,0
81,AATGACCACAATATTCACAAGAG,0,0,0.004254511,0.064809998,0.063816741,357.5,171.2990305,0.008695652,-0.108695652,0,0,0,0
82,TGGATGGATGAATGGGTAGGTGA,0,0,0.001062091,0,0.037612163,387.5,142.9094871,0,-0.130434783,0,0,0,0
83,TGGATGGATGAATGGGTAGGTGG,0,0,0.015294118,0,0.037612163,387.5,142.9094871,0,-0.217391304,0,0,0,0
84,GGGCACAAAGCAGAGGCTGCCAG,0,0,0.006358644,0.102102345,0.098655853,455,191.6442536,0,1.043478261,0,0,0,0
85,GGTGTGTGTGTGTATGCATGGGA,0,0,0.007867133,0,0.026821933,455,176.8893817,0,-0.260869565,0,0,0,0
86,GGCAATTTGGCTGGATGTGGTGA,0,0,0,0,0.168075602,552.5,195.1402564,0,-0.173913043,0,0,0,0
87,TGGAGGGAGGAAGAGGGAGTGGG,0,0,0.081391304,0,0.022109939,362.5,182.5661532,0,-0.369565217,0,0,0,0
88,TGGAGGAAAGAATGAGGAATCAG,0,0,0.076190476,0.204499315,0.197596385,552.5,180.8207189,0,0.173913043,0,0,0,0
89,TGTGAGTGAGTGTGTGTATAGAG,0,0,0.078525641,0,0.052629364,417.5,135.6529557,0,0.02173913,0,0,0,0
90,GAATAAGAAAAAGAGGCAGAGAG,0,0,0.026213992,0,0.485227553,552.5,182.1719436,0,0.217391304,0,0,0,0
91,TGGATGGAGGAAGGTGGGTTAGA,0,0,0.000966184,0,0.008740308,290,139.3223247,0.665217391,1.086956522,0,0,0,0
92,TCCTCTCTCCCACCCACCTCCGG,1,0.094691704,0.0625,1.054855556,1.01909774,560,180.8792193,0,0,0,0,0,0
93,AGGATGAAGGAATGAGAAGGGAG,0,0,0.042701525,0.186907219,0.183397224,485,158.6931082,0.539130435,0.52173913,0,0,0,0
94,AGGATGGAGGAATGAAGAGCAGG,0,0,0.090909091,0.265644444,0.256639548,492.5,165.9739742,0.247826087,1.47826087,0,0,0,0
95,GGGCCAGACATAGCAGGTGACAG,0,0,0.006574622,0,0.130306027,455,190.161754,0.07826087,-0.304347826,0,0,0,0
96,GCACCCCTCCACCCCGCCATGGA,0,0,0.004053288,0,0.216620121,485,150.5464001,0,-0.565217391,0,0,0,0
97,TGGATGGATGGATGATGCGTGGA,0,0,0,0,0.016355892,387.5,166.2983768,0.004347826,-0.347826087,0,0,0,0
98,GACACCTCGGCTGGAGGTGCAGG,0,0,0.188383046,0,0.288195638,552.5,177.6532353,0.026086957,-0.173913043,0,0,0,0
99,GGAGGGTGTGTGTGTACGTGTGA,0,0,0.021428571,0,0.155758982,552.5,196.1354738,0.282608696,0.673913043,0,0,1,0
100,CAAAGGGCAGAAGAGGCACAGGG,0,0,0.124947938,0.838642996,0.82579023,620,213.440599,0.991304348,-0.5,0,0,1,0
101,GTCAACTTATTCATCTCCTGTGG,0,0,0,0,0.060740505,455,181.4244961,0,-0.217391304,0,0,0,0
102,GACCCCCTGCAGCCTGGCTCAGG,0,0,0.00107895,0,0.042336622,357.5,172.3309866,0,-0.47826087,0,0,0,0
103,AGGATGGAGGAAGAAGGTGTTGA,0,0,0.006793478,0,0.017894751,357.5,172.6381615,0,-0.586956522,0,0,0,0
104,AAATGAGAAAAATTGACACATGA,0,0,0.01037037,0,0.012468083,357.5,175.7813325,0,-0.130434783,0,0,0,0
105,CACTTATTTTCATTATTCTCTGA,0,0,0.046685341,0,0.510888889,530,204.4069944,0,-0.760869565,0,0,0,0
106,CCCTGTGTCACTGCTAGGATGGG,0,0,0.066790353,0.008634228,0.008634228,392.5,171.0736315,0,-0.02173913,0,0,0,0
107,GGTGATGGGGTGTGTGCCTGTAG,0,0,0.032276285,0,0.074384061,552.5,185.6477216,0.230434783,0,0,0,0,0
108,GAGTTGGTTTCATTGTTATGAAG,0,0,0.002415245,0.090361802,0.087148938,485,153.727886,0,-0.391304348,0,0,0,0
109,TTCACTGCAGCTGGATGTGGAGG,0,0,0,0,0.166395667,552.5,197.7117938,0,-0.195652174,0,0,0,0
110,GTATGAGAATAAGAAGCACAGAG,0,0,0.144186968,0.383984607,0.371023101,522.5,199.761242,0,-0.02173913,0,0,0,0
111,TCCTCCCCAGAGATTGGCCAGAG,0,0,0.04062467,0.08119996,0.079829497,425,193.0697584,0,-0.369565217,0,0,0,0
112,GGTGGATGACTGTGTGTGTGGGG,0,0,0.1344,0.322464761,0.322464761,552.5,190.1478485,0,-0.739130435,0,0,0,0
113,GGAAGCCCTTTGGCAGCCCCTGG,0,0,0.018754579,0.081830105,0.080449006,357.5,178.5421626,0.004347826,0,0,0,0,0
114,GCCTGTGTGTCTGTATTGATTGA,0,0,0.002616747,0,0.055495857,455,182.6149239,0,-0.239130435,0,0,0,0
115,GGCCCAGCCTAAGCACTTTACAG,0,0,0.018518519,0,0.09629856,387.5,158.1359883,0.026086957,0.347826087,0,0,0,0
116,AACACCGATGTCTTCCTCATCAG,0,0,0.076222222,0.240178592,0.23590875,455,187.4262484,0,-0.5,0,0,0,0
117,TGTGAGAGTGTGTGTGTGTGGGA,0,0,0.017013889,0,0.25438705,552.5,191.8709278,0,0.217391304,0,0,0,0
118,GTCATCTTAGACACTTCCTGAGA,0,0,0,0,0.034514337,365,185.2423058,0.126086957,0.173913043,0,0,0,0
119,GAGCAGGAGGAGAAGAAGAAAGA,0,0,0.004992738,0,0.760552802,622.5,210.2603596,0,-0.217391304,0,0,0,1
120,AGGCTGGGGGAATGAGGAATGGG,0,0,0.184873949,0,0.526848592,552.5,184.4785831,0.039130435,0,0,0,0,0
121,GGCATCCCTTCTCCAGCAGGGGA,0,0,9.21E-05,0,0.079360947,387.5,141.2870796,0.034782609,-0.304347826,0,0,0,1
122,GTCCCCCTCCCCCCCGCCCAGGA,0,0,0.002786486,0,0.121931204,387.5,144.8443164,0.026086957,0,0,0,1,0
123,GAGTTGTTTTTATTATTCTCTGA,0,0,0.010055304,0,0.43607123,432.5,199.4348947,0,-0.108695652,0,0,0,0
124,GGGAGGGTAGAATGAGGAGTTAG,0,0,0.043726708,0,0.833979885,620,210.8520827,0.017391304,0.130434783,0,0,0,0
125,TGTGTGTGTGTGTGTACGTGCAG,0,0,0.056565657,0,0.166395667,552.5,196.6634738,0.391304348,0,0,0,0,0
126,AAAAAAGAAGAAGAAGCAGACGA,0,0,0.003371719,0,0.133665,455,172.0830585,0,-1.217391304,0,0,0,0
127,GCTGCCACCGCTCTGCTCATCAG,0,0,0.040389493,0.130106843,0.127663522,455,165.4721977,0,-0.239130435,0,0,0,0
128,ATGAACACCAGTAAAAAGAGGGA,0,0,0.054847113,0,0.04138509,365,179.405232,0.008695652,-0.173913043,0,0,0,0
129,CTCATGCATACAGAGAGACATGA,0,0,0.00160923,0,0.339662881,552.5,191.1961685,0.030434783,0.043478261,0,0,0,0
130,GTGTCTGAGCAGGAGAGGAAAGA,0,0,0.005397416,0,0.142724794,455,186.6885844,0,-0.891304348,0,0,0,0
131,GCCTCCCCGGAGCCTGACCCAGA,0,0,0.005455792,0,0.129256726,485,152.1247722,0.017391304,-0.086956522,0,0,1,0
132,AGTGAGTGTGGGTGTGCGTGTGA,0,0,0.015,0,0.954517778,530,210.2101359,0,-0.043478261,0,0,0,0
133,GACCACCTCCAGCCAGACTCCAG,0,0,0.006828227,0,0.076307487,357.5,175.0024469,0.008695652,0.02173913,0,0,0,0
134,AAAAGAGATGAAGAAGCAAAGGA,0,0,0.008003201,0,0.081669315,455,169.4115981,0.039130435,0.369565217,0,0,0,0
135,AAAGGAGAAGCAGAGACAGAGAG,0,0,0.008101852,0,0.047610675,387.5,164.0598905,0,-0.130434783,0,0,0,0
136,GAGACCAAAGAAAAGTTTTTAGG,0,0,0.346153846,0.210324737,0.206946027,425,200.559415,0.365217391,0.565217391,0,0,0,0
137,AAATGACAAAATGAGGCAGAGAG,0,0,0.006931584,0,0.146542136,455,173.3609824,0.4,0.369565217,0,0,0,0
138,CGTGCCCCACAGGGCATCACCAG,0,0,0.00530303,0.052629364,0.052629364,417.5,135.4129557,0,-0.47826087,0,0,0,0
139,GGCACTTCTGCTGGAGGAGTTGG,0,0,0.142222222,0,0.051269675,485,150.2961056,0.013043478,-0.347826087,0,0,0,0
140,CCCAGTTTCTCTAGATGCATAGA,0,0,0.008306131,0,0.07787432,455,181.0205654,0,0.195652174,0,0,0,0
141,AAATGAGCAAAGGAGACACATAG,0,0,0.074897119,0,0.106381852,455,186.1039203,0,-0.02173913,0,0,0,0
142,AAGTGAGAAGCAGAGTCACACGA,0,0,0,0,0.27986661,462.5,196.3534904,0.226086957,0.282608696,0,0,0,0
143,ATGGACACCAGAGAGTAAATAGG,0,0,0.242307692,0,0.063669228,387.5,148.0493663,0,-0.565217391,0,0,0,0
144,AGGAATAGCAGGGAGTAGAGAGA,0,0,0.017410714,0,0.425868976,522.5,206.3580986,0.308695652,0.02173913,0,0,0,0
145,GCCACCCCAAAGTCTGGGAAGGA,0,0,0.001322751,0,0.037831185,387.5,152.6557462,0.213043478,-0.195652174,0,0,0,0
146,GATACTAAAGCTGAGTTTTTGAG,0,0,0.055169753,0.286796351,0.286796351,522.5,206.7867348,0.308695652,0.152173913,0,0,0,0
147,GACTTGTTTTGCTTTCTCTCCAG,0,0,0.001624431,0,0.016425309,260,173.7583684,0,-0.369565217,0,0,0,0
148,GCCTCCCCAAGAGCTGGACAGGG,0,0,0.044545454,0.028710904,0.02827089,295,170.331162,0,-0.086956522,0,0,0,1
149,CCCTGTGGCTCTGGAGGGTACAG,0,0,0.019933432,0,0.033961087,417.5,130.9261573,0,0.02173913,0,0,0,0
150,AAGGAGAACTACATGCTCAATGA,0,0,0.000651042,0,0.164132398,522.5,200.2958136,0,0.760869565,0,0,0,0
151,ACCTGTGTTTGTGGATGTATGGA,0,0,0.010127315,0,0.105235585,455,183.5868027,0,-0.108695652,0,0,0,0
152,GGCCCAGGCTGAACAGGTGAGAG,0,0,0.026999781,0.177878481,0.177878481,462.5,190.5124366,0,-0.260869565,0,0,0,0
153,AGCAATGGTGCTGGAGGTGGAGG,0,0,0.17632653,0,0.833979885,620,210.8520827,0,-0.456521739,0,0,0,0
154,GGTGCTGAGACTGGAGGTGGGGG,0,0,0.260677083,0,1.2395125,620,209.7068466,0.139130435,-0.043478261,0,0,0,0
155,AAAAGAAAAGCAGAGGCTCAGAG,0,0,0.024691358,0,0.111680226,455,184.2898022,0,-0.434782609,0,0,0,0
156,AAATGAGAAGAGGAGAAAGAAGG,0,0,0.04212963,0,0.014008099,320,142.4613627,0,-0.304347826,0,0,0,0
157,GGGAAAGTCCCAGCATGCGCTGG,0,0,0.002291826,0.47736385,0.47736385,492.5,159.176472,0,0.173913043,0,0,0,0
158,TGGAGGGAGGGAGGAGGAGAGAG,0,0,0.015826087,0,0.141811796,357.5,165.0446758,0.147826087,-0.391304348,0,0,0,0
159,GAATGGGAATATGAGGCACAAAG,0,0,0.050154321,0.405245255,0.392225327,522.5,204.7061791,0,-0.086956522,0,0,0,0
160,AAATGAGAAAAAGAGGGTGAGAG,0,0,0.000889615,0,0.031321497,442.5,137.0508193,0.365217391,0.108695652,0,0,0,0
161,CACACCCACCCCCCCGCCTCCGA,0,0,0.01336675,0,0.794051205,522.5,208.9964993,0.717391304,-0.086956522,0,0,1,0
162,GCCACCTCCCCTGGCTAGGGCAG,0,0,0.01382716,0.114484162,0.114484162,425,196.0989952,0,1.695652174,0,0,0,0
163,GGTGTGTGAGTGAGTGAGCGTGG,0,0,0.03240897,0,0.070548661,387.5,156.6782485,0.004347826,-0.369565217,0,0,0,0
164,GTTGAGTCAGTGAGTTCGTGCGA,0,0,0,0,0.100056646,455,189.0724366,0,0.326086957,0,0,0,0
165,AAAAGAGAAGAAGATGGCCAAGA,0,0,5.29E-05,0,0.030398918,387.5,157.7099341,0,0.608695652,0,0,0,0
166,TGCATTGTGTCTGGAGGTGGTGA,0,0,0.031417692,0,1.317695783,620,209.8201266,0,-0.282608696,0,0,0,0
167,TGGATGAATGGATGAGGGGTAAG,0,0,0.035950617,0,0.064948107,455,181.2036219,0.395652174,-0.130434783,0,0,0,0
168,AATGACCACAGCATCCTCAGTGG,1,0.00166,0.42605042,0.59998238,0.59998238,462.5,172.0405799,0.043478261,0.260869565,0,0,0,0
169,CCCATGCAGCCACAGCCACAGGG,0,0,0,0.035778719,0.03520396,455,186.6664892,0,0.043478261,0,0,0,0
170,TAGTTGTTTCCAATGTTCTCAAG,0,0,0.047863248,0.528267675,0.528267675,522.5,204.180943,0,-0.260869565,0,0,0,0
171,CCTGCCCCACAGGACTGTCATGA,0,0,0,0,0.012781965,387.5,159.2843895,0,-0.02173913,0,0,0,0
172,GGTGTGTGTGTGTGTGTGAGTGG,0,0,0.029090909,0,0.111383028,485,162.2177886,0.017391304,-0.043478261,0,0,0,0
173,AAATGGGAAAAAGAAGCAGATGG,0,0,0.078431373,0,0.070707728,455,167.4672581,0.017391304,-0.891304348,0,0,1,0
174,GGTGTGTGTGTGTGTGTGAGTGA,0,0,0.002020202,0,0.111383028,485,162.2177886,0.4,-0.130434783,0,0,0,0
175,TTAAATACCAGTTAGTAGAGAGA,0,0,0.014508928,0,0.347016225,522.5,207.3866955,0.1,0.239130435,0,0,0,0
176,AGATGAGAAGGACAGGCTCATGG,0,0,0.109473684,0,0.066654945,357.5,177.8072625,0,-1.086956522,0,0,0,0
177,GAATTCAAATCATAGATTGCAAG,0,0,0.028597082,0,0.532999604,552.5,191.0602325,0,0.130434783,0,0,0,0
178,CCACTGAGTGGAGGGGAGGGGAG,0,0,0,0.092245365,0.090605447,455,164.557879,0.008695652,-0.043478261,0,0,0,0
179,CCTACCTCAGCTCTCCTCCCCAG,0,0,0.011285266,0.081669315,0.081669315,455,169.4115981,0,-0.456521739,0,0,0,0
180,AAAGAAGAAGAGGAGGCAAAAGA,0,0,0.011642967,0,0.245385,455,178.5739796,0,-0.065217391,0,0,0,0
181,GATGGACGCTACATCCTCAATAG,0,0,0.127111111,0.838642996,0.82579023,620,213.025879,0.034782609,0,0,0,0,0
182,CCTGTCCCACTGGGCAGTCAGGA,0,0,0.002411382,0,0.27680625,455,180.6935964,0.052173913,0.391304348,0,0,0,1
183,ATGAAAAGGACTGAGTAGAGAGG,0,0,0.158371512,0.275802734,0.267720603,522.5,204.124335,0,-0.717391304,0,0,0,0
184,CCTGCCTCTGATCTGCTCTCCAG,0,0,0.059548611,0.04162635,0.040957653,357.5,164.0551144,0.004347826,0.108695652,0,0,0,0
185,GGGAGGGAGGAAAGAAGAGTGGG,0,0,0.423812709,0,0.105393,455,191.1239336,0,-0.217391304,0,0,0,0
186,AACCCTCTCCACCCAGTCTCAGG,0,0,0.086666667,0,0.098837842,455,182.2208834,0.230434783,0.413043478,0,0,0,0
187,CCCTCCCCACAGGGCAGTCATGG,0,0,0.027637387,0.509897177,0.4917675,555,186.8104001,0,0.152173913,0,0,1,0
188,GGAATCCCTCCTGCATGACCTGA,0,0,0,0,0.155125004,492.5,177.1337266,0,-0.152173913,0,0,0,0
189,GGGGAGGGGGAGATGGCTCCCGG,0,0,0.01875,0.153314627,0.148388855,425,193.3317379,0.117391304,0.369565217,0,0,0,0
190,GGTGAGTGAGTGCGTGCGGGTGG,1,0.067036422,0.197368421,0,0.81556162,470,181.3526795,0,0.065217391,0,0,0,1
191,GTCACGGAAGCCAAGTTTTTGGG,0,0,0.08833272,0.170282208,0.164811294,425,199.958595,0.069565217,0.369565217,0,0,0,0
192,GTTATGTGAGTGTGTGCTTGAAG,0,0,0.035996327,0.315950226,0.310333333,552.5,191.3747467,0,0.239130435,0,0,0,0
193,TGCATGGAGGAAGGAGGGATTAG,0,0,0.007432181,0,0.037301548,387.5,153.0013462,0,-0.195652174,0,0,0,0
194,AAATTTATAGAAGAGGCACAGAG,0,0,0.023809524,0,0.539222871,625,210.6426982,0.017391304,-0.065217391,0,0,0,0
195,TGGATGGGTGAATGAGTGGTTGG,0,0,0.039111111,0,0.065964995,485,165.7309583,0.013043478,0.173913043,0,0,0,0
196,GGGGCTGCGGCTGGAGGGCGGGG,0,0,0.046695402,0,0.09638643,485,161.6270668,0,-0.347826087,0,0,0,0
197,GGCACAGGGCCTGGGGGTGGCAG,0,0,0.037555556,0,0.213651194,522.5,195.115441,0,0.02173913,0,0,0,0
198,GGCACTGAGGAGGAAGGTGGGGA,0,0,0.012695312,0,0.05553397,327.5,190.5148142,0,0.260869565,0,0,0,0
199,AGATGAGTACAAGAGGCAAAGGA,0,0,0.004081633,0,0.45934875,552.5,180.1204467,0.013043478,-0.282608696,0,0,0,0
200,GGTGAGTGTGTGTGTAAGTGGAG,0,0,0.072592593,0,0.108122079,492.5,178.1656827,0,0.369565217,0,0,0,0
201,GGGTGGTGGGACCCTGCTCCTGA,0,0,0.004738738,0,0.026448278,362.5,187.9622136,0.982608696,0.391304348,0,0,0,0
202,GAATTAGAAGAAGAGGCAACTGG,0,0,0.029220779,0.223900568,0.219695863,485,150.0260801,0,-0.391304348,0,0,0,0
203,GTCATCTTAGTCCCTAACCGGGA,0,0,0.000537743,0,0.009545153,290,146.3273838,0,-0.434782609,0,0,0,0
204,GAGTCAGAGATGAAGGAGAAAAG,0,0,0.012345679,0.07734375,0.07610128,455,188.90377,0,0,0,0,0,0
205,GGCACTGGGCCTGGGGGAGGAGA,0,0,0.007738095,0,0.069215924,455,171.4780918,0,-0.02173913,0,0,1,0
206,GGTGAATGAATGGGTGCATGAAG,0,0,0.043701226,0,0.063531421,455,177.4996258,0,0.369565217,0,0,1,0
207,TGGATGGATTGATGAGGAGATGG,0,0,0.1584375,0.19251639,0.186331124,457.5,166.8807996,0,-0.413043478,0,0,0,0
208,CAATACAAAGGATAGACTGCAGG,0,0,0.142857143,1.562222222,1.562222222,530,213.2963163,0,0.02173913,0,0,0,0
209,CATGAGCACTACTTCCTCACCAG,0,0,0.007575758,0,0.163296796,455,170.7770955,0,NA,0,0,0,0
210,GGTGAGTGAGTAAGTGAATGTGA,0,0,0.014497041,0,0.019611338,290,155.5751347,0,-0.086956522,0,0,0,0
211,CACTTGTTTTCATTGCTATGCAG,0,0,0.003910396,0,0.023512339,417.5,139.3506409,0.017391304,-0.282608696,0,0,0,0
212,GGAAGCTCTGCTGCAGCACCTGG,0,0,0.26,1.56232902,1.52641341,627.5,211.7367628,0,-0.173913043,0,0,0,0
213,TGTGAGTGCGTGTGTGTGTGAGA,0,0,0.018518518,0,0.788265432,560,195.4541086,0,0.413043478,0,0,0,0
214,TGGAAGGAGGACTGAGGAGCTGG,0,0,0.011961723,0.666344615,0.646453731,462.5,174.2579796,0.004347826,-0.217391304,0,0,0,0
215,GGACTCCTCTCTGCTGCACCAGG,0,0,0.057013575,0.242054876,0.234278012,522.5,197.0597811,0,-0.608695652,0,0,0,0
216,GGTGAGTGTGTGTGGGGATGCGG,0,0,0.001221719,0,0.017678619,387.5,154.6237537,0,0,0,0,0,0
217,GGTGTGTGCTTGTGTGTGTGTGA,0,0,0.00547138,0,0.325662758,552.5,187.9740522,0,-0.326086957,0,0,0,0
218,GAGGCTGAGGAGAAGAAGGAAGG,0,0,0.084635417,0,0.277905994,552.5,180.8006796,0,-0.369565217,0,0,0,0
219,CTTTCCTCACAAGACAGTAAGAG,0,0,0.053619529,0,0.071635385,425,196.5879341,0.017391304,0.173913043,0,0,0,0
220,TGTATTGAGGATTTAGGAGTTAG,0,0,0.007681756,0,0.062566115,425,197.5307309,0,0.630434783,0,0,0,0
221,GGGTGGGGGGTGACTGCTCGCAG,0,0,0.000928182,0.019093335,0.019093335,260,154.6938112,0.652173913,0.260869565,0,0,0,1
222,GGGGAGTGTGTGTGTGCGTGAGA,0,0,0.020833333,0,4.030448592,635,217.1122196,0,0,0,0,0,0
223,ATTGAGTGTGTGAGTGCGTGGGG,0,0,0.237902098,0.355433782,0.355433782,522.5,205.5008991,0,-0.543478261,0,0,0,1
224,CCCATCCACCCAGTGAAGCAAGA,0,0,0.006381766,0,0.009828784,387.5,157.1915907,0,-0.434782609,0,0,0,0
225,GACTTGTTAAAACTGTTCTCAAG,0,0,0.122180451,0.160069055,0.157723721,427.5,194.519079,0.856521739,1.369565217,0,0,0,0
226,GCCTCCCCAACTCCTGGGCACAG,0,0,0.005318139,0.139489086,0.136127904,365,181.0304826,0,0.02173913,0,0,1,0
227,CCAGAGAGGAGTGTGGAGGCTGG,0,0,0.075661376,0.064083778,0.064083778,425,194.5966146,0.104347826,0.304347826,0,0,0,1
228,GGCACTGTGGCCGGCGGGGGCGG,0,0,0.075358852,0,0.036975282,357.5,168.7537277,0,0.043478261,0,0,0,0
229,GAACACAAAGTCTATACTACCAG,0,0,0.002142107,0.032459198,0.03146428,260,160.2987943,0.060869565,-0.152173913,0,0,0,0
230,GACTTGTTTTCAGTGTTCTTGAG,0,0,0.020289855,0,1.144104851,470,174.9630795,0,-0.108695652,0,0,0,0
231,AAAGGGGGAGAAGAGCCACAGAG,0,0,0,0,0.156419304,552.5,196.1521732,0.695652174,0.391304348,0,0,0,0
232,TGGATGGATGGATGATGAGTGGG,0,0,0,0,0.148352763,462.5,192.9217101,0,-0.5,0,0,0,0
233,CCCTGAGCCTCTGGGTGGTTGAG,0,0,0.078641975,0.078090764,0.076772777,455,169.3591775,0,0,0,0,0,0
234,GAGCCACCCCACCCAGCCTCAAG,0,0,0.026748971,0,0.240310978,522.5,199.5791775,0.326086957,-0.282608696,0,0,0,0
235,GAATCCAAGGAGAAGAATAAGAG,0,0,0.050411523,0,0.192480029,552.5,185.8737495,0,0.304347826,0,0,0,0
236,CCCTGTTTCTGTGGATGCCTCGG,0,0,0.014074595,0.035179271,0.035179271,387.5,154.4154023,0.07826087,-0.108695652,0,0,0,0
237,AAATGAGACCAAGAGATACAGAG,0,0,0.027654321,0,0.050863282,485,171.9739463,0,0,0,0,0,0
238,GGCAGGGCTGCTGGTGGTGGGGA,0,0,0.002539683,0,0.141738197,522.5,197.9588941,1,1.804347826,0,0,0,0
239,TGTGACTGTGTGTGTGTGTGAGA,0,0,0.013257576,0,0.225335527,552.5,192.4681246,0,-0.217391304,0,0,0,0
240,AGCATGGAGGAATGTGGAGCAGG,0,0,0.006993007,0.187826277,0.184299023,455,167.3273785,0,0,0,0,0,0
241,TGGATGGTGCAATTAGGGGTAAG,0,0,0.004740741,0,0.038481988,455,174.0459287,0,-0.239130435,0,0,0,0
242,CTAGGGAGCAGAGCAGAGGCCAG,0,0,0.131048037,0.250365773,0.24614019,522.5,199.5048781,0,-0.130434783,0,0,0,0
243,ACTGCGTGAGTGTGTGTGTGTGA,0,0,0.010096154,0,0.609583333,552.5,196.6855689,0.913043478,1.173913043,0,0,0,0
244,GAGTCTGAGGAGGAGGAGAAAGA,0,0,0.003145129,0,0.053065217,455,185.6345332,0,0.065217391,0,0,0,0
245,GGAACCGCTTCCCCAGCACCCGG,0,0,0.187713867,0.183118037,0.177505223,425,198.3130782,0.004347826,-0.304347826,1,0,0,0
246,TCAGCCCCACAGGGCAGTAAGGG,1,0.00767,0.612244898,2.287423687,2.287423687,630,219.632,0,-0.413043478,0,0,0,0
247,TGGATGGAGGAAGAAGAGGTGGA,0,0,0.005072464,0,0.005678142,290,151.6520505,0,-0.065217391,0,0,0,0
248,AAGAAAGAAAAAGAGGCACAGGG,0,0,0.235390946,1.258804523,1.2395125,622.5,211.5183436,0.008695652,0.239130435,0,0,0,0
249,GGAATGGCTTCTCCAGCACATAG,0,0,0.012842564,0.103739103,0.100237361,455,168.3939147,0.008695652,0.130434783,0,0,0,0
250,GGTGAGTGGGTGGGTGAATGGAG,0,0,0.014567075,0,0.025528453,387.5,159.3314548,0.026086957,-0.152173913,0,0,0,0
251,AAATGGGAAAAAGAGACACTGGG,0,0,0.4,0,0.060073929,485,157.9962538,0,-0.391304348,0,0,0,0
252,TGCTGGGGGGACTTTGCTTCCAG,0,0,0.024364776,0.255580574,0.255580574,455,180.2078996,0.056521739,-0.260869565,0,0,0,1
253,GGTGAGGGAGGGTGTGGGTGGAG,0,0,0.003588363,0,0.410794144,462.5,190.8006244,0.017391304,0.304347826,0,0,0,0
254,AAATAAGAAGAAAAGCTACATGA,0,0,0,0,0.038521809,387.5,170.1378225,0,-0.173913043,0,0,0,0
255,GATTTGTTTTCTTTTCTCTCTAG,0,0,0.005658436,0.034190402,0.033613349,357.5,179.4604521,0,0.434782609,0,0,0,0
256,GGTGTGTGTGTGTGGGGGTGGGG,0,0,0.000641711,0,0.094763973,455,178.758767,0,-0.391304348,0,0,0,0
257,AAAGGTGAAGAAGAGCCAAAAGA,0,0,0,0,0.051899925,485,168.5039902,0.056521739,0.326086957,0,0,0,0
258,CACAACCATCCAGTGAAACAGGG,0,0,0.09050505,0,0.090827917,455,185.0463843,0.056521739,-0.217391304,0,0,0,0
259,CATATGTTTTGATTGTTCTCTAG,0,0,0.015156526,0,0.782934488,522.5,211.5683163,0,-0.369565217,0,0,0,0
260,TGGATTGAGGAATGTGCAATGAG,0,0,0.005809731,0,0.029557519,387.5,151.4728834,0.004347826,0,0,0,0,0
261,ACAGGGCGTAGAGCGGAGGCTGA,0,0,0.019444444,0,1.737215529,627.5,216.7284992,0,0.260869565,0,0,0,0
262,TCTGCCTCCTCTCTGCTCCCAGG,0,0,0.109267242,0.130040984,0.130040984,455,169.2532421,0,0.108695652,0,0,1,0
263,GTGGAGTGTGTGTGTGTGTGAAG,0,0,0.023097643,0,0.367241041,552.5,193.4861086,0.004347826,0.195652174,0,0,0,1
264,TGAGTGTGAGTGTGTGCGTGGGG,0,0,0.25974026,2.392592593,2.392592593,627.5,218.58368,0.934782609,2.173913043,0,0,0,0
265,TGGATGGAGGGATGAAGAGAGGG,0,0,0.365625,0,0.106375468,395,159.7438905,0.004347826,0,0,0,0,0
266,GGGTGGGGGGAGGTAGCTGGCAG,0,0,0.000287911,0.018884875,0.018595452,290,127.608058,0,-0.282608696,0,0,0,0
267,CGCACGGGGGCTGGAGGTGGGGG,0,0,0.26239067,0,1.538821954,627.5,215.514199,0.739130435,0.543478261,0,0,1,0
268,CACTAGTTTTCCTGGTTCTCTGA,0,0,0,0,0.110193987,425,198.5563949,0.117391304,0.282608696,0,0,0,0
269,CAATGTAAAGGAGAGGCACATGG,0,0,0.397959183,0,0.328113869,522.5,208.8007515,0,0.152173913,0,0,0,0
270,TGTGTGTGAGAGTGTGCATGTGG,0,0,0.188811189,0,0.172235,455,186.258263,0,-0.391304348,0,0,0,0
271,TGGATAGAAGAAGGAGGAGGAAG,0,0,0.007672634,0,0.089670612,455,166.8173152,0,1.304347826,0,0,0,0
272,GGGTGGGGGGAGCTATTTCCAAG,0,0,0,0.009095729,0.008962459,315,157.2191209,0.013043478,0.02173913,0,0,0,0
273,ATGATCACCAGTCAGGAAAGGGA,0,0,0.002548059,0,0.019611103,387.5,165.7006003,0,0.326086957,0,0,0,0
274,GGTGAGTGGGTGTGGGTGAGTGG,0,0,0.004444444,0,0.028412066,387.5,149.2990871,0.004347826,-0.347826087,0,0,0,0
275,GGCGTGTGAGTGTGTCTGTGGGA,0,0,0,0,0.098146003,485,179.109143,0.113043478,-0.173913043,0,0,0,0
276,AAAAGAGAAGGAAAGGCTCACGA,0,0,0.009920635,0,0.063280011,357.5,177.1736625,0.02173913,-0.173913043,0,0,0,0
277,CACTGAGGAGAAGAGACACAAGA,0,0,0.018707483,0,0.268520667,552.5,198.2837572,0.017391304,0,0,0,0,0
278,AATGAGTGTGTGTGTGCGCGTAG,0,0,0.032679045,0.321904489,0.321904489,552.5,184.2522197,0,-0.130434783,0,0,0,0
279,CGGATGCAGGAATGGGGAGCTGG,0,0,0.034821429,0,0.127663522,455,165.4721977,0.02173913,-0.652173913,0,0,1,0
280,GACCCCCTTCACCCCACCTATGG,0,0,0.4375,0,0.123354654,492.5,162.0141938,0.030434783,-0.195652174,0,0,0,0
281,GGCTCTTTGACACCCACCGTGAG,0,0,0.024190374,0.291009076,0.280662086,552.5,179.2604833,0,-0.956521739,0,0,0,0
282,TCCTTGTGTTCATTTTTCTCAGG,0,0,0.082312925,0.416921397,0.402848101,522.5,201.6531615,0,0.108695652,0,0,0,0
283,TGTGTGTGAGTGTGGGTGTGAGA,0,0,0.000589226,0,0.163368333,455,182.7185474,0,0.282608696,0,0,0,0
284,ACATCAGAAGATTAGGCACAGAG,0,0,0.016005291,0.281458195,0.272415361,425,200.456259,0.017391304,-0.173913043,0,0,0,0
285,CACCCCTTACACCCCACCTCTAG,0,0,0.128968254,0,0.11364824,552.5,195.568613,0.108695652,-0.108695652,0,0,0,0
286,GCAGGGAGGAGAGTGGAGGCAGG,0,0,0.265275362,0.139195896,0.136846598,522.5,202.312715,0.017391304,0.02173913,0,0,0,0
287,CGTGAGTGTGTGTATGCGTGTGG,0,0,0.321428571,0.278541224,0.270694992,530,204.801035,0,0.239130435,0,0,0,0
288,GGTGTGTGTGTGTATGTGTGAGG,0,0,0.076363636,0,0.05268594,455,181.3266039,0,-0.173913043,0,0,0,0
289,TAATAAGGAGAAGAGGCAGAGGA,0,0,0.005516975,0,0.526848592,552.5,184.0638631,0,0.086956522,0,0,1,0
290,GACATCTGTGCCCTCACCATGGA,0,0,0.019400353,0,0.093281959,455,190.1984926,0.004347826,4.543478261,0,0,0,0
291,CCCCTCCCTCCAGAGGCACTAGG,0,0,0.017453135,0,0.113563,485,160.8005572,0,-0.347826087,0,0,0,1
292,GAACACAAAGCAAAGAGCCCCAG,0,0,0.002028398,0.01255604,0.01255604,345,132.5432352,0,-0.456521739,0,0,0,0
293,AGGCACACCAGTGAGAACAGTGG,0,0,0.128342246,0.054343439,0.053377333,485,175.3746408,0.008695652,0,0,0,1,0
294,TGTGGGAGAGTGTGTGTGTGAGA,0,0,0.020416667,0,0.416345417,552.5,194.5423881,0,3.086956522,0,0,0,0
295,TGTGAGCTAGTGTGTGCATGCAG,0,0,0.077123397,0,0.211957667,552.5,188.293669,0.008695652,-0.108695652,0,0,0,0
296,TACTTATTTTCATTCTTCTGGGG,0,0,0.016042781,0.115248375,0.113084086,455,166.0693945,0,0.043478261,0,0,1,0
297,GAACCCCACCACCCCAGCTCTGG,0,0,0.040784313,0,0.098146003,485,177.2976461,0,0.195652174,0,0,0,0
298,CCTGCCTTCCCTCTGCTCTCTGA,0,0,0.008506944,0,0.111239878,455,166.1534251,0.030434783,0.347826087,0,0,0,0
299,GTCACCTCCATGGCCTTGGGCAG,0,0,0.001139601,0.021380578,0.021380578,260,172.6285201,0.082608696,-0.065217391,0,0,0,0
300,ATCTGAGAAGCACAGGCACACAG,0,0,0.013609782,0.313053594,0.302995647,425,202.7025958,0,-0.434782609,0,0,0,0
301,AAGTCCGAGGAGAAAATGAAAGG,0,0,0.043921569,0,0.150462235,455,179.0151309,0.156521739,0.391304348,0,0,0,0
302,CACTGTGTCTTTGGATGCAGAGA,0,0,0.001305884,0,0.075868305,387.5,150.1689831,0.060869565,0.456521739,0,0,0,0
303,TGGAGGGAGGGATGAAGAGAGAG,0,0,0.060666667,0,0.063027465,387.5,157.2555705,0,0.065217391,0,0,0,0
304,GGCACTGCAGCTGGCGGTGCTGG,0,0,0.075139147,0,0.192203764,462.5,165.0955981,0,-0.02173913,0,0,1,0
305,GACAACAAAGTAGAGTTTTTAGG,1,0.00213,0.175824176,0.964154618,0.964154618,530,210.4984155,0.013043478,-0.195652174,0,0,0,1
306,GAGTACGAGAAGAAGAAGAGAGA,0,0,0.026299408,0,1.210129851,560,176.9823437,0,-0.456521739,0,0,0,0
307,ATGAAAACCAGTAAGTAGTCCAG,0,0,0.051282051,0.047844535,0.04622953,387.5,140.0290956,0,0.086956522,0,0,0,0
308,ATGACCTCCAGTAAGAAGAGAGA,0,0,0.012747669,0,0.065045258,455,188.7407528,0.069565217,-0.239130435,0,0,0,0
309,CCTGGCCCAGAGGGCAGGAACAG,0,0,0.017283951,0.290990158,0.285817,552.5,187.2566103,0,-0.413043478,0,0,0,0
310,CGAGGGAGTGGAGAGGAGGCTGA,0,0,0.006011809,0,0.206277769,522.5,201.0407589,1,2.97826087,0,0,0,0
311,GCCACCTCAAAGCTTTGCCACAG,0,0,0,0,0.026311278,455,187.0156087,0,-0.782608696,0,0,0,0
312,GCCTCGGTCCCACTCACCTCTGG,0,0,0.022408964,0,0.038592679,455,166.2540506,0,0.108695652,0,0,0,0
313,GGGCCTTTCCCACCCACCCTCAG,0,0,0.016096527,0.509897177,0.4917675,555,186.8104001,0,-0.086956522,0,0,1,0
314,GCCACCTTCCCACCCACCCTGAG,0,0,0.03096095,0.618961538,0.600485075,560,186.9924161,0,-0.282608696,0,0,0,0
315,AAATGAAAAGAAAAGGGCCAAAG,0,0,0.002681414,0,0.028536716,387.5,160.9080543,0.052173913,-0.239130435,0,0,0,0
316,GACCGGCTCCACCCAGCATCAGA,0,0,0.002492877,0,0.047769728,455,176.4953411,0,-0.195652174,0,0,0,0
317,TGTGTGTGTGTTTGTGCGTGCAG,0,0,0.021756022,0,0.43009247,522.5,206.2357992,0,0.043478261,0,0,0,0
318,CTTCCCCCCCAGGGCTGTGAGGG,0,0,0,0.052414635,0.052414635,485,166.3301938,0,0.304347826,0,0,0,0
319,GAGTCAGTGCAAAAGAAGCAGAG,0,0,0.019923372,0,0.140941068,455,175.8500987,0.139130435,-0.065217391,0,0,0,0
320,AAATGAAAAGAGGAGACAGAAGG,0,0,0.090277778,0,0.027367261,387.5,161.0642929,0,-0.195652174,0,0,0,0
321,GGCACCGAGGAAGAGCTTTTGGA,0,0,0.018518518,0,0.087673666,455,191.4817101,0.191304348,-0.282608696,0,0,0,0
322,GACACCGAAGCTAAGGTTTAAAG,0,0,0.015532544,0,0.018640387,290,147.5585532,0,3.326086957,0,0,0,0
323,TGGATGGACGGATGAAGAGATGG,0,0,0.196875,0,0.034797995,387.5,154.5841101,0,-0.152173913,0,0,0,0
324,AACATGTTTTCATTGCTCTTGGG,0,0,0.085714286,0,0.119960915,485,163.9003742,0.156521739,-0.086956522,0,0,0,1
325,CCTGCCCCCACTCTACTTCCAAG,0,0,0.022126437,0.058378574,0.058378574,485,155.6537496,0,0.02173913,0,0,0,0
326,GAAGACAAAGAATACAGTGCAGA,0,0,0.000417781,0,0.086078568,357.5,176.9031837,0,0.086956522,0,0,0,0
327,GGCAGTGGGGCTGGAAGTGCAGG,0,0,0.165306123,0,0.113563,485,160.3858372,0.017391304,0.217391304,0,0,0,0
328,AAGTTGTTTTAATTGTTTTCTGA,0,0,0.015066964,0,0.16982371,455,187.018583,0,-0.108695652,0,0,0,0
329,TGGATGGAGGAAGGGGTAGGCAG,0,0,0.001939471,0,0.022727774,290,137.3699469,0,0.108695652,0,0,0,0
330,ACTTCCCCAAAGACTGACCATGA,0,0,0.015424679,0,0.232606028,455,188.1865684,0,0.195652174,0,0,0,0
331,GGTGCATGTGTGTGCGCGTGTGG,0,0,0.081818182,0,0.141738197,522.5,197.9588941,0.134782609,0.086956522,0,0,0,0
332,CAACACAAAGTATAGAATTCTAG,0,0,0.017727129,0,0.112574373,387.5,161.2358053,0,-0.391304348,0,0,0,0
333,CCCTATGTCACTTGATGGATTGA,0,0,0.01547619,0,0.952477215,530,204.620623,0.004347826,0,0,0,0,0
334,AACTGAGAAGAATAGACAGATGA,0,0,0.001116071,0,0.032734012,387.5,161.1362536,0,0.847826087,0,0,0,0
335,GAATAAGAAGAAGAGGAACAAGA,0,0,0.02808642,0,1.290123457,560,198.1255689,0,-0.043478261,0,0,0,0
336,GGAGAGCGAGTGTGTGCATTTGG,0,0,0.237980769,0,0.087148938,485,153.727886,0,0.02173913,0,0,0,0
337,CCCAGCCCTGCAGAGGCACAGAG,0,0,0.005318139,0.234167116,0.226643675,552.5,192.5317007,0.008695652,-0.065217391,0,0,0,0
338,AATCCCCACAACATCCTCACAAG,0,0,0.013368984,0.619096408,0.60809025,552.5,174.9087437,0,-0.217391304,0,0,0,0
339,GTTGAATGAGTTTGTGTGTGTGG,0,0,0.114219114,0,0.181448575,455,188.4718045,0,0.02173913,0,0,0,0
340,CCAGTGATTGTAGGGGAGGCAGG,0,0,0,0.103956883,0.103956883,425,193.2391783,0,0.565217391,0,0,0,0
341,GGGGTGTGAGAGTGTGTGTGAGG,0,0,0.063636364,0.327755523,0.316692045,455,190.1674852,0,-0.217391304,0,0,0,0
342,AAAAGAGGGGAAAAGGCACAAAG,0,0,0.055713833,0.338304443,0.338304443,522.5,201.7674822,0,0.195652174,0,0,0,0
343,GGTGAATGAGTGTGTGACAGTGA,0,0,0.004409171,0,0.021616693,442.5,140.2565717,0.034782609,-0.413043478,0,0,0,0
344,GACTTGTTTTTATCTTTCTTTAG,0,0,0.000976801,0.013222258,0.013222258,260,149.9861101,0,-0.347826087,0,0,0,0
345,AGTGAGTGTGTGTGTGTATGGGA,0,0,0.012115385,0,0.073001262,485,168.8307753,0,-0.347826087,0,0,0,0
346,GGCTCTGGGTCTGGGGGTGGAGG,0,0,0.216051136,0,0.35314247,522.5,196.027825,0.013043478,-0.02173913,0,0,1,0
347,AGGGTGGAGGAGTGAGGAGAGGA,0,0,0.017632378,0,0.343144014,455,173.4726996,0,0.869565217,0,0,0,0
348,GATGAGTGTGTGTGTGAGAGAGA,0,0,0.004700855,0,0.117323456,485,163.2661086,0,-0.673913043,0,0,0,0
349,TGGATGGATGGATGAAGAGATGG,0,0,0.195,0,0.034797995,387.5,154.5841101,0,0.260869565,0,0,0,0
350,GGGGAGGAGGAATGAGGAATGAG,0,0,0.055354267,0,0.526848592,552.5,186.2900801,0.182608696,-0.369565217,0,0,0,0
351,GTGCCCCTCCACCCTCCCTCCAG,0,0,0,0,0.068319815,455,186.9365525,0.047826087,0.260869565,0,0,0,0
352,GACAAGGAAGCTGAGCTTTTGGG,0,0,0.063492063,0.075680981,0.073249464,455,191.1211697,0,-0.108695652,0,0,1,1
353,TGGGTGGAGAGATGAGGAGTTAG,0,0,0.098302469,0,1.300126506,530,208.3045799,0,-0.130434783,0,0,0,0
354,CCCATTCAGCCAGGGATACAGGA,0,0,0.008693416,0,0.03033885,455,180.8289399,0,-0.086956522,0,0,0,0
355,ATAAACCCTTCTCCAGCACCCAG,0,0,0.031259968,0.581724684,0.581724684,522.5,208.1723595,0.017391304,-0.434782609,1,0,0,0
356,AGGAAGGAGGAATGAAGAGGGAG,0,0,0.022875817,0,0.119960915,485,163.4856542,0,0.043478261,0,0,0,0
357,TGGGTGTGAGTGTGTGGGTGTGG,0,0,0.010695187,0,0.601049167,552.5,196.3975689,0,-0.413043478,0,0,0,0
358,TTGATGGAGAAATGTGGAGTTGA,0,0,0.008249158,0,0.733917371,530,200.961242,0,-0.108695652,0,0,0,0
359,GACTTGTCTGCCTTGTTCTATGG,0,0,0.065789474,0,0.284032028,455,166.2547462,0,-1,0,0,0,0
360,GCATATATCCCACCCACCTCTGG,0,0,0.039393939,0.461029603,0.44463744,552.5,177.8628993,0.169565217,0.282608696,0,0,0,0
361,CCCTGTGGGTCTTGAGGGATAGG,0,0,0.047142857,0,0.055513037,455,185.3526563,0.22173913,0.326086957,0,0,0,0
362,GATGTGTGAGTGTGTGTGTGTGA,0,0,0.00997151,0,1.213101161,560,197.8855689,0,0.152173913,0,0,0,0
363,AAATTAGAGGGAGAGGCAAAGAG,0,0,0.014444444,0.166174407,0.160565144,455,176.973816,0,-0.282608696,0,0,0,0
364,GTCATCTTGGTCCCTCCCTGGGA,0,0,0,0,0.008271443,357.5,176.8132886,0,-0.456521739,0,0,0,0
365,AGGAAGGACCCAGCATACGCAGG,0,0,0.027272727,0.165562031,0.162452885,485,159.290305,0.17826087,-0.02173913,0,0,0,0
366,TGGAGGGAGGAATGAATAGGAGG,0,0,0.028235294,0,0.043721755,417.5,142.4995431,0.008695652,1.5,0,0,0,0
367,TGCTCCCCAAACCCTGGCCCTAG,0,0,0.02170038,0.349711364,0.343144014,455,174.1062996,0,-0.195652174,0,0,0,0
368,CTCTGTGTGTCTGTATGGGTCGG,0,0,0.056277056,0.047079644,0.045405701,455,172.6130351,0.013043478,-0.413043478,0,0,1,1
369,GGCCCCGAAGCTGAGTTGTTTGG,0,0,0.031372549,0.155447511,0.152684,455,184.9469663,0,0.02173913,0,0,0,1
370,TGTGAGGGTGTGTGTGTGTGAGA,0,0,0.011437908,0,0.25438705,552.5,191.8709278,0,-0.173913043,0,0,0,0
371,GGGCCTGGGGCTGGATGTGGTGG,0,0,0,0,0.254924684,552.5,197.4101572,0.02173913,0.195652174,0,0,0,0
372,ATCTCCCCTAAGCCTAGCCAGAG,0,0,0.127272727,0.166395667,0.166395667,552.5,197.7117938,0,0.304347826,0,0,0,0
373,GGCTCTGGGGGTGGAGGTGATGG,0,0,0.095880682,0,0.36643875,455,171.8588994,0,-0.173913043,0,0,1,0
374,TGTGTGTGCGTGTGTGTGTGTAG,0,0,0.025140292,0.379196691,0.372455417,552.5,192.9657886,0.008695652,-0.195652174,0,0,0,0
375,GGGAGGGAAGAATGAAGAGTTAG,0,0,0.102028985,0,0.166395667,552.5,196.6634738,0,-2.065217391,0,0,0,0
376,TGGATGGATGGATGGAGAGTGAG,0,0,0.058419753,0,0.021335941,357.5,177.5146885,0,-0.260869565,0,0,0,0
377,GGACCCCTCCACCCCGCCATGGA,0,0,0.004126984,0,0.216620121,485,150.5464001,0.030434783,0.043478261,0,0,0,0
378,CCTGCTTCCACGCTACTCCCAAG,0,0,0.023243934,0.132035165,0.129806724,455,173.9581792,0,-0.173913043,0,0,0,0
379,TCCTCCCCAAAGACTAGCAAAGG,0,0,0.164835165,0.03506915,0.03506915,387.5,161.6642536,0,-0.456521739,0,1,0,1
380,GAGCCCTAGCAGAAGAATGAGGA,0,0,0.006419234,0,0.066766665,485,159.771886,0,-0.217391304,0,0,0,0
381,GGGTAGGGGGAGTTGCCTGCTGG,0,0,0,0.022588801,0.02182631,387.5,155.6682326,0.234782609,0.347826087,0,0,0,0
382,CACTTGTTTTCATTTCTCTTGGG,0,0,0.020408163,0,0.032149525,387.5,150.5669526,0,-0.347826087,0,0,0,0
383,GCTGTGAGCAGAGCAGAGGCTGA,0,0,0.038883938,0,0.242694227,522.5,200.5051981,0.582608696,-0.608695652,0,0,0,0
384,GATGAGTGTGCGTGTGCATGAGG,0,0,0.234319527,0,0.105235585,455,183.3468027,0,0.02173913,0,0,0,0
385,AGTGAGTGAGTGGGTCTGTGTGG,0,0,0,0,0.040576305,387.5,171.4261425,0.017391304,0.152173913,0,0,0,0
386,GGCATCTCAGTCATTTCTTGAGG,0,0,0,0,0.053377333,485,173.1484239,0,0.195652174,0,0,0,0
387,GGAGGGTGAGTGTGTGCTGGAGG,0,0,0.085714286,0,0.09638643,485,161.2123468,0.195652174,-0.086956522,0,0,0,0
388,ATGAACACAAGTATGTAAAGCAG,0,0,0.075739645,0,0.009879843,357.5,168.6783812,0.034782609,-0.086956522,0,0,0,0
389,CCTGCCTCACCTCTGCTCACCAG,0,0,0.057777778,0.383591198,0.383591198,530,197.2414617,0,0.130434783,0,0,0,0
390,AAGACCAGCAGTCAGTAGAGAAG,0,0,0.029689609,0,0.553689759,522.5,205.0725425,0,0.065217391,0,0,0,1
391,GAGGCCGGGCAGGAGAAGGAGGG,0,0,0.112092391,0.19301625,0.19301625,455,174.9792626,0,-0.152173913,0,0,1,0
392,GAACAAAAAACATAGACCACTAG,0,0,0.068783069,0,0.051711622,485,156.2509464,0.269565217,-0.586956522,0,0,0,0
393,AGTGAGTGACTGAGTGAGTGAGG,0,0,0.116307692,0,0.217271959,455,183.722832,0,-0.130434783,0,0,0,0
394,TTTGCCCCATAGGCCATTAAAAG,0,0,0.026143791,0,0.083652511,455,181.5829679,0,-0.630434783,0,0,0,0
395,TGGATGGAGGCATGAGCAACAGG,0,0,0.006111536,0,0.040156499,320,124.0982054,1,0.239130435,0,0,0,0
396,AAAAAAAAAGAAGAGGCAGAGAG,0,0,0.013374486,0,0.34064625,552.5,183.9068993,0,-0.456521739,0,0,0,0
397,CCCAGTGTCTCAGGATGAGTGAG,0,0,0.025641026,0.04809546,0.04809546,387.5,154.4389663,0,-0.260869565,0,0,0,0
398,AAAGACAAATCATAGACTGGAAG,0,0,0.00557598,0,0.642348856,552.5,176.1970637,0,-0.02173913,0,0,0,0
399,TACCTGTATTTATTGTTCTCCAG,0,0,0.041293783,0.807015306,0.794051205,522.5,208.9964993,0,-0.065217391,0,0,0,0
400,TGTGTGTGAGTGTGGGCGTGTGG,0,0,0.018181818,0,0.844444444,530,204.9046584,0,0.173913043,0,0,1,0
401,AAGTGAGAAGAAAAGACAAAAGA,0,0,0.016788767,0,0.032734012,387.5,161.1362536,0,-0.413043478,0,0,0,0
402,GGCTTATCTTCATTGTTTTCCAG,0,0,0.133333333,0,0.187751667,552.5,188.6508658,0.739130435,-0.304347826,0,0,0,0
403,GGGTGTGGTGACTTTGTTCCTGG,0,0,0.087843137,0,0.100179289,455,184.7520241,0,-0.543478261,0,0,0,0
404,CCTTCCTCCTCACTAATCACTGG,0,0,0.236363637,0,0.117154697,455,188.3301372,0,0,0,0,0,0
405,AGATGAAGAGATGAGGCACAGAG,0,0,0.050699588,0,0.480774398,522.5,205.7609018,0.108695652,0.413043478,0,0,0,0
406,CCCTGTGGCTCTGGTTGGGACAG,0,0,0.008020833,0.052916112,0.052916112,387.5,134.0075616,0,-1.02173913,0,0,0,0
407,TGGATAGAGCAATGAGGCATAAG,0,0,0.014109347,0,0.051711622,485,156.2509464,0,0,0,0,0,0
408,CACTCCCCCCACCCCGCCCCAGG,0,0,0.157635468,0,0.526848592,552.5,184.4785831,0.717391304,-0.391304348,0,0,0,1
409,AACTTCCATCTCCTCCCCATGGG,0,0,0.1575,0.89998622,0.89998622,620,210.9514828,0,0.130434783,0,0,1,0
410,CCCTGTGTCTGTGTATGAGTCAG,0,0,0.004487179,0,0.006968836,290,145.1593984,0,0.02173913,0,0,0,0
411,GAACAGAAACCACAGACTGGGAG,0,0,0.002407981,0,0.135166339,455,165.7853591,0,-0.130434783,0,0,0,0
412,TCCTCTGTCTCACCCACCTTGAG,0,0,0.143534538,1.724648918,1.68098692,627.5,213.0250828,0.013043478,0.304347826,0,0,0,0
413,GGGAAGGACCCTGGATCCCTGAG,0,0,0,0,0.021000219,357.5,167.310731,0.295652174,1.47826087,0,0,0,0
414,GGTGAGTGTGTGTGTGTGGTGGG,0,0,0.049,0,0.044208326,417.5,126.3685087,0,-0.195652174,0,0,0,0
415,GAACACAAAGAAGAAGCTGCCAG,0,0,0.00918093,0.013309943,0.012919908,260,171.9751483,0,-0.217391304,0,0,0,0
416,GAACACAAAACATACTCTGCAAG,0,0,0,0,0.10798312,462.5,183.9128161,0.034782609,0.152173913,0,0,0,0
417,ACATGACAAGAATAGGAACAAGG,0,0,0.075625,0,0.161125676,455,186.0913876,0.391304348,0.413043478,0,0,0,0
418,TGGATGCAGGAATGAGTGGGTGA,0,0,0.000842525,0,0.032305769,417.5,133.2697749,0,-0.065217391,0,0,0,0
419,GGTGTGTGTCTGTGTGAGTGCGG,0,0,0.040727273,0,0.325662758,552.5,187.9740522,0.008695652,0.173913043,0,0,0,0
420,GCCATATTAGTCATTCCCTTTGA,0,0,0,0,0.072576354,485,162.7479902,0.108695652,-0.47826087,0,0,0,0
421,AGGATGGGGGAAAGGGGAGTGGA,0,0,0.022916666,0,0.155902215,425,192.3938409,0.004347826,0.152173913,0,0,0,0
422,ACAGTGAGTAGGGAGGAGACTGG,0,0,0.180555555,0,0.038622217,357.5,169.096715,0,-0.413043478,0,0,0,0
423,GGGATGGGGGAGGGAGGAGTCAG,0,0,0.034262954,0.286208544,0.286208544,425,198.8847621,0,0.02173913,0,0,0,0
424,GGTGTGTGTGTGTGTGCAGGGGG,0,0,0.037762238,0,0.056704087,485,157.7805664,0,-0.130434783,0,0,0,0
425,TTACTGGAGGAATGAGGAGATGA,0,0,0.006580047,0,0.687682923,555,180.4208001,0.013043478,0.152173913,0,0,0,0
426,CGGTGAGGTGAGATTGCTCCAAG,0,0,0.068376068,0,0.215037438,522.5,203.9549151,0.682608696,-0.630434783,0,0,0,0
427,GCCCCACTCCACCCCTCCACCGA,0,0,0,0,0.051899925,485,169.1375902,0.026086957,-0.739130435,0,0,0,0
428,GGGTGGGGGCGGTTTGAGCCTAG,0,0,0.010485597,0.054312997,0.052648231,387.5,161.5687355,0,-0.217391304,0,0,0,0
429,GCCCACCCGAGGCCTGGCCAGGG,0,0,0.16022409,0.470062865,0.462858836,522.5,206.8482159,0.152173913,-0.086956522,0,0,0,0
430,GTCTTGTGTTCAGTGTTCTGAGG,0,0,0.008184143,0,0.26991206,455,169.2232626,0.052173913,0,0,0,0,0
431,GGGGTGTGAGTTTGTGTGTGTAG,0,0,0.008460675,0.290550842,0.280743218,455,188.6814685,0.1,-0.456521739,0,0,0,0
432,AGACACCCAGCATAGACTGCAGA,0,0,0.009375,0,0.932255747,620,213.4770022,0,-0.369565217,0,0,0,0
433,AAAAGAGAAGGATAGGGACAGGG,0,0,0.005462185,0,0.124300022,357.5,181.6108847,0,-0.108695652,0,0,0,0
434,CCCTTATCTCCAGAGACACAAAG,0,0,0.05334596,0,0.539222871,622.5,211.0574182,0,0.043478261,0,0,0,0
435,CCTGCCTTCCCCCTACACACAGG,0,0,0.176842105,0.249597935,0.249597935,455,182.4062351,0,-0.608695652,0,0,0,0
436,TTCATCTTAATCATAACCTTGAG,0,0,0.098063678,0,0.172149493,455,162.8636421,0,0.260869565,0,0,0,0
437,CACCCCCACCACCCCTCCTGAGG,0,0,0,0,0.119960915,485,161.6741572,0.160869565,0.065217391,0,0,0,0
438,TGTGAGTGAGCGTGTGTGTGTGA,0,0,0.021604938,0,0.716018519,462.5,193.1838052,NA,-0.304347826,0,0,0,0
439,GGCTTTCTTCCACCCACCTTTGG,0,0,0.266304348,0,0.569608261,620,211.3287188,0,-0.586956522,0,0,0,0
440,GAATGAGAAGTAGAGGCTGAAGA,0,0,0.00133547,0,0.05731059,387.5,156.7985831,0,-0.108695652,0,0,0,0
441,TGTGTGTGAGTGTGTGTGTAGGA,0,0,0.01104798,0,0.268517165,485,159.787969,0,-0.52173913,0,0,0,0
442,AACAGCTGTCAGTAGAGAGGGGA,0,0,0.003926282,0,0.185328808,552.5,185.1134295,0,-0.391304348,0,0,0,0
443,GAGGTGTTTTTATTATTCTCTGA,0,0,0.006284565,0,0.220450566,425,197.3612947,0.843478261,2,0,0,0,0
444,CCCTGCCCACAGCCAGGCCACAG,0,0,0.021442495,0.383984607,0.371023101,522.5,198.712922,0,-0.043478261,0,0,0,1
445,TGGATCTGGGAATGAGGAGGTGA,0,0,0.003501401,0,0.259011269,555,174.7934183,0.039130435,0.02173913,0,0,0,0
446,AAAGAAGAAGAACATGCACAAGG,0,0,0.032581454,0,0.148388855,425,193.3317379,0.504347826,0.782608696,0,0,0,0
447,GAGTCCATACAGAGGAAGAAAAG,0,0,0.033333333,0.08619259,0.084871631,525,198.1180372,0,-0.543478261,0,0,0,0
448,CCCTGTGTGTCTGGGGGGAGGAG,0,0,0.006372549,0,0.016803356,387.5,146.6071723,0,-1.086956522,0,0,0,0
449,GGCCCAGAAGGGGCTCGTGAGGG,0,0,0.061904762,0.101277997,0.101277997,425,188.3253612,0.286956522,0.782608696,0,0,0,0
450,GGCACTGAGCCTCGAGTTGGGAG,0,0,0.007095517,0,0.196330083,455,180.623015,0,-0.326086957,0,0,1,0
451,AAAGAGCCCTACAACCTCAAAGG,0,0,0.094752187,0.131388208,0.1271669,522.5,202.1470144,0,0.173913043,0,0,0,0
452,GGTGTGTGGGAGTGTGTGTGGAG,0,0,0.021997755,0,0.196246288,455,186.7357049,0,-0.456521739,0,0,0,0
453,GAATCCTACCAGATGAAGAAGAG,0,0,0.031908832,0,0.087716364,522.5,200.6898542,0,-0.130434783,0,0,0,0
454,TGTGTGTGAGAGTGTGTGTGGGA,0,0,0.008838384,0,0.33831875,455,190.6954852,0,-0.413043478,0,0,0,0
455,GGCGTGTGAGTGTGTGTGTGTGA,0,0,0.005050505,0,1.196117745,560,197.5975689,0,-0.47826087,0,0,0,0
456,CACTGTGTATCTGGATGAAGAAG,0,0,0.019744961,0.083523485,0.083523485,485,152.4392864,0.704347826,-0.239130435,0,0,0,0
457,AAATGAGAAAAACTGGGACAAAG,0,0,0.003196371,0,0.027908208,357.5,172.0836473,0,0.195652174,0,0,0,0
458,AAATGAGAATTAGAAGCAAAAAG,0,0,0.026143791,0,0.061738132,357.5,163.0231584,0,-0.065217391,0,0,0,0
459,AGATGAGAAATAGAGGCTCAGAG,0,0,0.029781576,0,0.158628435,455,182.3148466,0,-0.108695652,0,1,0,1
460,CTTGCCCCCCAGCACAGTACTAG,0,0,0.010632642,0.021717625,0.02101987,357.5,156.9641145,0,-0.260869565,0,0,0,1
461,GAAATCCCATCTCCAGCTCCTGG,0,0,0.165413534,0.074708643,0.073380489,455,180.0775658,0,-0.347826087,0,0,0,1
462,GGCCCTGACTGAGCACATCCTGA,0,0,0.004716707,0,0.045990617,417.5,128.5423051,0,0.130434783,0,0,0,0
463,AAATGAGAAGAGGAGAAGCACAG,0,0,0.034951989,0,0.00871615,345,147.7860293,0.004347826,0.608695652,0,0,0,0
464,GGCTCAGCCTGAGCACGTCAGAG,0,0,0.039846743,0,0.992537313,560,185.6785831,0.008695652,-0.695652174,0,0,0,0
465,TACTTCTTTTCACTGTTCTGCAG,0,0,0.008209025,0.166422094,0.163296796,455,170.7770955,0,-0.391304348,0,0,0,0
466,GGGAAGGACCCCTCATCCATCAG,0,0,0.010442774,0.055480574,0.054544193,357.5,169.4505951,0,0.195652174,0,0,0,0
467,AAATGAGAAGAAGTGCCTCGTGG,0,0,0,0,0.002859046,320,127.7114563,0,0.326086957,0,0,0,0
468,AAAAGAGAAAAAGAGGCACATGA,0,0,0.030864197,0,6.161619718,635,215.7346636,0.039130435,0.282608696,0,0,0,0
469,AGAGAGAGAGTGTGTGTGTGTAG,0,0,0.068055556,0.417946745,0.410516581,552.5,195.3027081,0.082608696,0.130434783,0,0,0,0
470,AAGAAGGAGGAATGAGGACTGGG,0,0,0.189655172,0.526848592,0.526848592,552.5,186.9236801,0,-0.347826087,0,0,0,1
471,GCCCCGTTTTCATTGTGCTCAGA,0,0,0.004153622,0,0.609583333,552.5,195.8119689,0.039130435,0.086956522,0,0,0,0
472,TATTTGTTTTGATTGTTCACTGA,0,0,0.003410218,0,0.288307355,455,181.6939164,0,-0.782608696,0,0,0,0
473,ACTGCCCCACAGGGAAGTAATAG,0,0,0.049382716,0.844444444,0.844444444,530,205.9529784,0.008695652,-0.239130435,0,0,1,0
474,TAGATGGTGTAATGGGGAGTGAG,0,0,0.049652778,0,0.371023101,522.5,196.661425,0,-0.260869565,0,0,0,0
475,GACCCACTGCACCCAGCCTCAGG,0,0,0.127739985,0,0.264737449,530,200.4472141,0,0.043478261,0,0,0,0
476,AAGGACACCAGTGAGATGAGTGG,0,0,0.064102564,0.104848333,0.104848333,485,179.811863,0.243478261,-0.304347826,0,0,0,0
477,GGTGTGTGCGTGGGTGTGTGTGG,0,0,0.025296443,0,0.136842006,455,183.466468,0,0,0,0,0,0
478,CCCTGTGGCTCAGGATAGAGAGG,0,0,0.096627451,0.118732172,0.118732172,387.5,150.2603716,0,-0.173913043,0,0,0,0
479,CCCACCCAGCCAGATACAGAGGG,0,0,0.011054422,0.080242777,0.07753416,455,168.9968781,0,0.195652174,0,0,0,0
480,GAGATGGTGGAATGAGGAGTAGG,0,0,0.346870521,2.606310014,2.543507363,627.5,217.060183,0.013043478,-0.152173913,0,0,0,0
481,AGGATGGAGGAAGGAGGCGGCGG,0,0,0.008768725,0,0.052902764,387.5,147.1397463,0,-0.260869565,1,0,0,0
482,TGTGAGTGAGTGTGTCTATGTGA,0,0,0,0,0.020550273,442.5,155.5021298,0,-0.108695652,0,0,0,0
483,CAACCCCTCCACCCCTGCTCAGA,0,0,0,0,0.103380457,485,180.397463,0.052173913,-0.47826087,0,0,0,0
484,GGTGAGAGAGTGTGTGTGGGAGA,0,0,0.00708912,0,0.246288838,492.5,166.2827082,0.004347826,0.673913043,0,0,0,0
485,CCAGTGAGTCCAGAGGAAGCAGA,0,0,0.002403846,0,0.020375549,357.5,170.9156619,0,-0.282608696,0,0,0,0
486,TAGAAAGAGGAAAGAGGAGTCAG,0,0,0.075936884,0,0.334982304,522.5,206.3863755,0.295652174,0.413043478,0,0,0,0
487,ACGAACAGCAGTGAGATGAGTAG,0,0,0.017316017,0.104848333,0.104848333,485,177.5856461,0,-0.195652174,0,0,0,0
488,GAATGAGAAGACAAGCCACAGGG,0,0,0,0,0.051853356,357.5,184.6961531,0.013043478,-0.760869565,0,0,0,0
489,AATGATCACAACATCCTTCAGAG,0,0,0.027445461,0.052599375,0.051711622,485,156.2509464,0.239130435,0.391304348,0,0,0,0
490,GAATACAAAGCCTAGAATGTTAG,0,0,0.007641326,0.127328167,0.125064555,387.5,152.4865886,NA,0.065217391,0,0,0,0
491,GAGTACTAGAAGAAGAGGAAAAG,0,0,0.012947401,0.36403873,0.36403873,552.5,189.5506517,0,-0.891304348,0,0,0,0
492,AGGATGACCAGTGAGCAGAGAGG,0,0,0.101818182,0,0.156419304,552.5,198.5972701,0.026086957,-0.217391304,0,0,0,0
493,ATTAAAACCAGTGAGTTGAAGAG,0,0,0.015046296,0,0.151635689,485,158.762305,0.12173913,0.152173913,0,0,0,0
494,AAAGGAGAAGAAGACACAGAGAG,0,0,0.00552399,0,0.02299038,387.5,156.0829526,0,-0.97826087,0,0,0,1
495,TGGATGGATGGATGAGTGGTGAG,0,0,0.008987654,0,0.036610572,387.5,162.6006916,0.434782609,0.739130435,0,0,0,0
496,GGTGTGTGTGTGTGTATGTGTGG,0,0,0.101818182,0,0.060818669,485,175.6773627,0.039130435,-0.630434783,0,0,0,0
497,GGCTTTGCTGCTGGAGGAGGTGG,0,0,0.143985307,0,0.180012975,552.5,187.6549664,0.052173913,0.217391304,0,0,0,0
498,GGTGAGGTGGTGTGTGCCTGTGG,0,0,0.116713352,0,0.117023615,555,184.3338886,0,-0.304347826,0,0,0,0
499,GGTGTGTGTATGTGTGTGTGCGA,0,0,0.006599327,0,0.325662758,552.5,187.9740522,0.139130435,0.304347826,0,0,0,0
500,GGGAGGGAGCAATGAGGAATTGG,0,0,0.174906832,0,0.485227553,552.5,182.1719436,0.117391304,0.326086957,0,0,0,0
501,AAATGAGAAGAAGAGTTAGAGAG,0,0,0,0,0.048391538,425,151.3774631,0,-0.239130435,0,0,0,0
502,AAAATCCCTTCTTCAACACCTGG,0,0,0.228461538,0,0.105393,455,192.1722536,0.495652174,0.130434783,0,0,0,0
503,GAGTAAGAGGAGAAGAAGGAGGA,0,0,0.005373677,0,0.263834804,552.5,180.3859596,0,0.108695652,0,0,0,0
504,GAGCCTTAAGCAGAGTTTTTGGG,0,0,0.093637455,0.53957968,0.531673751,620,213.6292352,0,-0.456521739,0,0,0,0
505,AGGAAGGAGGAATGATGGGTGGA,0,0,0,0,0.053377333,485,175.1999208,0.065217391,-0.717391304,0,0,0,0
506,TAGATGGAGGAATGTGGAAAAAG,0,0,0.017628205,0,0.058878491,387.5,136.8673786,0.017391304,6.130434783,0,0,0,0
507,GAACCCAAAGAATGGACTGAGAG,0,0,0.022685185,0,0.054599374,357.5,162.9048117,0,-0.065217391,0,0,0,0
508,GGGTGGAGCGTGTCTGCTCCAGG,0,0,0.047337278,0.047836888,0.047103755,425,194.9877705,0.026086957,0.043478261,0,0,0,0
509,CAAAGAGAGGATGAGGCACAGGA,0,0,0.006298816,0,0.43009247,522.5,206.6505192,0.117391304,-0.565217391,0,0,0,0
510,TAGATGCAGCAATGAGGAGGCAG,0,0,0.010646053,0,0.438724268,552.5,174.4474829,0.265217391,-0.130434783,0,0,0,0
511,ACAGCCAGTAGAGCTGAGGCAGG,0,0,0.097402598,0,0.243723101,522.5,201.9186744,0.147826087,-0.47826087,0,0,0,0
512,CGCATCCATCCATAAACACAGAG,0,0,0.050923558,0,0.308388732,432.5,196.4536579,0,0.02173913,0,0,0,0
513,CCTTCCCCACCTGGCAGTAATGA,0,0,0.003330003,0,0.390673193,425,204.1402158,0.008695652,-0.065217391,0,0,0,0
514,CCAATCCATACACAGATACATAG,0,0,0.03826323,0.21048814,0.203383055,455,183.194832,0,-0.282608696,0,0,0,0
515,TGTGTCTGAGTGTGTGTGTGTGA,0,0,0.008034894,0,0.368797917,552.5,195.1395849,0.313043478,0.130434783,0,0,0,0
516,CGTGTCTGAGTGTGTGCATGTGA,0,0,0.008514213,0,0.187751667,552.5,190.7023627,0.039130435,0,0,0,0,1
517,GGCACTGAGCCTGGAACTGGGAG,0,0,0.015860566,0,0.087257815,485,172.8339097,0.2,0.260869565,0,0,0,0
518,GAAGCCAAGGCATGGACTGCTGA,0,0,0.005401235,0,0.130251581,522.5,201.439115,0,0.02173913,0,0,0,0
519,GACACCGCAGCAGAGAATTCAGA,0,0,0.001311819,0,0.041507995,417.5,140.6880462,0,0.239130435,0,0,0,0
520,GAATCCCAGCAGGAGAGGAATGG,0,0,0.059343031,0.156094896,0.15082587,455,185.8033876,0,0.02173913,0,0,0,0
521,GGAGCTGGGGCTGGGGGTGGGGA,0,0,0.015718006,0,0.397208228,522.5,200.4915615,0.247826087,3.717391304,0,0,0,0
522,GCGTCATTCCCACCCTCCCTGAG,0,0,0,0.05209954,0.051173326,485,168.8495902,0,-0.195652174,0,0,0,0
523,CTTGCCCCATCGGCCAGTGAGAG,0,0,0.015686275,0,0.034324559,357.5,165.5909953,0.926086957,-0.673913043,0,0,0,0
524,TCACACAAACCATAGACTGAGGG,0,0,0.157142857,0.654642614,0.642348856,552.5,176.8306637,0,-0.239130435,0,0,0,0
525,GCCAGTGGGGGTGGAGGTGGTGG,0,0,0.066758242,0,0.794051205,522.5,208.3417793,0,0.065217391,0,0,0,0
526,GGGGAAGCCCCAGTATCCGGTGG,0,0,0.034663866,0.100157834,0.09837725,455,166.4497985,0,0.195652174,0,0,0,0
527,GGGTGGGGAGGGGTTGCCCCAGA,0,0,0.003244232,0,0.036800757,357.5,174.0874821,0.582608696,-0.086956522,0,0,0,0
528,CCAGTGAGTGGAGCTGGGACAGG,0,0,0.010004002,0,0.042827353,387.5,148.267131,0,-0.02173913,0,0,0,0
529,GGGAAATACCCAGCATCCAATGG,1,0.011537262,0.229591836,0.274491761,0.266759599,492.5,150.1312193,0,-0.304347826,0,0,0,0
530,GACTCAAACCAGAAGAAGAAAGA,0,0,0.013354701,0,0.339788416,620,210.5430548,0.069565217,0.02173913,0,0,0,0
531,GGATGCCCTACTCCAGCACCTGG,0,0,0.146985646,0,0.509948268,522.5,202.547023,0,-0.152173913,0,0,0,0
532,GACCCCCTCCACCCAGAAGCCAG,0,0,0.003619289,0,0.008312935,345,127.8355341,0,0.086956522,0,0,0,0
533,GCCTCTTCCACTCCCACCTCTGG,0,0,0.026262626,0.284032028,0.284032028,455,166.2547462,0,-0.130434783,0,0,1,0
534,AAATGAGAACAATGGGCACAAGA,0,0,0.003888889,0,0.128869072,432.5,194.2697584,0,0.043478261,0,0,0,0
535,ATGAACACCATGGCGTAGGGAAG,0,0,0.00400641,0.018046345,0.0174932,260,162.8666313,0,-0.434782609,0,0,0,0
536,GTCTCCCCACACCCTCGCCAAGA,0,0,0,0,0.117154697,455,188.9637372,0,0.065217391,0,0,0,0
537,GGTGTGTATGTGTGTCCGTGTGA,0,0,0,0,0.15035753,552.5,193.5636568,0.013043478,-0.086956522,0,0,0,0
538,GCCTCTCCCTAGCCGGGCCAAGA,0,0,0.00162565,0,0.13054088,522.5,194.2554777,0.239130435,-0.065217391,0,0,0,0
539,AGTCAGTGAGTGTGTGACTGGGA,0,0,0.007352941,0,0.119478333,485,171.9169557,0,-0.652173913,0,0,0,0
540,GAACACATAGCACACACTGCAGA,0,0,0.006408066,0,0.26380241,432.5,193.5938409,0.004347826,-0.369565217,0,0,0,0
541,GGGGTGTGAGTGTGTGTGAGCAG,0,0,0.006285073,0,0.189330488,485,165.649569,0.082608696,-0.130434783,0,0,0,0
542,GACCCCTCACACCCCGCCCCTGG,0,0,0.192118227,0,0.197596385,555,179.009222,0.213043478,0.434782609,0,0,0,0
543,GGTGTGAGGGTGTGTGGGTGTGA,0,0,0.000866508,0,0.241506693,552.5,190.5826078,0.004347826,0.086956522,0,0,1,0
544,TAATGAGAAGACAAGCCACAGAG,0,0,0,0,0.051853356,357.5,184.6961531,0,-0.413043478,0,0,0,0
545,CACTGTGTGTCTGCATGGACAGG,0,0,0.017540901,0.063494894,0.063494894,455,166.2234351,0,0.065217391,0,0,0,0
546,GAGTCCAAGAAGGAGAAGAGAGA,0,0,0.030015629,0,0.152592743,455,165.1881623,0,-0.173913043,0,0,0,0
547,GAGTGGTTTTCATTGTTTTGTGA,0,0,0.000840336,0,0.127597274,485,154.8227468,0,0.108695652,0,0,1,0
548,GGCTCAGGGGCAGGAGGTGGTGG,0,0,0.283636364,0,0.406288793,522.5,205.7244986,0.043478261,0.108695652,0,0,0,0
549,TGGATGTGAGAATGAGGAGAAGA,0,0,0.010522959,0,0.261579976,555,172.619622,0.004347826,-0.130434783,0,0,0,0
550,TGGATGGATGGATGAACAGTTAG,0,0,0.021147422,0,0.030650512,387.5,170.735599,0.12173913,0,0,0,0,0
551,CCCTTTTGCCCACCCACCTGCAG,0,0,0.015250545,0.710795455,0.697447183,552.5,177.6742631,0,-1.043478261,0,0,0,0
552,CCAGTGGGTACAGTGTAGGCAGA,0,0,0,0,0.013899012,357.5,181.659125,0,0.239130435,0,0,0,0
553,GAATGAGAAAAAGAAGCAGAGGG,0,0,0.109803922,0,0.130040984,455,169.2532421,0,-0.347826087,0,0,0,0
554,AAATGGGAACAATAGGCACTGGG,0,0,0.051428571,0,0.135166339,455,165.7853591,0,-0.543478261,0,0,0,0
555,AAATCATAAAAAGAGACACACAG,0,0,0.108641975,0,0.15479763,552.5,193.2483369,0,-0.304347826,0,0,0,0
556,CCCAAGCATCCAGAAACACTCAG,0,0,0.036601307,0.107052935,0.107052935,455,164.7810745,0,-0.456521739,0,0,0,0
557,AGTGTGTGAATGTGTGTGTGTGG,0,0,0.142545455,0,0.56142625,552.5,191.9338325,0.073913043,-0.043478261,0,0,0,0
558,TGGGTTGAAGAATGAGAAGTGGA,0,0,0.017361111,0,0.213926133,552.5,191.5945246,0,0.282608696,0,0,0,0
559,GGTGCGTGAATGTGGGTGTGTGG,0,0,0.010888889,0,0.142843894,455,177.7268109,0.047826087,-0.173913043,0,0,0,0
560,CCTCCCGCACAGGGCAGTCAGGA,0,0,0.003068164,0,0.34064625,552.5,184.9552193,0.756521739,0.326086957,0,0,0,0
561,AACCCCCTCCACCCCCTCCCTGA,0,0,0,0,0.034887914,417.5,150.1774631,0,0.217391304,0,0,1,0
562,GGGATGAAGGCATGAGGTGTCAG,0,0,0.049597423,0.121973335,0.117636505,455,185.1634022,0,0.108695652,0,0,0,0
563,CACTGTGTTTCTGGAGGGAGAAG,0,0,0.010078157,0.073296119,0.073296119,485,160.5741938,0,-0.347826087,0,0,0,0
564,GAGCCGCTCCACCCAGCCTGTAG,0,0,0.000847252,0,0.105554194,455,165.5413945,0.839130435,-0.47826087,0,0,0,0
565,ACATGAGTAGATGAAGCACAAGA,0,0,0.007336268,0,0.198201266,425,193.937061,0,-0.326086957,0,0,0,0
566,CCCCTACTTCCAGAGACACCTGA,0,0,0.002216796,0,0.39945125,552.5,176.3029991,0.282608696,2,0,0,0,0
567,GGCGCTGATGCTGAAGGTGGGGG,0,0,0.1625,0,0.130251581,522.5,199.627618,0.030434783,0,0,0,0,0
568,GCCTTTATATCTGGATGGATTAG,0,0,0.060869565,0,0.569608261,620,211.5687188,0,0.108695652,0,0,0,0
569,AGATGAGAAATTGAGGCACAAAG,0,0,0.019854384,0,0.359810011,460,200.0220794,0,-0.347826087,0,0,0,1
570,ATTGACCACTTCATACTCACTGA,0,0,0.000784849,0,0.103738294,357.5,161.3852948,0,-0.195652174,0,0,0,0
571,GCCACCCCAAATCCTCACCACAG,0,0,0,0.049814208,0.048973462,387.5,172.3357626,0.008695652,-0.043478261,0,0,0,0
572,GAATTCAAAGCATGGATTGCAAG,0,0,0.016424991,0,0.086229035,455,184.4127843,0,-0.630434783,0,0,0,0
573,TGGAATGAGGAATAAGGAGGAAG,0,0,0.011437908,0,0.059518236,455,167.3489114,0,-0.02173913,0,0,1,0
574,GAGCCACCGCACCCCGCCTCAGA,0,0,0.019959373,0,0.497494021,620,209.8264187,0.260869565,-0.195652174,0,0,0,0
575,GGTGAGAGAGTGTGTGAAGGAGG,0,0,0.070673077,0,0.024403639,442.5,139.6593749,0,-1.173913043,0,0,0,0
576,GACTTGTTTTAATTGGTCAAAGG,0,0,0.037087912,0,0.017940047,320,127.7958905,0,0.652173913,0,0,0,0
577,GGTGAGGGAGTGAGCGCCTGTAG,0,0,0.013711778,0,0.019864519,357.5,167.6871438,0,0.173913043,0,0,0,0
578,CTCTCTTTCCCATCCGCCTTTGA,0,0,0.006070319,0,0.105393,455,192.1722536,0,0.47826087,1,0,0,0
579,GGGCTGGAGGAAAGAGGAATGGA,0,0,0.011593266,0,0.203890405,455,178.0790795,0,-0.47826087,0,0,0,0
580,GGCACAGGAGGTGGAGGTGGAGG,0,0,0.089540816,0,0.267720603,522.5,204.124335,0,-0.086956522,0,0,0,0
581,AACTTGTTTTCATCATTCTGGGA,0,0,0.000988631,0,0.027850461,357.5,156.2161939,0,-0.52173913,0,0,0,0
582,GGGGCAGCGGCTGGCGGTGGCGG,0,0,0.073863636,0,0.240310978,522.5,201.8053944,NA,0.304347826,0,0,0,0
583,AAAGGAGGAGAAGGGGCACCTGG,0,0,0.048611111,0,0.09837725,455,166.4497985,0,-0.02173913,0,0,0,0
584,GCCCCCCTCCACACTCCCTCGGG,0,0,0,0,0.026815181,357.5,177.965232,0.304347826,-0.434782609,0,0,0,0
585,CCTGCCTCCTCCCTTCTCTCTGG,0,0,0.082894737,0,0.05473002,357.5,161.5371416,0,-0.065217391,0,0,0,0
586,GGATCTTGCCCACCCACATTAAG,0,0,0.061721238,0,0.305988667,552.5,189.9088498,0,0.239130435,0,0,0,0
587,GATATCCCTTCTGTATCACCTGG,0,0,0,0.039310722,0.037983778,455,189.5043895,0,-0.673913043,0,0,0,0
588,GGGTGGTGGGAGGTTTCTCCAAG,0,0,0,0.124646613,0.121491003,462.5,191.2290728,0.860869565,1.52173913,0,0,0,1
589,ATGGACAGTAGAGAGTAGAGCAG,0,0,0.072916667,0,0.410318103,522.5,203.5507022,0,-0.369565217,0,0,0,0
590,CTGACCTCCAGTGAGTAGAGGGA,0,0,0.013020833,0,1.737215529,627.5,216.7284992,0,-0.434782609,0,0,0,0
591,AGGAAGAAGGAAAGAGGAGTGGG,0,0,0.346153846,0.397317959,0.397317959,522.5,206.0291787,0,-0.391304348,0,0,0,0
592,GGTGAGAGAGTGTGTATGGGAAG,0,0,0.026466049,0,0.021415438,417.5,147.7942823,0.234782609,-0.434782609,0,0,0,0
593,CCTGCCTCCCCAATTCTCACAGA,0,0,0.001709402,0,0.061328553,327.5,182.785821,0,-0.152173913,0,0,0,1
594,CACTCCCCACAGCCTGGCCCCAG,0,0,0.01020304,0.654642614,0.642348856,552.5,176.8306637,0,1.760869565,0,0,0,0
595,AAGGGAGAAGAAAAGGCATAGGA,0,0,0.011300131,0,0.190314023,455,177.5510795,0.008695652,-0.065217391,0,0,0,0
596,CCCTGTCTCTCTAGAAGGAGGGA,0,0,0.007070136,0,0.028497233,387.5,152.8914728,0,-0.304347826,0,0,0,0
597,AACTGAGAAGAAAAGAGACATGA,0,0,0.001616031,0,0.037982503,387.5,170.8981425,0,-0.434782609,0,0,0,0
598,GGTGTGTGTGTGTGTGAGTTAGG,0,0,0.071272727,0,0.155313909,485,155.8281887,0,-0.826086957,0,0,0,0
599,TGGCTGGAGGAACGTGGGGTAAG,0,0,0.005779154,0,0.030556834,357.5,169.1967246,0,-0.239130435,0,0,0,0
600,GGTGAGTGTGTGTGTGTGAAAAG,0,0,0.019444444,0,0.044208326,417.5,126.3685087,0,-0.130434783,0,0,0,0
601,TGTGAGTGTGTGTGTTAGTGGAG,0,0,0,0,0.064062332,485,176.9656827,0,-0.630434783,0,0,0,0
602,GCCATCCTCCCAGGGACACAAGG,0,0,0.168561873,0.139195896,0.136846598,522.5,200.501218,0,-0.02173913,0,0,1,0
603,GGTGAGAGGATGTGTGTGTGAGG,0,0,0.254074074,0,0.211708258,552.5,186.8791914,0,-0.260869565,0,0,0,0
604,TAGATGTAGAAATGAGAAGTTAG,0,0,0.109199113,0,0.383454129,552.5,190.5989717,0.173913043,0.02173913,0,0,0,0
605,AAAAAAGAAGAAGAAGAACAGAG,0,0,0.046994271,0,0.155096519,455,181.8449474,0.243478261,0.434782609,0,0,0,0
606,TGGATGGATGAATGGGTAGTGGA,0,0,0.006018518,0,0.168469286,462.5,181.247087,0,-0.065217391,0,0,0,0
607,GAGTCCGAGAGCCAGAAGAAGGA,0,0,0.004360165,0,0.127005026,397.5,190.7627589,0.104347826,NA,0,0,0,0
608,CATACCCCACAGGTCAGTAAGGA,0,0,0.014102564,0,0.443035994,530,207.6472154,0,-0.326086957,0,0,0,0
609,GACATGTTTTCATTTCTCTCAGG,0,0,0.045351474,0,0.137061659,462.5,188.0309525,0,-0.02173913,0,0,0,0
610,AAATGAGAATAAAAGGCAAAAAG,0,0,0.083333333,0,0.300030323,462.5,175.1609431,0.004347826,-0.130434783,0,0,1,0
611,TACCTGTTTTCAATGTTGTCAGG,0,0,0.059728507,0.124526613,0.120099,455,183.4037462,0,-0.326086957,0,0,0,0
612,GGAATCCCTTCTGAAGGACCTGA,0,0,0.001429739,0,0.328293675,470,188.9747043,0.652173913,0.065217391,0,0,0,0
613,TGGGGTGAGGAATTAGGAGTCAG,0,0,0.018436214,0.131078189,0.128972515,525,203.6129114,0,0.456521739,0,0,0,0
614,GATTTAGTTTCATTGTTCGCAGA,0,0,0.007021038,0,0.203205708,552.5,183.7548353,0.008695652,-0.543478261,0,0,0,0
615,GTACTGTTGTCATTGTTCTCAGG,0,0,0.252474323,0.835102675,0.822304167,622.5,213.5986196,0,-0.347826087,0,0,0,0
616,CCTGCCTCCCCTCAACTTACCAG,0,0,0.041269841,0,0.071876343,462.5,178.3457457,0,-0.108695652,0,0,0,0
617,GAATACCAGCAGGAGAAGAAAGA,0,0,0.013344332,0,0.372875724,522.5,205.5011787,0.447826087,1.673913043,0,0,0,0
618,GGTGATTGTGTATGTGTGTGTAG,0,0,0.045168724,0,0.100179289,455,184.7520241,0,-0.173913043,0,0,0,0
619,CCTCCCCTCCACCCCACCTCAGA,0,0,0.026794572,0,0.268520667,555,201.1435741,0,-0.586956522,0,0,0,0
620,AACCTCCGCCACCCCGCCACAGG,0,0,0.12,0,0.526848592,552.5,184.0638631,0,-0.413043478,0,0,0,0
621,GTCATTTGAGTCATCATCTGGGA,0,0,0.006018518,0,0.089311303,455,179.1210664,0,0.130434783,0,0,1,0
622,AAGCCCAAGCAGAAGAAAAATGA,0,0,0.027997737,0,0.211957667,552.5,190.5198859,0,-0.195652174,0,0,0,0
623,AGTGAGTGAGTGAGTGAGAGAGA,0,0,0.005769231,0,0.078497806,387.5,157.9665685,0.02173913,0,0,0,0,0
624,TGTGAGTGTGTTTGTGCGTTGGG,0,0,0.161538462,0,0.209660993,455,170.3865193,0.026086957,0.434782609,0,0,0,0
625,AGGAAGAGCAGTGGGTAGAGGGA,0,0,0.00875,0,0.135502769,522.5,202.4350144,0,-0.043478261,0,0,0,0
626,GAGCACAGAGGATGGACTGCAAG,0,0,0.013555098,0.120529678,0.116657239,425,197.7029147,0,0.304347826,0,0,0,0
627,GCCTCCCCCCCACCCACCATCAG,0,0,0.046296296,0,0.195655995,555,181.1830183,0.182608696,-0.260869565,0,0,0,0
628,GTGAGCATAGTCACTACCTGTGG,0,0,0.08,0,0.143561971,522.5,203.3613146,0.008695652,-0.065217391,0,0,0,0
629,CTTGCACTACAAGTCAGTAATGG,0,0,0.202222222,0,0.06053703,425,194.9589139,0.469565217,0.52173913,0,0,0,0
630,AAATTAGAAGAACAGCCACTAGA,0,0,0,0,0.043948881,387.5,153.9863336,0.9,3.239130435,0,0,0,0
631,GCCTCCCCAAAACAAAGCCAGAG,0,0,0.049031839,0,0.004409678,295,168.3492674,0,0.239130435,0,0,0,0
632,AAATGAGAGGAAACGGCAGAAGA,0,0,0.001144689,0,0.015878319,357.5,163.3537145,0.013043478,0,0,0,0,0
633,GGCCCTGCGGCCGGGGGTGGAGA,0,0,0.015092879,0,0.371150222,432.5,197.603278,0.708695652,0.217391304,0,0,0,0
634,AACCTCCTCCTCCCCGGCTCAAG,0,0,0.002687509,0,0.33831875,455,190.6954852,0.02173913,-0.02173913,0,0,0,0
635,GGGAAGGGCCCAGAATCTGTAGA,0,0,0.008184524,0,0.026558543,455,177.2516811,0,-0.043478261,0,0,0,0
636,TGCTCTTTCCCACCCAGCCTGGG,0,0,0.011288473,0.202836708,0.202836708,485,167.225889,0.095652174,0.152173913,0,0,0,0
637,GAAATGTTTTAATTTTTCTCAAG,0,0,0.011463845,0.220450566,0.220450566,425,197.3612947,0,-0.260869565,0,0,0,0
638,TGATAGGAGGAATGAGCAGTAGA,0,0,0.003899287,0,0.570616297,555,195.5239689,0,-0.065217391,0,0,0,0
639,AAATCAACAAAAGAGGCACAGAG,0,0,0.081481481,0.845647429,0.820866552,620,207.4369458,0,-0.02173913,0,0,0,0
640,TGCTTGGAGAAAGGAGGAGTGAG,0,0,0.015449928,0.511018119,0.502808992,522.5,203.307343,0.782608696,-0.152173913,0,0,1,0
641,GACATGTTTTCATTTATCTTAGG,0,0,0.018552876,0,0.030434884,387.5,149.6933526,0,-0.130434783,0,0,0,0
642,GTAGCCTCCAAGGGCTAGGGAGA,0,0,0.008777006,0,0.103415066,425,198.4431149,0,-0.434782609,0,0,0,0
643,GCCTCTTTCCCTGCCACCAAAAG,0,0,0.001893939,0.035217379,0.034137919,290,134.0989792,0,0.065217391,0,0,0,0
644,GGGAAAGAGCCAGAATCAGAGAG,0,0,0.017013889,0.010999107,0.010645722,387.5,141.0401018,0.004347826,-0.152173913,0,0,0,0
645,GGAAGCCATGCTGAAGCACCGGG,0,0,0.0728,0.196336672,0.196336672,522.5,198.180942,0.356521739,-0.369565217,0,0,0,0
646,GGCTCTGAGGCTGCAGATGGAGG,0,0,0.165454545,0,0.086229035,455,182.6012873,0,0.260869565,0,0,0,0
647,GGGTGGGGATAGTTTACACCCGG,0,0,0.348214286,0.02714194,0.02714194,485,167.5367241,0,-0.239130435,0,0,0,0
648,CACCTCTATCCAGAGAAACAAGG,0,0,0.097326203,0.416345417,0.416345417,552.5,194.7171081,0.02173913,0.195652174,0,0,0,0
649,GACTTGTTTTCATTATGTTAGGG,0,0,0.035590707,0.011336961,0.011004742,320,121.4459342,0,-0.043478261,0,0,0,0
650,TGTGAGTGTGTGTGTGGGTGAGA,0,0,0.00245098,0,0.788265432,560,195.4541086,0,0.065217391,1,0,1,0
651,GGGTCCTAGGAGACGAAGAAGGG,0,0,0.038095238,0.140887716,0.140887716,522.5,199.9458981,0.334782609,0.413043478,0,0,0,0
652,GTTATTGAAGCAGAGTTTTTGAG,0,0,0.076599326,0,0.778438874,620,215.357696,0,-0.02173913,0,0,0,0
653,CGTGTGGGAGTGTGTGAGTGCGG,0,0,0.071301248,0,0.416345417,552.5,194.5423881,0,-0.130434783,0,0,0,0
654,GCCTCTTTCCCACCTACCCATAG,0,0,0.002681992,0.087432635,0.08542269,395,138.3073786,0,-0.565217391,0,0,0,0
655,AAATGAGAAGAAAAAGCAGGGGA,0,0,0.005767013,0,0.018595452,290,127.608058,0.417391304,-0.108695652,0,0,0,0
656,GTCATATTCATCATTACTTGAGG,0,0,0.318367347,0,0.10030413,552.5,183.0391659,0.473913043,0.260869565,0,0,0,0
657,CATGACCAATAAATCTTCAAAGA,0,0,0.011213276,0,0.081866668,455,190.2356933,0.008695652,0.02173913,0,0,0,0
658,ATGAACACCGGGGAGAACAGCGG,0,0,0.12025012,0.021510158,0.020850843,387.5,163.780404,0,0,0,0,1,0
659,CCCTGTGGCTCTGAATAGAGAGG,0,0,0.090588235,0.035957508,0.035957508,387.5,146.3372874,0,-0.260869565,0,0,0,0
660,GGTGAGTGGGTGTGTGTGGGGGG,0,0,0.077777778,0,0.208575033,492.5,164.7061086,0,-0.326086957,0,0,1,0
661,GGCACTGCGGTGGGAGCTGGGGG,0,0,0.036199095,0,0.267394096,365,185.4677048,0,-0.065217391,0,0,0,0
662,AAATGAGATGATAAGGCACTTAG,0,0,0.028717949,0,0.069407893,357.5,160.8871987,0.013043478,0.326086957,0,0,0,0
663,GGTGTGTGAGTGAGGGAGTGTGA,0,0,0.000407925,0,0.060022353,357.5,173.2192268,0.643478261,1.02173913,0,0,0,0
664,AGATGAGAAGAACTAGCACAAAG,0,0,0.043835952,0,0.02322943,362.5,183.6144732,0,0.239130435,0,0,0,0
665,GAGAGGGAGTAGAAGAAGAAAGG,0,0,0.134453782,0.760552802,0.760552802,622.5,210.2603596,0.02173913,-0.130434783,0,0,0,0
666,AAGACCACCAGTAAGTAGAACAG,0,0,0.094921104,0,0.26991206,455,171.0347595,0,-0.630434783,0,0,0,0
667,TGTGTGTGAGTGGGTGTGTGAGA,0,0,0.00307422,0,0.23590875,455,187.4262484,0,NA,0,0,0,0
668,TGTGTGTGAGTGGGTGTGTGAGG,0,0,0.044268775,0,0.23590875,455,187.4262484,0.265217391,1.282608696,0,0,0,0
669,AGGAGGGAGGAATTAGGAGATGA,0,0,0.006666667,0,0.10391963,455,169.1348954,0,0,0,0,0,0
670,TGTGAGAGAATGTGTGTGTGTGA,0,0,0.026466049,0,0.383454129,552.5,190.8389717,0,0.086956522,0,0,0,0
671,GGGGAGTCTGTGTGTACGTGGGA,0,0,0.012820513,0,0.155758982,552.5,194.3239768,0.156521739,0.173913043,0,0,0,0
672,AAAAGAGAGGAAGAGAAACAGAG,0,0,0.038408779,0,0.060818669,485,176.0920827,0,-0.347826087,0,0,0,0
673,CTTGCTCCAAGGGGCAGGAATAG,0,0,0.045205761,0.091110952,0.091110952,455,180.7688626,0.02173913,0.391304348,0,0,0,0
674,TGTATGGAGGAATGACAAGAAAG,0,0,0,0,0.04310965,417.5,143.2598631,0.069565217,0.065217391,0,0,0,0
675,GGTGAGTGAGTGTGTGTGAATGA,0,0,0.008680556,0,0.117321346,425,131.5282891,0,-0.326086957,0,0,0,0
676,TCTGAGTGAGTGTGTGTGTGCAG,0,0,0.083760684,0,1.290123457,560,199.1738889,0.02173913,0.239130435,0,0,0,0
677,GAGCTGTTTTCACTGTTTTCTAG,0,0,0.042569659,0.118417614,0.118417614,455,182.8757462,0,-0.152173913,0,0,0,0
678,TGAGGGTGTGTGTGTGCGTGTGA,0,0,0.021428571,0,0.822304167,620,213.4238996,0,0.304347826,0,0,0,0
679,TGTGTGGTGGAATCAGGAGTGGA,0,0,0.003985969,0,0.210193223,522.5,203.0593984,0.2,0.47826087,0,0,0,0
680,GGCACTGTAGCTGGTGCTGGGGG,0,0,0.026470588,0,0.090197035,455,176.94727,0,0.869565217,0,0,0,0
681,TGAAAGGAGGAAAGAGGAGCAGA,0,0,0.001638986,0,0.251939516,455,170.7467595,0.004347826,-0.391304348,0,0,0,0
682,TTTCCCCCAGTGGGCAGTAATAG,0,0,0.016423663,0.743261097,0.73132116,522.5,207.1045799,0.026086957,-0.47826087,0,0,0,0
683,GGTGAGTGTGTTTATGAGTGTGG,0,0,0.080769231,0,0.023537898,357.5,174.8988235,0,-0.304347826,0,0,0,0
684,TGGATGAAAGAAAGAGAAGTCAG,0,0,0.107692308,0,0.088958845,455,182.3716072,0,-0.739130435,0,0,0,0
685,CAATGAGAAGACGAGAGACAGAG,0,0,0.003439972,0,0.05158538,387.5,173.2093626,0.056521739,-0.760869565,0,0,0,0
686,CGCAGTGTCTCGGGCTGGATAAG,0,0,0.011711316,0.201603863,0.198201266,425,196.163278,0,0.391304348,0,0,0,0
687,GGTGAGTCAGTGAGTGAGTGAAG,0,0,0.051545036,0,0.398158228,462.5,186.8147514,0,0.260869565,0,0,0,0
688,GAACTCAAAGCTGAGTCTGCTGA,0,0,0,0,0.046855442,357.5,183.4078331,0,0.065217391,0,0,0,0
689,AGGAGGGAGGAATGGGGAGCTGG,0,0,0.037818182,0.190493182,0.186915845,455,166.5670585,0,-0.586956522,0,0,0,0
690,GAGCACAAAGCAAAGACTAGAGA,0,0,0.001234468,0,0.079360947,387.5,141.2870796,0.408695652,0.739130435,0,0,0,0
691,AAAAGAGAAGAAATGGCACAGGA,0,0,0.016280016,0,0.162310667,432.5,198.3878948,0.013043478,-0.130434783,0,0,0,0
692,CCCTGCCTCTCAGGAGGGATGGA,0,0,0.012019231,0,0.050029384,455,190.0263089,0,-0.434782609,0,0,0,0
693,AAATGAGAAACTGAGTCACAAAG,0,0,0,0,0.059041928,392.5,182.9736535,0,-0.260869565,0,0,0,0
694,TGCATACCCTCTGCAGCACCAGG,0,0,0.367346939,0.513225057,0.497494021,620,212.9262356,0,2.869565217,0,0,0,0
695,GACCCAGCCTCAGCACATGAAAG,0,0,0.037606838,0.33831875,0.33831875,455,188.6439883,0,-0.065217391,0,0,1,0
696,ATGAACCCTAGTGAGAAGAGAGG,0,0,0.348011364,0.19679349,0.191811376,560,196.768613,0,-0.543478261,0,0,0,0
697,GGAGAGTGTGTGTGTGGGGGTGG,0,0,0.006302521,0,0.115680928,485,162.9781086,0.013043478,0.434782609,0,0,0,0
698,GGTGAGTGTGTGGGTGTGTGGGA,0,0,0.005072464,0,0.243274677,462.5,185.954788,0.004347826,0.173913043,0,0,0,0
699,GGTGTGTGCATGTGTGCGTGTGA,0,0,0.013468013,0,1.365503065,627.5,210.1601632,0.165217391,0.565217391,0,0,0,0
700,TACTTGTTTTTCTTTTTCTCTAG,0,0,0.00299895,0.113844557,0.110001703,327.5,191.0467943,0,0.065217391,0,0,0,0
701,TACTTGTTTTCCTTTCTCTCAAG,0,0,0.006497726,0.035908784,0.035908784,357.5,179.9884521,0.02173913,-0.065217391,0,0,0,0
702,AATACCTGGGAGTAGAGTGGGGA,0,0,0.008312407,0,0.127693048,552.5,186.9057056,0,-0.043478261,0,0,0,0
703,AACCCAGGTGAGTAGAGCAGAAG,0,0,0.042840666,0,0.206090981,552.5,183.4092353,0.108695652,-0.152173913,0,0,0,0
704,CCACCCCCTGCTCTACTCACCAG,0,0,0.058976716,0.561633746,0.561633746,620,211.4554388,0.582608696,-0.304347826,0,0,0,0
705,TGAGTGTGAGTGTGTGCTTGTGA,0,0,0.012025012,0,0.305988667,552.5,191.9603467,0.334782609,0.543478261,0,0,0,0
706,AAATGAGGAACTGAGGCACAGAG,0,0,0.023659808,0,0.328178361,460,197.1622625,0,-0.347826087,0,0,0,0
707,TCCTCTTTCTCACCCATCCTCAG,0,0,0.031412616,0,0.186812608,485,162.4741526,0,0.347826087,0,0,0,0
708,GAGAAAGAGGAGAAGAAGAATGA,0,0,0.006823717,0,0.760552802,622.5,210.2603596,0.013043478,0.086956522,0,0,0,0
709,GGGAAAAACCCTGCACCAGTGAG,0,0,0.031022475,0.016745887,0.016207866,387.5,166.3889596,0,-0.173913043,0,0,0,0
710,GGTGAGAGAGAGAGTGTGTGTGG,0,0,0.212019231,0,0.080805497,357.5,180.1013039,0,0,0,0,0,0
711,GGCACCGGGGCTGGGAGTGGGGA,0,0,0.02637987,0,0.039900114,455,182.8187516,0,0.347826087,0,0,0,1
712,GGCACTGTGGGTGGCTGTGGTGA,0,0,0,0,0.034919707,357.5,178.3746519,0,-0.086956522,0,0,1,0
713,TCCACCCCAAAGCCTGGGAATGG,0,0,0.027210884,0.103262324,0.103262324,485,162.1550668,0,-0.304347826,0,0,0,0
714,CCTGCCCCAGCTGTACTCAAAAG,0,0,0.010416667,0.10296933,0.101231451,455,166.2201184,0.834782609,2.804347826,0,0,0,0
715,GCCTCCCACATGCCTTGCCAGGA,0,0,0,0,0.07961172,455,188.6218931,0.034782609,0.217391304,0,0,0,0
716,ACCTGTGTCTCTTCATGGAATGA,0,0,0.005022321,0,0.040216897,357.5,160.9238949,0,-0.282608696,0,0,0,0
717,TGGAAGGAGCAATGTAGAGTTGG,0,0,0.04,0,0.060740505,455,181.4244961,0.02173913,-0.152173913,0,0,0,0
718,CCCACCCATCCACACACACAAAG,0,0,0.029771398,0.291941333,0.291941333,432.5,195.4053379,0.02173913,0.5,0,0,0,0
719,GGGAAGGGGAAGTTTGCTCAAAG,0,0,0.049931413,0,0.60809025,552.5,174.9087437,0.07826087,-0.52173913,0,0,0,0
720,GAAACTGAGTCTGGAGGTGGGGA,0,0,0.026895254,0,1.2395125,620,210.3404466,0,0.434782609,0,0,0,0
721,GGTGTGGGAGTGTGTGTGTGTGG,0,0,0.099821747,0,0.781869327,560,195.7423881,0.026086957,-0.804347826,0,0,0,0
722,GCGTGTGTCTCTGGAGGGCTTGA,0,0,0.002270499,0,0.089349306,485,170.6355742,0.004347826,0.152173913,1,0,0,0
723,GGGAAAGAGCCAGCATTTCTCGA,0,0,0.005781335,0,0.020778974,442.5,138.0827754,0,0.217391304,0,0,0,0
724,CCTGTCTCTGCTCTCCTCAAGAG,0,0,0.019685491,0,0.108114617,455,162.6072781,0.026086957,-0.543478261,0,0,0,0
725,TGGATGAAAGAATGAAGAGCTGA,0,0,0.004058442,0,0.044991756,485,158.431013,0,0.086956522,0,0,0,0
726,GGGTGGTGGGAGAGTGTTCCCAG,0,0,0,0,0.021693728,357.5,174.6922029,0,0.47826087,0,0,1,0
727,TACTTCTTTTCCTTCTTCTCCAG,0,0,0.012686675,0.124100823,0.119911766,425,195.490894,0,0.065217391,0,0,0,0
728,CATGAGTGAGTGTGTGGGTGGGG,1,0.001965237,0.035552682,0,1.290123457,560,199.1738889,1,0.108695652,0,0,0,0
729,CTCATCTTACTCATTCTCTGGAG,0,0,0,0,0.096565315,485,175.9337266,0,0.065217391,0,0,0,0
730,AACAGCAGTGAGTAGGGGAGAAG,0,0,0.002849003,0.016520168,0.015962525,417.5,144.4519209,0.282608696,0.02173913,0,0,0,0
731,TGAATCCTAACTGCAGCACCAGG,0,0,0.696428572,0.805112123,0.805112123,622.5,207.1486663,0,-0.086956522,0,0,0,0
732,GGAACTGCGGCTAGAGGTCAAGA,0,0,0.023347701,0,0.079360947,387.5,141.2870796,0.160869565,0.413043478,0,0,0,0
733,GCATCTTTTCTACCCATCTTTGA,0,0,0.007561728,0,0.19349884,455,187.4960249,0,0.456521739,0,0,0,0
734,CCCATTCCTGTAGAGACACAAAG,0,0,0.012345679,0.415735381,0.40355266,522.5,203.0923789,0,-0.065217391,0,0,0,0
735,TGGATGGATGGATGAGCAGATGA,0,0,0.003186274,0,0.077890861,387.5,150.8864249,0,-0.369565217,0,0,0,0
736,TGGATGGATGGATGAGCAGATGG,0,0,0.045882353,0,0.077890861,387.5,150.8864249,0,0.108695652,0,0,0,0
737,GGCAGTGGGGCTGGGGGAGGCGA,0,0,0.011607143,0,0.078958228,455,175.1815082,0,-0.304347826,0,0,0,0
738,GGCATTCTGGTTGGAGGTGGGAG,0,0,0.030537749,0,0.51740194,522.5,206.1985985,0,-0.173913043,0,0,0,0
739,GAACACAAAGAAAGAACTGCAGA,0,0,0.015837104,0,0.011192246,265,177.6243895,0,0.065217391,0,0,0,0
740,GGCAGTGAGGGTGGAGATGGTGG,0,0,0.091,0,0.321188687,455,187.5956683,0.726086957,0.52173913,0,0,0,0
741,GGTGTGTGAGTGTGTGTGGGTGA,0,0,0.002946128,0,0.382126866,492.5,167.377569,0,-0.043478261,0,0,0,0
742,GCCTCTTCCCCACCTGGCTTTGG,0,0,0.000754148,0.025390982,0.025390982,412.5,163.6186245,0,-0.173913043,0,0,0,0
743,AGTGTGTGAGTGTGTGTGTGAGA,0,0,0.010606061,0,1.290123457,560,198.1255689,0,-0.152173913,0,0,0,0
744,AGTGTGTGAGTGTGTGTGTGAGG,0,0,0.152727273,0,1.290123457,560,198.1255689,0.017391304,-0.217391304,0,0,0,0
745,GCCAGACATCCAGAGCCACATGA,0,0,0,0,0.164761667,552.5,198.8372701,0,0.086956522,0,0,0,0
746,TGGATGGATGAATGAGTCATTGG,0,0,0.01814059,0,0.020778974,442.5,138.0827754,0,-0.391304348,0,0,0,0
747,GACATCTTAATGATTACCAGGGA,0,0,0.006964229,0,0.225999585,455,175.5041632,0,-0.434782609,0,0,0,0
748,GACACTGGGGGTGGGGGTGGGGA,0,0,0.006138393,0,0.223580696,425,195.4230778,0.02173913,0,0,0,1,0
749,TCTGCCCCCCTTCTACTCACGGG,0,0,0.084615385,0.507647329,0.499492352,522.5,205.5949991,0,0.108695652,0,0,0,0
750,TGTGAATGTGTGTGTGCATGTGG,0,0,0.415384615,0,0.114716268,552.5,188.0309024,0,-0.217391304,0,0,0,0
751,GGCACAGCAGCTGCAGTTGGAGG,0,0,0.059693878,0,0.03033885,455,180.8289399,0,0.043478261,0,0,0,0
752,AAATGAGTAAAAGATACACATGG,0,0,0.057142857,0,0.057947838,455,179.6129992,0,-0.108695652,0,0,0,0
753,GCTTTCCCTTCAGCAGCACCAAG,0,0,0.064500206,0.705392449,0.694060843,525,209.8422996,0.008695652,0.043478261,0,0,0,0
754,CGCTGGGGGGAGTTTGCGCAAGG,0,0,0.045787546,0.137365486,0.134785853,485,156.1110668,0,-0.826086957,0,0,0,0
755,GGTGTGTGTATGTGTGCGTGTGA,0,0,0.014141414,0,1.365503065,627.5,210.1601632,0.42173913,0.586956522,0,0,0,0
756,AAATAGGAAGAAGAAGCAGAAAG,0,0,0.018881627,0,0.076772777,455,171.1706745,0.252173913,-0.086956522,0,0,0,0
757,CCAGTGGGCAGAGCAAAGGCTGA,0,0,0.04258717,0,0.027522044,455,181.3615914,0.017391304,-0.934782609,0,0,0,0
758,GGTGAGTGAGCGAGTGAGTGGGG,0,0,0.215384616,0,0.210328283,365,183.6844847,0.065217391,0.586956522,0,0,0,0
759,TGGATGGTTGAATAAAGAGTGGG,0,0,0.171428571,0,0.021373236,455,183.2127922,0,-0.130434783,0,0,0,0
760,GGTGAGGGTGAGTGTGGGTGAGG,0,0,0.015570934,0,0.127576638,455,185.6408441,0,0.086956522,0,0,0,0
761,GGTGAGGATGTGTGTGAGTGTGA,0,0,0.011437908,0,0.229867816,555,188.7711108,0.065217391,-0.673913043,0,0,0,0
762,TGGAAGGAGGAAAGAAGAGGGAG,0,0,0.015837104,0,0.043948881,387.5,153.9863336,0.039130435,0.130434783,0,0,0,0
763,CCCACAGGAGCAGAGTTTTTGAG,0,0,0.099080373,0.838642996,0.82579023,620,214.074199,0.017391304,-0.108695652,0,0,0,0
764,ATTAACATCATTAAGTAGAGAGA,0,0,0.010786489,0,0.302995647,425,199.8427788,0,0.173913043,0,0,0,0
765,GACATGTTTTCACTCTTCTTGGG,0,0,0.030758715,0,0.068478489,357.5,157.482458,0,-0.043478261,0,0,0,0
766,CAAGGGAGTAGAGAGGAGGGAAG,0,0,0.002484452,0.10391963,0.10391963,455,168.8948954,0.969565217,-0.456521739,0,0,0,0
767,GGGGCTGGGGCTGGAGGAGGCAG,0,0,0.034722222,0,0.305988667,552.5,189.2752498,0,-0.347826087,0,0,0,0
768,TCAGTGACTGGAGCAGAGGCAGG,0,0,0.321769734,0,0.371023101,522.5,196.901425,0.047826087,-0.326086957,0,0,0,1
769,GGGACTTGGGGTGGAGGTGGTGG,0,0,0.045918367,0,0.510158313,522.5,206.9589185,0,0.043478261,0,0,0,0
770,GGCCCAGGCTGTGCATGTGTGAG,0,0,0.011699905,0.053043984,0.053043984,387.5,153.9580568,0,-0.413043478,0,0,0,0
771,GAACACAAAGCACTGGCTCCAGG,0,0,0.036297641,0.004264328,0.004264328,290,150.025069,0,0.282608696,0,0,0,0
772,AACTTGTTGACATTCTTCTCAAG,0,0,0.033766234,0.234614595,0.226695115,522.5,196.0414617,0.347826087,0.152173913,0,0,0,0
773,GACTTCTTTTCAGTACTCTCTAG,0,0,0.02893384,0.015693448,0.015441344,357.5,176.419248,0,-0.195652174,0,0,0,0
774,AACTTGTTTACCATGTTCTCAAG,0,0,0.036437247,0,0.263598069,425,196.9928426,0.639130435,-0.043478261,0,0,0,0
775,AAGTCCCAGAAGAAGAGGAAAAG,0,0,0.024534314,0,0.383454129,552.5,190.8389717,0,-0.086956522,0,0,0,0
776,TGTGAGGGTGTGTGTGGGTGTGG,0,0,0.020761246,0,0.25438705,552.5,191.8709278,0,-0.043478261,0,0,0,0
777,TGTGAGGGTGTGTGTGGGTGTGA,0,0,0.001441753,0,0.25438705,552.5,191.8709278,0.004347826,-0.52173913,0,0,0,0
778,TGTGAGTGCATGTGTGCCTGTGA,0,0,0.017636684,0,0.174634187,552.5,184.8251499,0.026086957,0.195652174,0,0,0,1
779,GACCACCCCCACCTCCCCTCAGA,0,0,0,0,0.036666566,455,185.8842525,0,0,0,0,0,1
780,TGTGAGTGCATGTGTGCCTGTGG,0,0,0.253968254,0,0.174634187,552.5,184.8251499,0.160869565,0.130434783,0,0,0,0
781,GTCTCTTTCCCAGCGACCTGGGG,0,0,0.001093826,0,0.072336432,357.5,158.116058,0.1,0,0,0,0,0
782,AAAAAAGAAGAAGAAACACACAG,0,0,0.100702009,0,0.069289873,455,185.5426325,0.026086957,0.173913043,0,0,0,0
783,GACACTCAAGCAGACTTTTGGAG,0,0,0.007965686,0,0.06941502,455,163.6862137,0.956521739,2.47826087,0,0,0,0
784,CCAGTGCCTAGAGCAGTGGCTGG,0,0,0.033785822,0,0.100825818,455,178.5238696,0,-0.195652174,0,0,0,0
785,GGTGTGTGAGCGTGTGCTTGGGA,0,0,0.011223345,0,0.323446009,462.5,187.458263,0,-0.47826087,0,0,0,0
786,TGTGTGTGAGTGTGTGCCTGCAG,0,0,0.044893378,0,0.656790123,560,193.6883467,0,-0.043478261,0,0,0,0
787,GTCATCTGAGTCATTATCCCTGG,0,0,0.04045977,0,0.076017549,417.5,127.2284721,0,-0.369565217,0,0,0,0
788,GACTCCCCTAAGCCTTTCCACAG,0,0,0,0.064062332,0.064062332,485,176.7256827,NA,-0.02173913,0,0,0,0
789,GACTTCGTTGCATTGTTCTCAGG,0,0,0.200534759,0.923480113,0.923480113,627.5,211.2390988,0,-0.413043478,0,0,0,0
790,GAGCCCGAGGAGAGAAAGAAGAG,0,0,0.028653747,0.054364891,0.052618228,425,187.4884574,0,-0.108695652,0,0,0,0
791,CCTGCCTAACAGGGAAGTAAGGG,0,0,0.100595238,0.279868777,0.275145253,522.5,199.2699807,0.830434783,0.108695652,0,0,0,0
792,TGGATTGATGAATGATGGGTGGG,0,0,0,0,0.01873215,485,170.7424765,0,-0.369565217,0,0,0,0
793,CACACGCATACAGAGACACACAG,0,0,0.081705948,0,0.760552802,620,210.8939596,0,-0.304347826,0,0,0,0
794,AACACCACTTAGTGGAGCTGTGA,0,0,0.010802469,0,0.061846052,455,168.721262,0.443478261,0,0,0,0,0
795,CCTGCCTCCCCTTTATTCAAGGG,0,0,0.043076923,0,0.03657553,387.5,150.2829172,0,-0.173913043,0,0,0,0
796,TATTCAGAGCTGAAGAAGAATGG,0,0,0.142857143,0.481408841,0.473675365,522.5,210.6559323,0.282608696,0.47826087,1,0,1,0
797,TAACAAAAAGGATAGACTACTAG,0,0,0.042989418,0,0.176902586,455,180.4359324,0.408695652,0.652173913,0,0,0,0
798,TGAGTGTGAGTGTGTGAGTGTAG,0,0,0.031425365,0.611927885,0.601049167,552.5,196.3975689,0,3.043478261,0,0,0,0
799,CCAGTTAGTAGAGCAGAGAAGGG,0,0,0.224089636,0.03313265,0.032014248,387.5,135.3213946,0,-0.217391304,0,0,0,0
800,CCTTCCTCCCCTCACCTCACCAG,0,0,0.006366697,0.054364891,0.052618228,425,187.4884574,0.217391304,-0.043478261,0,0,0,1
801,GAGACCCATTTCCTCCCCATTAG,0,0,0.072410301,0,0.846587038,620,210.0087628,0,-0.347826087,0,0,0,0
802,GGTGGGTGAATGGGTGCGTGGGG,0,0,0.175304348,0.952477215,0.952477215,530,204.620623,0,-0.47826087,0,0,0,0
803,CGTGTGTGTGTGTGTGAGTGAGA,0,0,0.005050505,0,0.372455417,552.5,192.9657886,0.060869565,-0.086956522,0,0,0,0
804,GACCCCCTCCTTCCTTCCTCCAG,0,0,0,0,0.016425309,260,173.7583684,0.591304348,0.456521739,0,0,0,0
805,GAGCCCCTGCACCCGGCCCCAGA,0,0,0.000296479,0,0.080525945,455,169.7571981,0.4,-0.304347826,0,0,0,0
806,GCATCCCGAAAGCCTGACCTGAG,0,0,0.080888889,0.259877595,0.250637503,485,157.448472,0,-0.043478261,0,0,0,0
807,TGAAGCACTTCTTCAGCACCAGG,0,0,0.144,0.397317959,0.397317959,522.5,206.0291787,0,-0.695652174,0,0,1,0
808,GGGTGATTGAAGTTTGCTCCAGG,0,0,0.333333333,0,0.496624264,622.5,206.9392818,0,0.195652174,0,0,0,0
809,GCTTCCCCAAGGCCTGGGCCAGG,0,0,0.013541667,0,0.070816487,387.5,149.8809831,0.047826087,0.152173913,0,0,0,0
810,AAATGAGAAAATGAGGCCCGAGA,0,0,0.003146938,0,0.052987373,387.5,143.9312299,0,-0.065217391,0,0,0,0
811,AGGAACAACAGTGAGTAAAATGA,0,0,0.024609375,0,0.136699648,485,153.2992498,1,1.97826087,0,0,0,0
812,CTCATCATTCCAGAGAGACAAGG,0,0,0.017188694,0.416345417,0.416345417,552.5,192.4908912,0,-0.413043478,0,0,0,0
813,CCCTTCCCAGAGCCTGGCCAAGG,0,0,0.252525252,2.525108225,2.461181435,627.5,214.1199436,0,0,1,0,1,0
814,GTGGGGTGAGTGTGTGTGTGGGA,0,0,0.007424242,0,0.601049167,552.5,196.1575689,0,NA,0,0,0,0
815,GAGCCCCAGAAGAAGAAAAACAG,0,0,0.069199346,0.191803177,0.185328808,552.5,185.5281495,0.026086957,0.456521739,0,0,0,0
816,GAGGCTGAGCAGATGATGAAGGA,0,0,0.002865961,0,0.052168566,455,183.9151203,0,-0.217391304,0,0,0,0
817,AAGTCAGAGGAGGAGAAGAACAG,0,0,0.054951691,0,0.324139902,522.5,202.922959,0,-0.108695652,0,0,0,0
818,CCTGCCTCCTCTCTGCCCCCTGA,0,0,0.005356237,0,0.042827353,387.5,148.267131,0.460869565,-0.326086957,0,0,0,0
819,TCCTCCCCAAGGCCTGGACGCAG,0,0,0.069389978,0.07732033,0.075868305,387.5,150.4089831,0.034782609,-0.391304348,0,0,0,0
820,GAGGGGGAGGAGAAGAAGAAGAG,0,0,0.018904321,0,0.760552802,622.5,210.2603596,0,-0.5,0,0,0,0
821,GTCATCTTAGTTAATATTTGGGG,0,0,0.1,0,0.007550619,290,153.4352706,0,0.869565217,0,0,0,0
822,GACACCCAAGCAGAGATATCAAG,0,0,0.009820426,0,0.014432707,417.5,136.9674601,0,0.108695652,0,0,0,0
823,GCCTCTCTCCCACTCACCCAGGG,0,0,0.078232759,0.020438665,0.020093709,387.5,137.2920347,0.72173913,-0.108695652,0,0,0,0
824,GAGTGGGGGGATGGTGCTCCTGG,0,0,0,0,0.042645073,362.5,190.1053944,0,0.130434783,0,0,0,0
825,AAAAGGAAAGAAGAGGCAAAGAG,0,0,0.037792895,0,0.206090981,552.5,183.4092353,0,-0.456521739,0,0,0,0
826,GGGAGGGAGGGATAAGGAGTGAG,0,0,0.077371981,0.126438171,0.124304193,425,200.0424116,0.369565217,-0.152173913,0,0,0,0
827,AAATGAGAACAAGAGGTATTTGG,0,0,0.051692308,0,0.066638083,417.5,125.3365526,0,-0.565217391,0,0,0,0
828,TGGAGGGAGGAATGGGAAGGGGA,0,0,0.00475817,0,0.068124595,387.5,145.5809474,0,-0.239130435,0,0,0,0
829,GGTCTGTGAGTGTCAGCGTGGGA,0,0,0.003317116,0,0.057131627,425,191.1918738,0.060869565,1.195652174,0,0,0,0
830,CTCATGCATCCACAGAAACACAG,0,0,0.023155532,0.142724794,0.142724794,455,186.6885844,0,-0.565217391,0,0,0,0
831,GGAGAGAGAGAGTGTGAGTGAAG,0,0,0.056712963,0,0.216300667,455,189.0726244,0.139130435,-0.630434783,0,0,0,0
832,AAATGAGAAGCAGATGAGCAGGA,0,0,0.000740741,0,0.015320006,290,152.3534504,0,-0.282608696,0,0,0,0
833,GCCAGTGTGGCTGGATGGATGAG,0,0,0.034889962,0,0.805112123,620,209.3748832,0.047826087,-0.391304348,0,0,0,0
834,GGGATTGAGGAATGAGTAATAGA,0,0,0.007907752,0,0.122716208,485,165.679905,0.486956522,0.956521739,0,0,0,0
835,CCTTACTCTGCTCTCCTCACTAG,0,0,0.012855831,0.242054876,0.234278012,522.5,198.8712781,0,0.02173913,0,0,0,0
836,GGGAGGGGCAGGTTTGCTCCGGG,0,0,0.155555555,0.432927898,0.426292988,525,203.1447995,0.052173913,-0.282608696,0,0,0,0
837,TGTGAGAGTGTGTGTGTGTGCAG,0,0,0.063518519,0,0.25438705,552.5,191.8709278,0,-0.717391304,0,0,0,0
838,CCAGAGAGAACAGCAGAGGCAGA,0,0,0.013005202,0,0.130024297,425,193.5147944,0,-0.282608696,1,0,0,0
839,TGAAAGGAGGAATGGGGAGGAGA,0,0,0.002987132,0,0.174469742,455,166.0390585,0.008695652,-0.565217391,0,0,0,0
840,GGTGAGAGAGTGCGTGTGTGAAG,0,0,0.083576998,0,0.286445647,462.5,187.5313876,0,-0.760869565,0,0,0,0
841,AGGATGAAGGAAGGGGGAGTGGG,0,0,0.169565217,0,0.106481213,425,193.1104771,0,-0.456521739,0,0,0,0
842,AAAAGAAAAAAAGAAGCACATAG,0,0,0.108448317,0,0.241196307,522.5,196.7444612,0.456521739,0.108695652,0,0,0,0
843,GTAATCCCTCCCCCAGCACCAAG,0,0,0.035098912,0,0.250894548,425,196.7528426,0.034782609,0.260869565,0,0,0,0
844,GACTTGTCTTCCTTGTTCAATGA,0,0,0.002610693,0,0.097144505,387.5,140.4984827,0,-0.217391304,0,0,0,0
845,CCCATGCTTCCATAGACAGAAAG,0,0,0.002083333,0.112765395,0.110862182,455,174.0668786,0.365217391,0.217391304,0,0,0,0
846,TGTCTGTGAGTGTGTGTGTGTGA,0,0,0.006238859,0,0.609583333,552.5,196.0519689,0,0.282608696,0,0,0,0
847,TGTGTGTGCGTGTGTGCATGTGA,0,0,0.00999001,0,0.189613667,552.5,188.5285664,0,-0.065217391,0,0,0,0
848,ACCATCCATCCAGCAACTCACAG,0,0,0.026143791,0,0.012392231,357.5,167.9304605,0,0.173913043,0,0,0,0
849,GGGTGGGTGGAGTTTGCTACTGG,1,0.008878162,0.267857143,0,2.933823529,567.5,187.7521831,0.234782609,0.108695652,0,0,0,0
850,AAAAGAGAAGAAGAATCAAATAG,0,0,0,0,0.02299038,387.5,156.0829526,0.195652174,0.173913043,0,0,1,0
851,TGTGTGTGCGTGTGTGCATGTGG,0,0,0.143856144,0,0.189613667,552.5,188.5285664,0,-0.673913043,0,0,0,0
852,CCCTGTGTCTCTGTCTGAAACGG,0,0,0.028321678,0,0.004454793,290,130.7928606,0.004347826,-0.02173913,0,0,0,0
853,GGGATGGAGGAATCAGGGGCTGG,0,0,0.014906832,0,0.020368248,387.5,144.9998821,0,-0.065217391,0,0,0,0
854,GCCTCTTGGCCTCCCACCCTTGG,0,0,0.041744207,0.13997636,0.135479128,455,173.6763023,0.108695652,0.260869565,0,0,0,0
855,TGTGCGTGTGTGTGTGTGTGCAG,0,0,0.036296296,0.379196691,0.372455417,552.5,192.9657886,0,5.304347826,0,0,0,0
856,AGTTTGGGGGAGTTTGCCCCAGG,0,0,0.057857143,0.317269355,0.305988667,552.5,191.9603467,0.813043478,-0.173913043,0,0,0,0
857,GGAGCAGCCTGAGCACGAGAGAG,0,0,0.032098765,0.305988667,0.305988667,552.5,189.2752498,0,-0.391304348,0,0,0,0
858,GACATGTTTTCATTTCTCTTTGG,0,0,0.013605442,0,0.030434884,387.5,149.6933526,0,-0.02173913,0,0,0,0
859,CCAGTGGGAAGAGAGGAAGCTGA,0,0,0.011029412,0,0.017436519,455,175.7945209,0.804347826,0.97826087,0,0,0,0
860,GCCTGGCCAAAGCCAGGCGAAAG,0,0,0.005628655,0,0.076772777,455,171.1706745,0,2.47826087,0,0,0,0
861,TACCTCCTCCACCCCGCGGCGAG,0,0,0.005499439,0,0.103262324,485,161.7403468,0.8,2.130434783,0,0,0,0
862,TGAATGGAGGAATGAGCGGAGGG,0,0,0.039705882,0,0.04912495,417.5,135.1249557,0,-0.282608696,0,0,0,0
863,GTGCCAGAGCAGAAGAATAACAG,0,0,0.075526507,0.191149887,0.187751667,552.5,190.8770827,0.1,0,0,0,0,0
864,GAGAAATACCAAGCATCCTTGAG,0,0,0.062678063,0.196028574,0.189058669,455,179.5987356,0.217391304,-0.195652174,0,0,0,0
865,AGATGAGAGGCAGAGGCACACAG,0,0,0.055308642,0.929725108,0.906187764,530,209.9701359,0.27826087,-0.586956522,0,0,0,0
866,GGGACAGCAGCTGGAGGAGGAGG,0,0,0.185714286,0,0.113110241,552.5,187.5029024,0,-0.282608696,0,0,0,0
867,CCCTGGGTCTCAGGTTGGGTAGG,0,0,0.034285714,0.038420656,0.037772206,357.5,164.742894,0,-0.717391304,0,0,0,1
868,GAGTCCCAGCAGAAGGACGAGGG,0,0,0.023609203,0.010902405,0.010902405,417.5,143.3570601,0,-0.195652174,0,0,0,0
869,GGGGTGGAGGACTCAGGAGTGGG,0,0,0.067423995,0.11208573,0.110193987,425,198.9711149,0,0.195652174,0,0,0,0
870,GGTGAGTGAGTGAGTGTGGGTGA,0,0,0.005608974,0,0.119375512,395,159.1665685,0.108695652,0.326086957,0,0,0,0
871,GGTGCGTGCATGTGTGCATGTGG,0,0,0.184615384,0,0.16579195,552.5,183.5368299,0,-0.195652174,0,0,0,0
872,GGGCGGGGGGAGCCTGTTCCTGG,0,0,0.068111455,0.033943523,0.033370636,357.5,176.2017837,0.02173913,-0.608695652,0,0,0,0
873,AAAGAAGATGAAGAGACACACAG,0,0,0.084259259,0,0.15797057,552.5,195.7898738,0.026086957,0.239130435,0,0,0,0
874,CCATCCCCAAAGCTTGGCCCTGA,0,0,0.007164903,0,0.102464755,455,169.8952154,0.173913043,-0.391304348,0,0,0,0
875,TCTCCCTCAGCTCTTCTCACTGA,0,0,0.006302521,0,0.24614019,522.5,200.1595981,0,-0.217391304,0,0,0,0
876,AAATGAGAAACTGAGGCATAAGA,0,0,0.003988604,0,0.113340153,392.5,169.5140795,0,-0.347826087,0,0,0,0
877,AGCCCAGGCTGAGCAGGTGCAGG,0,0,0.023076923,0.122256818,0.119960915,485,161.6741572,0,0.130434783,0,0,0,0
878,TCTTCCCCACAGCCTTGCCAAGA,0,0,0,0,0.247307534,552.5,196.3918377,0,0.086956522,0,0,1,0
879,TGCCTGGAGGAAGGAGGAGAAGG,0,0,0.019919339,0.261227608,0.251939516,455,171.1614795,0,0.239130435,0,0,0,1
880,TCTGTCTCTGCTCTGCTCACGGA,0,0,0.025134154,0,0.24614019,522.5,199.7448781,0,-0.47826087,0,0,1,0
881,AACTCCAGGGAGAAGAGAGGGGA,0,0,0.010198135,0,0.069665021,455,179.4439658,0.4,0.413043478,0,0,0,0
882,GGTAGTGCTGCTGGTGGTGGTGG,0,0,0.044,0,0.242694227,522.5,199.2168781,0,-0.434782609,0,0,0,0
883,GGTGTGTGTGTGTGCGTGTGTAG,0,0,0.007199265,0,0.094763973,455,178.758767,0,-0.173913043,0,0,0,0
884,CCCAGCCTCCAAGAGACACAGGG,0,0,0.18989011,0.462858836,0.462858836,522.5,204.621999,0.108695652,-0.282608696,0,0,0,0
885,TGTTAGGAGGAATGAGGAATAGA,0,0,0.007891414,0,0.4917675,555,185.7620801,0,-0.543478261,0,0,0,0
886,GCCATCCATGACCTCACCATGAG,0,0,0.105034722,0,0.098005097,455,193.0583096,0,-0.108695652,0,0,0,0
887,GTTGTGTGAGTGTGTGAGTGTGA,0,0,0.007499235,0,1.213101161,560,197.8855689,0,-0.413043478,0,0,0,0
888,GGCGCTGCTGCTGATGGTGGTGG,0,0,0.05,0,0.034907424,425,188.5204134,0.008695652,0.130434783,0,0,0,0
889,AAAAAAGAAGAAGAAGCAGAAGA,0,0,0.003371719,0,0.133665,455,172.0830585,0,-0.260869565,0,0,0,0
890,GGCCTGTTTTCAGTGTTCTTAAG,0,0,0.010502984,0,0.26991206,455,171.4494795,0.12173913,0,0,0,0,0
891,ATAAAAGAAGAAGAGTCACATGA,0,0,0,0,0.258544304,552.5,199.5096541,0,0,0,0,0,0
892,GGTGGGTGTGAGTGTGGGTGTGG,0,0,0.019058823,0,0.196246288,455,186.7357049,0.97826087,2.065217391,0,0,0,0
893,GGCATCCCTCCACCAGCACCTGG,0,0,0.076992481,0.251420914,0.247382024,425,196.4648426,0.026086957,0.130434783,0,0,0,0
894,GGCACTGCTGCTGGTGGGGTCAG,0,0,0.006452675,0,0.01914801,387.5,138.4722649,0,-0.347826087,0,0,0,0
895,AAGTAGGAAGATGAGGCACACAG,0,0,0.032693187,0.41990681,0.41990681,522.5,207.8815956,0.086956522,0.369565217,0,0,0,0
896,GGTAAGTGAGTGCTTGCGTGAGA,0,0,0.013157895,0,0.162310667,432.5,198.3878948,0,-0.043478261,0,0,0,0
897,CTCCCCCTCAACCCCGCCGCCGG,0,0,0.112554113,0,0.485227553,552.5,183.2202636,0.204347826,-0.108695652,0,0,0,0
898,GCCTCCTCAACTCCTGGCCATGA,0,0,0.008680556,0,0.45255423,432.5,204.070635,0.160869565,0.391304348,0,0,0,0
899,AGGTGGGAGGAGTTTGAGCCCAG,0,0,0.036296296,0,0.119478333,485,169.6907387,0,0.065217391,0,0,0,0
900,CCCATCCTTGCAGGGACACTGAG,0,0,0.012098765,0.08601783,0.08601783,455,162.331662,0,-0.282608696,0,0,0,0
901,CCAGGGAGCAGTGGGGAGGCCGG,0,0,0,0,0.064083778,425,194.5966146,0.273913043,-0.739130435,0,0,0,0
902,TGGATGGAGATGTGAGGAGAGGA,0,0,0.008101852,0,0.150040774,392.5,163.1244795,0.230434783,-0.086956522,0,0,0,0
903,AGTGAGTGTGTGAGTGAGTGAAG,0,0,0.045230769,0,0.144140246,455,184.754788,0,0.108695652,0,0,0,1
904,GTCCCCCTGCCCCCAGCCTCTGG,0,0,0.04001924,0,0.136607805,425,194.5631144,0,0.282608696,0,0,0,0
905,GGTGAGTCAATGAGTGAGTGGAG,0,0,0.0481087,0,0.196330083,455,180.623015,0,-0.282608696,0,0,0,0
906,TGGGTGGAGGAAAGAAGAGGAGG,0,0,0.076357466,0,0.043948881,387.5,154.4010536,0,1.52173913,0,0,0,0
907,GACATGTTTTTATTTTTCTGGGA,0,0,8.55E-05,0,0.098205585,357.5,160.7516948,0,-0.130434783,0,0,0,0
908,CCTGCCTCCTCTCACCCCACAAG,0,0,0.025103981,0.019627418,0.019326615,357.5,167.3759463,0,-0.086956522,0,0,0,0
909,AAATTAGAAAAAGAGGCAAACAG,0,0,0.031111111,0,0.914126866,560,183.3719436,0.030434783,1.673913043,0,0,0,0
910,GGCCCTGGGGCTGGAGAGGGCAG,0,0,0.018300654,0,0.113428797,485,168.8171387,0,-0.565217391,0,0,0,0
911,TGAAGGCAGGAATGAGGAGGTAG,0,0,0.015098039,0,0.44463744,552.5,177.8628993,0.460869565,0,0,0,0,0
912,GGTGTGTGCGTGCGTGTGTGAGA,0,0,0.005316321,0,0.136842006,455,183.466468,0,0.152173913,0,0,0,0
913,TGTATGTGAGTGTGTGTGTGTGG,0,0,0.152727273,0,0.609583333,552.5,196.0519689,0.004347826,0.282608696,0,0,0,0
914,TGTATGTGAGTGTGTGTGTGTGA,0,0,0.010606061,0,0.609583333,552.5,196.0519689,0,-0.086956522,0,0,0,0
915,GGTGCGTGAGTGTGTGTGAGAGA,0,0,0.00462963,0,0.382126866,492.5,167.377569,0.12173913,-0.413043478,0,0,0,0
916,AACACCAGTGAGAAGACAGGCAG,0,0,0.022740457,0,0.070863011,395,164.4912351,0,0,0,0,0,0
917,GGCCCACAGGGAGCAGGTGAGGA,0,0,0.002273479,0,0.094581352,552.5,190.5768765,0,-0.543478261,0,0,0,0
918,GGCACTGAGCCTGGCAGTGGTGG,0,0,0.070909091,0,0.057947838,455,179.6129992,0,-0.565217391,0,0,0,0
919,GGGAAGGACACATCATCCTTTGA,0,0,0.008597884,0,0.102104069,455,172.1749591,0,0.195652174,0,0,0,0
920,TGTAGGCAGGAATGAAGAGTCAG,0,0,0.057037037,0,0.174113559,552.5,197.7120733,0.082608696,-0.260869565,0,0,0,0
921,GACTTGTCTTTATTGTTGTCAGA,0,0,0.002849003,0,0.306195556,462.5,185.6467661,0,-0.086956522,0,0,0,0
922,GAGATGTTTATATTGTTCTCTGA,0,0,0.004360719,0,0.687929438,522.5,206.5765799,0.034782609,0.130434783,0,0,0,0
923,GACTCCGAGCAGAAGCAGGGGGG,0,0,0,0.036571865,0.035271532,417.5,133.4979742,0,-0.260869565,0,0,0,1
924,GGGGTGAGAGTGTGTGTGTGAGA,0,0,0.005155724,0,0.389730931,552.5,194.0143881,0,-0.260869565,0,0,0,0
925,GGGATGGGGGAAGGAGGAGAAAG,0,0,0.02668557,0.275077841,0.26991206,455,169.4632626,0.004347826,0.043478261,0,0,0,0
926,GGCGCTGCAGCGGGAGGTGAAGG,0,0,0.188337054,0,0.198479073,455,169.5129193,0.004347826,0.239130435,0,0,0,1
927,GGTGTGTGGGTGTGTGTCTGTGG,0,0,0.053872054,0,0.069304995,485,167.5424553,0,0,0,0,0,1
928,TGGATGGATGAATGAGAGGATGG,0,0,0.112,0,0.027507403,417.5,131.6931754,0.4,-0.369565217,0,0,0,0
929,TGTGATTGAGTGTGTGAGTTTGA,0,0,0.015123457,0,0.162452885,485,159.290305,0,-0.239130435,0,0,0,0
930,TGGATTGATGGAGGAGGAGTTGG,0,0,0.060289855,0,0.108371454,425,197.7248314,0.6,0.282608696,0,0,0,0
931,CAAGTGAGCAAAGCTGAGGCTGA,0,0,0.006660007,0,0.136607805,425,194.5631144,0,0.804347826,0,0,1,0
932,GACTTGTGTTGATTTATCTCTGA,0,0,0.001653439,0,0.034919707,357.5,178.3746519,0,-0.5,0,0,0,0
933,TACTTGTTCTCATTCTTGTCCAG,0,0,0.008702409,0.052689881,0.050816463,455,175.6098648,0,-0.391304348,0,0,0,0
934,TGGAAGGACAAATGAGTAGTAGA,0,0,0.004362536,0,0.325662758,552.5,187.9740522,0.017391304,-0.173913043,0,0,0,0
935,CCCAGGCACCCAGAGAGACAGGA,0,0,0.001206636,0,0.213926133,552.5,191.1798046,0.369565217,-0.043478261,0,0,0,0
936,AGTGTGTGAGTGTGGGTGTGGAG,0,0,0.001979798,0,0.163368333,455,182.7185474,0,-0.847826087,0,0,0,0
937,GGTTGTGGGGAGTTGGGTCCCAG,0,0,0.000254176,0.095751857,0.092519726,455,181.6928834,0,-1.217391304,0,0,1,0
938,GGGAGGGAGCAATGAGGAGTAAG,0,0,0.063484702,2.525108225,2.461181435,627.5,214.1199436,0,-0.260869565,0,0,0,0
939,GAACCCTAAGCACACACTGCAGA,0,0,0.003270783,0,0.101349588,425,191.8221571,0,-0.413043478,0,0,0,0
940,GGGAAAGTCACCACATCCGTGGG,0,0,0.090225564,0,0.228837884,425,193.8930256,0.052173913,-0.326086957,0,0,0,0
941,GTCAACTCAAATGTCTATGGGGG,0,0,0.17414966,0,0.026821933,455,176.8893817,0,-0.304347826,0,0,0,0
942,GGTGTCTGAATGTGTGTGTGAGA,0,0,0.007499235,0,0.322464761,552.5,190.1478485,0.02173913,-0.173913043,0,0,0,0
943,GTGGTGTGAGTGTGTGTGTGTGA,0,0,0.003749617,0,0.601049167,552.5,196.1575689,0.069565217,-1.369565217,0,0,0,0
944,GCTTCCCAACAGCCTCGCCAAGG,0,0,0,0.238816288,0.234785634,552.5,193.2920207,0.134782609,0.239130435,0,0,0,0
945,CCCATCCATACAGAGCCACTGAG,0,0,0,0.185940485,0.185940485,492.5,160.9822378,0,0.326086957,0,0,0,0
946,GCCTCTGTGGCAGGAGGTGGGGG,0,0,0.308391608,0,0.703915663,522.5,207.2704826,0,-0.130434783,0,0,1,0
947,CCAGTGAGTGGAGCTGAGAAGGG,0,0,0.028344671,0.047144368,0.046387029,387.5,132.1156421,0,-0.02173913,0,0,0,0
948,TGTGTGTGTATGTGTGCGTGCAG,0,0,0.052794613,0,0.805112123,620,208.9601632,0,-0.586956522,0,0,0,0
949,TGTGAGTGTTTGTGTGTGTGTGA,0,0,0.015798611,0,0.343031439,552.5,189.2623722,0.113043478,-0.130434783,0,0,0,0
950,GAAAACATAGAATGGACTGCTGA,0,0,0.00877193,0,0.11831363,425,197.3573147,0,0.043478261,0,0,0,0
951,ATCCCGCTCCACCCCGCCTGGGA,0,0,0.001336898,0,0.421955546,552.5,180.0364161,0,-0.217391304,0,0,0,0
952,GAAAACAAAGAATAGACAGATAG,0,0,0.054580897,0.073121941,0.071821995,387.5,149.5353831,0.02173913,0.217391304,0,0,1,1
953,TGGAGAGAGAAAGGAGGAGTGAG,0,0,0.040399356,0.303640936,0.294333934,522.5,201.634639,0,-0.369565217,0,0,0,0
954,GTCAACTTAGCCATAAACTGGGA,0,0,0.006254061,0,0.086078568,357.5,176.4884637,0,-0.152173913,0,0,0,0
955,GACAGTGAGGGTGGAGGTGGTGG,0,0,0.0825,0,0.794051205,522.5,208.3417793,0.047826087,0.391304348,0,0,0,0
956,ACATAAGTAGAAGAGCCACATGG,0,0,0,0.267576419,0.258544304,552.5,197.2834372,0.052173913,0.326086957,0,0,0,0
957,GGTGAGAGTTTGTGTGTGTGAGA,0,0,0.013823785,0,0.211708258,552.5,186.8791914,0,-0.239130435,0,0,0,0
958,GATGATCACAACATCCTCAGAGG,0,0,0.608643457,0.396058781,0.388621058,552.5,175.2846797,0,-0.02173913,0,0,0,0
959,TCCTGTCTCTCTGGATGCAAGGA,0,0,0.012788318,0,0.09336586,485,154.255886,0,-0.173913043,0,0,0,0
960,AGGATTGAGGAATGGGGAGTTAG,0,0,0.112345679,0,0.510888889,530,204.4069944,0,-0.043478261,0,0,0,0
961,GGGAGGGAAGAGTGAGGAGTCAG,0,0,0.073687601,0.444369398,0.43009247,522.5,206.2357992,0,-0.760869565,0,0,0,0
962,CCAGTAAGTAGTGTGGAGGGTGG,0,0,0.014379085,0.028771479,0.02780029,357.5,160.921131,0.082608696,0.391304348,0,0,0,0
963,GGGTGGGGGTAGAGGGCTCCCGG,0,0,0,0.019133775,0.018573078,362.5,178.8627368,0,-0.173913043,0,0,0,0
964,GGCCGAGACTGAGAAAGAGACAG,0,0,0.036296296,0.007680151,0.007550528,387.5,163.5607362,0,-0.304347826,0,0,0,0
965,AAATACCCCTACATCCTCAGAGG,0,0,0.085124959,0.67500674,0.6510065,552.5,177.5609831,0.043478261,0.043478261,0,0,0,0
966,TGGAGAGAGGAATGAGAAGATGG,0,0,0.336,0.153788731,0.153788731,485,158.001985,0,-0.130434783,0,0,0,0
967,GACACCTAAGTCATTACCTCCAG,0,0,0.075213675,0,0.697447183,552.5,177.4342631,0,-0.239130435,0,0,0,0
968,AGTCAGTGTGTGTGTGAGTGAAG,0,0,0.034588235,0,0.372455417,552.5,193.3805086,0,0.173913043,0,0,0,0
969,GCCCCCGTCTCACCCACCTTCAG,0,0,0.084432081,0.519457564,0.519457564,620,209.1654988,0.139130435,0.282608696,0,0,0,0
970,AGATAAAAAGAAGAGGAACAAGA,0,0,0.022469136,0,0.416345417,552.5,194.3023881,0,-0.52173913,0,0,0,0
971,AAGTGAGAAGCTGAGGCACTGAG,0,0,0.012674897,0,0.177763835,357.5,167.5882159,0.217391304,-0.108695652,0,0,0,0
972,AGAACCAGTGAGCAGAGCAGGAG,0,0,0.101364522,0.197330208,0.190314023,455,178.1846795,0.065217391,0.239130435,0,0,0,0
973,GGCTATGCTGGTGGAGGTGGTGG,0,0,0.048484848,0,0.462858836,522.5,206.8482159,0,0.347826087,0,0,0,0
974,GGCACTGAGGGTGGAGGTGGGGG,0,0,0.1625,0,3.176204819,537.5,212.2700993,0,-0.086956522,0,0,0,0
975,CCAGTGGGTAGACTGGAGGGAAG,0,0,0.003323958,0.02511036,0.024686557,357.5,158.5407141,0.017391304,-0.282608696,0,0,0,0
976,AATTGAGAGCAAGAGACACAAAG,0,0,0.048801743,0,0.143454022,552.5,192.4320573,0.02173913,0.260869565,0,0,0,0
977,TTTTTGTTTTCATTTTTCTCTAG,0,0,0.018518519,0,0.397208228,525,204.2249784,0,0.108695652,0,0,0,0
978,TCCTCTTTCCCACTCATCTCCGG,0,0,0.031111111,0.040774781,0.040009058,387.5,149.4371044,0.530434783,-0.47826087,0,0,0,0
979,GGGTGGGGGGAGTTTGGAATCAG,0,0,0.00130719,0.012934678,0.012934678,400,104.9049558,0,0,0,0,0,0
980,GCAATCCATCCAGGGAGACAGAG,0,0,0.00563165,0,0.089556326,455,186.0467043,0,0.173913043,0,0,0,0
981,GACACCCACCACCACGCCTAAGG,0,0,0.117894737,0,0.09837725,455,166.4497985,0,-0.326086957,0,0,0,0
982,AGCACTGCAGCTGGGAGTGGAGG,0,0,0.376071429,0,0.044594039,455,183.7447722,0,1.02173913,0,0,1,0
983,GCCTCCTAACAGCCTGGCCCAGA,0,0,0.002778435,0,0.394296494,552.5,171.5876659,0,0.217391304,0,0,0,0
984,GACACCGATGTCATCTCCATCAG,0,0,0.030681569,0.19249863,0.187365333,462.5,192.3239336,0,-0.782608696,0,0,0,0
985,TGAATCCCGTTTTCAGCACCAAG,0,0,0.014814815,0.197265749,0.197265749,425,199.5108154,0.017391304,0.130434783,0,0,0,0
986,TGTTTGTGAGTGTGTGTGTGAGA,0,0,0.004285277,0,0.609583333,552.5,196.0519689,0.230434783,0.434782609,0,0,0,0
987,TGTGTGTGTGTGTGTGAGTGCGA,0,0,0.007070707,0,0.372455417,552.5,192.9657886,0,-0.195652174,0,0,0,0
988,GGTACAGCGGCTGGGGGAGGCGG,0,0,0.258194445,0,0.049613002,455,177.2556611,0,-0.239130435,0,1,0,0
989,GAGGAGTGTGTGTGTGTGTGTGG,0,0,0.118461539,0,0.367241041,552.5,193.4861086,0.013043478,-0.717391304,0,0,0,0
990,GAGGAGTGTGTGTGTGTGTGTGA,0,0,0.008226496,0,0.367241041,552.5,193.4861086,0,-0.326086957,0,0,0,0
991,GGTACTGGGGCTGGGGCTGGAGA,0,0,0.004694065,0,0.152925168,455,180.3790504,0,-0.847826087,0,0,0,0
992,TGGATGGTGGAAGGAGAGGTCAG,0,0,0.010821256,0,0.041781429,387.5,160.1914182,0,0.608695652,0,0,0,0
993,GACTTGTTATCATGGTTCTCTAG,0,0,0,0,0.576580333,537.5,206.001035,0.443478261,-0.065217391,0,0,0,0
994,GAAGACAAATCATAGATTGGAGA,0,0,0.000774442,0,0.234114746,485,155.2109526,0.017391304,-0.217391304,0,0,0,0
995,GAGTCTGAGAAGTAGAAGAGAGA,0,0,0.012820962,0,0.135166339,455,165.7853591,0,0.108695652,0,0,0,0
996,GGAATTCCTTCTCCAGCCACAGA,0,0,0.002216425,0,0.021728988,387.5,151.7433622,0.069565217,0.195652174,0,0,0,0
997,CCCCCGGCGGCTGGAGGTGGCGG,0,0,0.0997322,0,0.789491758,620,216.300416,0.295652174,-0.108695652,1,0,1,0
998,TTCACTGAGGCTGGAGGAGGAAG,0,0,0.071492705,0,0.310333333,552.5,190.4368498,0,-0.173913043,0,0,0,0
999,AATGAACAATACATCTTCCAGAG,0,0,0.013136289,0.030622069,0.030105241,485,165.4178098,0.191304348,0.369565217,0,0,0,0
1000,TCTGCGAGTAGAGGGGAGGCGGG,0,0,0,0.224627092,0.220835918,522.5,205.7444954,0.017391304,0.282608696,0,0,0,0
1001,TGTGTGTGCATGTGTGCGTGTAG,0,0,0.050280584,0,0.805112123,620,208.9601632,0,0.173913043,0,0,0,0
1002,GTCACCAACACTGCCTAGGGTGG,0,0,0.04875,0.078292778,0.077092889,425,195.8477339,0,-0.347826087,0,0,0,0
1003,TTGATGGAGAAATGAGGTATGGG,0,0,0.212121212,0,0.090032355,485,157.7969304,0,-0.217391304,0,0,0,0
1004,GGTGTGTCAGGGTGTGTGTGTGG,0,0,0.041771562,0,0.321188687,455,187.5956683,0,-0.260869565,0,0,1,0
1005,GCCTCTCTCCCACCCTCCAGGGA,0,0,0,0,0.023195422,417.5,131.6427934,0,-0.065217391,0,0,0,0
1006,AGATGAGAACATGAGGCTCAGGG,0,0,0.053333333,0,0.140621964,455,180.8288298,0.291304348,1.239130435,0,0,0,0
1007,TTTGAGTGTGTGTGTGTGTGTGA,0,0,0.012373737,0,0.372455417,552.5,194.0141086,0,0.260869565,0,0,0,0
1008,TTTGAGTGTGTGTGTGTGTGTGG,0,0,0.178181818,0,0.372455417,552.5,194.0141086,0,-0.630434783,0,0,0,0
1009,GGCGCTGCTGCTGGTGGTGGGGA,0,0,0.00462963,0,0.460920296,530,201.3595981,0.139130435,2.217391304,0,0,0,0
1010,GAGTCTGAGCAGAATAGGAGGGG,0,0,0.017901278,0.040495461,0.039128525,387.5,145.0832834,0,0.434782609,0,0,0,0
1011,AACTTGTTTTCATGGATGTCTAG,0,0,0,0,0.007953223,387.5,164.8490562,1,-0.065217391,0,0,0,1
1012,AAATGGGAAGCAGAGGAAGAAAG,0,0,0.004320988,0,0.061210534,387.5,159.4498213,0.039130435,-0.413043478,0,0,0,0
1013,TGGATGTAGGGAGAAGGAGTTGG,0,0,0.072670807,0,0.029834948,327.5,189.4482303,0,0,0,0,0,0
1014,GGCATTGAGGCTGGATTTGGGAG,0,0,0,0,0.099539557,485,176.5373261,0,-0.02173913,0,0,0,0
1015,GTCTGTGTCTGTGGATGGACAGG,0,0,0.018864535,0.394491477,0.387083187,455,175.5923164,0,0.195652174,0,0,0,0
1016,TGAATGTAGGAATGAGGATTGGG,0,0,0.285714286,0,0.710851222,560,186.7408193,0,-0.173913043,0,0,0,0
1017,AAAAGAGAAGAAAAGGCACCAGA,0,0,0.006937507,0,0.54077619,462.5,172.8894795,0,-0.304347826,0,0,0,0
1018,GAAAAAAAAGCAGAGACTGCTGG,0,0,0.203988231,0,0.625677215,530,208.2410955,0,0.043478261,0,0,0,0
1019,GCCACAGGGGCTGGGGGTGGGGA,0,0,0.017410714,0,0.243723101,522.5,199.8671775,0,0.130434783,0,0,0,0
1020,CTTGGCCCAAAGGGAAGGAAAAG,0,0,0.009986283,0.073968949,0.072720528,455,173.2895887,0.004347826,0.195652174,0,0,0,0
1021,AAATGCATAGAAAAGGCACAGAG,0,0,0.046620047,0.221670955,0.218273699,525,202.4316977,0,0.108695652,0,0,0,0
1022,AAATGAGAAAGCTAGGCACAGAG,0,0,0.012417154,0,0.127005026,397.5,190.7627589,1,0.108695652,0,0,0,0
1023,CCCATCCATCCGGTGCCATACGG,0,0,0,0.005505695,0.005421316,290,151.8082891,0,-0.130434783,0,0,1,0
1024,GAGACAGAGCAAGAGAAGAACAG,0,0,0.069779925,0.164811294,0.164811294,425,199.324995,0.056521739,0.260869565,0,0,0,0
1025,GAGTCTCAGAAGGAGAAGAAAGA,0,0,0.025057691,0,0.201030077,522.5,200.5397782,0,0.130434783,0,0,0,0
1026,TGGAGGAAGGAATAAGGGGTAGA,0,0,0.013333333,0,0.029982619,455,178.4659813,0,-0.304347826,0,0,0,0
1027,CCCATCCATCCACCCACCCACGA,0,0,0.000325489,0,0.003952577,295,158.43114,0.104347826,0.260869565,0,0,0,0
1028,GGTGCAGACTGTCCACGTGAGGG,0,0,0.048245614,0.272986878,0.268601546,425,200.582979,0,-0.173913043,0,0,0,0
1029,GAGCCACTGCACCCGGCCTCAAG,0,0,0.00372575,0,0.146830007,522.5,198.7192141,0.034782609,0.326086957,0,0,0,0
1030,GGCCCTGCTGCTGTGGGTGGGGA,0,0,0.002265795,0,0.034907424,425,188.5204134,0.360869565,-0.108695652,0,0,0,0
1031,ACATGAGAAGCAGAGACATAAAG,0,0,0.037606838,0,0.047610675,387.5,164.6934905,0,0.152173913,0,0,0,0
1032,GGGAAGGATGAATGAGGAGAGAG,0,0,0.037198068,0.434296023,0.426140229,552.5,176.8142997,0.013043478,-0.369565217,0,0,0,0
1033,GGCCTCCTCCCCGCCGCCTCGGG,0,0,0.027768595,0,0.307297816,425,201.9422758,0.07826087,-0.260869565,0,0,0,0
1034,AACACAGAAGCACAGTTATTAGA,0,0,0.016290727,0,0.072659895,455,182.4913622,0.004347826,0.130434783,0,0,0,0
1035,TGCGTGCGAGTGTGTGCGTGTGA,0,0,0.007440476,0,0.919204167,620,215.0004992,0,-0.086956522,0,0,1,0
1036,GGCCTGTTTTCATTGTCCCCCAG,0,0,0.026133185,0.199097782,0.19201875,485,166.352289,0,-0.347826087,0,0,0,0
1037,TGTGTGTCTGTGTGTGCGTGCGG,0,0,0.134265734,0,0.833979885,620,210.8520827,0,-0.565217391,0,0,0,0
1038,GACACTGAAGCATAGATTTTGGA,0,0,0.01758658,0,0.113356027,462.5,191.8262696,0,-0.130434783,0,0,0,0
1039,TACTTGTTTTCATTCTTGCCCGG,0,0,0.010031348,0.027674303,0.027674303,387.5,148.8216452,0,-0.152173913,0,0,0,0
1040,GGAATCCCTTCTTCACCAATGGG,0,0,0,0,0.011934394,320,124.5266537,0.013043478,-0.173913043,0,0,0,0
1041,GTCTCCCCAAACCCTGCCCCTGG,0,0,0.025737081,0.132110445,0.132110445,387.5,153.1201886,0,-0.173913043,0,0,0,0
1042,AAAGGAAAAGAAGAGGAAGAGGA,0,0,0.002531829,0,0.131148806,485,164.2091082,0,0.173913043,0,0,0,0
1043,ATAATCAACAGTGAGTAGAAAAG,0,0,0.043087121,0.67500674,0.6510065,552.5,177.1462631,0,0.108695652,0,0,0,0
1044,TCTGAGTGTGTGTGTGAGTGAAG,0,0,0.05025641,0,0.372455417,552.5,194.0141086,0.008695652,0.413043478,0,0,0,0
1045,AAATGGGAAGAAAAGTTACAAGG,0,0,0,0,0.022182528,387.5,169.6401585,0.134782609,-0.304347826,0,0,0,0
1046,GGAGAGTGTGTATGTGTGTGTGG,0,0,0.186666667,0,0.171534106,455,186.0100081,0,0.347826087,0,0,0,0
1047,GGAACGGAGGCTGGAGGTGAAGG,0,0,0.301785714,0,0.393858933,552.5,176.6485991,0,-0.152173913,0,0,0,1
1048,AAATGAGAACATGAGGAATACGA,0,0,0.001994302,0,0.07862335,387.5,154.7580521,0,0.739130435,0,0,0,0
1049,AGAGAGAGAGTGTGTGAGTGAGA,0,0,0.018229167,0,0.410516581,552.5,195.3027081,0.252173913,0.217391304,0,0,0,0
1050,GAGTACATGCAGAATAAGAACAG,0,0,0.009070295,0.266160918,0.261885241,522.5,198.2216607,0,0.065217391,0,0,0,0
1051,GGGTGGGGGCAGGCTGGTCCAGG,0,0,0.001753745,0.028342577,0.027908208,357.5,172.0836473,NA,NA,0,0,1,0
1052,GGTGAGGGAGTGTGTGGTGGGGA,0,0,0.000400487,0,0.024403639,442.5,139.6593749,0,-0.239130435,0,0,0,0
1053,GGCCCTGAGGCAGGAGGTGCTGG,0,0,0.078655462,0,0.324843,455,170.3728827,0.360869565,-0.5,0,0,0,0
1054,AATGACTAGCACATCCTTAAAGA,0,0,0.011975624,0,0.10777875,552.5,182.4419691,0.02173913,-0.847826087,0,0,0,0
1055,GCCTCCCTCAACCCCTCCTCCAG,0,0,0,0,0.238119304,552.5,195.8062377,0.32173913,0.239130435,0,0,0,0
1056,TGGTGGGGGGAGTTTCATGCAGG,0,0,0,0.034887914,0.034887914,417.5,150.1774631,0,-0.565217391,0,0,0,0
1057,GGCGAGGGAGTGTGTGTGTTGGG,0,0,0.082352941,0,0.171185414,485,158.1651082,0,-0.065217391,0,0,0,0
1058,GAACAAAATTCATAGACAGCAGG,0,0,0.301785715,0.10030413,0.10030413,552.5,183.0391659,0.208695652,0.369565217,0,0,0,0
1059,GACCACAAAGCATGGAGTGAGAG,0,0,0.001525054,0.038721762,0.037344988,387.5,148.9091044,0.004347826,0.02173913,0,0,0,0
1060,CCCAGCCATGCCCAGACACATGA,0,0,0.001915119,0,0.239359166,425,195.7045226,0.013043478,0.108695652,0,0,0,0
1061,GGGGATGGGGAGTTTACTCCCAG,0,0,0.093621399,0.156419304,0.156419304,555,197.9636701,0,0.282608696,0,0,0,0
1062,GTGCACACCAGAGAGTAGTGGGG,0,0,0.152036199,0.259209507,0.259209507,455,179.8622996,0,0.304347826,0,0,0,0
1063,GCCTCTTTCCCAGCCCTCCTTAG,0,0,0,0,0.011018566,320,140.6781426,0.739130435,2.586956522,0,0,0,0
1064,GAACAAAAATCAAATACTGCAGG,0,0,0.074617347,0,0.082683012,425,188.7159375,0,-0.543478261,0,0,0,0
1065,TGTGTGTAAGTGTGTGTGTGGGG,0,0,0.16969697,0,0.609583333,552.5,193.825752,0.256521739,0.282608696,0,0,0,0
1066,AAATGAGAAGAAGAATGAAAGGA,0,0,0,0,0.007295024,345,135.9704415,0,-0.130434783,1,0,1,0
1067,TGTGAGCAAGTGTGTGCGTGTGA,0,0,0.047743055,0,1.737215529,627.5,214.9170022,0,-0.065217391,0,0,0,0
1068,GATGTGTGAGTGTGTACATGAGG,0,0,0.213017752,0,0.053377333,485,174.9599208,0,0.043478261,0,0,0,0
1069,TAATGAGAAAAAGAGGAAAAAAG,0,0,0.048395062,0.186812608,0.186812608,485,162.4741526,0.069565217,-0.043478261,0,0,0,0
1070,GCCTCTGCAATGCCTGCCCAAGG,0,0,0.031636184,0.130517162,0.126323839,455,187.8146404,0,-0.47826087,0,0,0,0
1071,AGTGTGTAAGTGTGTGAGTGGGG,0,0,0.152727273,0,0.609583333,552.5,193.825752,0,0.565217391,0,0,0,0
1072,GCCTCGGCAAAGCCTGGCCGTGA,0,0,0.012495194,0,0.542935729,560,179.0932353,0,-0.413043478,0,0,0,0
1073,AGTGAGTGTGTGTGTGAGAGGAG,0,0,0.018666667,0,0.123933228,485,163.5061086,0,-0.52173913,0,0,0,0
1074,GGATGGGGTGAGTTTGTGCCTGA,0,0,0.004320988,0,0.071979244,485,168.3027753,0.460869565,1.152173913,0,0,0,0
1075,AAAAAAAACAGTGAGTAGAGGAG,0,0,0.099305555,0,0.814229167,620,213.546199,0,-0.065217391,0,0,0,0
1076,GACGTGATTTCATTGCTCTGTGG,0,0,0.021446078,0,0.077563529,485,161.5171934,0.004347826,0.260869565,0,0,0,0
1077,TTAATGGAGGAATTAGGATTAGA,0,0,0.005892256,0,0.073273358,455,176.0448154,0,-0.086956522,0,0,0,0
1078,TGGAAAGAGGAAGGAAGAGTGGG,0,0,0.130434783,0,0.057616956,455,189.3379496,0.034782609,-0.52173913,0,0,0,0
1079,TGGATGGATGGATGATGGGTGAG,0,0,0,0,0.016355892,387.5,166.2983768,0,0.02173913,0,0,0,0
1080,AGGAGGAAGGAATGGGGAGTTAG,0,0,0.107851852,0,0.275145253,522.5,201.3214776,0.295652174,-0.652173913,0,0,0,0
1081,TGAATGAATGAATGAGGAGAAAG,0,0,0.058333333,0.281689088,0.271673476,552.5,175.1914389,0,-0.760869565,0,0,0,0
1082,AACACCAGTGAGTGGGAAGGAGG,0,0,0.045101907,0.002561145,0.002523619,345,143.8629451,0.026086957,-0.304347826,0,0,0,0
1083,AACTGAGAAGAAGAGGGCAAGGA,0,0,0.000142914,0,0.037108776,442.5,141.5145557,0,-0.217391304,0,0,0,0
1084,AAACACAAAACAAAGCCTGCAAG,0,0,0,0.097066953,0.097066953,455,187.4205172,0.165217391,-0.782608696,0,0,1,0
1085,GAGTGAGAGGAGAAGAAGATGGA,0,0,0.009027778,0,0.367894601,552.5,173.9963597,0,0.173913043,0,0,0,0
1086,GAATACAAAGAATAGACTAACAG,0,0,0.055555555,0,0.115428206,387.5,144.2107164,0,0.173913043,0,0,0,0
1087,TGGAGGGAGGAGGGAAGAGTGGG,0,0,0.12057971,0,0.046855442,357.5,183.4078331,0.004347826,-0.413043478,0,0,0,0
1088,GGTGTGTGTGTATGTGTGTGGAG,0,0,0.024637486,0,0.173969682,455,185.2496881,0.02173913,-0.391304348,0,0,0,0
1089,GAGTCCCTGCAGAAGAGGACAGG,0,0,0.011817227,0.167654973,0.164825353,485,155.5932912,0.273913043,0.630434783,0,0,0,0
1090,AATGAGCAATCCAACCTCAATGG,0,0,0.106122449,0,0.04172441,425,195.5849673,0.013043478,-0.130434783,0,0,0,0
1091,AAATGTGAACCAAAGGCACAGGG,0,0,0.105494505,0,0.163355334,425,196.6928753,0,-0.347826087,0,0,0,0
1092,GGTGTGTGTGTGTGTGTGGGGGG,0,0,0.025454545,0,0.111383028,485,162.2177886,0,0.543478261,0,0,0,0
1093,GGAACTGCCCCTGGAGCTGGGGG,0,0,0.043921569,0,0.32110348,552.5,188.7343722,0,0.239130435,0,0,0,0
1094,ACCACCTGTAATGACTAGGGTAG,0,0,0.1125,0.860350791,0.833979885,620,211.9004027,0.42173913,1.543478261,0,0,0,1
1095,GGCCCTGCAGGTGGAGGTGGAGA,0,0,0.003939076,0,0.862516064,530,209.3365359,0.02173913,0.195652174,0,0,0,0
1096,TAATCAGAAAAAGAGACACAGGA,0,0,0.050925926,0,0.250819,552.5,195.6315177,0,0.108695652,0,0,0,0
1097,AAGGACCACTCCTTCCTCTAAGG,0,0,0.032307692,0,0.105624282,357.5,172.1945958,0,0.02173913,0,0,0,0
1098,AGTGAGTGAGTGTGTGAAGGAGG,0,0,0.072692308,0,0.039755995,442.5,142.0425557,0,0.913043478,0,0,0,0
1099,AGCGAGTGAGTGAGTGAGTGGGG,0,0,0.124615385,0,0.232606028,455,188.1865684,0.043478261,-0.086956522,0,0,0,0
1100,TGAAGTGAGGCTGGAGGTGGAGG,0,0,0.338,0,1.345833333,620,214.283863,0,-0.02173913,0,0,0,0
1101,AAAAGAAAATAAGAGGCAAAAGA,0,0,0.011515023,0,0.313735196,552.5,180.2034828,0.008695652,-0.108695652,0,0,0,0
1102,GCCTCCCCCAGGCCTGGGCCTGA,0,0,0.000781626,0,0.039653529,387.5,146.4492027,0.265217391,-1.02173913,0,0,0,0
1103,GAACGAGAGGCAGAGGCACAGAG,0,0,0.044734931,0.493086352,0.485165286,522.5,208.1365359,0,-0.347826087,0,0,0,0
1104,TGTGAGTGTGTGTGTGTGTGGGG,0,0,0.28,0,0.788265432,560,195.4541086,0.239130435,0.326086957,0,0,0,0
1105,AATTGCTAAGAAGAGACACAAAG,0,0,0.047534165,0,0.105338703,552.5,197.2144093,0,-0.065217391,0,0,0,0
1106,TGTATGGTGGAAGCAGGAGTCAG,0,0,0.00621118,0,0.081344777,425,194.4336779,0.3,0,0,0,0,0
1107,GGAGAGTGATTGTCTGGGTGTGG,0,0,0.014630852,0,0.078305104,455,181.0549679,0.343478261,0.02173913,0,0,0,0
1108,GAATGAGAAGTAGAGGCAAACAG,0,0,0.034188034,0.625550847,0.625550847,462.5,183.4219164,0,-0.413043478,0,0,0,1
1109,CTGGCACCACAGAGCAGAAAGGG,0,0,0.285714286,0.071642656,0.071642656,455,181.9633622,0.008695652,-0.434782609,0,0,0,0
1110,GAATCTGAGCAGAAGCAGACAGA,0,0,0,0,0.067743736,485,162.4599902,0.004347826,-0.130434783,0,0,0,0
1111,TGGATGGAGGGATGAAGAGGGAG,0,0,0.029738562,0,0.106375468,395,159.7438905,0,-0.195652174,0,0,0,0
1112,GAGTCCCAGGAGCAGAAGATGGG,0,0,0.03377193,0.155212361,0.152592743,455,165.1881623,0,-0.347826087,0,0,0,0
1113,TTTATCCTAGGCATTACCTGAAG,0,0,0.049016204,0,0.534744255,522.5,210.0587355,0,0.108695652,0,0,0,0
1114,GGAATCCCCTCTGTACCTCCAGG,0,0,0,0.004391041,0.004391041,387.5,160.8892758,0,-0.108695652,0,0,0,0
1115,GGATGAGAAGAAGACTCACATGG,0,0,0,0,0.072985333,455,187.4645525,0,-0.782608696,0,0,0,0
1116,GGTGAGTGGGTGTCTGCATTTGA,0,0,0.009615385,0,0.010645722,387.5,141.0401018,0,-0.347826087,0,0,0,0
1117,CTTGACCCAAAGTGTAGTAATGA,0,0,0.000687831,0,0.136666136,425,189.2136015,0.143478261,-0.108695652,0,0,0,0
1118,CGCATACACACAGAGACACACAG,0,0,0.133977456,0,0.464697762,620,208.2224992,0.569565217,1.760869565,0,0,0,0
1119,CCCCCCCCCCACCCCGCCCCGAG,0,0,0.040138661,0,0.526848592,552.5,185.1121831,0.013043478,-0.152173913,0,0,1,0
1120,AAAGAGGAAGAAGAGGAACAAGG,0,0,0.180555556,0,0.350124604,555,194.2659849,0,-0.565217391,0,0,0,0
1121,TGAATGGAGAAATGAGAGGTTGG,0,0,0.261333333,0.108498991,0.108498991,485,167.2708192,0,-0.413043478,0,0,0,0
1122,AAAAAAGAAAAAGAGGCAGAAGA,0,0,0.003343621,0,0.45934875,552.5,181.2983436,0.013043478,0.239130435,0,0,0,0
1123,CCCATCCAGCCCGAAAGACACAG,0,0,0.002338282,0.043675329,0.042336622,357.5,172.3309866,0.056521739,0.217391304,0,0,0,0
1124,TGGAGTGAGGAAGGAAGAGTAGG,0,0,0.111304348,0,0.057616956,455,189.3379496,0.126086957,0.5,0,0,0,0
1125,GGGGAAGTACCAGCATCAGTCAG,0,0,0.032051282,0,0.180012975,552.5,185.8434694,0,-0.173913043,0,0,0,0
1126,CACTCTGCCTCTGGGTGGATGGA,0,0,0.025793651,0,0.402848101,522.5,200.3648415,0.169565217,-0.413043478,0,0,0,0
1127,GGGCGGGGGGTGACTGCTCCCAG,0,0,0.010210001,0.046534924,0.045787375,327.5,190.9578111,0,0.195652174,0,0,1,0
1128,TGGATGGTGGAGTGAGAAATGAG,0,0,0.053497942,0,0.085367372,387.5,156.6499716,0,-0.434782609,0,0,0,0
1129,CTCACCTCCAATGGCAAGGTGGA,0,0,0.01473064,0,0.017874176,387.5,153.1347895,0,-0.239130435,0,0,0,0
1130,GACACCGAGGGAGAATTTTAAAG,0,0,0.022875817,0.05601997,0.054220132,357.5,157.6655144,0,-0.195652174,0,0,0,0
1131,TGGATAGAGGAAGGAGGTGGGGG,0,0,0.023017903,0,0.028765041,387.5,145.3537623,0,-0.195652174,0,0,0,0
1132,GGCACCGGGGCTGGAAGTTGCGG,0,0,0.38961039,0,0.049272081,485,166.2777732,0,-0.086956522,0,0,0,0
1133,GGAGTGTGTGTGTGTGGGTGTGA,0,0,0.000636618,0,0.348646558,552.5,192.4377886,0,-0.586956522,0,0,0,0
1134,CCTGCCCCACAGGGCTGTTGTGA,0,0,0,0,0.037787688,417.5,133.7859742,0.004347826,0.173913043,0,0,0,0
1135,CCTGCCCCACAGGGCTGTTGTGG,0,0,0,0,0.037787688,417.5,133.7859742,0,-0.304347826,0,0,0,0
1136,GTCAACTCCAATGGCTTGGGAGG,0,0,0.035555555,0.170568858,0.170568858,462.5,186.4863843,0,-0.260869565,0,0,0,0
1137,GGTGTGTGTGTGTGTGTGTATAG,0,0,0.024747475,0,0.155313909,485,155.8281887,0.013043478,0.217391304,0,0,0,0
1138,GGGGAGGGTGTGTGTGTGTGCGG,0,0,0.082352941,0.246444397,0.238125599,552.5,191.3429278,0.991304348,-0.543478261,0,0,0,0
1139,CCAGTGAGTAAACTGAAGGCAGG,0,0,0.30877193,0.007399931,0.007183083,260,174.5429852,0.056521739,0.434782609,0,0,0,0
1140,AAAAACAAAGCATAGAATGGAAG,0,0,0.005393877,0.27365625,0.268517165,485,160.202689,0,-0.043478261,0,0,0,0
1141,AACAGCAGAGAGTAGAATGGTGG,0,0,0.334285714,0,0.069304995,485,167.5424553,0.052173913,0.217391304,0,0,0,0
1142,TGTGAGTGTGTGTGTATGTGTGA,0,0,0.019444444,0,0.064062332,485,176.9656827,0.626086957,1.956521739,0,0,0,0
1143,TGGATGGAGAATGAAGGAGTGGA,0,0,0.004227053,0,0.034096845,362.5,185.3536579,0,-0.152173913,0,0,0,0
1144,GACCCCCTCAGTCCTGCCTCCAG,0,0,0.005242798,0,0.087951801,362.5,186.0550578,0,-0.195652174,0,0,0,0
1145,GACTTGTTTCCAATGTGCTCAGA,0,0,0.003016591,0,0.349031259,462.5,184.922832,0,-0.673913043,0,0,0,0
1146,GGTGAGTTGGTGAGTGAGTGTGA,0,0,0.009348291,0,0.13024721,455,181.6549711,0,-0.086956522,0,0,0,0
1147,TGGGTGGATGAATGAGGAAGGGG,0,0,0.042016807,0.129375017,0.127075016,485,146.4810198,0.004347826,0.456521739,0,0,0,0
1148,GAGGCCAAGGAGAAGAGGAAGGA,0,0,0.002978622,0,0.36403873,552.5,189.9653717,0.017391304,0,0,0,0,0
1149,CACCCCCTGCATCCAGCCTCCAG,0,0,0.013717421,0,0.121100973,425,193.3170976,0,-0.369565217,0,0,1,0
1150,GTCTCTTAGCCAACCACCTTCAG,0,0,0.044893378,0.349534466,0.338304443,522.5,202.4010822,0.1,0.217391304,0,0,0,0
1151,GGAGTGTGAGTGTGTGAGTGTGA,0,0,0.008417508,0,1.196117745,560,197.5975689,0.886956522,-0.043478261,0,0,0,0
1152,AGGATGGAGGAATGACCAGTGAG,0,0,0,0.221901235,0.221901235,492.5,182.125463,0,-0.565217391,0,0,0,0
1153,GGCACTGCGGCATGAGGCTGTGA,0,0,0.004761905,0,0.016045641,290,145.8132458,0,0.282608696,0,0,0,0
1154,GACCTTGTTCCATTGTTCTCTGA,0,0,0.009398095,0,0.519457564,620,209.1654988,0,-0.282608696,0,0,0,0
1155,CCAGTGAGGAAAGTGGAGGTTGG,0,0,0.136190476,0.031145431,0.030144775,357.5,160.2333514,0,-0.260869565,0,0,0,0
1156,GTCTTGTTTTGTTTGTTCTGAGA,0,0,0.000247574,0,0.190444928,357.5,167.8762159,0,-0.173913043,0,0,0,0
1157,GTGAGCTTTGTCAATACCTGAGA,0,0,0.008253968,0,0.128428059,522.5,201.784715,0,-0.391304348,0,0,0,0
1158,ACCTGAGTCTCTGGTTGGAATGG,0,0,0.0975,0,0.113084086,455,166.0693945,0.034782609,0.173913043,0,0,0,0
1159,GGCACTGTTGCTGGTGGTAGTGG,0,0,0.066666667,0,0.073797574,455,167.1853812,0.191304348,0.173913043,0,0,0,0
1160,GCTGTGTGTGTGTGTGTGTGGAG,0,0,0.018275058,0,0.372455417,552.5,192.7257886,0,0.130434783,0,0,1,0
1161,CCATCTTTCCCACCTACCTATGA,0,0,0.001612103,0,0.184299023,455,167.3273785,0,-0.260869565,0,0,0,0
1162,CCCACCCATCCAGGCACAGAAGG,0,0,0.015909091,0.019568206,0.018907676,357.5,161.3174738,0,-0.565217391,0,0,0,0
1163,AGGATGGAGGAACTATGAGTTGG,0,0,0,0,0.015703557,357.5,180.7730689,0,-0.347826087,0,0,0,0
1164,AGTGAGAGAATGTGTGTGTGAGA,0,0,0.023819444,0,0.383454129,552.5,190.8389717,0.013043478,-0.47826087,0,0,0,0
1165,AAGAACACCAGTGAAAAGTGAAG,0,0,0.101068698,0.023837952,0.02299038,387.5,156.7165526,0,-0.195652174,0,0,0,0
1166,GTCACCTCTAATCTCAAGGGAGA,0,0,0.012404749,0,0.008271443,357.5,176.8132886,0,-0.413043478,0,0,0,0
1167,TGGAGGGAGGAAGGATGAATAGG,0,0,0,0,0.031517843,387.5,160.3759336,0,0.130434783,0,0,0,0
1168,CCAGTGAGTAGAGCTAAGGAGAG,0,0,0.018518519,0,0.0466435,395,151.7669526,0,0.217391304,0,0,0,0
1169,AATGACCATTATATTCTGAACAG,0,0,0.001085787,0.022591897,0.022591897,357.5,167.8937643,0,-0.108695652,0,0,0,0
1170,CAGAACACCAGTCAGTTGAGAGG,0,0,0.040717177,0,0.23590875,455,188.4745684,0,-0.02173913,0,0,0,0
1171,GGCCCAGCTGCTGGAGGTGATGG,0,0,0.152941176,0,0.244064714,552.5,175.4430357,0,-0.608695652,0,0,1,0
1172,GGCTCTGGGGCTGGAGGGAGCAG,0,0,0.025252525,0,0.097755,485,159.0552498,0.482608696,-0.456521739,0,0,0,0
1173,GACTTGTTTGCAGTGTGTTCTGG,0,0,0.009864816,0.037872306,0.036711469,387.5,158.2994987,0.069565217,-0.043478261,0,0,0,0
1174,TGGATGAAGGAATGATGAGTGGG,0,0,0,0.945781356,0.945781356,567.5,201.9283933,0,-0.304347826,0,0,0,0
1175,GGTGTGTGTGTGTGTGCGTGAGA,0,0,0.015151515,0,3.673734177,635,216.3518996,0,0.086956522,0,0,0,0
1176,CGCTCTGTCCCACCCACCTCCGG,0,0,0.026571894,0.485473295,0.476356426,552.5,179.4392193,0,-0.52173913,0,0,1,0
1177,CCAATCCTTCCAGATACTCACAG,0,0,0.006878307,0.082004963,0.082004963,455,175.9418282,0,0.173913043,0,0,0,0
1178,GGGTCACAGCAGAAGAAGCATGA,0,0,0.007337849,0,0.206090981,552.5,184.0428353,0,-0.02173913,0,0,0,0
1179,GTCACCTTATATGACTAAGGTGA,0,0,0.031815611,0,0.157801976,555,181.725333,0,-0.5,0,0,0,0
1180,AGTGCGTGAGTGTGTGTGTGTGA,0,0,0.014583333,0,1.290123457,560,198.1255689,0,-0.217391304,0,0,0,0
1181,GAATGAAGAGAAGAGGCCCAAAG,0,0,0.036213992,0.219771774,0.211957667,552.5,188.293669,0.013043478,-0.739130435,0,0,0,0
1182,GTCACCTCCAATCTGTAGGTCAG,0,0,0.002037687,0.008932846,0.008795944,295,146.7168733,0.017391304,0.02173913,0,0,0,0
1183,ACAGTGACTAGAGATGAGGCTGG,0,0,0.030769231,0,0.060024367,425,190.2539768,0,0.173913043,0,0,0,0
1184,AAATGAGAAGATGCTGGACAAAG,0,0,0.000155618,0,0.009870499,260,164.6515823,0.026086957,0.152173913,0,0,0,0
1185,GGCACTGCCACTGGGGGTGAGGG,0,0,0.30625,0,0.08997611,455,158.9038617,0,-0.608695652,0,0,1,0
1186,CAATAATAAGAAAAGGCACATGG,0,0,0.391836734,0,0.397317959,522.5,206.0291787,0,0.086956522,0,0,0,0
1187,AAAAGAAAAGAAGAGAGACAGAG,0,0,0.007262164,0,0.067985517,485,177.6686822,0,-0.173913043,0,0,0,0
1188,AGATGAGAGGTAGAGGCACGCAG,0,0,0.032534495,0.236507827,0.236507827,455,171.632536,0,0.673913043,0,0,0,0
1189,ACCTTTTTCCCAACCAACTTTGA,0,0,0.007138695,0,0.23590875,455,187.4262484,0.017391304,0.108695652,0,0,0,0
1190,GAGCCCAGTGAGTAGAACGGAGG,0,0,0.164705882,0,0.601049167,552.5,196.8122889,0.056521739,0.630434783,0,0,0,0
1191,GAACACAAGGCATTTATTGCGGG,0,0,0.023703704,0,0.012821457,357.5,168.4079024,0,-0.456521739,0,0,0,1
1192,GCCTCACCACTGCCTGACCACAG,0,0,0.023045267,0.17599752,0.170342981,455,185.2060848,0,0.739130435,0,0,0,0
1193,CCCTGTGCCCCTTGTTGGATAGG,0,0,0.032,0.132411937,0.130382635,425,187.4021045,0.091304348,-0.543478261,0,0,0,0
1194,AAAAGTGAAAAAGAGGCACGGGG,0,0,0.242763772,0.374553327,0.367894601,552.5,174.4110797,0.052173913,0.239130435,0,0,0,0
1195,ATGAAAGACCCAGCATCCATTGA,1,0.001247272,0.028409091,0,1.127118644,560,189.4120001,0,-0.304347826,0,0,0,0
1196,GAAAACAGAGCACTGACTGCCAG,0,0,0.067412195,0,0.082499774,425,194.0880779,0.956521739,4.456521739,0,0,0,0
1197,GAAGACAAACCATAGAATGGGAG,0,0,0.001423384,0,0.234114746,485,155.2109526,0,0.195652174,0,0,0,0
1198,CTCATCCTTCCAGATACAGAGAG,0,0,0.001803752,0.138592742,0.133665,455,170.9051615,0.026086957,-0.065217391,0,0,0,0
1199,AGCCCAGCCTGAGCACCTGGTGG,0,0,0.069401879,0.27365625,0.268517165,485,157.976472,0,-0.043478261,0,0,0,0
1200,GGGATGGAGGAGTGGGGAGGAGG,0,0,0.079241262,0,0.091962596,357.5,160.1392781,0.004347826,-0.391304348,0,0,0,0
1201,GCATCTTCCCACCCCACCTTTGG,0,0,0.171052632,0.385203768,0.385203768,425,201.6259989,0,-0.086956522,0,0,0,0
1202,GAGCCGCTGCACCCCGCCTCAGA,0,0,0.010747354,0,0.927057131,627.5,214.1262356,0.008695652,1.086956522,0,0,0,0
1203,GAGGAAGACCCAGCTCCCGTGGG,0,0,0.070512821,0.07171048,0.069289873,455,186.5909525,0.069565217,-0.130434783,0,0,1,0
1204,CACTCTGAGGAGAAGAAGAAAGG,0,0,0.099206349,0.786045066,0.786045066,620,211.8942796,0.086956522,-0.434782609,0,0,0,0
1205,GGTGTGTGTGTGAGTGCGGGAGA,0,0,0.002622378,0,0.111961641,455,173.7045792,0,1.869565217,0,0,0,0
1206,GGGAGTGGGGCTGGAGCTGGCAG,0,0,0.011764706,0,0.570616297,552.5,193.297752,0.239130435,0.326086957,0,0,0,0
1207,CCCTGTGTCTCTGGGGGGCTGAG,0,0,0.012068966,0.035234299,0.035234299,395,158.1565526,0,0.347826087,0,0,0,0
1208,GGTGGGGGAGTGTGTGCCGGGGA,0,0,0.003501401,0,0.063386074,485,159.357166,0.004347826,-1.217391304,0,0,0,0
1209,GCCACCCCAAAGCCTGCCAGAGA,0,0,0.00255004,0,0.080071819,417.5,129.4546891,0.013043478,-0.456521739,0,0,1,0
1210,GGTGTGTGCATGTGTGAGTGTGG,0,0,0.090505051,0,0.325662758,552.5,187.9740522,0,2.086956522,0,0,0,0
1211,GAGCCCCTCCATACCACCTCCAG,0,0,0.026846373,0,0.048538679,357.5,184.1681531,0,-0.47826087,0,0,0,0
1212,GGCTCTTTCCCTCCACCCTTCAG,0,0,0,0,0.034090618,357.5,179.7484521,0.208695652,0.02173913,0,0,0,0
1213,AATTGAGAAGACAAGCCACACAG,0,0,0,0,0.048538679,357.5,184.1681531,0.591304348,0.130434783,0,0,0,0
1214,GGGAGGGAGGAATGAGGAGTGGG,1,0.0714,0.612173913,0,6.012658228,635,220.31168,0,-0.347826087,0,0,0,0
1215,GGCAAGGGAGCAGAGTTTTTAAG,0,0,0.04345679,0,0.82579023,620,212.785879,0,-0.282608696,0,0,0,0
1216,GCTGTGTGAGTGGGTGTGTGAGA,0,0,0.002128306,0,0.23590875,455,187.1862484,0.026086957,-0.282608696,0,0,0,0
1217,TATTTGTTTTCATTTTTCTTGGG,0,0,0.029464286,0,0.184299023,455,167.3273785,0,0,0,0,0,0
1218,AAGCCCGGGCAGAAGAAGCACAG,0,0,0.02290737,0.526848592,0.526848592,552.5,184.4785831,0,-0.391304348,0,0,0,0
1219,TGGATGGATGACTGAGTAGATGG,0,0,0.019736842,0,0.069049196,387.5,149.4004082,0,-0.043478261,0,0,0,0
1220,GAGGGCGAGCAGAAGCAGGATGG,0,0,0,0,0.085785,485,169.0016542,0.034782609,0.065217391,0,0,0,0
1221,GCCTCTCTCCCACCCACTCAAGA,0,0,0.004762546,0,0.026431993,442.5,123.5078861,0.07826087,0.326086957,0,0,0,0
1222,AAAGGAGACTTAGAGGCACAGGG,0,0,0.089285714,0,0.426292988,525,203.1447995,0.143478261,0,0,0,0,0
1223,CCCGAGTGTGTGTGTGCGTGTGG,0,0,0.127158556,0.848305879,0.822304167,622.5,214.4722196,0.017391304,-0.586956522,0,0,0,0
1224,GGCTGCTCCCCACCCACCTTCAG,0,0,0.098375055,0.82579023,0.82579023,620,212.785879,0.260869565,-0.173913043,0,0,0,0
1225,CCCATCAATCCATAGAATCATGA,0,0,0.003645833,0,0.028536716,387.5,160.9080543,0,-0.195652174,0,0,0,0
1226,CCCATCCACCCATCGCCACAGAG,0,0,0,0,0.008271443,357.5,176.8132886,0,-0.02173913,0,0,0,0
1227,AAACGGGGAGAGGAGGCACACAG,0,0,0.063463245,0.41913587,0.406288793,522.5,205.7244986,0,-0.086956522,0,0,0,0
1228,AGTGAGTGTGTGTGTGTGGGTGA,0,0,0.004375,0,0.123933228,485,163.5061086,0,-0.195652174,0,0,0,0
1229,AAGTAAGAAGAAGATGTACAAGG,0,0,0.035308642,0,0.152925168,455,182.1905474,0,0.108695652,0,0,0,0
1230,CTTGAGTGTGTGTGTGCATGGGA,0,0,0.013111888,0,0.189613667,552.5,189.5768864,0,0.086956522,0,0,0,0
1231,GGAGCTGGGGCTGGGGGTGGCAG,0,0,0.058680556,0,0.397208228,522.5,200.4915615,0.043478261,-0.413043478,0,0,0,0
1232,GGGGTGTGGGTGTGTGTGTGTGG,0,0,0.056565657,0.36082635,0.348646558,552.5,192.4377886,0.039130435,0.217391304,0,0,0,0
1233,GAATACAAAGCATAGGATGGGGG,0,0,0.004223228,0.044513099,0.043721755,417.5,142.9142631,0,0.130434783,0,0,0,0
1234,TGGTGGGTGGAGTTTGATGCAAG,0,0,0.00945216,0.202836708,0.202836708,485,164.366072,0,0.108695652,0,0,0,0
1235,AGGATAGATGAATGAGGAGAGGA,0,0,0.020833333,0,0.257814838,552.5,176.3166357,0,0.065217391,0,0,0,0
1236,GTCTCTTTCTCACCCACTTTGGG,1,0.045095776,0.550038197,0,0.604903704,560,189.7449303,0,-0.52173913,0,0,0,0
1237,TGGGAGTGGGTGTGTGTGTGGAG,0,0,0.040329218,0.373887938,0.367241041,552.5,193.7261086,0,0.108695652,0,0,0,0
1238,AAATAAGAAGAAGAGGAAAGGAG,0,0,0.034364561,0,0.080071819,417.5,129.0399691,0.104347826,-0.173913043,0,0,1,0
1239,TCTGTGTGAGTTTGTGCGTGTGA,0,0,0.006724045,0,0.703915663,522.5,209.9555796,0,0.065217391,0,0,1,0
1240,TTCTTCTCATTCATTACCTGGAG,0,0,0.134048821,0,1.317695783,620,210.2348466,0.07826087,0.239130435,0,0,0,0
1241,GAAGAGTGAGTGAGTGAGTGGGA,0,0,0.013560158,0,0.232606028,455,187.9465684,0,-0.086956522,0,0,0,0
1242,GCCTCAGAGCAAAAGAAGAAGGA,0,0,0.018187831,0,0.41990681,522.5,208.9299156,0.056521739,0.304347826,0,0,0,0
1243,TGGAGGGGGGAAAGAGGAGGGAG,0,0,0.014865762,0.25551675,0.25551675,455,168.1749426,0,0.173913043,0,0,0,0
1244,AAATGAGAAAAAAAGGCAAAAGA,0,0,0.025641025,0,0.300030323,462.5,175.1609431,0,-0.173913043,0,0,0,0
1245,GAGTTGTTTATAGTGTTCTCTGA,0,0,0.002388915,0,0.279058991,425,197.9508593,0,-0.086956522,0,0,0,0
1246,CATGCCTCCGCTTTACATACGGA,0,0,0.012121212,0,0.046238115,387.5,163.0512351,0.07826087,-0.369565217,0,0,0,0
1247,TACTCTTTCCCATTCACCTTGGA,0,0,0.025925926,0,0.086676978,425,197.8214948,0.117391304,-0.152173913,0,0,0,0
1248,TGAAGGGAGTAATGAGCAGTAGA,0,0,0.006372549,0,0.52553761,552.5,191.4058325,0,0.043478261,0,0,0,0
1249,AAGGTCCAGGACATCCTCAACAG,0,0,0.014590348,0.769129564,0.757342138,620,208.4321632,0,-0.152173913,0,0,0,0
1250,GAAGGAGAAGCAGAGCCACAGAG,0,0,0,0,0.151145,455,194.8078904,0,-0.217391304,0,0,0,0
1251,TGCATTGTGGCTGGAGGAGGGAG,0,0,0.096240179,0,0.310333333,552.5,189.3885298,0,-0.152173913,0,0,0,0
1252,AAGTGCAAAGAAGAGACACACAG,0,0,0.072016461,0,0.105338703,552.5,197.2144093,0,-0.543478261,0,0,0,0
1253,AAATAAGAAGAAAAGGAACATGG,0,0,0.373333334,0.443021127,0.443021127,462.5,188.6262484,1,2.760869565,0,0,0,0
1254,GGAATCTCTTCTTCAGCATCTGG,0,0,0.1125,0,0.247568261,462.5,177.7694987,0.965217391,5.608695652,0,0,0,0
1255,GGGTGGGGGACTTTTGCTTCTGA,0,0,0.004602235,0,0.113340153,392.5,169.5140795,0,0,0,0,0,0
1256,TGGGGGGAGGCATGGGGAGTGAG,0,0,0.026962963,0,0.212805723,425,196.6009747,0,-0.369565217,0,0,0,0
1257,CCTGCCTCCTTTCTTATCACTGA,0,0,0.003472222,0,0.03216105,357.5,176.4827324,0.091304348,0.47826087,0,0,0,0
1258,ACCTGGATCCCTGGATGGATAGA,0,0,0.021164021,0,0.544491663,620,210.0390988,0.22173913,-0.086956522,0,0,0,0
1259,AAAAGAGAAGGAGAGAAACAGGG,0,0,0.144444444,0,0.055244454,387.5,173.8217793,0.004347826,0.108695652,0,0,0,0
1260,GGTACTGCGAATGGTGGTGGTGG,0,0,0.09625,0,0.203034972,425,193.2431583,0.008695652,0.152173913,0,0,0,0
1261,GACCCCATCCACCCCTCATCAGA,0,0,0,0,0.064811944,492.5,175.30506,NA,-0.282608696,0,0,0,0
1262,TGTCAGTGTGTGTGTGAGTGTGA,0,0,0.010294118,0,0.372455417,552.5,193.3805086,0.008695652,0.826086957,0,0,0,0
1263,GCCTAGCCACAGCCGGGCCAAGG,0,0,0.004761905,0,0.213651194,522.5,196.926938,0,-0.260869565,0,0,0,0
1264,GATTTGTTTTAATAGCTCTCAGA,0,0,0.014777612,0,0.021080997,357.5,183.5143058,0,0.108695652,0,0,0,0
1265,CCCACCCAGCCAGAGAAACTAAG,0,0,0.044938272,0.155313909,0.155313909,485,155.8281887,0,-0.565217391,0,0,0,0
1266,GGGTGGGGAGAGTGTGCTCTTGA,0,0,0,0,0.106859555,462.5,167.6634351,0,-0.065217391,0,0,0,0
1267,TGTGGGTGTGTGAGTGCGTGGGA,0,0,0.020769231,0,0.355433782,522.5,204.4525791,0.026086957,0.02173913,0,0,0,1
1268,CAGTTGTTTTCATTGTGTTCAGA,0,0,0.00187575,0,0.117805637,485,172.2625557,0.952173913,5.260869565,0,0,0,0
1269,TGTGCGTGCGTGTGTGTGTGAAG,0,0,0.034567901,0,0.372455417,552.5,192.9657886,0,-0.630434783,0,0,1,0
1270,AATGGCCTCTAAATGCTCAAGGG,0,0,0.011020408,0,0.188649398,425,192.888741,0,0.347826087,0,0,0,0
1271,CTGGCCCCACAAGGAAGTAGCAG,0,0,0.020559993,0.089003689,0.085839113,357.5,159.6112781,0,0.043478261,0,0,0,0
1272,AAATGAGATGATGTGGCAAAGGG,0,0,0.045714286,0,0.02018639,357.5,165.1369346,0,-0.391304348,0,0,0,0
1273,GCCACCTCAAATGTCAAGGGTGA,0,0,0.024737167,0,0.023537615,455,186.0726091,0,-0.652173913,0,0,0,0
1274,GCCTCCCCACTGCCTAGCCCAGG,0,0,0.023310023,0,0.052453279,387.5,153.5521541,0,-0.086956522,0,0,0,0
1275,TGTGTGTGTGTGTATGCGTGTGA,0,0,0.011363636,0,0.136846598,522.5,202.312715,0,-0.369565217,0,0,0,0
1276,TGTGTGTGTGTGTATGCGTGTGG,0,0,0.163636364,0,0.136846598,522.5,202.312715,0,-0.217391304,0,0,0,0
1277,ACCCCCCCCAGGCCTGGCCATAG,0,0,0.056078431,0.493086352,0.485165286,522.5,208.1365359,0.039130435,-0.586956522,0,0,0,1
1278,CCCTCCCCGAAGCCTGTCCTAGG,0,0,0.071428571,0.167203969,0.164063988,485,157.1165087,0.004347826,-0.565217391,0,0,0,0
1279,GAGTGGGAGCAGAAGAAGTTAGA,0,0,0.006730769,0,0.125827144,485,148.2400961,0,0.413043478,0,0,0,0
1280,AAATGAGAAGTGGAGACCCAGGA,0,0,0.002939447,0,0.01256484,290,162.5420567,0,0.152173913,0,0,0,0
1281,GGAGCAGGCTGAGCACTTGAAGA,0,0,0.005516975,0,0.570616297,552.5,193.712472,0.239130435,-0.434782609,0,0,0,0
1282,CACTGGTTTTCTTGGTTCTCCAG,0,0,0,0,0.110193987,425,198.5563949,0.282608696,0.195652174,0,0,1,0
1283,CAAGCCCCACAGGGCAGACAGGG,0,0,0.083364911,0.099939847,0.09638643,485,162.2606668,0,-0.043478261,0,0,0,0
1284,GACCTGGATGATCTCCCCATCGG,0,0,0.071266968,0.232620408,0.22549028,425,202.5942318,0,-0.130434783,0,0,0,0
1285,TGGATGGGGCAAGGAGGTGTGGA,0,0,0.002657005,0,0.099949861,455,176.1857928,0,0.326086957,0,0,0,0
1286,TAATCAGATGAAGAGGCAAAAAG,0,0,0.052380952,0.321904489,0.321904489,552.5,183.2038997,0.004347826,-0.673913043,0,0,0,0
1287,TCCTGTGTCTCAGGCTGGAGGGG,0,0,0.038502674,0.093722645,0.091962596,357.5,160.1392781,0,-0.260869565,0,0,0,0
1288,TGGATGGAGGAATGAGTGAGTGA,0,0,0.00087535,0,0.012934678,400,104.9049558,0,-0.217391304,0,0,0,0
1289,AGCATGTTTTCATTTTTCTCCAG,0,0,0.012698413,0.416921397,0.402848101,522.5,203.8793784,0.37826087,0.260869565,0,0,0,0
1290,GAAGAATGAGTGTGTGCTTGTGG,0,0,0.402930403,0,0.185123143,552.5,191.2226827,0,-0.195652174,0,0,0,0
1291,TTCTTTGTATCTGGATGGATGGA,0,0,0.016233766,0,0.833979885,620,213.7118996,0,0.043478261,0,0,0,0
1292,GGTATGTGAGTGTCTGCGTGTGA,0,0,0.00974026,0,0.419407407,530,206.5988954,0,-0.108695652,0,0,0,0
1293,TGAAAGGAGGAAAGTGGAGTGAG,0,0,0.013461538,0.153719584,0.153719584,425,193.6773379,0.013043478,-0.217391304,0,0,0,0
1294,CCCACCCCAAAACCTGGCCTCAG,0,0,0.049382716,0.349711364,0.343144014,455,173.4726996,0.3,0,0,0,0,0
1295,AGTGAGTGTGTGTGTGTGTGTGA,0,0,0.0175,0,0.788265432,560,195.4541086,0,-0.347826087,0,0,0,0
1296,GGTGGAAGAGTGTGTGTGTGTAG,0,0,0.076222222,0,0.239135105,555,192.7564041,0.073913043,0.217391304,0,0,0,0
1297,AGTGAGTGTGTATTTGCGTGAGG,0,0,0.1344,0,0.067328526,425,195.8849346,0.669565217,0.130434783,0,0,0,0
1298,GAAACAGAAGGAGAGTTTATGGG,0,0,0.057482993,0.168111888,0.165123232,455,179.9079324,0,-0.673913043,0,0,0,0
1299,AAATAAGAAGAGGAGGCAGAGAG,0,0,0.020284636,0.488328358,0.488328358,462.5,180.6475796,0,-0.065217391,0,0,0,0
1300,GGTGCGTGCGTGTGTGTGTAAGA,0,0,0.008680555,0,0.155313909,485,155.8281887,0,-0.239130435,0,0,0,0
1301,TGGATGAATGAATGAGTGGTTGG,0,0,0.053333333,0,0.045054092,485,166.4475945,0,-0.239130435,0,0,0,0
1302,TGGCTGGAGGACTCAGGAGTGGA,0,0,0.002764264,0,0.206348444,432.5,200.1711149,0.404347826,0.826086957,0,0,0,0
1303,GGCCCAGGCTGAGCAGGGCAGGA,0,0,0.001170711,0,0.015193247,417.5,142.6404239,0.030434783,-0.369565217,0,0,0,0
1304,AAATCCAAAGAAGAGGGACATGG,0,0,0.021008403,0.239135105,0.239135105,555,192.7564041,0.4,-0.239130435,0,0,0,0
1305,GGCCATGTTGCTGGAGGTGGGAG,0,0,0.024400871,0,0.797321429,620,209.9784827,0,-0.456521739,0,0,0,0
1306,AGTGTGTGTGTGTGTGCGTGTAG,0,0,0.050909091,1.632770745,1.632770745,627.5,215.1518996,0,-0.173913043,0,0,0,0
1307,AGCTCCCTAAACCCTGGCCACAG,0,0,0.075191816,0.727282158,0.703915663,522.5,208.1440826,0.039130435,0.239130435,0,0,0,0
1308,GGGTGTGGGGTCATTGCTCCAGG,0,0,0.075182736,0.088622944,0.087264738,362.5,193.9685113,0,-1.108695652,0,0,0,0
1309,CAACAAAATCCATAGACTGCTAG,0,0,0.041269841,0,0.487092835,620,208.4624992,0,-0.347826087,0,0,0,0
1310,CCTCCCTACTCTCTAATCACTGA,0,0,0.01941636,0,0.238119304,552.5,192.9464207,0,-0.086956522,0,0,0,0
1311,TGGATGGATGGATGAGTACTTGA,0,0,0.002697957,0,0.05883842,387.5,157.2760249,0,-0.043478261,0,0,0,0
1312,GGGATGGAGGAGGGAGGAGTGGA,0,0,0.012514878,0,0.566146479,432.5,203.184579,0,-0.304347826,0,0,0,0
1313,AAATGAGAACATGAGGCATTTGG,0,0,0.036923077,0,0.085158277,387.5,138.6065633,1,0.47826087,0,0,0,0
1314,GATGACCGCTATATGCTCAAGGA,0,0,0.001371083,0,0.198201266,425,194.177061,0,-0.304347826,0,0,0,0
1315,CCTGTCTCCACTCTCCACACAGG,0,0,0.086391185,0.142843894,0.142843894,455,177.7268109,0.060869565,0.195652174,0,0,0,0
1316,GGTGTGTGTGTGTGTGGGAGGGG,0,0,0.003666921,0,0.111383028,485,162.2177886,0.852173913,-0.5,0,0,0,0
1317,GAGTCGGATCAGAACAAGAGCAG,0,0,0.014418697,0.064266822,0.062097478,455,162.1096141,0,-0.065217391,0,0,0,0
1318,TGGAACGAGGAATGAGGATATGA,0,0,0.008877841,0,0.125827144,485,148.2400961,0.104347826,2.673913043,0,0,0,0
1319,AGATGAAAAAAACAGGCACAGAG,0,0,0.081507472,0,0.348294667,522.5,202.0857622,0,0.195652174,0,0,0,0
1320,GACTTCCATGTTCTCCCCACCAG,0,0,0.005552318,0,0.221867769,455,171.0895188,0.647826087,0.760869565,0,0,0,0
1321,CCTGCCTCGGCCCTCCTAACTAG,0,0,0.022328549,0,0.022591897,357.5,167.8937643,0,0.239130435,0,0,0,0
1322,CACATGCATACACAGACACACAG,0,0,0.034402505,0,0.308518702,522.5,202.682959,0,-0.326086957,0,0,0,0
1323,TGTGTGTGAGTGTGTGCATGTGG,0,0,0.251748252,0.678324226,0.656790123,560,193.6883467,0,-0.586956522,0,0,0,0
1324,TGTGTGTGAGTGTGTGCATGTGA,0,0,0.017482517,0,0.656790123,560,193.6883467,0.295652174,0.239130435,0,0,0,0
1325,TGGTTGAAGGAAGGAGGAGCAAG,0,0,0.003912644,0,0.17451794,455,169.3062987,0,-0.195652174,0,0,0,0
1326,ATATACACCACTGAGCAGAGAAG,0,0,0.035353535,0.143912095,0.141483199,455,194.2798904,0,-0.304347826,0,0,0,0
1327,GGGGTGTGGGTGTGTGGGTGGGG,0,0,0.007130125,0.36082635,0.348646558,552.5,192.4377886,0,-0.326086957,0,0,1,0
1328,GAGTCTGAGCAGAAGCTGAGAGA,0,0,0,0,0.025112337,417.5,142.0018791,0.134782609,-0.086956522,0,0,1,0
1329,TCTGCCTGCGCTCTACACATGGA,0,0,0.007142857,0,0.268517165,485,157.976472,0,-0.239130435,0,0,0,1
1330,AAGATCACCACAGAGTAGAGCAG,0,0,0.027350427,0,0.390673193,425,203.7254958,0,-0.260869565,0,0,0,0
1331,CCCAGCCATCCCCAGACACTGAG,0,0,0.011031086,0.125714241,0.125714241,357.5,163.5586591,0.07826087,-0.086956522,0,0,0,0
1332,ACATGAGAAGAACAAGAACAAAG,0,0,0.037671521,0,0.063223545,357.5,174.2675468,0,0.239130435,0,0,0,0
1333,GGTGACTGTGTGTGTGTGAGGGG,0,0,0.054545455,0,0.067386732,485,161.7201246,0,-0.434782609,0,0,0,0
1334,AAAAGAGAAGATGAGGTATAGGA,0,0,0.002374169,0,0.094473225,387.5,158.8761885,0,-0.02173913,0,0,0,0
1335,AAATGAGGAGGAAAGTCACAGAG,0,0,0,0,0.050425099,357.5,183.0823529,0,-0.065217391,0,0,0,0
1336,CCCTGTGTCCATGGCTGGAATAG,0,0,0.015909091,0.083063887,0.081729528,357.5,156.6335584,0,0.543478261,0,0,0,0
1337,GAGATCGAGCACAAGAAGGAGGA,0,0,0.004177807,0,0.245385,455,178.5739796,0,0.02173913,1,0,1,0
1338,AATGACCAAGATCTCCTCAAAGG,0,0,0.048582996,0.141899054,0.139819947,425,193.0330622,0.069565217,-0.826086957,0,0,0,0
1339,GCCAGCCTTCCAGAAACACATGA,0,0,0.016368286,0,0.402848101,522.5,200.6048415,0,0.369565217,0,0,0,0
1340,ACCAGCAGTGAGTAGAGGGAAGA,0,0,0.004092262,0,0.136699648,485,155.1107468,0,-0.239130435,0,0,1,0
1341,AACACAAGAGACTAGAGAGGCAG,0,0,0.06372549,0.053582662,0.053582662,455,180.3148019,0,-0.565217391,1,0,1,0
1342,GACGCTGCAGCTGGAGGGGGCAG,0,0,0.029380342,0,0.189613667,552.5,188.7032864,0.030434783,-0.02173913,0,0,0,0
1343,AGGAAAACCAGAGAGTAGAATGG,0,0,0.585,0,0.207602129,455,172.3203156,0.452173913,-0.086956522,0,0,0,0
1344,GAACACCAAGCATGAACTGAAGA,0,0,0.006672113,0,0.0170956,357.5,153.8330131,0,-0.304347826,0,0,0,0
1345,GGCACTGCAGACGGAGGTGTGGG,0,0,0.319736842,0,0.099538451,357.5,164.1564356,0,-0.108695652,0,0,0,0
1346,GAGTCCCAGAAAAAGAAAAAAGG,0,0,0.385,0,0.086787471,455,178.685649,0,-0.347826087,0,0,0,0
1347,GGGAAAGCCACAGTATCCGGTGA,0,0,0.003338002,0,0.08601783,455,162.331662,0,-0.173913043,0,0,0,0
1348,GAGTTCCAGAAGAAGAAGAGAAG,0,0,0.075172476,0,0.415325641,552.5,173.3991629,0,0.413043478,0,0,0,0
1349,TGATGGGGAGAAGAGGCACAGAG,0,0,0.108641975,0.838642996,0.82579023,620,214.074199,0,-0.086956522,0,0,0,0
1350,AAATGAGAAGGAGAGCAAGAGGG,0,0,0,0,0.015801819,320,143.9473794,0,0.891304348,0,0,0,0
1351,AAAGGAGAAGAAGAGGGAGAGGA,0,0,0.000319138,0,0.382126866,492.5,167.792289,0,-0.173913043,0,0,0,0
1352,TACCCCCTCCACACCACATCTAG,0,0,0.053692746,0,0.020657028,387.5,166.9889203,0.008695652,0.173913043,0,0,0,0
1353,GGTGTGTGTGTGTGTGGGAGTGA,0,0,0.000254647,0,0.111383028,485,162.2177886,0,-0.434782609,0,0,0,0
1354,ATGGCCCCACAAGGCAGAAATGG,0,0,0.311111111,0,0.150546424,455,185.5325663,0.4,0.695652174,0,0,0,0
1355,TGTGTGTGAGGGTGAGCGTGTGA,0,0,0.005847953,0,0.223580696,425,197.4745747,0.869565217,0.434782609,0,0,0,0
1356,GGTGTGTGTGTGTGTGTGTTTGG,0,0,0.071272727,0,0.155313909,485,155.8281887,0,0.130434783,0,0,0,0
1357,GGTGTGTGTGTGTGTGTGTTTGA,0,0,0.004949495,0,0.155313909,485,155.8281887,0.039130435,0.260869565,0,0,0,0
1358,AAATGAGAAGAAGAGGTGGAAGG,0,0,0.023333333,0,0.055143846,450,143.2425557,0,-0.826086957,0,0,0,0
1359,GAGTCTTTGAAGAAGAAGAAAGG,0,0,0.197084548,0.504009012,0.496624264,622.5,206.9392818,0.056521739,0.195652174,0,0,0,0
1360,TGTGAGTGCATGTGTGCATGTAG,0,0,0.095726495,0,0.174634187,552.5,184.8251499,0,-0.326086957,0,0,0,0
1361,AAAGAAGAAGAGGAGGCATATGG,0,0,0.180555556,0.245385,0.245385,455,178.5739796,0.008695652,0.217391304,0,0,0,0
1362,GACACCGTGACTGGAGGTGGAGG,0,0,0.628205128,0,0.760552802,620,209.0824626,0,-1.413043478,0,0,0,0
1363,TGGATGGAGAGATGAGGGATGGA,0,0,0.012037037,0,0.045151768,387.5,151.8068467,0.030434783,-0.413043478,0,0,0,0
1364,AACTGAGAAGAATAGGAAAAAAG,0,0,0.006666667,0,0.073270899,387.5,157.4385685,0,0.086956522,0,0,0,0
1365,AAATGGAAAGATGAGGCAAATGG,0,0,0.102040816,0,0.096262749,455,176.5667348,0,-0.195652174,0,0,0,0
1366,GTCAACTTAGTGGTTACCTTTGG,0,0,0.101449275,0,0.125714241,357.5,163.5586591,0,0.086956522,0,0,0,0
1367,TATGTGTGAGTGTGTGAGTGTGA,0,0,0.00997151,0,0.609583333,552.5,196.6855689,0,-0.391304348,0,0,0,0
1368,TGGATGGAGGAAAGAAGTGAGGG,0,0,0.194711538,0,0.007425845,320,129.8513204,0,-0.086956522,0,0,0,0
1369,TGTATGGAGGACAGAGGTGTGGG,0,0,0.045546559,0,0.058261466,357.5,176.0332457,0,-0.195652174,0,0,0,0
1370,GAGGGCGAGCAGAAGAAGGGTGG,0,0,0.107536765,0,0.20797875,485,149.1524801,0,0.086956522,0,0,0,0
1371,AACACCAGTGACAACAGAGGCAG,0,0,0.013954371,0,0.013651529,260,162.3542242,0.32173913,0.108695652,0,0,0,0
1372,GTCAACTACAATGACTTTGGTGA,0,0,0.002292769,0,0.113428797,485,168.4024187,0.004347826,-0.043478261,0,0,0,0
1373,TGTGAGTGCGTGTGAGTGTGTGA,0,0,0.010721247,0,0.099818052,455,180.047087,0.6,4.02173913,0,0,0,0
1374,GACTCATTTTCTTTGTTCTTGGG,0,0,0.1,0,0.196530015,455,171.2719956,0,0.130434783,0,0,0,0
1375,TGGATGGAGGAGAGAGAAGACGA,0,0,0.018229167,0,0.041724123,290,143.860868,0.082608696,0.02173913,0,0,0,0
1376,AAAAGAGAACAAGAGTCACAGGA,0,0,0,0,0.471021596,560,197.2462377,0,-0.260869565,0,0,0,0
1377,TGAATGGAAAAATCAGGAGTTGA,0,0,0.013392857,0,0.118282243,522.5,198.0812986,0.62173913,0.673913043,0,0,0,0
1378,AAATGGGCAAAAGAGGGACAGGA,0,0,0.001167134,0,0.30692429,552.5,188.3363516,0,-0.304347826,0,0,0,0
1379,AGTGAGTGAGTGTGTGTGTCTGA,0,0,0.0125,0,0.574454802,492.5,162.276289,0.204347826,-0.065217391,0,0,0,0
1380,AAAGGCAAAGAAGAGGCACAGGG,0,0,0.284090909,0,0.958618437,627.5,215.3572352,0,-0.391304348,0,0,0,0
1381,GATTTGTGTTCATCTTTCTCCGG,0,0,0.020578231,0,0.059184026,425,189.7259768,0.008695652,-0.173913043,0,0,0,0
1382,GGCAGTGAGGGTGGAGGTGACAG,0,0,0.023697917,0,0.36643875,455,171.4441794,0,0.043478261,0,0,0,0
1383,AAAAGAGAAGGGGAGGCCCAGAG,0,0,0.011039258,0,0.080449006,357.5,178.9568826,0.004347826,1.239130435,0,0,0,0
1384,GGCCCCATCCACCCCACCTCCAG,0,0,0.155555555,0,0.370156551,560,200.4883933,0.052173913,0.065217391,0,0,0,0
1385,TGCACTGCAGCTGCAGGTGGAGG,0,0,0.275510204,0,0.270694992,530,204.801035,0.226086957,0.043478261,0,0,0,0
1386,AAATGGCCAGCAGAGGCACAGAG,0,0,0.021825397,0.30830322,0.299268693,525,205.7009345,0.486956522,0.782608696,0,0,0,0
1387,TTCATTTTAGTCAATACATGAAG,0,0,0.080246913,0,0.027974998,455,180.3514981,0,0,0,0,0,0
1388,GGTGTGTGTGTGTGTGTTTGCAG,0,0,0.017598204,0,0.069304995,485,167.5424553,0,-0.173913043,0,0,0,0
1389,AATGACAACTTCATCTTCAATGA,0,0,0.004930966,0,0.174231283,462.5,194.4983096,0,-0.434782609,0,0,0,0
1390,GCCTCTTTCCCACCCCATTCTAG,0,0,0,0.007167767,0.007062745,375,118.3645298,0.008695652,0,0,0,0,0
1391,GGGACAGAGGCTGTAGGTGGGGG,0,0,0.075111111,0,0.1271669,522.5,202.1470144,0,0.152173913,0,0,1,0
1392,AAACAAAAATCATAAACTGCTAG,0,0,0.165686274,0,0.224468976,522.5,198.215258,0.026086957,0.065217391,0,0,0,0
1393,GTCACCTTGAATGAATATGGTGA,0,0,0.005572702,0,0.04591849,455,172.5100478,0,0.02173913,0,0,0,0
1394,TAATGAGAAGAAGATGGAGATGA,0,0,7.29E-05,0,0.054360238,387.5,153.2588674,0.008695652,0.239130435,0,0,0,0
1395,TGGCAGGAGGGGTGAGGAGTAGA,0,0,0.005752996,0,0.372711207,425,203.0918958,0,-0.413043478,0,0,1,0
1396,GGGGGGGGGGGGTGTGCTCATGG,0,0,0,0,0.054599374,357.5,163.3195317,0.043478261,0.369565217,0,0,0,0
1397,GGGTGGTGGGAATTTGCACACAG,0,0,0.046090535,0.041992998,0.041284256,387.5,146.5397855,0,-0.02173913,0,0,0,0
1398,CTCTCTGTGGCTGGAGGTGGAGA,0,0,0.017576331,0,1.364942529,620,214.986583,0.082608696,0.5,0,0,0,0
1399,AGTGAGTGCGCGTGGGCGTGGGG,0,0,0.017142857,0,0.136607805,425,194.8031144,0.013043478,0.130434783,0,0,0,0
1400,CCCTCTTTCACTCCCACCTGGAG,0,0,0.009440813,0.322084166,0.316035637,455,169.3545632,0.982608696,3.239130435,0,0,0,0
1401,GGCATGTTTTCATTTTTCTTAGG,0,0,0.016326531,0,0.186915845,455,166.7417785,0,-0.347826087,0,0,0,0
1402,CAGTCCGCCGAGAAGAAGAATGG,0,0,0.064102564,0,0.805112123,622.5,207.1486663,0.195652174,0.304347826,0,0,0,0
1403,AAATGAGAATCAGAGTCAAAGAG,0,0,0,0,0.03962298,387.5,159.941754,0,-0.217391304,0,0,0,0
1404,AAAAAAGAAGAAGACACACACAG,0,0,0.029180696,0,0.069289873,455,185.5426325,0.07826087,0,0,0,0,0
1405,TGTGAGCGGGTGTGTGAGTGTGG,0,0,0.213888889,0,0.25438705,552.5,191.8709278,0.156521739,0.630434783,0,0,0,0
1406,TATTTGTTTTCATTGTTATTTGA,0,0,0.00771234,0,0.134785853,485,156.1110668,0.039130435,-0.130434783,0,0,0,0
1407,TGGAAGGAAGAAAGAGGAGGCAG,0,0,0.010180995,0.156120734,0.156120734,455,167.3149792,0.747826087,0.347826087,0,0,0,0
1408,AAATGAGGAGAACAGGAATACAG,0,0,0.017241965,0,0.067148726,387.5,154.8667515,0,-0.086956522,0,0,0,0
1409,AGCTTGTTTTCATTTTTTTCTGG,0,0,0.066122449,0.086235484,0.083169333,455,179.3296451,0.334782609,1.043478261,0,0,0,0
1410,GGACTCCCTTGTAGAGCACCTGA,0,0,0,0,0.045787375,327.5,190.9578111,0,-0.086956522,0,0,0,0
1411,TTCATCCATCCAGGGACACGTGG,0,0,0.324420677,0,0.10391963,455,170.1832154,0,-0.760869565,0,0,0,0
1412,CTCCCAGAATGAGGACGTGAGGA,0,0,0,0,0.136846598,522.5,203.361035,0,-0.130434783,0,0,0,0
1413,CATGAGTGTGTGTGTGAGTGTGG,0,0,0.169230769,0,0.372455417,552.5,194.0141086,1,3.108695652,0,0,0,0
1414,GCCTCCCCAGATCCATGCCAAGG,0,0,0,0.028510336,0.028510336,357.5,174.9967157,0,-0.260869565,0,0,0,0
1415,GACCCCGTCCCTCACGCCTCTGA,0,0,0.00246355,0,0.037929701,327.5,191.2314504,0.017391304,0.239130435,0,0,0,0
1416,CCCCTCCACCCAGATACACAGAG,0,0,0.012066365,0.47354825,0.460920296,530,201.3595981,0,-0.47826087,0,0,0,0
1417,TGGATGGATGAGTGGGGAGAGGA,0,0,0.009780093,0,0.048065414,357.5,156.1794977,0,-0.5,0,0,0,0
1418,CCAGGGCGGAGTGCGGAGGCAGG,0,0,0.057777778,0,0.280247265,522.5,203.8526184,0,-0.369565217,0,0,0,0
1419,AAACAAGAAGAAGAGAGACAGGA,0,0,0.002290786,0,0.099539557,485,178.763543,0,0.086956522,0,0,0,0
1420,GTCACCTCCAATGTCTCTAGGAG,0,0,0.011619463,0.004761268,0.004621744,345,130.4033711,0,-0.02173913,0,0,0,0
1421,GGCACAGAGCCAGGAGGTGGGAG,0,0,0.046735802,0,0.374191978,522.5,201.6063622,0.030434783,-0.130434783,0,0,0,0
1422,TCTGACCACTAACTCCTCAAAGG,0,0,0.118152524,0.286208544,0.286208544,425,201.744579,0,0.173913043,0,0,0,1
1423,AAATGTGAAGAATAGGTAAAGGA,0,0,0.00297619,0,0.04268194,387.5,156.1805845,0,0.239130435,0,0,0,0
1424,AGTGTGTGAGTGTGTATGTGGGG,0,0,0.152727273,0,0.104848333,485,179.637143,0.234782609,-0.565217391,0,0,0,0
1425,GCCTCATTCCCGCTCACCTCCAG,0,0,0.010818473,0.028771479,0.02780029,357.5,160.921131,0.917391304,-0.043478261,1,0,1,0
1426,AGTGTGTGAGTGTGTATGTGGGA,0,0,0.010606061,0,0.104848333,485,179.637143,0,-0.173913043,0,0,0,0
1427,GGGGAGAGAGTGTGTGCAGGGGA,0,0,0.005258413,0,0.065831932,485,160.117486,0.013043478,-0.347826087,0,0,0,0
1428,CTTGGACCACAGGGCAATAAAAG,0,0,0.134814815,0,0.692578247,560,196.3395849,0,0.173913043,0,0,0,0
1429,AAATGAGCAGAAGAGAAAGAAGA,0,0,0.001736111,0,0.029843878,417.5,147.0776461,0,-0.543478261,0,0,0,0
1430,AATTGAGGAAAAGAAGCACAGAG,0,0,0.1178897,0,0.365828778,522.5,196.373425,0,-0.02173913,0,0,0,0
1431,GAAATCAAGGTCCTCCCCATAGG,0,0,0.536507937,0,1.046578546,627.5,213.5290388,0.008695652,-0.739130435,0,0,0,0
1432,AAATTTGAAGAAAAGGCTCAAGA,0,0,0.006868132,0,0.068980913,455,181.2030422,0.308695652,-0.043478261,0,0,0,0
1433,GACATGTTTTTATTTCTCTCAGA,0,0,0.000969049,0,0.03845588,357.5,180.6008688,0,-0.195652174,0,0,0,0
1434,AGCCCAGACTCAACACGGGAAGG,0,0,0.118681319,0,0.066654945,357.5,178.0472625,0.004347826,-0.326086957,0,0,0,0
1435,GAGCCCCACCATCCTGCCTCAGG,0,0,0.014358974,0,0.195426448,425,193.649061,0.304347826,0.130434783,0,0,0,0
1436,ATGAAAAGAAGTGAGAAGAGAAG,0,0,0.120593692,0,0.090966306,552.5,193.0659928,0,-0.217391304,0,0,0,0
1437,AATTGGGAAGCTGAGGCACAAGA,0,0,0.004668534,0,0.23304828,425,202.9398318,0,-0.02173913,0,0,0,0
1438,GGTGAGTGAGAGAGGGAGTGAGA,0,0,0.000841346,0,0.030249196,260,168.2774631,0.004347826,-0.195652174,0,0,0,0
1439,TGAAGGTAGGAATGAGGAGAAGA,0,0,0.010714286,0,0.44463744,552.5,177.8628993,0,-0.586956522,0,0,0,0
1440,GTGAAGACCAGTGAGTCTAGCGA,0,0,0.004084967,0,0.072284392,485,171.0045717,0,0,0,0,0,0
1441,GACACAGAAGCAAGGTTTTTCAG,0,0,0.103703704,0.093225905,0.093225905,432.5,197.4755108,0.852173913,0.347826087,0,0,0,0
1442,ATTACCTCCACTGACTAGGCCAG,0,0,0.0275,0.388968597,0.381664022,455,175.3043164,0,-0.47826087,0,0,0,0
1443,GGTGGGTGACTGTGTGAATGAGG,0,0,0.093046154,0,0.104467922,485,166.5104992,0.052173913,-0.782608696,0,0,0,0
1444,ATTGAGTGAGTGAGTGAGTGAGA,0,0,0.01284965,0,0.23590875,455,188.4745684,0,-0.065217391,0,0,0,0
1445,GGCACTGTGGCAAGAGGTGGGAG,0,0,0.167521367,0,0.462027586,432.5,200.0847621,0.008695652,-0.173913043,0,0,0,0
1446,AAAAGAGAAGGAGAAGGACATAG,0,0,0.004442736,0,0.086078568,357.5,176.9031837,0.013043478,0.282608696,0,0,0,0
1447,AAATAAGAAGAAGAAGAAGAGAG,0,0,0.012335996,0,0.048855403,387.5,151.9705474,0,-0.869565217,0,0,0,0
1448,CACATCAATCAAGAGAGACAGAG,0,0,0.006238859,0.231071706,0.231071706,455,189.3606244,0,-0.086956522,0,0,0,0
1449,AAATGAGAACAATAGGTGCATAG,0,0,0.005807407,0,0.036711469,387.5,158.2994987,0,-0.02173913,0,0,0,0
1450,TGTGAGTGTGTGTGTGTGAGAGA,0,0,0.005555556,0,0.123933228,485,163.5061086,0.052173913,0.173913043,0,0,0,0
1451,GAACACAGAAAATAGACAGCTGA,0,0,0.023765432,0,0.143338947,455,179.4550296,0,0,0,0,0,0
1452,GGTGGCTGTGTGTGTGCGTGGGG,0,0,0.294545455,0.896991699,0.896991699,627.5,213.3659156,0.039130435,-0.065217391,0,0,0,1
1453,GCCTCTTTCCCTGGCACCCTGAG,0,0,0,0.012387813,0.012197961,295,159.5973944,0.108695652,0.282608696,0,0,0,0
1454,GTCATTTTAGTCCTGGCCTGGGG,0,0,0.001879699,0,0.015441344,357.5,176.419248,0,0.043478261,0,0,0,0
1455,GGGATCCCTTCTGATGGACCAGA,0,0,0.000174746,0,0.02278585,357.5,171.8396827,0.030434783,-0.282608696,0,0,0,0
1456,AATCTCAACTAAATCCTCAAAGA,0,0,0.007161956,0,0.458669828,522.5,206.9387988,0,0.173913043,0,0,0,0
1457,TAGATGGAGGGATGGGGAGTGGG,0,0,0.3575,0,0.442262911,432.5,199.7228947,0,-0.02173913,0,0,0,1
1458,GACCCCCCCCCCCCCATCTCAGA,0,0,0.012962963,0,0.052582071,387.5,171.5955624,0,0.282608696,0,0,0,0
1459,GGTGAGTGAGTAGGTGGGTGGAG,0,0,0.003713176,0,0.177880621,365,182.1984679,0,-0.130434783,0,0,0,0
1460,GGTGTGTGTGAGTGTGGGTGTGA,0,0,0.000668449,0,0.196246288,455,186.7357049,0.630434783,0.130434783,0,0,0,0
1461,GGTGAGTGGGTGTGTCCTTTGGG,0,0,0,0,0.012289022,417.5,135.3908606,0.573913043,0.304347826,0,0,0,0
1462,TAATGAAAAAGAGAGGCACAAGA,0,0,0.042129629,0,0.499492352,522.5,205.5949991,0,-0.586956522,0,0,0,0
1463,GGGAAGGGGGCGTTTTCTCCTGG,0,0,0,0.143492089,0.143492089,455,193.5195704,0,-0.326086957,0,0,0,0
1464,AGTGAGTGTGTGTGTGTGAGTGA,0,0,0.005,0,0.123933228,485,163.5061086,0.091304348,-0.173913043,0,0,0,0
1465,CCAGGGAGGAGAGCAGAAGCTGA,0,0,0.017927171,0,0.048243477,455,174.3215448,0,-0.347826087,0,0,0,0
1466,GGCAGAGAGGCTGGAGGTGAAGG,0,0,0.316875,0,0.39945125,552.5,175.8882791,0.108695652,0.195652174,0,0,0,0
1467,CCCATTCATTTAGAGACAGAAGG,0,0,0.033613445,0.148942107,0.146428316,455,175.4441959,0,-0.347826087,0,0,0,0
1468,GGAACTTCTGCTGTAGGTGGGGA,0,0,0.00489124,0,0.087716364,522.5,200.6898542,0,0.173913043,0,0,0,0
1469,GGTGAGAGAGTAAGTGGGTGTGG,0,0,0.033257918,0,0.071632981,357.5,178.6152871,0,-0.52173913,0,0,0,0
1470,CCCTCTCTCCCCCCCACCTGCAG,0,0,0.005912453,0.238852861,0.234367362,455,171.9631188,0.034782609,-0.891304348,0,0,0,1
1471,GCTGTGTGAGGGTGTGCATGAGG,0,0,0.0697149,0,0.172235,455,186.018263,0,0.02173913,0,0,0,0
1472,AAAGAAGAAAATGAGGCACAAGA,0,0,0.011702675,0,0.618499138,522.5,204.3302431,0,0,0,0,0,0
1473,AGTGACCACAACCTCCTCAGTAG,0,0,0.028620571,0.248589007,0.248589007,455,167.3313431,0.491304348,-0.217391304,0,0,0,0
1474,GGTGTGTGAGTGGTTGTGTGTGG,0,0,0.011805007,0,0.033370636,357.5,175.7870637,0.060869565,0.217391304,0,0,0,0
1475,TGTGTGTGTGTGTGTGCATGTGG,0,0,0.151048951,0,0.189613667,552.5,188.5285664,0,-0.760869565,0,0,0,0
1476,TACATCCATACAGAGAAACAAGA,0,0,0.020426487,0,0.56142625,552.5,192.9821525,0.008695652,-0.02173913,0,0,0,0
1477,GGCTTGTTGTCATGATTCTCCAG,0,0,0,0.0373045,0.036674888,425,189.1540134,0,-0.239130435,0,0,0,0
1478,CCCTTCCATCCAACCACACACAG,0,0,0.008900191,0.022843879,0.022109939,362.5,182.9808732,0,-0.413043478,0,0,0,0
1479,TGTGTGTGTGTGTGTGCATGTGA,0,0,0.01048951,0,0.189613667,552.5,188.5285664,0.039130435,0.130434783,0,0,0,0
1480,TTGATTGAGGATAGAGGAGTGGG,0,0,0.097902098,0.170282208,0.164811294,425,199.958595,0,-0.717391304,0,0,0,0
1481,AAACTATAAGAAGATGCACAAGG,0,0,0.015846339,0,0.261885241,522.5,200.4478776,0,-0.173913043,0,0,0,0
1482,GGTTCTGGGGGTGGAGGTGGAGG,0,0,0.0703125,0,0.7469375,522.5,208.4684993,0,-0.108695652,0,0,0,0
1483,GGTGTGTGAGTTGGTGTGTGTGA,0,0,0.001182392,0,0.11019029,357.5,179.7101479,0,-0.260869565,0,0,0,0
1484,AAGTGAGAAGAAAAAGCAAAAAG,0,0,0.058991118,0,0.051004158,357.5,164.217658,0,0.065217391,0,0,0,0
1485,AAAAGAGGAGAAGAGGCACAGAG,0,0,0.090534979,6.012658228,6.012658228,635,217.626583,0,-0.391304348,0,0,0,0
1486,GGCACTGAGGCAGGAGAAGGCAG,0,0,0.083884774,0,0.053117476,387.5,161.9746382,0.97826087,2.086956522,0,0,0,0
1487,TGGCTGGCGGAATTTGGAGTTGA,0,0,0.000560224,0,0.057131627,425,189.3803768,0.226086957,-0.065217391,0,0,0,0
1488,AGATGGGAAGGAGAGGCCCAGGG,0,0,0.070748299,0,0.104202175,455,185.520599,0,-0.043478261,0,0,0,0
1489,GGTGTATGTGTGTGTGAGTGTGG,0,0,0.101818182,0,0.213926133,552.5,191.1798046,0,-0.304347826,0,0,0,0
1490,CGTGTGTGTATGTGTGCGTGTGG,0,0,0.145454545,0,0.805112123,620,208.9601632,0,-0.086956522,0,0,0,0
1491,TACACCCTCTACCCAGCCTCCAG,0,0,0.045662449,0,0.371023101,522.5,199.127642,0,0.304347826,0,0,0,0
1492,GGCCCAGATTGCGATCGTGACGG,0,0,0.016118421,0.016384823,0.016384823,327.5,181.677913,0.247826087,1.869565217,0,0,0,0
1493,GGCATTGCTGATGGAGCTGGTGG,0,0,0.059893048,0,0.196246288,455,186.7357049,0,-0.434782609,0,0,0,0
1494,CCTCAGTGAGTGTGTGGGTGGGA,0,0,0.001069432,0,0.609583333,552.5,197.1002889,0.056521739,0.391304348,0,0,0,0
1495,AAAGAAGAGAAAGAGGCACATAG,0,0,0.087379973,0.768095474,0.768095474,620,208.0865632,0.126086957,0.326086957,0,0,0,0
1496,AATGACCACGAACTCCTGAAGGA,0,0,0.000696185,0,0.046914397,357.5,171.5695093,0.047826087,-0.195652174,0,0,0,0
1497,CCCTGTGTCTCTGTTTGATTTGG,0,0,0.019881657,0.003314337,0.003217214,290,137.1824606,0,2.97826087,0,0,0,0
1498,GGGGAGTGGGGGTGTGGGTGAGA,0,0,0.000544662,0,0.19349884,455,187.4960249,0.039130435,0,0,0,0,0
1499,GAGCCCCTGCGCCCGGCCTCTAG,0,0,0.002608025,0,0.134695296,425,194.2751144,0,-0.52173913,0,0,0,0
1500,ATTATTTTAGTCATTAACTGAAG,0,0,0.069513889,0,0.363634746,552.5,195.8999049,0.073913043,-0.260869565,0,0,0,0
1501,GGGAGGGGGGAATGAGCAGTTAG,0,0,0.027385558,0,0.609583333,552.5,193.825752,0,0.195652174,0,0,0,0
1502,CCTGCTTTCCCTCTACTCCCCGG,0,0,0.067241379,0.268364157,0.263834804,552.5,178.5744627,0.2,-0.217391304,0,0,0,0
1503,GGCACTGAGGCTGGGGCTGAGGG,0,0,0.09319853,0,0.064675248,387.5,143.7694505,0.32173913,0.630434783,0,0,0,0
1504,GGTGTGTGCGTGTGTATGTGTGG,0,0,0.096969697,0,0.060818669,485,175.6773627,0,-0.260869565,0,0,0,0
1505,GTCCCCCTCCACCCTGTCCCCAG,0,0,0.001618226,0,0.051461025,387.5,153.0188674,0,0.413043478,0,0,0,0
1506,CCAGGGAGCCGGGCGGAGGCGGG,0,0,0.142222222,0.383784732,0.377902973,522.5,201.2440628,0,0.239130435,0,0,0,0
1507,AAGAATATCAGTGAGTAGTGCAG,0,0,0.095975783,0,0.30174375,552.5,183.3261991,0,-0.152173913,0,0,0,0
1508,AAGACCGAGAAGAAAAAGAAAGA,0,0,0.024276377,0,0.371023101,522.5,199.127642,0.026086957,-0.239130435,0,0,0,0
1509,AAATGTGAAAAATAGGCAAAAAG,0,0,0.022222222,0,0.102104069,455,172.1749591,0,-0.173913043,0,0,0,0
1510,TAACACAAGGCAAAAACTGCTGA,0,0,0.030165912,0,0.095256253,425,191.5338775,0,-0.086956522,0,0,0,0
1511,CTTGAACACTACATCCTCTAGAG,0,0,0.080808081,0,0.318743398,552.5,186.4260161,0,1.108695652,0,0,0,0
1512,TGTGAGGGTGTGTGTGTGTGAAG,0,0,0.042701525,0,0.25438705,552.5,191.8709278,0,0.086956522,0,0,0,0
1513,GAGGCCGAGCAGAGGGAAAAAGA,0,0,0.002696622,0,0.007550528,387.5,163.9754562,0.004347826,0.217391304,0,0,0,0
1514,TTATCTTTCCCAACCACCTTTGG,0,0,0.303030303,0,0.573580538,525,208.9326795,0.465217391,-0.673913043,0,0,0,0
1515,GTCATTTTTGTCATGACATGAGA,0,0,0.001041667,0,0.029187304,455,173.8238808,0.030434783,0.02173913,0,0,0,0
1516,AAAGGCCACCACATCCTGAATGG,0,0,0.036571428,0.281815562,0.281815562,552.5,186.9686103,0.02173913,0.782608696,0,0,0,0
1517,GGTTTGTTTTCATTTTTTTCTGA,0,0,0.003507653,0,0.082004963,455,178.8016451,0,-0.369565217,0,0,0,0
1518,GGCCCAAACGGAGCCAGTGAGAG,0,0,0.035353535,0,0.041485765,455,180.3296353,0,-0.239130435,0,0,0,0
1519,AAATCAAAAGAAAAGGCAAAGGA,0,0,0.021585557,0,0.125155157,455,175.2811787,0,-0.195652174,0,0,0,0
1520,GCCTCCCCAAGCACTGGACAAAG,0,0,0.018476621,0.028710904,0.02827089,295,170.331162,0.030434783,-0.282608696,0,0,0,0
1521,GCCTGTTTCCCACCCGCCCCTGG,0,0,0.002893658,0.035772345,0.035772345,417.5,132.7376542,0,-0.934782609,0,0,0,0
1522,CCTGCCCCACAGGGCTATTATGA,0,0,0,0,0.033027225,417.5,149.9374631,0,-0.195652174,0,0,1,0
1523,GGCTCCCCTGAGCCTGGCCTCAG,0,0,0.036070853,0.392475151,0.392475151,552.5,172.8708833,0,-0.413043478,0,0,0,0
1524,GACCCCCTCCACCCCGCAACAGA,0,0,0.010683761,0,0.322269231,500,165.4286668,0,-0.195652174,0,0,0,0
1525,GAGATCCCTTCTGCAGCAAGAAG,0,0,0.003379699,0.216620121,0.216620121,485,150.5464001,0,-0.347826087,0,0,0,0
1526,GGCAGTGGGGGTGGAGGTGGAGG,0,0,0.096428571,0,1.411646586,530,209.7817793,0.217391304,4.043478261,0,0,0,0
1527,GGCTCCCTAAAGACTGGCCCAGG,0,0,0.053207662,0.26991206,0.26991206,455,169.2232626,0,0.108695652,0,0,0,0
1528,CTTGGCCTACAGGGCAGCTATGG,0,0,0.121153846,0.096047489,0.09280538,485,158.6405298,0,-0.282608696,0,0,0,0
1529,CAGTGAGATGCAGAGGCACAGGA,0,0,0.008730159,0,0.478372972,522.5,208.4821359,0,0.739130435,0,0,0,0
1530,AGGAGAGAGAAATGAGGAGTAGG,0,0,0.597333333,0.797205949,0.797205949,620,211.1339596,0,-0.413043478,0,0,0,0
1531,GAAAAAAAAGCATATACTGTTAG,0,0,0.008688388,0.108990545,0.107052935,455,165.1957945,0,-0.543478261,0,0,0,0
1532,GGTGGGTGAATGAGTGAGTGCGG,0,0,0.217107692,0,0.206270847,455,182.434512,0,0.02173913,0,0,0,1
1533,ACCTCTGTGTCTGGATGAATTGG,0,0,0.336734694,0.196604032,0.189613667,552.5,188.5285664,0,-0.369565217,0,0,0,0
1534,TCCAGCAAACCAGAGACACAAGA,0,0,0.030952381,0,0.569608261,620,211.5687188,0,0.108695652,0,0,0,0
1535,GAGGAGCAGCAGAAGAAGAAGAG,0,0,0.031828704,0,0.539222871,625,212.8689152,0,-0.02173913,0,0,0,0
1536,AAGTGAGAAGAAGAGTCAGAAGA,0,0,0,0,0.179013778,492.5,171.8355742,0,2.282608696,0,0,0,0
1537,GGTGTGTGTGTGTGTGTCTGTGG,0,0,0.048484849,0,0.069304995,485,167.5424553,0,-0.282608696,0,0,0,0
1538,GGTGTGTGTGTGTGTGTCTGTGA,0,0,0.003367003,0,0.069304995,485,167.5424553,0,0.02173913,0,0,0,0
1539,GCCACCCTCCCCCCCGCCTTTAG,0,0,0.020584795,0,0.387083187,455,174.7187164,0.008695652,-0.369565217,0,0,0,0
1540,GCCCCACTCCAGCCCTCCTCAAG,0,0,0,0,0.076958297,455,192.1694897,0.3,-0.108695652,0,0,0,0
1541,GTCATCTTGGTCCTTTTCTGTGA,0,0,0,0,0.021372519,387.5,167.4663622,0,NA,0,0,0,0
1542,CCAGTGGGCAGGACGGAGGCCAG,0,0,0.112619407,0.108455691,0.108455691,425,195.6416179,0.326086957,0.391304348,0,0,0,0
1543,CCATGTGTCTGGGGATTGATAGG,0,0,0.027083333,0.161255717,0.155812486,357.5,183.7397048,0,0.173913043,0,0,0,0
1544,CCTGCCTCACAGGGCAGTCCTGA,0,0,0.002274127,0,0.150052274,485,148.6912193,0.02173913,-0.239130435,0,0,0,0
1545,GGAGTATGTGTGTGTGCGTGCAG,0,0,0.04040404,0.497494021,0.497494021,620,211.6379156,0.02173913,0.108695652,0,0,0,0
1546,TACTTGTTTTCATTTTTATTTAG,0,0,0.005982906,0,0.036635506,387.5,142.4320452,0,-0.739130435,0,0,0,0
1547,CCCACCCCAGATCCTGGCCAAGG,0,0,0.072678644,0.669826867,0.648306325,522.5,205.6185631,0,0,0,0,1,0
1548,GCCACACCAAAGCCTGGGGAAGA,0,0,0.000511779,0,0.059141775,485,160.3690828,0.747826087,1.760869565,0,0,0,0
1549,GGAATCTCTTCTACAGGATCTGG,0,0,0.020361991,0,0.048184735,387.5,155.5833877,0,-0.586956522,0,0,0,0
1550,CCCATCCCTCCCCAGCCACATGG,0,0,0,0.046114645,0.044701169,357.5,181.5963362,0.008695652,-0.260869565,0,0,0,0
1551,GCCTTATTTTCATATTTCTCTAG,0,0,0.018014613,0.036938171,0.036314742,425,191.3278098,0.134782609,0.369565217,0,0,0,0
1552,CCTGCCTCAGCTGTAATCCCAGG,0,0,0.024182714,0,0.018329335,387.5,157.7044733,0,-0.217391304,0,0,0,0
1553,AAGTGAAAGGAAGAGCCACATGG,0,0,0,0,0.106383384,552.5,195.040613,0,-0.02173913,0,0,0,0
1554,GGGAGGGGGGAGTTTGTTTTAGA,0,0,0.002136752,0,0.080071819,417.5,129.4546891,0.034782609,0.239130435,0,0,0,0
1555,CCAGTGAGAAGAGCTGTGGCTGA,0,0,0.001228269,0,0.168469286,462.5,181.247087,0,0.065217391,0,0,0,0
1556,GACACCCAGCACCCCTCCTCCGG,0,0,0,0,0.15797057,552.5,193.9783768,0,-0.02173913,0,0,0,0
1557,TGGTGGGGAGAGTTTCTTCCTGA,0,0,0,0,0.064062332,485,176.9656827,0,-0.195652174,0,0,0,0
1558,GGTGTGAGAGTGTGGGGGTGTGA,0,0,6.50E-05,0,0.105930922,455,180.3353666,0,-0.5,0,0,1,0
1559,GTACACACTGCAAAGACTGCTGA,0,0,0.008991009,0,0.338304443,522.5,202.4010822,0,-0.086956522,0,0,0,0
1560,TGGATGGAGGGAAGATGAGTGGA,0,0,0,0,0.089644621,365,187.3821699,0,0.108695652,0,0,0,0
1561,AATTTGTTTTCATTGTGGTCAGA,0,0,0.00067402,0,0.117805637,485,172.2625557,0,-0.065217391,0,0,0,0
1562,AAAACAGAAGAAGAGGAAGAAGG,0,0,0.021825397,0,0.19201875,485,165.303969,0,-0.347826087,0,0,0,0
1563,GAACTGTTTTCACTGTCCTCTGG,0,0,0.312511383,0.22854304,0.220828507,455,187.3129684,0.07826087,-0.02173913,0,0,0,0
1564,CCAGGGAGAAGAGAGGAAGCAGG,0,0,0.144,0.027282396,0.026821933,455,176.8893817,0.013043478,-0.695652174,0,0,0,0
1565,TCTACTGAGGCTGGAGGTGGGGG,0,0,0.309375,0,1.345833333,622.5,215.332183,0,-0.456521739,0,0,0,0
1566,GATATTTTTTCATTGTTTTCAGA,0,0,0.009743481,0,0.185123143,552.5,190.5890827,0,-0.130434783,0,0,0,0
1567,TACCCCCTCCACCCCATCCCAGA,0,0,0.008939974,0,0.034887914,417.5,150.1774631,0.043478261,-0.239130435,0,0,0,0
1568,TAGAGGGAGGAACGGGGAGTTGG,0,0,0.277894737,0,0.155902215,425,193.9653379,0,-0.391304348,0,0,0,0
1569,AGATGCGAAGAAGAGGTACCAGA,0,0,0.002678298,0,0.162452885,485,159.050305,0,-0.586956522,0,0,1,0
1570,GCCTGTGTTTTTGGATGTATTGG,0,0,0.163879599,0.109115238,0.105235585,455,183.5868027,0,2.065217391,0,0,0,0
1571,AGATGCGAAGAAGAGGTACCAGG,0,0,0.038567493,0.162452885,0.162452885,485,159.050305,0,-0.217391304,0,0,0,0
1572,CTAGCTCCACAGGACAGTAATAG,0,0,0.128968254,0.257043597,0.250189101,530,206.4468314,0,0.130434783,0,0,0,0
1573,TGTGTTTGAGTGTGTGTGTGGGG,0,0,0.113131313,0,0.368797917,552.5,195.1395849,0,0.152173913,0,0,0,0
1574,AGAGAGTGAGTGTGTGCATGAGG,1,0.111756485,0.445054945,0,0.647595062,560,194.4486667,0,-0.456521739,0,0,0,0
1575,GGAGTCCCCTCTGCAGCAGAGGG,0,0,0.036057692,0.129375017,0.127075016,485,146.4810198,0,-0.173913043,0,0,1,0
1576,GGTGAGAGAGGGAGTGTGTGTAG,0,0,0.029316239,0,0.080805497,357.5,180.1013039,0.030434783,0.282608696,0,0,0,0
1577,TGGATGGAGAATTGGGGAGGGGG,0,0,0.035686274,0,0.072452122,357.5,155.1475416,0,0.260869565,0,0,0,0
1578,CCTGCCTCCCCAGCACTCACTGA,0,0,0.000865801,0,0.034096845,362.5,185.3536579,0,-0.326086957,0,0,0,0
1579,AAAGGTGAAGCAGAGACACAGAG,0,0,0.046296296,0,0.086812714,455,193.0219064,0.017391304,-0.173913043,0,0,0,0
1580,GAGTCTGAAAAGAAGAGGAAGGG,0,0,0.091296519,0.193755828,0.187530741,552.5,187.4763882,0,-0.173913043,0,0,1,0
1581,GACCCCACCCACCCCAGCTCAGA,0,0,0.003063725,0,0.064709107,485,175.4424653,0,0,0,0,0,0
1582,TGTGAGTGGGTGTGTGAGTGAGG,0,0,0.311111111,0,0.788265432,560,195.4541086,0.02173913,0.347826087,0,0,0,0
1583,AACCCCATCCACCCGGCCTCAGG,0,0,0.03375,0,0.576755556,530,203.8097976,0,0.260869565,0,0,0,0
1584,CACCACCACCACCCCGCCGCTGG,0,0,0.081632653,0,0.526848592,552.5,184.0638631,0.004347826,0.52173913,0,0,0,1
1585,CCTGCCTCCTCTCCCCTCAGGGA,0,0,0.000258626,0,0.021941801,357.5,151.2244574,0,-0.52173913,0,0,0,0
1586,AAATGAGAATACCAGGCACTAGG,0,0,0.054016621,0,0.104623026,357.5,159.8552427,0,-0.217391304,0,0,0,0
1587,CTTTACCCACAGGGAAATAAGAG,0,0,0.011173463,0.15775912,0.155096519,455,181.8449474,0,0,0,0,0,0
1588,GGCCCCCCAAAGCCTGGGGACGA,0,0,0.000520981,0,0.097755,485,161.9150668,0,1.456521739,0,0,1,0
1589,TGTGAGTGAGTGTGTGTGGTTGA,0,0,0.005671296,0,0.084582907,417.5,130.3282891,0.260869565,-0.413043478,0,0,0,0
1590,GTGCCCTCCACAGACTAGGGTGA,0,0,0.003921569,0,0.385203768,425,203.8522158,0.295652174,0,0,0,0,0
1591,CCACAGAGTAGAGCGAAAGCAAG,0,0,0.047511312,0,0.050674684,485,174.3263208,0.152173913,0.043478261,0,0,0,0
1592,GCCGCTGCGGCTGCAGGCGGCGA,0,0,0.005519035,0,0.046239667,455,181.0238821,0,-0.565217391,0,0,1,0
1593,CCCTCTTTCCCACCTACAGTCAG,0,0,0.001661918,0,0.027674303,387.5,148.8216452,0.039130435,-0.391304348,0,0,0,0
1594,AAAAGAGCAGAAGTGGGACAGAG,0,0,0.001659923,0,0.086229035,455,182.6012873,0,-0.065217391,0,0,0,0
1595,AGGCTGGAGGCTTGAGGAGTCAG,0,0,0.012200436,0.403641598,0.390673193,425,204.3802158,0.1,-0.152173913,0,0,0,0
1596,GAAGACAAGGCAGAGACTGGAGA,0,0,0.000355215,0,0.156120734,455,167.7296992,0,0.02173913,0,0,0,0
1597,CACCCGCTCCGCCCCGCCCCCGG,0,0,0.064039409,0,0.176902586,455,180.4359324,0,-0.434782609,1,0,1,0
1598,GGGAGGGGGCAGTGTCCTCCGAG,0,0,0,0,0.035479776,455,184.407053,0,1.108695652,0,0,0,1
1599,AGGAGAGAAGAGGAGGCACATGG,0,0,0.16813639,0.705392449,0.694060843,525,209.8422996,0,-0.347826087,0,0,0,0
1600,GAGTAGGAGAAGAAGAAGGAGGA,0,0,0.006448413,0,0.263834804,552.5,180.3859596,0,-0.065217391,0,0,0,0
1601,GTCATCTTAGTGAAAACCTGAAG,0,0,0.041296657,0,0.045578063,335,186.8376933,0,-0.630434783,0,0,0,0
1602,GCCTCCCAAAAGCATAGCCTGAG,0,0,0.035388889,0,0.016064133,387.5,150.0349726,0,1.086956522,0,0,0,0
1603,GGCTCCCCACAGCCAGGGCACAG,0,0,0.004640695,0.077985362,0.076598956,455,174.3379087,0.017391304,-0.217391304,0,0,0,0
1604,GGCGAGGGGGTGTGTGTGTGTGG,0,0,0.078431373,0.246444397,0.238125599,552.5,191.3429278,0.17826087,-0.326086957,0,0,0,0
1605,GGCACAGAGTGAGCACTTAATGA,0,0,0.006464574,0,0.117323456,485,162.6325086,0.865217391,-0.130434783,0,0,0,0
1606,GGCCCTGCTGCTGGAGGTAAGAG,0,0,0.032679738,0,0.127075016,485,146.4810198,0,-1.543478261,0,0,0,0
1607,CTGGTGAGCAGAGAGGAGGCAGA,0,0,0.012464387,0,0.134930746,522.5,202.833035,0,-0.239130435,0,0,0,0
1608,ACTGCACTCTACATCCTCAAAGG,0,0,0.156341108,0,0.82579023,620,212.785879,0,-0.456521739,0,0,0,0
1609,CTCAGCCATCCAAAGAGACAAGG,0,0,0.031591937,0.23590875,0.23590875,455,187.1862484,0.752173913,0.108695652,0,0,0,0
1610,GGGTGGGGGGAGTTAGGGGCGGA,0,0,9.85E-05,0,0.008312935,345,127.8355341,0.043478261,0.108695652,0,0,0,1
1611,TGTGTGTGGGTGTGTGCCTGTGA,0,0,0.008016675,0,0.189613667,552.5,188.5285664,0.017391304,0.043478261,0,0,0,0
1612,GAAATCACTGTCCTCCCCAGAAG,0,0,0.016993464,0.461029603,0.44463744,552.5,176.0514023,0.095652174,0.130434783,0,0,0,0
1613,AAAATCCCTTCAGCAGCATCTAG,0,0,0.072899408,0,0.259209507,455,180.4958996,0.008695652,-0.282608696,0,0,0,0
1614,ATATGAGTAGAAGAGTAACATAG,0,0,0,0,0.104848333,485,177.5856461,0,0.02173913,1,0,1,0
1615,AACACCAAATAGTAGAGAGGAGA,0,0,0.028211805,0,0.157801976,555,181.725333,0,0.130434783,0,0,0,0
1616,GAGATGGAGGTAAGAGGAGTGGG,0,0,0.172409016,0.322857199,0.322857199,425,203.2305958,0.4,0.239130435,0,0,0,0
1617,CACCCTTTCCCATCCACCTTTGG,1,0.041396697,0.235294118,0.581724684,0.581724684,522.5,208.5870795,0,-0.130434783,0,0,1,0
1618,GGCTCAGAGAGAGCACCTGAGAG,0,0,0.025894802,0.331253535,0.325662758,552.5,188.3887722,0,0.217391304,0,0,0,0
1619,GGCACTGGAGCTGGTGGTGCAGG,0,0,0.035422741,0,0.102640459,455,160.7957812,0.034782609,-0.239130435,0,0,0,0
1620,TGAATCCCTCCTGCAGACCCAGG,0,0,0.047407407,0.114096302,0.110039545,485,167.7988192,0,0.304347826,0,1,0,1
1621,GACACAGAAGCCGTCTTTTTGGA,0,0,0.002468292,0,0.0170058,327.5,183.8517093,0.304347826,0.608695652,0,0,0,0
1622,GGCACAGATTGAGAACCTGATGG,0,0,0.060681115,0.05359042,0.05268594,455,181.7413239,0.030434783,0.173913043,0,0,0,0
1623,GGCCCTGAGGCTGCAGGGGGTGG,0,0,0.032773109,0,0.043898418,455,178.1640651,0.004347826,-0.695652174,0,0,0,0
1624,GGTGAGTGAGTGCGTTCCTGAGG,0,0,0,0,0.03165828,395,168.1889203,0.347826087,0.108695652,0,0,0,0
1625,ATCTTGTTTCCATTCTTCTCCAG,0,0,0.024683196,0.383984607,0.371023101,522.5,199.761242,0,-0.239130435,0,0,0,0
1626,CAATAAGAAGAAAAGACACAGAG,0,0,0.177777778,0,0.105393,455,191.1239336,0,-0.543478261,0,0,0,0
1627,GGCTGGGGGGAGTGTCCTCACAG,0,0,0,0,0.016683995,387.5,152.6067895,0,0.195652174,0,0,0,0
1628,GAACCACTGCACCCAGCCTCAGA,0,0,0.007688055,0,0.146830007,522.5,198.7192141,0,0,0,0,0,0
1629,AAATAAGAATAAAAGGAACAGGA,0,0,0.021064815,0,0.206270847,455,182.434512,0,-0.456521739,0,0,0,0
1630,GAAAACCCAGCAGAGTTTTTTGA,0,0,0.01013322,0,0.878799588,620,211.9006822,0,-0.239130435,0,0,0,0
1631,GTCATCATTGTCAATCCCTGCGG,0,0,0,0,0.015301435,455,183.9294283,0.626086957,0.717391304,0,0,0,0
1632,TCAGTGAGTAGAGGGGTGACTGA,0,0,0,0,0.030222669,387.5,155.8267044,0,-0.108695652,0,0,0,0
1633,ATGGACACCTGTAATTAGAGCAG,0,0,0.018853695,0.141202771,0.136666136,425,189.6283215,0,-0.304347826,0,0,0,0
1634,GTTATCTTCATAATTACCTGGGA,0,0,0.018187831,0,0.390569552,522.5,202.0043828,0,-0.108695652,0,0,0,0
1635,TCATCCCCAAAGCCTAGCTAAGA,0,0,0.027777778,0,0.089349306,485,170.6355742,0,-0.543478261,0,0,0,0
1636,GGTGCGTGCATGTGTGTGTGTGA,0,0,0.008641975,0,0.325662758,552.5,187.9740522,0,-0.152173913,0,0,0,0
1637,CCCATCCTTCCAGAGGCATATGA,0,0,0.002641589,0,0.152506667,492.5,169.2637572,0.169565217,0.347826087,0,0,0,0
1638,GGGATGGAGAAGTGAGGAGCGGA,0,0,0.004070496,0,0.316035637,455,169.3545632,0.960869565,-0.239130435,0,0,0,0
1639,AATGACAACTACAGCCTCAGAAG,0,0,0,0.12983896,0.126181524,462.5,169.2400346,0,0.217391304,0,0,0,0
1640,GGGAGGGGGGAAAGAGGAGTGGG,0,0,0.310795986,0,0.581724684,522.5,205.3125425,0,0.347826087,0,0,1,0
1641,AAATGAGAATAAGAGAAACTTGG,0,0,0.2275,0,0.036386509,417.5,138.7961267,0.539130435,-0.413043478,0,0,0,0
1642,GGTGTGTGTGTGTGTTTGTGTGG,0,0,0,0,0.060818669,485,175.6773627,0,-0.130434783,0,0,0,0
1643,GGTGTGTGTGTGTGTTTGTGTGA,0,0,0,0,0.060818669,485,175.6773627,0,0.152173913,0,0,0,0
1644,ACTGAGTGAGTGTGTGAGTCTGG,0,0,0.124615385,0.27365625,0.268517165,485,160.836289,0,0.304347826,0,0,1,0
1645,GGTGAGAGAGCGTGTGCAGGGGA,0,0,0.007011218,0,0.035179271,387.5,154.4154023,0,-0.217391304,0,0,0,0
1646,AAATAAGAAAAAGATGAACAAGA,0,0,0.003744856,0,0.142843894,455,177.7268109,0.030434783,0.369565217,0,0,0,0
1647,GACTCTGTCCTACCCACCTTGGA,0,0,0.009141186,0,1.012972574,530,211.5467355,0.765217391,0.260869565,0,0,0,0
1648,AAGAGAGAAGGAGAGGCAAAGGG,0,0,0.08106576,0,0.272930963,455,180.8203164,0.734782609,2.956521739,0,0,0,0
1649,CAGTAAGAGCAGAAGAAAAATGA,0,0,0.018221574,0,0.187751667,552.5,190.7023627,0,-0.086956522,0,0,0,0
1650,TGGATGGAAGAATTAAAAGTTGG,0,0,0.16,0,0.008228696,387.5,165.326498,0.4,-0.173913043,0,0,0,0
1651,GCCTCCCTAACTCCTGGGCACAG,0,0,0.004653371,0,0.076571946,357.5,176.7306656,0,-0.586956522,0,0,0,0
1652,AGTGTGTGAGCGTGTGTGTGTGA,0,0,0.007070707,0,0.33831875,455,190.6954852,0,-0.130434783,0,0,0,0
1653,TGGATGGAGGAGTGAGTGGATAG,0,0,0.010532407,0,0.021131597,320,127.9368553,0.073913043,0.717391304,0,0,0,0
1654,GGGTGGGGGCAGTTTACCCACAG,0,0,0.022222222,0.018826474,0.018524041,417.5,134.3589045,0,0.195652174,0,0,0,0
1655,GGGACAGAGCCAGCATCCAGGGA,0,0,0.002709417,0,0.127075016,485,146.0662998,0,-0.130434783,0,0,0,0
1656,GAACACACAGCATAGAGGGTAGG,0,0,0.002521008,0.047299809,0.047299809,417.5,132.5531388,0,-0.217391304,0,0,0,0
1657,AAACGATGAGAAGGGGCACAAAG,0,0,0.032805616,0,0.145600377,522.5,201.2042176,0,-0.130434783,0,0,0,0
1658,GACACAGAAGCAGAAGTTTCTAG,0,0,0.007130125,0.018091479,0.017480796,387.5,148.7809686,0.582608696,2.413043478,0,0,0,0
1659,CTTGACCTCTTCATCCTCAATGA,0,0,0.005708577,0,0.794051205,522.5,209.6300993,0,0,0,0,0,0
1660,GGAGTGTGAATGTGAGCGTGGGG,0,0,0.140350877,0.365828778,0.365828778,522.5,198.184922,0,-0.173913043,0,0,0,0
1661,GGCCCAGACAGGGCACCTGGGGG,0,0,0.111385731,0.105781642,0.104082339,387.5,148.3684521,0.004347826,0.52173913,0,0,0,0
1662,AACACCAGTGAGAAGAGCTGTGG,0,0,0.461538462,0.81556162,0.81556162,470,181.3526795,0.27826087,0.413043478,0,0,0,0
1663,TGGATGGAAGATGGATGAGTGGA,0,0,0,0,0.027312414,357.5,180.7363728,0,-0.043478261,0,0,0,0
1664,AAATGATAAGGAGAGGCATGTGA,0,0,0.009103641,0,0.074845694,387.5,142.7011356,NA,NA,0,0,0,0
1665,GCCTTCCCAAACCCAAGCCACAG,0,0,0.050567595,0.033524798,0.032447696,357.5,178.7001321,0.169565217,0.173913043,0,0,0,0
1666,GTAACTGCTGCTGGGGGTGGTGG,0,0,0.191191919,0,0.242694227,522.5,200.2651981,0,-0.695652174,0,0,0,0
1667,GGAACTGGGGCTGGAGTTGCCAG,0,0,0.01547619,0,0.250637503,485,157.448472,0,-0.152173913,0,0,0,0
1668,GGCAAGAGAGTGTGTGCGGGGGA,0,0,0.005859375,0,0.335877203,552.5,184.6672193,0,0.086956522,0,0,0,0
1669,TCTTCTTTCCCATTCACCTTGGG,0,0,0.352916667,0.086930685,0.0854635,425,197.5334948,0,-0.413043478,0,0,0,0
1670,GGGATGAAGGAATGAGGGGAGGG,0,0,0.215217391,0,0.09336586,485,154.255886,0.047826087,-0.173913043,0,0,0,0
1671,CCCTGTGTATCTGTATAGAGCAG,0,0,0.009760349,0,0.02091124,387.5,145.477324,0,-1.369565217,0,0,0,0
1672,TGTGTGTGTGTGTGTGCGTTAGA,0,0,0.010606061,0,0.426140229,552.5,176.8142997,0,-0.826086957,0,0,0,0
1673,CTCTGTTTCTCTGGCTGGTTAGG,0,0,0.076287349,0,0.091293195,455,171.6217977,0,-0.130434783,0,0,0,0
1674,CAATGAGAAGATGAGGCAGAGGG,0,0,0.035714286,0,0.554542373,462.5,181.9358996,0.013043478,0.413043478,0,0,0,0
1675,GAGTTAGAGTAGAAGTAGAAAGA,0,0,0,0,0.137119423,552.5,193.8455337,0.017391304,-0.02173913,0,0,0,0
1676,AGGATGGAGAGATGTGGAGTAGA,0,0,0.008425926,0,0.205917821,425,193.7711583,0,0.195652174,0,0,0,0
1677,AAATGCTAAGAACAGGCATAAGA,0,0,0.003505267,0,0.07571887,455,174.7835147,0.07826087,-0.260869565,0,0,0,0
1678,GGAGACAAGGCATAGAATGCTGA,0,0,0.008641975,0,0.372455417,552.5,193.1405086,0,-0.304347826,0,0,0,0
1679,ACCTCCCTAAAGCCTGCTCAAAG,0,0,0.030882353,0.123883065,0.119478333,485,169.6907387,0,-0.5,0,0,0,0
1680,GGCCCTGAGACTGGAGGTTGCGG,0,0,0.142745098,0,0.45934875,552.5,179.4868467,0,-0.586956522,0,0,0,0
1681,AATGATCACTACAGCCACATTAG,0,0,0,0.022514267,0.021754292,387.5,147.6511204,0,0.108695652,0,0,0,0
1682,GTAACTGGGGCTGGAGGAGGGAG,0,0,0.061279461,0,0.305988667,552.5,189.9088498,0,0.282608696,0,0,0,0
1683,GATTTCAAGAAGAAGAAGAAGGA,0,0,0.019149832,0,0.846587038,620,210.0087628,0,-0.195652174,0,0,0,0
1684,AAAAGAGAAGAAGAGGAAGAAGA,0,0,0.001929012,0,0.382126866,492.5,167.792289,0,0,0,0,0,0
1685,GACAGCAGTGAGTAGATTGGAGG,0,0,0.096428571,0.123883065,0.119478333,485,171.5022357,0.034782609,-0.804347826,0,0,0,0
1686,TGGATGGAGGAATTAATGGTGGA,0,0,0.001851852,0,0.002523619,345,143.8629451,0.4,0.717391304,0,0,0,0
1687,AGTGAGGGAGGGTGTGTGTGTGG,0,0,0.098823529,0,0.231071706,455,189.6006244,0,0.152173913,0,0,0,0
1688,GTGCCCCTCCAACCAGCCTCAGG,0,0,0.057720058,0,0.195426448,425,196.508878,0.295652174,-0.608695652,0,0,0,0
1689,AAAAGAGAAGAAAAGGAACACAG,0,0,0.053181386,0,0.443021127,462.5,189.0409684,0.008695652,0.043478261,0,0,0,0
1690,CTCCCCACCCACCCCGCCTCAGG,1,0.691,0.389610389,0,0.932255747,620,213.4770022,0,-0.47826087,0,0,0,0
1691,GGGTGGGAGGAGTTTGCCCACAG,0,0,0.055555556,0,0.243021596,492.5,154.7392498,0,-0.413043478,0,0,0,0
1692,ATGGAAACCAGTGAGGAGAGGGA,0,0,0.013950893,0,0.309411581,560,200.4519901,0,-0.413043478,0,0,0,0
1693,AATAGAAAAGAAGAGGCAGAGAG,0,0,0.010893246,0.341956428,0.335877203,552.5,184.6672193,0,-0.086956522,0,0,0,0
1694,TGAAGGGAGGACTTAGGAGTGGG,0,0,0.033684211,0.106847931,0.103415066,425,198.0283949,0,-0.413043478,0,0,0,0
1695,AAAAAAGGAGAAGATGCACAAGG,0,0,0.043235072,0.396161826,0.383433735,522.5,199.7312415,0.073913043,0.347826087,0,0,1,0
1696,ATGATCATCAGTGAGGACAGGAG,0,0,0.013597514,0.051544635,0.050674684,485,172.1001039,0.291304348,0.717391304,0,0,0,0
1697,GAATCCAAGCAGAAGAAAAGTGA,0,0,0.027573529,0,0.087148938,485,153.727886,0,-0.02173913,0,0,0,0
1698,TGCGAGTGTGTGTGTGTGTGAGA,0,0,0.008333333,0,0.367241041,552.5,193.7261086,0,-0.456521739,0,0,0,0
1699,AAAGGTGAAGAAGAGACCCAGGG,0,0,0.085034013,0,0.030658184,485,173.8286568,0,-0.02173913,0,0,0,0
1700,CCAGTCCTTCCAGAGACTCAGGG,0,0,0.116071429,0.305988667,0.305988667,552.5,189.2752498,0,0.260869565,0,0,0,0
1701,TGTGGGTGAGTGGGTGTGTGGGA,0,0,0.006086956,0,0.23590875,455,187.4262484,0.013043478,-0.02173913,0,0,0,0
1702,AGTGCCCCACAGGGGAGAAATGG,0,0,0.028,0,0.083169333,455,179.3296451,0,0,0,0,0,1
1703,TGGAGTGAGGTAAGAGGAGTGGA,0,0,0.006311637,0,0.177367355,425,200.3962918,0,0.130434783,0,0,0,0
1704,TAGATGGAGGATGGAGGAATGGA,0,0,0.003649732,0,0.094963995,357.5,170.9965791,0,-0.586956522,0,0,0,0
1705,TGTAAGTGGGTGTGTGTGTGTGA,0,0,0.019444444,0,0.372455417,552.5,193.3805086,0,-0.02173913,0,0,0,0
1706,GGCACTGGGACTGTGGGTGGAGG,0,0,0.104,0,0.050198999,425,185.2622404,0,0.086956522,0,0,0,0
1707,GGGATGGGGCAATGAGGAGATGA,0,0,0.010960145,0,0.642348856,552.5,173.9708467,0,-0.173913043,0,0,0,0
1708,GAGACAGAGCAGAGGGAGAACAG,0,0,0.010288066,0.023306476,0.023306476,455,187.6128055,0.039130435,0.347826087,0,0,0,0
1709,TGTGAGTGTGTATGTGTGTGGGG,0,0,0.261333333,0,0.183248065,455,186.5380081,0,0.130434783,0,0,0,0
1710,TGTGTATGTGTGTGTGCGTGGGG,0,0,0.218181818,0,0.50455783,620,212.1659156,0.217391304,0.304347826,0,0,1,0
1711,GCTGCGTGCGTGTGAGCGTGGGA,0,0,0.007952574,0,0.24614019,522.5,199.5048781,0,-0.260869565,0,1,0,0
1712,TGTGAGTGTGTATGTGTGTGGGA,0,0,0.018148148,0,0.183248065,455,186.5380081,0.586956522,-0.391304348,0,0,0,0
1713,GAGTTAGAGCAGAAAAAAAATGG,0,0,0.385026738,0.048589809,0.047769728,455,176.4953411,0.491304348,-0.347826087,0,0,0,0
1714,GGGAGGGTGGAGTTTGCTCCTGG,1,0.053953909,0.297619048,6.012658228,6.012658228,635,217.626583,0,0.086956522,0,0,1,0
1715,CTGATATTAGTCATTACTTGCAG,0,0,0.055272109,0,0.185123143,552.5,191.4626827,0.17826087,0.456521739,0,0,0,0
1716,GGCACTGCAGCCGCAGCTGGCGA,0,0,0.004264864,0,0.023537898,357.5,174.8988235,0.082608696,-0.282608696,0,0,0,0
1717,CGTGTGTGTGTGTGTGCGTCAGG,0,0,0.066790353,0.434296023,0.426140229,552.5,176.8142997,NA,-0.304347826,0,0,0,0
1718,AGTGAGTGAGTGAGTGAGTAGGG,0,0,0.272596154,0,0.103916143,387.5,151.5769685,0.056521739,0.326086957,0,0,0,0
1719,GCCCCTTTCCCACCCAACAAGGG,0,0,0.048529412,0.081521082,0.080071819,417.5,129.4546891,0,-0.347826087,0,0,0,0
1720,AAAAGAGGGGAAGAGGCACAGAG,0,0,0.060356653,1.51751634,1.482630907,627.5,212.4668027,0,0.02173913,0,0,0,0
1721,GGTGGGTGAGGGGCTGCGTGAGA,0,0,0.002236025,0,0.045787375,327.5,190.5430911,0,-0.152173913,0,0,0,1
1722,GACCCCCACAACCCTGCCACCAG,0,0,0.003423868,0,0.111239878,455,166.1534251,0,-0.543478261,0,0,0,0
1723,TCCTCTTACCCAGCCTCCTTAGA,0,0,0,0,0.105393,455,189.3124366,0.008695652,-0.260869565,0,0,1,0
1724,GGTGTGTGAGTGTGTGGATGGAG,0,0,0.003839298,0.230876006,0.224372457,492.5,172.7022357,0.004347826,-0.608695652,0,0,0,0
1725,GACCCCCCCCCCACCGCCACCAG,0,0,0.011396011,0,0.096798812,357.5,169.6227789,0,0.152173913,0,0,0,0
1726,CCTGTGCATGCAGAGACACATAG,0,0,0.021661201,0.761576737,0.749905063,620,211.0206796,0,-0.130434783,0,0,0,0
1727,TGTAAGGATGAATGAGAAGTAAG,0,0,0.032263374,0.36082635,0.348646558,552.5,192.4377886,0.039130435,-0.065217391,0,0,0,0
1728,AACACCAGTGAGGAGGTTGGGAG,0,0,0.002090301,0.00675251,0.006554634,345,146.0028092,0,-0.52173913,0,0,0,0
1729,TGGATGGATAAATGTTGAGTGAG,0,0,0,0,0.035406129,455,178.7530358,0.030434783,0.173913043,0,0,0,0
1730,TGTGTGTGAGTGTGTGCATATGA,0,0,0.01638986,0,0.136699648,485,155.3507468,0.039130435,-0.130434783,0,0,0,0
1731,AGGAAAACCAGTGAGAAGAGTGG,0,0,0.709090909,0,0.327883914,560,201.0855901,0,0.217391304,0,0,0,0
1732,GAGCCCCTGCACCCAGCCCCAAG,0,0,0.004919351,0,0.080525945,455,169.7571981,0.608695652,0.086956522,0,0,0,0
1733,GGCACTGGAGCTGGAAGAGGAGA,0,0,0.019132653,0,0.029470076,485,169.4286435,0,-0.347826087,0,0,0,0
1734,GAAATCCCTGGTGCAGGACCTGG,0,0,0.006221719,0,0.311591569,455,186.7520688,0.808695652,0.52173913,0,0,0,0
1735,CCTATCCAGGCAGAGGCACAGGG,0,0,0.031828704,0.145916752,0.143454022,552.5,192.4320573,0,-0.239130435,0,0,0,0
1736,CCCATTTATTCAGGGACACACAG,0,0,0.085911402,0.079846582,0.077399177,522.5,198.3999141,0,-0.260869565,0,0,0,0
1737,AGCATCCATTCTGCAGCACATGG,0,0,0.125357143,0,0.687682923,552.5,178.4345831,0,-0.173913043,0,0,0,0
1738,TGTGAATGCGTGTGTGTGTGTGA,0,0,0.018518518,0,0.225335527,552.5,192.4681246,0,-0.239130435,0,0,0,0
1739,TGTCTGTGAGTGTGTGTGTGCAG,0,0,0.023291741,0,0.609583333,552.5,196.0519689,0.004347826,0.130434783,0,0,0,0
1740,AAAAGAAAAAAAGAGGAACAGGG,0,0,0.207407407,0,0.36403873,552.5,189.9653717,0,-0.02173913,0,0,0,0
1741,CCCTCTGTCCCTAGATGGCTTGA,0,0,0.005557661,0,0.168767057,455,172.6726231,0.073913043,0.260869565,0,0,0,0
1742,TGTATGGAGGAGTGGGGATTAGA,0,0,0.010866769,0,0.064842495,357.5,166.000878,0,-0.369565217,0,0,0,0
1743,GGAGAGAGAGTGTGTGCAAGAGA,0,0,0.008585165,0,0.065831932,485,160.117486,0,-0.413043478,0,0,0,0
1744,GACATGTTTTGCTTGTTCTGCAG,0,0,0.000477774,0,0.180287865,357.5,167.2426159,0,-0.413043478,0,0,0,0
1745,GGGGGTGGGGAGGTTGCCCCAGG,0,0,0.046583851,0.071390727,0.068980913,455,181.6177622,0,-0.369565217,0,0,1,0
1746,GGTGTGAGGGTGTGTGCCTGTAG,0,0,0.026187804,0,0.122948862,552.5,186.1453856,0.073913043,0.195652174,0,0,0,0
1747,GATGAGTGTGTGTGTGTGGGGGG,0,0,0.059230769,0,0.117323456,485,163.2661086,0,-0.173913043,0,0,0,0
1748,GGAAGGCCTTCTTCAGAACCTGG,0,0,0.0448,0.135498222,0.135498222,455,185.6402644,0,0.086956522,0,0,0,0
1749,GCCTCCCTATAGCCCAGCCATGG,0,0,0.210561497,0.059780181,0.057947838,455,179.6129992,0.27826087,0.369565217,0,0,0,0
1750,GACATCGAAGAAGATTTTTGTGA,0,0,0.000835561,0,0.098205585,357.5,160.3369748,0,-0.217391304,0,0,0,0
1751,AAAAGGGAAGAAGAAGTACAGAG,0,0,0.038731542,0,0.093833394,455,181.3472834,0.047826087,-0.195652174,0,0,0,0
1752,GGTGAGTGTGGGTGTGAGTGTGG,0,0,0.112,0,0.348882289,462.5,189.2240249,0.308695652,0.195652174,0,0,0,0
1753,AAAGGAGAAGAACAGAAACAGAG,0,0,0.031838856,0,0.038521809,387.5,170.5525425,0.030434783,-0.173913043,0,0,0,0
1754,GAGTTAGTGCAGAAGAATAAGAG,0,0,0.043771044,0.181305258,0.178245253,552.5,187.6025458,0.613043478,-0.652173913,0,0,0,0
1755,TGGATGGATGAATGAGTAATGAG,0,0,0.024691358,0,0.208575033,492.5,164.7061086,0,-0.695652174,0,0,0,0
1756,TGGATGGATGAAGGTGGGGTGAG,0,0,0.002885668,0,0.017770456,357.5,166.1105443,0.02173913,-1.043478261,0,0,0,0
1757,CACCCCCCGCACCCCGCCCCAGG,0,0,0.121979826,0,0.321904489,552.5,181.3924028,0,0,0,0,0,0
1758,AAATGAGAAGATGATTCAAAGGG,0,0,0,0,0.009751092,290,149.2404522,0.030434783,-0.326086957,0,0,0,0
1759,GGTGTGTGTGTGTATGTGTGAGA,0,0,0.00530303,0,0.05268594,455,181.3266039,0.039130435,-0.739130435,0,0,0,0
1760,GACCCCCTCCACCAGGCATTAGA,0,0,0.000196314,0,0.004454793,290,130.7928606,0.482608696,-0.043478261,0,0,0,0
1761,GGTGGGTGTGTGAGTGCCTGTGG,0,0,0.142417582,0,0.069665021,455,179.0292458,0,-0.108695652,0,0,0,0
1762,TGGTTTAAGGAAGGAGGAGTTGG,0,0,0.110671937,0.228792914,0.228792914,522.5,204.6579147,0.004347826,-0.086956522,0,0,0,0
1763,TGGATGGAAGAATGGTGACTAGG,0,0,0,0,0.012693183,387.5,152.9967722,0.056521739,0.260869565,0,1,0,1
1764,AAAAGAGAAAACGAGGAACAAAG,0,0,0.014150603,0,0.262235805,455,184.6324521,0,-0.065217391,0,0,0,0
1765,TTGATGTAGGTATAAGGAGTGGG,0,0,0.083916084,0,0.084899764,425,198.7075508,0,0.043478261,0,0,0,0
1766,AATTTAGTAGACGAGGCACATAG,0,0,0.00619195,0.694060843,0.694060843,522.5,206.5677626,0,-0.043478261,0,0,0,0
1767,GCCTCTTTCCCACTACCCTCAAG,0,0,0,0.003909308,0.003909308,325,138.927768,0.291304348,0.326086957,0,0,0,0
1768,AGAATTCCTTCTGCTGCAGCAGA,0,0,0.001450893,0,0.085423231,455,172.4589945,0,0.304347826,0,0,1,0
1769,GGTGAGTCAGTGAGTGAATGAAG,0,0,0.035685025,0,0.041781429,387.5,160.1914182,0,-0.130434783,0,0,0,0
1770,GGGGACTGAGTGTGGGAGTGCAG,0,0,0.00206229,0,0.092519726,455,181.6928834,0,-0.586956522,0,0,0,0
1771,CGTGAGTGTGTGTCTGTGTGTGA,0,0,0.005952381,0,0.055495857,455,182.6149239,0.034782609,0.02173913,0,0,0,0
1772,TTCTCCCCCAAGGCTGGCCACAG,0,0,0.018365473,0,0.355433782,522.5,205.5008991,0,-0.152173913,0,0,0,0
1773,GGAATTCCTTCTGCAGCTATTGG,0,0,0.059693878,0.024231341,0.023413405,442.5,124.1050829,0,-0.739130435,0,0,1,0
1774,CCCTGCCCTCCAGAGACCCAAAG,0,0,0.008619529,0.304912664,0.294620253,552.5,188.5149298,0,-0.086956522,0,0,0,0
1775,GCAATTCCTCCTGCAGCCCCAGA,0,0,0.004535147,0,0.172919285,552.5,186.7589463,0,0.152173913,0,0,0,0
1776,GCCTCTTTCCTAAGGACCTTAAG,0,0,0,0,0.011192246,265,177.6243895,0.626086957,2.869565217,0,0,0,0
1777,GGTGGGGGTGGGTTTGCTCCTGG,1,0.004518753,0.108333333,0,0.456378813,522.5,207.6085359,0,0.5,0,0,0,0
1778,GGGATGGAGGGCTGGGGAGTTGG,0,0,0.106350115,0.113844557,0.110001703,327.5,191.0467943,0.695652174,-0.130434783,0,0,1,0
1779,GGTGTGTGTGTATATGCGTGTAG,0,0,0.03959596,0,0.064083778,425,194.5966146,0,-0.5,0,0,0,0
1780,CAAGTGTGTGGAGCTGAGGCTGG,0,0,0.025252525,0,0.253408778,522.5,197.3780612,0.12173913,0.065217391,0,1,0,1
1781,GACCCTGAAGCAGATTTTTATAG,0,0,0.006827731,0.108990545,0.107052935,455,165.1957945,0,-0.369565217,0,0,0,0
1782,GGTGTGTGTGTCTGTGTGTGTGA,0,0,0.003743315,0,0.173969682,455,185.2496881,0,-0.173913043,0,0,0,0
1783,GTCCCCCCGCACCCCTCCTCAGA,0,0,0,0,0.15797057,552.5,194.6119768,0,-0.130434783,0,0,0,0
1784,TGTGTGTTTGTGTGTGCGTGCAG,0,0,0.035353535,0.860350791,0.833979885,620,210.8520827,0.104347826,0.152173913,0,0,0,0
1785,GGCAGTGTGGCTGGAGAAGGAGG,0,0,0.326666667,0,0.113428797,485,168.4024187,0,-0.108695652,0,0,0,0
1786,AGTGAGTGAGTGAGTGAGTCTGG,0,0,0.124615385,0,0.103916143,387.5,151.5769685,0,-0.173913043,0,0,0,0
1787,TGGAAGGAGGATAGGGGAGTGGG,0,0,0.075,0,0.073007317,327.5,186.4892374,0,-0.717391304,0,0,0,0
1788,TGTGAGTGAGACTGTGCATGTGA,0,0,0.019089366,0,0.08473962,357.5,179.8304826,0,-0.02173913,0,0,0,0
1789,AGTGAGTGAGTGAGTGAGTCTGA,0,0,0.008653846,0,0.103916143,387.5,151.5769685,0.091304348,-0.652173913,0,0,0,0
1790,GGGCGGGGAGCGTTTGCACCCGG,0,0,0.11092437,0.103397409,0.099907201,455,182.7132027,0.373913043,-0.130434783,0,0,0,0
1791,GGTGAGTCTGTGGGTGCCTGTGG,0,0,0.045867176,0,0.066307671,455,177.2177489,0.539130435,-0.782608696,0,0,0,0
1792,AAACATACACCATAGACTGCTGA,0,0,0.00994898,0,0.797205949,620,209.3224626,0,1.391304348,0,0,0,0
1793,GGTGAATGGGTGTATGTGTGAAG,0,0,0.060493827,0,0.03033885,455,180.8289399,0,-0.108695652,0,0,0,0
1794,AAATGAGAAAAAGAAGCAAAGAG,0,0,0.097603486,0.213169636,0.207772937,462.5,170.4532421,0.008695652,0.108695652,0,0,1,0
1795,ATAAGAGAAGAAGAGGCAGGAGG,0,0,0.033104151,0.219695863,0.219695863,485,150.2008001,0.069565217,0.456521739,0,0,0,0
1796,CCAGCCTGCCCTCTGCTCACAGA,0,0,0.008290816,0,0.365828778,522.5,196.373425,0,-0.391304348,0,0,1,0
1797,AAGTTCACCAGTGAATAGAGTGG,0,0,0.184286302,0,0.402848101,522.5,202.5910584,0,-0.02173913,0,0,0,0
1798,TGCGAGTGTGTGTGTGCATGTGA,0,0,0.012362637,0,0.186959075,552.5,189.2888864,0.769565217,1.282608696,0,0,0,0
1799,AACCCCCTCCACCCCAGCTGTGA,0,0,0.000216263,0,0.046184952,417.5,143.7878631,0.017391304,0.043478261,0,0,0,0
1800,GACTAGTTTTCAGTGCTCTCTGG,0,0,0.086956522,0.19249863,0.187365333,462.5,192.3239336,0,-0.47826087,0,0,0,0
1801,GGAACTGTGGCTGGAGGTGGCAG,0,0,0.196604938,0,6.244666667,635,217.972183,0,-0.304347826,0,0,0,0
1802,AGCACTGCTGCTCCAGGTGGGAG,0,0,0.02245614,0,0.052959633,425,194.1017145,0.086956522,0.413043478,0,0,0,0
1803,GGGGCGTGTGTGTGTGTGTGTGG,0,0,0.07,0,0.348646558,552.5,192.4377886,0,-0.695652174,0,0,0,0
1804,GGTGTATGAGTGTGCGTGTGTGG,0,0,0.046280992,0,0.093833394,455,180.9325634,0,-0.739130435,0,0,0,0
1805,GCCTGGTTTTCTGGATGGATCAG,0,0,0.06763285,0,0.344612998,620,211.0710548,0,-0.043478261,0,0,0,0
1806,GTTGAGTGAGTATGTGAGTGTAG,0,0,0.071859334,0,0.596845771,462.5,191.4577885,0,0.543478261,0,0,0,0
1807,TGTGAGTGCGTGTGTGTGCGTGA,0,0,0.005108557,0,0.123933228,485,163.5061086,0.004347826,-0.239130435,0,0,0,0
1808,AGGAACACCAGTGCCTAGAGTAG,0,0,0.012727273,0.122175201,0.118733646,432.5,194.3137938,0.847826087,1.152173913,0,0,0,0
1809,GAATGAGAAGATAAGGAACACAG,0,0,0.037226971,0,0.116067105,357.5,180.9984679,0,0.195652174,0,0,0,0
1810,GGCACTGCGGGTGGGGCTGGGAG,0,0,0.009912854,0,0.145653695,365,178.9767837,0,-0.347826087,0,0,0,0
1811,CCCTCTGACTCTGGAGGGAAAGG,0,0,0.12239011,0.113563,0.113563,485,160.3858372,0,-0.260869565,0,0,1,1
1812,AAAATCCCTTCTTCAACACCCAG,0,0,0.059230769,0.105393,0.105393,455,192.1722536,0.547826087,0.543478261,0,0,0,0
1813,GAACACAAACCATACAATCCTAG,0,0,0.005916638,0.042827353,0.042827353,387.5,148.267131,0,2.086956522,0,0,0,0
1814,GGCACTGTGAGTGGAGGTGGCAG,0,0,0.052932099,0,1.18582967,530,206.0783629,0,-0.456521739,0,0,0,0
1815,GCTGCCCCAAAGCCTGGTCACAG,0,0,0.071614583,0,0.60893267,560,193.5750667,0.013043478,-0.239130435,0,0,0,0
1816,CCCTTCATCTCTGGATGGATGGA,0,0,0.018939394,0,0.958618437,630,214.9425152,0,0.065217391,0,0,1,0
1817,CACATCCATACACAAACACAAAG,0,0,0.064757656,0.146050935,0.14358594,425,190.2619215,0.365217391,0.02173913,0,0,0,0
1818,GGGTGGGGGGAATTTGAAACTGA,0,0,0.008641975,0,0.015962717,345,134.3264553,0,-0.086956522,0,0,0,0
1819,CCCACCCATACACACACACAGGA,0,0,0.006911217,0,0.136666136,425,189.2136015,0,-0.304347826,0,0,0,0
1820,AAATCAAAAGAAGAGATACAAAG,0,0,0.095061728,0,0.067985517,485,177.2539622,0,-0.434782609,0,0,0,0
1821,TCCCCACCAAAGCCTGGACAGAG,0,0,0.083877996,0.194673387,0.187751667,552.5,191.1170827,0.034782609,-0.413043478,0,0,0,0
1822,GGATGGAGGTAGTTTGTTCCTGG,0,0,0.284375,0.371481653,0.358942188,552.5,190.3109717,0.973913043,-0.108695652,0,0,0,0
1823,AAATGAGAGGAAGAGGAAGAGGA,0,0,0.002700617,0,0.208575033,492.5,164.7061086,0,-0.413043478,0,0,0,0
1824,GGTGAATGCGTGAGTGGGTGAGA,0,0,0.001616031,0,0.078799562,455,182.968804,0.143478261,0.130434783,0,0,0,0
1825,GGGACTGGGGCTGGAGTGGGAGA,0,0,0.001860119,0,0.117805637,485,169.1627387,0.169565217,-0.043478261,0,0,0,0
1826,GAAAGAGAAGAGGAAGCACAAGG,0,0,0.323685029,0.205125328,0.198201266,425,196.403278,0.530434783,0.586956522,0,0,0,0
1827,AAATGGGAAGAACATGGACATAG,0,0,0.000655233,0,0.034563474,357.5,172.7215628,0.013043478,0.5,0,0,0,0
1828,GCTTGTGTCTTTGGATGCATGAG,0,0,0.023844915,0,0.16982371,455,187.018583,0,0,0,0,0,1
1829,TAACACAAAGCAGAAACTCCAGA,0,0,0.007643237,0,0.054642629,357.5,164.745658,0.060869565,0.239130435,0,0,0,0
1830,GGTGAGTGTGTGTGTTTGAGGGG,0,0,0,0,0.018234609,417.5,146.2176828,0,-0.652173913,0,0,0,0
1831,TACATGGTGGAATGAGGTGTAGG,0,0,0.069737954,0.311526923,0.305988667,552.5,189.9088498,0,0,0,0,0,0
1832,GGCTCTGCGGCTGGCGTCGGCGG,0,0,0.018595041,0,0.030398918,387.5,157.7099341,0,1.630434783,0,0,0,0
1833,ATAAACCACTACATCATCAACAG,0,0,0.121212121,0.263830349,0.254924684,555,200.2699741,0.4,-0.260869565,0,0,0,0
1834,AAAGGAAAAGAACAGGTACAGGG,0,0,0.122807018,0,0.152967414,455,185.4577876,0.008695652,0.152173913,0,0,0,1
1835,GCCTCCCTGTGGCCTGGCCATGA,0,0,0.023233251,0,0.407554835,527.5,200.9185826,0.1,0.043478261,0,0,1,0
1836,GGGTGGTGGGAGGTGGCTGCAGG,0,0,0.000931677,0.033541582,0.033541582,357.5,162.3624772,0,-0.391304348,0,0,0,1
1837,CAATTTGAGCAGAAGAAGAAAAG,0,0,0.082070707,0.801938915,0.778438874,620,215.597696,0.804347826,3.304347826,0,0,0,0
1838,GTCTCCTTCCCACCCTCCCTGGG,0,0,0,0.053813286,0.051899925,485,169.1375902,0.282608696,0.434782609,0,0,0,0
1839,TGTGAGTGGGTGTGTGTGGGGGG,0,0,0.077777778,0,0.123933228,485,163.5061086,0.217391304,0.086956522,0,0,0,0
1840,GGCAAAGGGGGTGGAGGTGGTGG,0,0,0.079591837,0,0.458313578,522.5,206.7957953,0.013043478,0.108695652,0,0,0,0
1841,TAGATGGAGGACTGGAGAGTAAG,0,0,0.037524366,0,0.034090618,357.5,179.7484521,0.008695652,NA,0,0,0,0
1842,TGTGAGTGAGTGTGTGTGCGGGG,0,0,0.128735632,0.433940678,0.433940678,492.5,168.665889,0.02173913,0.282608696,0,0,0,0
1843,GACACAGAAGAAGGCTTTTTTGA,0,0,0.006155303,0,0.019183372,327.5,185.3377261,0,0.086956522,0,0,0,0
1844,GGCACTGGGGCTGGCGGACGGGA,0,0,0.003638603,0,0.023673199,387.5,145.7218282,0.147826087,-0.391304348,0,0,1,0
1845,TGTGTGTAGGTGTGTGCGTGTAG,0,0,0.06285073,0,0.833979885,620,210.8520827,0,-0.413043478,0,0,0,0
1846,CCCATACAAGAAGAGACACAAGA,0,0,0.017464451,0,0.246570675,525,202.2324155,0,-0.02173913,0,0,0,0
1847,GAGACCAGTGAGCAAAGCGGGAG,0,0,0.096319229,0.159089701,0.153719584,425,194.9656579,0.160869565,0.239130435,0,1,0,1
1848,GGTGTGTGAATGTGTGTGTCAGA,0,0,0.004713805,0,0.234114746,485,154.7962326,0.52173913,2.239130435,0,0,0,0
1849,GAGTCCGGGGAGAAGGAAAAAAG,0,0,0.00984367,0.04514742,0.04442216,485,168.3966874,0,0.130434783,0,0,0,0
1850,AGCAGCAGTGGGTAGAGCTGTAG,0,0,0.053925926,0.287011089,0.27680625,455,180.6935964,0,-0.152173913,0,0,0,0
1851,AAAGGAGAAGAAGAAGAAAAAAG,0,0,0.030501089,0,0.051461025,387.5,152.3852674,0,-0.282608696,0,0,0,0
1852,GAGCAGAAATCAAAGACTGCAAG,0,0,0.044560185,0,0.30419944,522.5,202.394959,0.752173913,0.173913043,0,0,0,0
1853,GAGTTAGAGAAGAAGAAGCAGAG,0,0,0.027470103,0.273051741,0.263834804,552.5,180.3859596,0.2,3.152173913,0,0,0,0
1854,AAATGAGAAGTCAAGGCAAAGGA,0,0,0.002224496,0,0.04543536,295,165.0064954,0.182608696,-0.543478261,0,0,1,0
1855,GATTTGTTGTTGTTGTTCTCTGA,0,0,0.006567828,0,0.235359502,425,200.7660355,0,0.195652174,0,0,0,0
1856,GGTCAGTGAGTGGGTGGGGGGAG,0,0,0.000526553,0,0.074311256,387.5,157.0929685,0,-0.239130435,0,0,0,0
1857,CCCTGTTCACCTGGATGGATAGA,0,0,0.018140589,0,0.501549463,625,204.7654855,0.186956522,-0.869565217,0,0,0,0
1858,AAACACAGAGCACAGACTGGCAG,0,0,0.007946336,0.275077841,0.26991206,455,169.4632626,0.026086957,-0.152173913,0,0,0,0
1859,AAATGGGAGGAAGAGGAATAAGG,0,0,0.102564103,0,0.067386732,485,161.7201246,0,-0.760869565,0,0,0,0
1860,TGTGAGTGAGGGTGAGGGTGAGG,0,0,0.013622291,0,0.090669425,357.5,177.7767837,0.030434783,0.304347826,0,0,0,0
1861,TAGTTGGTTTCTTTGTTCTCTGG,0,0,0.098039216,0.489779442,0.474043556,522.5,208.5727188,0.4,-0.804347826,0,0,1,0
1862,GGCTTTGCTGCTGGAGGTGGAGG,0,0,0.215977961,0,1.482630907,627.5,214.2782996,0,-0.217391304,0,0,0,0
1863,GGTGAGTGAGTGTGTGTGTGAGG,1,0.008690715,0.466666667,0,38.5,575,201.8138889,0,-0.173913043,0,0,1,0
1864,TGTGTGTGAGTGTGGGTGTGGGG,0,0,0.008484848,0,0.163368333,455,182.7185474,0.013043478,0.52173913,0,0,0,0
1865,TGGATGGATGAATGAGTTTTAGA,0,0,0.00308642,0,0.020778974,442.5,138.0827754,0,-0.043478261,0,0,0,0
1866,TGAATCCCATCTCCAGCACCAGG,1,0.009781791,0.390977444,0,0.703080282,530,206.9408991,0.008695652,0.260869565,0,0,0,0
1867,TATTTAGTTTCATTGTTCTCTGA,0,0,0.02808415,0,0.556118521,620,214.5028352,0,-0.47826087,0,0,0,0
1868,GGGATGGGGGAATGGCGAGTCAG,0,0,0,0,0.072985333,455,184.6047356,0,-0.065217391,0,0,0,0
1869,GGCTCTGCAGCTGGCGGTGACGA,0,0,0.007263688,0,0.108114617,455,163.0219981,0.473913043,1,0,0,0,0
1870,GGTGAGTGTGGGTGTACATGTGA,0,0,0.011538461,0,0.016355892,387.5,166.2983768,0,0,0,0,0,0
1871,GGTGTGTGTGTGTGAGTGTGTGA,0,0,0.004093567,0,0.094763973,455,178.758767,0,3.52173913,0,0,0,0
1872,GGTGGGGGAGTGAGTGCTTGTGG,0,0,0.195475113,0,0.07787432,455,180.6058454,0,0.152173913,0,0,0,0
1873,AAAAGAAAAGAAGAGGCAAGAAG,0,0,0.040460629,0,0.142049486,485,148.0576193,0.052173913,-0.282608696,0,0,0,0
1874,GGTGAGTGTCTGTGTGCAAGCAG,0,0,0.012307692,0,0.049707623,485,154.07715,0,-0.130434783,0,0,0,0
1875,GCCATCAATCCAGTGACAGAGAG,0,0,0.011835749,0,0.053615801,455,174.4296346,0.160869565,0.304347826,0,0,0,0
1876,GACACAGAATCATAGTTTGTGGA,0,0,0.003929501,0,0.102104069,455,172.1749591,0.02173913,-0.239130435,0,0,0,0
1877,GGGTGGGGGGGGTTTGGTAATGG,0,0,0.008193277,0,0.040156499,320,124.0982054,0.043478261,0.52173913,0,0,0,0
1878,CTTGTGTGAGTGTGTGTGTGAGA,0,0,0.005356596,0,0.609583333,552.5,196.6855689,0,-0.02173913,0,0,0,0
1879,GGTAAGTGTGTGTGTGCATGTGG,0,0,0.373846154,0,0.37734063,560,190.1432864,0.130434783,0.108695652,0,0,0,0
1880,GAATTGTTTTTATTTGTCTCTAG,0,0,0.003418803,0,0.037917497,357.5,180.9464688,0,0.02173913,0,0,0,0
1881,AACTTGTTTTCATTTCTCTTGGA,0,0,0.001785714,0,0.032149525,387.5,150.5669526,0,-0.043478261,0,0,0,0
1882,TGTGTGGGAGTGTGTGGGTGTAG,0,0,0.003262149,0.42388108,0.416345417,552.5,194.5423881,0,-0.043478261,0,0,0,0
1883,GTCTTCATAGCCATTATCTGTGA,0,0,0.012030022,0,0.219371873,455,188.7270244,0,-0.152173913,0,0,0,0
1884,TTATAAGACCCAGCATCCGTAAG,0,0,0.078741965,1.286675824,1.286675824,625,217.5584,0,0.195652174,0,0,0,0
1885,TGTAGGGAGGGGTGAGGAGTGGA,0,0,0.010432099,0,0.385203768,425,203.4374958,0.004347826,0.02173913,0,0,0,0
1886,AGTGAGTGTGGGGGTGCGTGGAG,0,0,0.014608696,0,0.197265749,425,199.5108154,0,-0.282608696,0,0,0,0
1887,ATGGATGCCAGGGAGTAGAGGGA,0,0,0.01422444,0,0.277495246,522.5,206.4411348,0,-0.108695652,0,0,1,0
1888,CTCTCTGTCTCTCAATGGATCAG,0,0,0.058479532,0.086676978,0.086676978,425,196.5331748,0,-0.217391304,0,0,1,0
1889,AACCACCTCTACATCCTTAAAGG,0,0,0.062510719,0,0.305988667,552.5,189.2752498,0,-0.413043478,0,0,0,0
1890,GGCTCTTTCCTACCAAGCTTAGA,0,0,0.000194305,0,0.090669425,357.5,177.5367837,0.008695652,0.065217391,0,0,0,0
1891,AAATGAGAAAAATAAGAACAGAG,0,0,0.031883805,0,0.050197315,357.5,169.5158104,0,0.173913043,0,0,0,0
1892,GACCCCATCCACCCCCTCCCCAG,0,0,0,0,0.021415438,417.5,147.7942823,0,-0.413043478,0,0,0,0
1893,GAATTGTTTTCATCATTCTCGGG,0,0,0.233053222,0.117071375,0.117071375,432.5,194.0257938,0,0.130434783,0,0,0,0
1894,ATGAAAACCTGAGGGTAGAGAAG,0,0,0.079302832,0.057517596,0.055754605,425,193.0669945,0,-0.434782609,0,0,0,0
1895,GGCTCTTGCCCACCCAGCTCCAG,0,0,0.000707272,0.268517165,0.268517165,485,157.736472,0,0.5,0,0,0,0
1896,GTGATGGAGGAATGAGATGTAGG,0,0,0.284057971,0.123883065,0.119478333,485,172.5505557,0,0.304347826,0,0,0,0
1897,ATATTAGAAGAAGAGGAAGAGAG,0,0,0.003299663,0.199097782,0.19201875,485,165.937569,0,0.108695652,0,0,0,0
1898,CGTGAGTGGGTGAGTGAGTGTGG,0,0,0.153846154,0,0.144140246,455,184.754788,0,-0.108695652,0,0,0,0
1899,ACATAAGAAGAATGGGCACAGAG,0,0,0.024716049,0,0.086676978,425,196.5331748,0,-0.195652174,0,0,0,0
1900,CAGCCCCTCCACCCCTCCTCCAG,0,0,0,0,0.534369486,560,202.5835741,0.513043478,0.195652174,0,0,0,0
1901,ATATGAGTAGAAGAGGGACGAAG,0,0,0.003634966,0,0.268517165,485,157.736472,0,-0.02173913,0,0,0,0
1902,ACCTGCCCACAGCCTGGCCAGGG,0,0,0.18,0,2.461181435,627.5,214.1199436,0,0,0,0,0,0
1903,AGCACTGTGGCTGGGGGAGGCGG,0,0,0.34125,0,0.083169333,455,176.4698282,0,-0.608695652,0,0,0,0
1904,GGGATGTAGAACTGAGGAGTAGG,0,0,0.134248665,0.45749175,0.44279322,522.5,204.1089823,0.017391304,-0.152173913,0,0,0,0
1905,GGGAAAGCCCCAGCTTCCATGAG,0,0,0.015873016,0.244136986,0.237626667,462.5,172.3451615,0,4.173913043,0,0,0,0
1906,AATGTTCACTACATCTTCACCAG,0,0,0.006121824,0,0.068705615,485,161.6996702,0.026086957,-0.260869565,0,0,0,0
1907,AAATAAGAAAAAGATGCAGACAG,0,0,0.003744856,0,0.116872277,455,167.9649221,0,0.239130435,0,0,0,0
1908,CCTGCCTCCCCTATGCTCCCCAG,0,0,0.005363985,0.043049833,0.043049833,357.5,159.7539215,0,0.130434783,0,0,0,0
1909,AAATGAGAAAATGAATCACAAAG,0,0,0,0,0.028510336,357.5,174.9967157,0,0.02173913,0,0,1,0
1910,GACACCAGGGAGTAAAGCAGAGA,0,0,0.028900449,0,0.086270403,455,170.2851981,0,-0.673913043,0,0,0,0
1911,GCCACTGTTGGTGGAGGTGGTGG,0,0,0.080769231,0,0.485165286,522.5,205.670319,0,0.47826087,0,0,0,0
1912,GAGTCTGAGCATCAAAAGAAAGA,0,0,0.004914246,0,0.044169427,327.5,185.9915734,0,-0.02173913,0,0,0,0
1913,CCTCCCTCACAGGGAAGTAATGA,0,0,0.005689776,0,0.275145253,522.5,201.4961976,0,0.260869565,0,0,0,0
1914,GCCCCTTTGCCACTCACCCTCAG,0,0,0.021008523,0.045405701,0.045405701,455,171.9794351,0.02173913,-0.717391304,0,0,0,0
1915,AAAGACAAACCATAGACTGAGAG,0,0,0.023333333,0,0.642348856,552.5,176.1970637,0,-0.391304348,0,0,0,0
1916,GGGACAGCGTCTGGAGGTTGCAG,0,0,0.060853909,0,0.27401531,552.5,181.1462796,0,-0.326086957,0,0,0,0
1917,GGCACAGTGGCTGGAGGCCGAGG,0,0,0.145689655,0,0.056147255,485,158.1428658,0,0.108695652,0,1,0,0
1918,GGTGTGTGTGTGTGTGTGTTCGG,0,0,0.071272727,0,0.155313909,485,155.8281887,0,-0.413043478,0,0,0,0
1919,GTCCCCCTCCATTCCCCCTCAGG,0,0,0,0,0.04922787,357.5,184.4561531,0,-0.391304348,0,0,0,0
1920,GGTTTGTGAGTGAGTGAGTGTGG,0,0,0.042720916,0,0.223964003,455,186.5526484,0.060869565,0.282608696,0,0,0,0
1921,CTCATCTTAGCCATGACCTGTGA,0,0,0.001653439,0,0.468666667,432.5,199.9628947,0,-1.02173913,0,0,0,0
1922,TAGATGGAGGAGTGTGGTGTAGG,0,0,0.061111111,0,0.040919312,357.5,171.6135447,0,0.130434783,0,0,0,0
1923,AAATGGGAAGAGGAGAGACAGGG,0,0,0.030345471,0,0.028201044,387.5,171.4233786,0,-0.152173913,0,0,0,0
1924,AAGAGAGAAGAAGAGGAAGAGGA,0,0,0.001178841,0,0.189330488,485,166.064289,0,-0.369565217,0,0,0,0
1925,GATGAGTGTGTGTGTGTGTGCGG,0,0,0.236923077,0,0.741204809,560,195.2141086,0,0.065217391,0,0,0,0
1926,AAATTAGAAGAATAGGCACTGAG,0,0,0.014,0.524136923,0.508491045,462.5,172.4747595,0,0.47826087,0,0,0,0
1927,AAAGGAGAAGGAGAGGGAGAGGG,0,0,0.002987132,0,0.106570406,387.5,160.3622053,0,-0.630434783,0,0,0,0
1928,GTGTCAGAGCAGAAAAAGAGTGG,0,0,0.486046825,0,0.113084086,455,165.8293945,0,0.043478261,0,0,0,0
1929,AACAGAGAAGAAGAGGCAGAGGA,0,0,0.001771542,0,1.040777778,560,188.2504001,0,0.043478261,0,0,0,0
1930,ACGGTGAGGAGAGCGGTGGCTGG,0,0,0.050440917,0.373887938,0.367241041,552.5,193.7261086,0.030434783,0.02173913,0,0,0,0
1931,AAGGAGACCAGTGAGAAGAGCAG,0,0,0.062321937,0,0.156419304,552.5,199.0119901,0.186956522,-0.434782609,0,0,0,0
1932,TGGATGGATGATGGAGGGGTGGG,0,0,0.018550725,0,0.032623374,357.5,172.6014654,0,0.065217391,0,0,0,0
1933,CAGTGTGTCTCCGGATGGAGCAG,0,0,0.015761328,0,0.338339998,455,173.5782996,0.473913043,0.47826087,0,0,0,0
1934,AGTGTGTGAGTGTGTGTGAGAGA,0,0,0.003030303,0,0.202836708,485,166.177569,0.404347826,0.652173913,0,0,0,0
1935,GCCTTTGTCTCAGGATGGAATGA,0,0,0.008559783,0,0.343144014,455,173.0579796,0.017391304,0.043478261,0,0,0,0
1936,AGAGAGTGTGTGTGTGTGTGTGA,0,0,0.0125,0,0.367241041,552.5,193.7261086,1,0.195652174,0,0,0,0
1937,CGTGTGTGGGTGTGTGTGTGTGA,0,0,0.005611672,0,0.372455417,552.5,192.9657886,0,0.086956522,0,0,0,0
1938,AGAGAGTGTGTGTGTGTGTGTGG,0,0,0.18,0.373887938,0.367241041,552.5,193.7261086,0.626086957,0,0,0,0,0
1939,GCCTGTTTCTCTGGAAGGATGAG,0,0,0.122968818,0.381545983,0.370156551,560,200.7283933,0,-0.47826087,0,0,1,0
1940,CACATCCATATATAGACACATAG,0,0,0.015084175,0,0.283021289,425,198.2388593,0.769565217,0.043478261,0,0,0,0
1941,TAGCCCCTCCACCCCACCACAGG,0,0,0.142857143,0,0.089349306,485,170.6355742,0,-0.173913043,1,0,1,0
1942,AAAGGAGAAGGAGAGAGACAGGG,0,0,0.023897059,0,0.055244454,387.5,173.8217793,0,0,0,0,0,0
1943,GGTGACTTTGTGTGTGTGTGAAG,0,0,0.030934343,0,0.20361644,552.5,189.3683076,0.073913043,0.347826087,0,0,0,0
1944,TGGAGGCAGGTATAAGGAGTGGA,0,0,0.007051282,0,0.080808209,425,197.6592308,0,-0.608695652,0,0,0,0
1945,GGAAACCCACCTGCAGCCCCAGA,0,0,0.003275384,0,0.16579195,552.5,183.5368299,0,0.195652174,0,0,0,0
1946,CCCTGTTTCTCTGAGTGGTTTGG,0,0,0.15,0.012913942,0.012913942,357.5,160.222613,0,1.391304348,0,0,0,0
1947,AGTGAGTGTGGGTGTGAGTGTGA,0,0,0.007,0,0.206712756,455,188.0240249,0.039130435,-0.130434783,0,0,0,0
1948,CCTGTGACAAGAGCAGAGGCAGG,0,0,0.379634207,0.242694227,0.242694227,522.5,197.4053811,0,0.043478261,0,0,0,0
1949,GGGAAAAACACAGCATACATAGG,0,0,0.288888889,0,0.1146722,485,160.0909718,0,0,0,0,0,0
1950,GGTGCGTGTGTGTGTGTGTTTGA,0,0,0.006805556,0,0.155313909,485,155.8281887,0,-0.391304348,0,0,0,0
1951,GGAAATGGGGCTGGTGGTGGTGA,0,0,0.004421769,0,0.397208228,522.5,200.0768415,0,0.173913043,0,0,0,0
1952,GCCACCTCATTCATTACCTGTGA,0,0,0.048363095,0,1.257112069,620,209.5801266,0,-0.130434783,0,0,0,0
1953,CGTGTGTGTGTGTGTGCGTTTGA,0,0,0.007575758,0,0.426140229,552.5,176.8142997,0,0.065217391,0,0,0,0
1954,GGGTGGGGGGTGTTAGGTGCTGG,0,0,0.001309836,0.025399982,0.024621439,290,147.0287837,0,-0.173913043,0,0,0,0
1955,GGTGTGTGTGTGTGTGCGGGTAG,0,0,0.014141414,0.606440299,0.606440299,560,184.4038997,0,0.108695652,0,0,0,0
1956,TGGAGAGAGGAGTGAGGAGGAAG,0,0,0.021147422,0,0.196530015,455,171.2719956,0.304347826,-0.152173913,0,0,0,0
1957,CTCCTCCATGCAGACACACAAGG,0,0,0.034030141,0.377392597,0.371023101,522.5,198.887642,0.013043478,-0.108695652,0,0,0,0
1958,GGTGTGAGAGTGTGTGTGTGTGA,0,0,0.010311448,0,0.781869327,560,195.7423881,0,-0.217391304,0,0,0,0
1959,GGTGAGCGAGTAGGTGAGTGGAG,0,0,0.020252281,0,0.071632981,357.5,178.6152871,0,0.586956522,0,0,0,0
1960,TGTGAGTGTGTGTGAGCATGTGA,0,0,0.016700405,0,0.050816463,455,175.6098648,0.695652174,0.956521739,0,0,0,0
1961,TGCAGTGAGCCTGGAGGTGGAAG,0,0,0.040444444,0,1.317695783,620,209.8201266,0,-0.173913043,0,0,0,0
1962,CCCTGTGCCTCTGCCTGGATAGG,0,0,0.116883117,0.104075171,0.101567336,432.5,191.4539768,0.07826087,0.434782609,0,0,0,0
1963,GAGTGGTTTCCATTGGTCTCTGG,0,0,0.059076923,0.238816288,0.234785634,552.5,195.1035177,0.239130435,-0.043478261,0,0,0,0
1964,GCCTGTGTCACTGGGTGGACAAG,0,0,0.01198946,0.17544422,0.172149493,455,162.8636421,0.02173913,-0.347826087,0,0,0,1
1965,CTGAACACCAGACAGGAGAGAGG,0,0,0.099942163,0,0.051853356,357.5,184.6961531,NA,-0.347826087,0,0,0,0
1966,TGGCTGGAGGATTGAGGGGACAG,0,0,0.006862745,0,0.063669228,387.5,148.0493663,0,-0.456521739,0,0,0,0
1967,AATCACCACTACATGCTGACCAG,0,0,0.000207962,0,0.034681612,387.5,141.5584452,0.934782609,4.717391304,0,0,0,0
1968,GAATTGGAGCAGAAAAAGAACAG,0,0,0.058229352,0.240310978,0.240310978,522.5,201.3906744,0,-0.086956522,0,0,0,0
1969,CAGTCTGAGCAGTTGAAGAATAG,0,0,0.027513227,0,0.052439572,425,196.2755108,0,0.108695652,0,0,0,0
1970,GGAAACCCTGCTGCAGTGCCAAG,0,0,0.012098765,0.106261363,0.104467922,485,166.5104992,0,0.217391304,0,0,0,0
1971,GGGATGGAACAATGAGGAGGTGA,0,0,0.003014249,0,0.392475151,552.5,173.1108833,0,0.97826087,0,0,0,0
1972,CCTGCCCGCGCTCTGCCCACCAG,0,0,0.052573529,0.102471954,0.100825818,455,178.5238696,0.056521739,-0.326086957,0,0,0,0
1973,GCATCCTCCCCTCCCACCTTGAG,0,0,0.06808829,0.41990681,0.41990681,522.5,206.0700986,0,-0.043478261,0,0,0,0
1974,ACTGCCTGCTCTCTGCTCACAAG,0,0,0.088020833,0.383984607,0.371023101,522.5,196.901425,0,-0.173913043,0,0,0,0
1975,ATGAAGACCAATGAGGAGAAGAG,0,0,0.042067308,0.037465562,0.036200902,387.5,156.7579065,0.008695652,-0.086956522,0,0,0,0
1976,GGCCCAGGCTCAGCACGGGAAGG,0,0,0.104761905,0.306195556,0.306195556,462.5,185.6467661,0.12173913,0.239130435,1,0,0,0
1977,TGTGCGTGCGAGTGTGCGTGTGA,0,0,0.014880952,0,0.485165286,522.5,207.7218159,0,-0.456521739,0,0,0,0
1978,ACTGCCTATGCTTTACTCACCAG,0,0,0.103217592,0.355433782,0.355433782,522.5,202.6410822,0,-0.260869565,0,0,0,0
1979,TTCCCCCTCCACCCCGCCGAGGG,0,0,0.090909091,0,0.219695863,485,151.0744001,0,-0.086956522,0,0,0,0
1980,AAATGAGAAAATGAGTCCCAAGG,0,0,0,0,0.020850843,387.5,163.780404,0,-0.260869565,0,0,0,0
1981,GGGAAGGACGAATCAGGAGTGGA,0,0,0.007664437,0,0.136846598,522.5,202.312715,0,-0.673913043,0,0,1,0
1982,CCAGTGAGTACAGCCAAGTCAGG,0,0,0.077922078,0.011347525,0.010999708,290,150.7264689,0,-0.608695652,0,1,1,0
1983,AAATGAGGAGAGGAGGCATCCGA,0,0,0.003858025,0,0.097144505,387.5,140.4984827,0.1,-0.369565217,0,0,0,0
1984,GGTGTATGTGTGTGTGGGTGTGG,0,0,0.012834225,0,0.213926133,552.5,191.1798046,0,-0.239130435,0,0,0,0
1985,TGTGTGTCAGTGTGTGGGTGTGA,0,0,0.000914119,0,0.609583333,552.5,193.825752,0,-0.913043478,0,0,0,0
1986,TGTGTGTCAGTGTGTGGGTGTGG,0,0,0.013163307,0,0.609583333,552.5,193.825752,0,-0.239130435,0,0,1,0
1987,GGCTCTGCGGCTCGCAGTGGAGA,0,0,0.00507467,0,0.026815181,357.5,177.331632,0,-0.086956522,0,0,0,0
1988,GAAGACAAACCATAGACTAGAAG,0,0,0.002178649,0,0.191548429,485,145.4490637,0.008695652,0.043478261,0,0,0,0
1989,TGTGAGTGTGTGTGTGTGAGTGA,0,0,0.005555556,0,0.123933228,485,163.5061086,0.117391304,0.52173913,0,0,0,0
1990,GGAGGGTGCGTGTGTGTGTGTGA,0,0,0.009523809,0,0.348646558,552.5,192.4377886,0.77826087,2.195652174,0,0,0,0
1991,GGCACTGGGGGTGCAGGGGGAAG,0,0,0.005952381,0,0.023189471,357.5,172.8075814,0,-0.065217391,0,0,0,0
1992,AAAATAGAAGAAGAGGTCCAAGA,0,0,0.000881834,0,0.113428797,485,170.6286357,0,-0.043478261,0,0,0,0
1993,TGGATGGATGGATGGGGGGTAAG,0,0,0.023367901,0,0.025484762,357.5,169.3797811,0,-0.065217391,0,0,0,0
1994,GACTGTTTCCCACAGACCTTGGG,0,0,0.007636364,0,0.060024367,425,191.8254738,0.169565217,0.260869565,0,0,0,0
1995,GGTTCTGGGGCTGGAGGAGGGGG,0,0,0.1875,0,0.305988667,552.5,189.2752498,0,-0.152173913,0,0,0,0
1996,GACCCCTTCCAGCCCTCCTGAGA,0,0,0,0,0.036229041,387.5,154.6746929,0.030434783,0.282608696,0,0,0,0
1997,CGTGTGTGAGTGTCTGCGTGTGA,0,0,0.007730365,0,0.443035994,530,207.4724954,0,-0.543478261,0,0,0,0
1998,GGGTGGGGGGACTTTGCGATTAG,0,0,0.005882353,0,0.017289489,345,118.1749664,0,-0.043478261,0,0,0,0
1999,CACCGGCTCCTCCCCGCCTCCAG,0,0,0.017094017,0,0.480400979,522.5,209.8956123,0.07826087,0,0,0,0,0
2000,GTTGTGTGTATGTGTGCGTGTGG,0,0,0.129586777,0,0.768095474,620,208.7201632,0,0.108695652,0,0,0,1
2001,AATTTGTTTTCATTCTTCTGTGA,0,0,0.000689338,0,0.184299023,455,167.3273785,0.995652174,6.130434783,0,0,0,0
2002,GCACAGAAAGCAGAGACTGATGA,0,0,0.003558489,0,0.163296796,455,170.5370955,0,-0.086956522,0,0,0,0
2003,GGGAGGGAGGAGTGCGGAGTTAG,0,0,0.031261406,0,0.198201266,425,195.988558,0,-0.086956522,0,0,0,0
2004,TGGGTTGAGAATTGAGGAGTGGG,0,0,0.12962963,0.386024136,0.374191978,522.5,203.8325791,0,-0.108695652,0,0,0,0
2005,AATGACAAATACAACCTAAAAAG,0,0,0.055555555,0.018015324,0.017436519,455,175.7945209,0,0.826086957,0,0,0,0
2006,TGTGAGTGTGTGTGTGTGTTTAG,0,0,0.050814815,0,0.164063988,485,157.1165087,0,0.065217391,0,0,0,0
2007,TCCTCTCTCCCTCCCTCCTTAGG,0,0,0,0.091513804,0.091513804,455,191.8122929,0,-0.217391304,0,0,0,0
2008,GGCACTGCACAAGGAGGTGGAAG,0,0,0.04,0,0.200516979,462.5,196.3022991,0.130434783,-0.086956522,0,0,0,0
2009,GACATCGATCTCCTGCCCTTGGA,0,0,0.000747863,0,0.207772937,462.5,170.4532421,0.065217391,0.086956522,0,0,0,0
2010,TTCAACAGGAGTGAGTAGAGGAG,0,0,0.03968254,0,0.822304167,620,211.6124027,0,-0.47826087,0,0,0,0
2011,TGTGAGCGAGTATGTGCGCGAGA,0,0,0.012292465,0,0.177040093,455,178.3527188,0,-0.326086957,0,0,0,0
2012,GAAGACAAACCACAGACTGGGAG,0,0,0.002407981,0,0.235330927,455,166.6977431,0.830434783,-0.760869565,0,0,0,0
2013,GCACTCAAAGCATGGATTGCAAG,0,0,0.016131687,0,0.090827917,455,185.0463843,0,0.152173913,0,0,0,0
2014,GAATGAGAAGAAAAGGGAAAGGA,0,0,0.001616031,0,0.078497806,387.5,157.9665685,0,-0.043478261,0,0,0,0
2015,ATGAAGACTAGAGGGTAGAGAGA,0,0,0.011342593,0,0.036988125,425,194.0989506,0.026086957,0.173913043,0,0,0,0
2016,GGCTGTGCGGGTGGAGGTGGAGG,0,0,0.095454545,0,1.411646586,530,212.0079963,0.026086957,0.391304348,0,0,0,0
2017,GAGCCACTGCACCCCGCCTAAGA,0,0,0.009979686,0,0.240647808,552.5,175.7886357,0.004347826,-0.456521739,0,0,0,0
2018,CACTGTTTCCCTGGATGGAACAG,0,0,0.032323232,0,0.438724268,552.5,174.4474829,0,0.347826087,0,0,0,0
2019,AAATGAAAAAAAGAGGAACCTGA,0,0,0.006874298,0,0.15180415,485,153.7013718,1,0.043478261,0,0,0,0
2020,ATATGAGAAGTAGAAGAACATAG,0,0,0.025481563,0,0.090669425,357.5,177.5367837,0.943478261,5.282608696,0,0,0,0
2021,GTCACTGGTGCTGGAGCTGGGGA,0,0,0.003565062,0,0.372455417,552.5,190.9142916,0.243478261,0.369565217,0,0,0,0
2022,GTCATCTTAGTCCTTCCTGGGGA,0,0,0,0,0.005609452,320,136.2409204,0,-0.065217391,0,0,0,0
2023,TGGATGGATGAATGAACAGATGG,0,0,0.070588235,0,0.02413915,417.5,139.8280828,0,0.956521739,0,0,0,0
2024,GGTGTGTGAGTGTGAGTGTGTGG,0,0,0.098245614,0,0.306794992,462.5,183.9185474,0.02173913,0.108695652,0,0,0,0
2025,GCCACCCCAACACCAGGCCAGAG,0,0,0.026683994,0.108175948,0.104700416,327.5,190.1731943,0.17826087,0.347826087,0,0,0,0
2026,AAATGAGAAACTGAGGCTCAGGG,0,0,0.062222222,0,0.067280336,392.5,174.8387461,0,-0.130434783,0,0,1,0
2027,GTCATTCTAGTCATTAGCTCAGA,0,0,0.001117635,0,0.099719339,485,156.9071242,0,0.108695652,0,0,0,0
2028,AAAAGAAAAGAAAACGCACACAG,0,0,0.031080031,0,0.101349588,425,192.2368771,0.034782609,0.086956522,0,0,0,0
2029,TCCTATGTCTATGGATGGGTAGA,0,0,0.016927083,0,0.292400968,455,180.9335964,0.408695652,-0.043478261,0,0,0,0
2030,CTTGCCCCGCGCCGCAGTAAAGA,0,0,0.006707946,0,0.08425632,362.5,191.794715,0,0,1,0,1,0
2031,GGCAAAGACCTGGTATCCGTGGG,0,0,0.062678063,0.059300602,0.057395361,327.5,193.0866312,0.395652174,0.652173913,0,0,0,0
2032,GTTGAGTGAATGTGTGCGTGAGG,1,0.062756573,0.593939393,0,6.944047619,635,216.3682636,0.008695652,0.173913043,0,0,1,0
2033,CCATTCCATGCAGAGCCACATGG,0,0,0,0,0.234785634,552.5,195.5182377,0,-0.086956522,0,0,0,0
2034,GACCCCCGCCCCCCCATCTCCAG,0,0,0.035489712,0,0.052582071,387.5,171.5955624,0,-0.413043478,0,0,0,0
2035,ACTTGGGAAGCAGAGGCACAAGA,0,0,0.011004402,0,0.473675365,522.5,210.4159323,0,-0.173913043,0,0,0,0
2036,CCAGTGATGAGAGAGGAGCCAAG,0,0,0.01573808,0,0.041029248,455,169.7532181,0.886956522,5.934782609,0,0,0,0
2037,TGTGTGTGTGTGTGTTCGTGTAG,0,0,0,0,0.166395667,552.5,196.6634738,0,-0.369565217,0,0,1,0
2038,GGCACTGGGGTTGGAAGTTGAGG,0,0,0.131868132,0,0.043021694,387.5,161.8336735,0,-0.369565217,0,0,0,0
2039,ATATGAGAAGAAGATGCAAAGGA,0,0,0.003092146,0,0.282888889,462.5,175.2049785,0.004347826,-0.413043478,0,0,0,0
2040,TGAATGGATAGATGAGGAGTGGG,0,0,0.242666666,0,0.420324886,525,203.4903995,0.130434783,-0.108695652,0,0,0,0
2041,TTGAACAGCAGTGATGAGAGCAG,0,0,0.008241758,0,0.072985333,455,184.6047356,0.004347826,-0.173913043,0,0,0,0
2042,TGGGAGTGTGTGTGGGCGTGTGG,0,0,0.015,0,0.242694227,522.5,200.5051981,0,-0.152173913,0,0,0,0
2043,TGTGAGTGAGTGAATGGGTGTGA,0,0,0.002121041,0,0.035150404,357.5,177.0753837,0,0.02173913,0,0,0,0
2044,CCCTGTGACTCTGTATTGGTAAG,0,0,0.005185185,0.026711322,0.025853127,387.5,152.7268874,0,-0.043478261,0,0,0,0
2045,GGGTGGGGGGAGATCGGTGCAGG,0,0,0.001388318,0,0.017168463,290,143.7595469,0,-0.369565217,0,0,1,0
2046,GAGACAGAAGGAGAGTTTTTAGG,1,0.00212,0.116071429,0.884726983,0.884726983,530,211.8559323,0,-0.239130435,0,0,0,0
2047,AAAAGAGAAGAAGAAGAACAAAG,0,0,0.054224159,0,0.306794992,462.5,184.3332674,0,0.326086957,0,0,0,0
2048,CCCCTCCAGCCAGAGACAGAGGA,0,0,0.001896592,0,0.606440299,560,184.8186197,0,0.326086957,0,0,0,0
2049,AAATTGTTTGCATTGTGCTCTAG,0,0,0.011895425,0.563585582,0.553566283,552.5,192.6941525,0,0.304347826,0,0,0,0
2050,AAATGATAAGAAGAGACAAATGG,0,0,0.244897959,0,0.110030338,492.5,169.9803934,0,0.02173913,1,0,1,0
2051,CCCAGGCCTCCACAGACACATGA,0,0,0.004010025,0,0.319580819,522.5,203.5265585,0,-0.043478261,0,0,0,0
2052,AATTACCACTACATACTTAATAG,0,0,0.013468013,0,0.165511111,462.5,179.8960451,0,-0.434782609,0,0,0,1
2053,CCAGCCCCTGCTCTAGTCACCAG,0,0,0.017138533,0.108209709,0.106383384,552.5,195.040613,0,-0.52173913,0,0,0,0
2054,GAAATCCCTTCTGAAGCACTGAG,0,0,0.023034188,0.222321469,0.222321469,462.5,171.3832154,0.586956522,-0.239130435,0,0,0,0
2055,AATGGCCCCTACCTCCTCACAGG,0,0,0.014764183,0,0.25551675,455,168.1749426,0,-0.108695652,0,0,0,0
2056,CGTGTGTGAGTGTGTGTGTGGGG,0,0,0.121212121,0,1.290123457,560,198.1255689,0.004347826,-0.130434783,0,0,0,0
2057,GGCAGTGCTCCTGGGGGTGGAGG,0,0,0.0832,0,0.215770049,522.5,194.7531417,0,0.282608696,0,0,1,0
2058,GCGCCTTTCCCACCCAACCTTAG,0,0,0.010798087,0.192757284,0.189330488,485,166.064289,0,-0.304347826,0,0,0,0
2059,AGAAGAAAAGAAGAGACACAGAG,0,0,0.098765432,0,0.176585759,552.5,198.4147933,0,0.152173913,0,0,0,0
2060,CTTTCCCCCCAGGGCCCTAAAGA,0,0,0,0,0.060818669,485,176.0920827,0.047826087,0.369565217,0,0,0,0
2061,AATGACCAATAAATACTAAAGGG,0,0,0.073260073,0,0.022591897,357.5,167.8937643,0.969565217,-0.304347826,0,0,0,0
2062,GTCATCTCAGGCATTACTTAAGA,0,0,0.016741071,0,0.068185438,387.5,147.3091661,0.017391304,0.326086957,0,0,0,0
2063,CCAGCCCACGCTCTGCTCACAGA,0,0,0.014408172,0,0.27129322,522.5,198.9819807,0.008695652,-0.043478261,0,0,0,0
2064,CACCCCCTCCAGCCCCCCGCCAG,0,0,0,0,0.044584035,387.5,163.4474737,0,-0.152173913,0,0,0,0
2065,AGTGAGTGAGTGAGTGCTTAGGA,0,0,0.027043269,0,0.052902764,387.5,147.1397463,0,0,0,0,0,0
2066,GATATGTTTTTATTATTCTCAAG,0,0,0.024579632,0.220450566,0.220450566,425,197.3612947,0,-0.086956522,0,0,0,0
2067,GGCAGCCCTACTGCAGCACTGGG,0,0,0.070530612,0,0.599576987,552.5,175.2543437,0.039130435,-0.695652174,0,0,0,0
2068,GGCCCCCTGCTCCCCGCCGCGGG,0,0,0.038095238,0,0.169128619,455,178.022136,0,-0.782608696,0,0,1,0
2069,GGAGCTGAGGCTGGAAGTGGGGA,0,0,0.024450231,0,0.254924684,552.5,197.4101572,0.530434783,-0.108695652,0,0,0,0
2070,CCATGTGTCTGTGCATGGATAAG,0,0,0.024074074,0,0.229512316,432.5,202.0027316,0,-0.108695652,0,0,0,0
2071,AGGAAGGCAAGTGAGTAGAGAGG,0,0,0.254117647,0,0.344612998,620,210.8310548,0,-0.304347826,0,0,0,0
2072,TGGGAGGGGGAATGGGGAGTTGG,0,0,0.148958333,0,0.383433735,522.5,199.7312415,0,0.065217391,0,0,0,0
2073,TACACAGAAGTAGAATTTTTGAG,0,0,0.069716776,0,0.135266321,425,196.9769107,0,-0.02173913,0,0,0,0
2074,GGTGGGTGAGTATGTGCAGGGAG,0,0,0.030153846,0,0.045660247,387.5,154.0242463,0,-0.565217391,0,0,0,0
2075,CCTGTCTCTGCTCTACCTACCAG,0,0,0.065508021,0.070494781,0.069304995,485,167.5424553,0,-0.065217391,0,0,0,0
2076,GCCTCTGTCCCAGCTGCCTTAAG,0,0,0.000266618,0.017432129,0.017432129,357.5,175.8220512,0.008695652,0.086956522,0,0,0,0
2077,AAGAACAACAGAGAGTAAAGGGG,0,0,0.304615384,0.155447511,0.152684,455,182.7207493,0,0,0,0,0,0
2078,AGATGAGGACAAGAGGGACAAGG,0,0,0.013803921,0.56142625,0.56142625,552.5,189.8823356,0.273913043,0.52173913,0,0,1,0
2079,AGTGTGTGTGTGTGTGCATGAGA,0,0,0.009440559,0,0.189613667,552.5,188.5285664,0,-0.108695652,0,0,0,0
2080,GCCTGTGTTTCTTGATAGATCAG,0,0,0.057995169,0,0.144140246,455,184.754788,0.043478261,-0.391304348,0,0,0,0
2081,AGGAACAGCAGTGAGCAAAGTGA,0,0,0.017307692,0,0.053377333,485,173.1484239,0.17826087,0.434782609,0,0,0,1
2082,GGTGTGTTGGTGTGTGCCTGTAG,0,0,0.018705574,0,0.180012975,552.5,185.4287494,0,0.108695652,0,0,0,0
2083,AAATGGAGAGAAGTGGCACAAAG,0,0,0.072427983,0,0.084038194,525,200.2918336,0.004347826,0.326086957,0,0,0,0
2084,CAGATCCATCCAGAAACACCAGA,0,0,0.00540161,0,0.184299023,455,167.0873785,0,0.043478261,0,0,0,0
2085,GGCTGGTTTACATTGTCCTCTGG,0,0,0.309781513,0.56142625,0.56142625,552.5,191.6938325,0.2,0.086956522,0,0,0,0
2086,GTCACAGCCAAGGTCTAGGGCAG,0,0,0.037763253,0.0426542,0.041346792,425,195.6755501,0,-0.195652174,0,0,0,1
2087,GGTGTGTGATTGTGTGTGCGTGA,0,0,0.002641356,0,0.167894875,485,161.1858326,0,-0.086956522,0,0,0,0
2088,CATGTGTGAGTGTGTGCATGTGA,0,0,0.010566357,0,0.310333333,552.5,192.2483467,0,-0.086956522,0,0,0,0
2089,AAATGAAAAGGAGAGAGACAGAG,0,0,0.009912854,0,0.035913554,387.5,172.3121985,0.069565217,-0.086956522,0,0,0,0
2090,TGCACTGCGGCCGGGGGCGGGGA,0,0,0.018327068,0,0.040919312,357.5,171.8535447,0,-0.804347826,1,0,1,0
2091,GGGAAAGAGGAAGCATCCCTTAG,0,0,0.020984107,0,0.140753727,457.5,173.2703996,0,-0.108695652,0,0,0,0
2092,GTCAGTAGGGCTGGAGGTGGAGA,0,0,0.017045454,0,0.932255747,620,212.1886822,0,-0.217391304,0,1,0,0
2093,GGTGTGTGAGTGTGTGTGTTTGG,0,0,0.118787879,0.521428205,0.505863184,492.5,160.987969,0,-0.282608696,0,0,0,0
2094,GGTGTGTGTGTGTGTGTTTGGGA,0,0,0.004713805,0,0.069304995,485,167.5424553,0.326086957,0,0,0,0,1
2095,GGTGTGTGTGTGTGTGTTTGGGG,0,0,0.067878788,0,0.069304995,485,167.5424553,0.07826087,0.608695652,0,0,0,0
2096,AAGAACACCAGGGAAAAGAGAGG,0,0,0.36199095,0,0.034090618,357.5,179.7484521,0,0.086956522,0,0,0,0
2097,GATACTGAAGCTGAATTTTTAGG,0,0,0.200280112,0.118233001,0.118233001,425,194.962894,0.213043478,-0.195652174,0,0,0,0
2098,GTCTAGTTTTCATTGTGCTGGGA,0,0,0.000174758,0,0.268517165,485,159.547969,0.204347826,-0.173913043,0,0,0,0
2099,TGGATGGATGGATGAGGGGTGGA,0,0,0.00962963,0,0.177612802,462.5,184.7868027,0.32173913,0.086956522,0,0,0,0
2100,GGACCCAAAGCATAGACAGGGAG,0,0,0.004066812,0.136699648,0.136699648,485,155.1107468,0,0.065217391,0,0,1,0
2101,AAGAGAGAAGGAGAGGTACAAGG,0,0,0.088271605,0,0.316692045,455,190.5822052,0,0.195652174,0,0,0,0
2102,TGGGGGGAGGAACGAGGGGTGGG,0,0,0.126315789,0.118001201,0.114018038,455,182.1154262,0,-0.086956522,0,0,1,0
2103,GAGTCCCAGAAGGAGAAGAAAGA,0,0,0.026985205,0,0.619190519,530,203.5257622,0.013043478,0.217391304,0,0,0,0
2104,GGAGCTGCAGCTGGAGGTGGCAG,0,0,0.090277778,0,1.532325837,627.5,215.0386196,0.052173913,0.413043478,0,0,1,0
2105,GGTGTGTGAGAGTGTGTGTATGG,0,0,0.119318182,0,0.141078919,387.5,153.5578853,0.02173913,0.02173913,0,0,0,0
2106,GGATACCATTCTGCAGCACATGG,0,0,0.103409091,0.672200226,0.66025,552.5,176.8006631,0.960869565,-0.304347826,0,0,0,0
2107,GGGAGGGAGGAATGAGGAGCTGA,0,0,0.003864734,0,1.492090395,560,181.9740801,0.052173913,-0.043478261,0,0,0,0
2108,AAATTGGAAGCAGAGGTACAAGA,0,0,0.002777778,0,0.194319155,455,188.9095012,0.017391304,0,0,0,0,0
2109,GGTGAGTGAGGATGTGGGTGTGG,0,0,0.021960784,0,0.267394096,365,185.4677048,0,0.043478261,0,0,0,0
2110,TGTATGAAGGAATGAGGGCTTGG,0,0,0.089655172,0,0.065831932,485,160.117486,0.12173913,-0.239130435,0,0,0,0
2111,GGAATCTCTTCCTCAGCATCTGA,0,0,0.007401316,0,0.061576337,357.5,168.8533983,0.047826087,-0.195652174,0,0,0,0
2112,TGGATGGATAAATGAGTGGTGGA,0,0,0.00345679,0,0.060753761,485,163.8390389,0.02173913,0.260869565,0,0,0,0
2113,GGAATCTCTTCCTCAGCATCTGG,0,0,0.106578947,0,0.061576337,357.5,168.8533983,0,-1.326086957,0,0,0,0
2114,GGCATTGGAGCTGGAGTTGGGGG,0,0,0.065746753,0,0.353596915,552.5,189.8659716,0.213043478,0.826086957,0,0,0,0
2115,AGCGAGAGAGTGTGTGAGTGTGG,0,0,0.1575,0.417946745,0.410516581,552.5,195.3027081,0,-0.608695652,0,0,0,0
2116,TCAGTGAGTAGAGGTGGGGCAGG,0,0,0,0,0.024341882,357.5,172.3676827,0.017391304,0.217391304,1,0,0,0
2117,AAATGAGAGGCAGAGTCATAAAG,0,0,0,0,0.026286255,387.5,160.9737101,0,-0.434782609,0,0,1,0
2118,AACAAGAGTGAGTATAGCTGAAG,0,0,0.007054674,0,0.076772777,455,171.1706745,0.030434783,-0.347826087,0,0,1,0
2119,ACCTCATTCCTAGCCACCTTTGG,0,0,0.032727273,0.195328606,0.195328606,425,201.6846118,0.039130435,0.543478261,0,0,0,0
2120,GCCTCCCTAAAAGTTGGCCACGA,0,0,0.005671296,0,0.038723687,362.5,187.2455774,0,0.652173913,0,0,0,0
2121,AGGAAAGACCCAGCATCCACTGA,0,0,0.004058442,0,0.470008475,492.5,152.5144001,0.973913043,0.043478261,0,0,0,0
2122,GACAGCGAAGCAGAATCCTTCGG,0,0,0.170835393,0.030920788,0.030398918,387.5,157.2952141,0,-0.760869565,0,0,0,0
2123,AAGTGAGAAAAAGAGAGACAAGA,0,0,0.002329944,0,0.090392469,485,175.4057266,0.030434783,0.065217391,0,0,0,0
2124,GGGACAGAGGCTGAAGGTGGCGG,0,0,0.21125,0,0.1271669,522.5,202.1470144,0,0.086956522,0,0,0,0
2125,GTGCTAGACCCAGCATCAGTAGG,0,0,0.043977413,0,0.310333333,552.5,191.3747467,0.104347826,0.108695652,0,0,0,0
2126,GATGTGTGAGTGTGTGCCTGTGG,0,0,0.146520147,0.656790123,0.656790123,560,193.4483467,0,-0.913043478,0,0,0,0
2127,ATCACTGCGCCTGGTGGTGGGGG,0,0,0.045818182,0,0.371023101,522.5,199.761242,0,-0.195652174,0,0,0,0
2128,CTCTGAGTGTGTGGATGGATGGG,0,0,0.121933622,0.293524998,0.293524998,522.5,206.9841519,0,-0.217391304,0,0,0,1
2129,GCAGTGAATAGAGGGGAGGGGGA,0,0,0,0,0.10391963,455,167.3233985,0.026086957,0.434782609,0,0,1,0
2130,GGCCCCTTCCTCCCCTCCTCAGA,0,0,0,0,0.098005097,455,193.0583096,0,-0.217391304,0,0,0,0
2131,GCTACAGAAGCAGAGTTTCTAGG,0,0,0.138370866,0.308487792,0.297519338,552.5,185.8980161,0,0.173913043,0,0,0,0
2132,GGGATGGAGGAGTGAGCAGGGGA,0,0,0.001991987,0,0.132110445,387.5,153.3601886,0.239130435,0.47826087,0,0,0,0
2133,AAAGGAGATGAAACGGCACAGAG,0,0,0.019230769,0,0.050407362,425,193.2281145,0,-0.52173913,0,0,0,0
2134,GACTTTGATATCCTCACCATGGA,0,0,0.038299663,0,0.144062179,552.5,194.2602537,0.226086957,0.586956522,0,0,1,0
2135,CCCATCCTACCAGTGACATAAGA,0,0,0.006802721,0,0.041029248,455,169.7532181,0,-0.065217391,0,0,0,0
2136,CTGAACTCTAGTGAGTACAGAGG,0,0,0.15625,0.134280554,0.129506134,552.5,187.4337056,0,-0.02173913,0,0,1,0
2137,TGGAAGCAGGACTGAGCAGTTGA,0,0,0.001478113,0,0.194470201,455,186.8262877,0.086956522,-0.173913043,0,0,0,0
2138,CTCTTCCATGCAGAAACACACAG,0,0,0.054896359,0.377392597,0.371023101,522.5,198.887642,0,-0.086956522,0,0,0,0
2139,GAGTGCAAGCAGAAGGAGCAGGA,0,0,0.001657825,0,0.055624514,485,167.4920734,0.082608696,0.434782609,0,0,0,0
2140,GAACACAAATCATATAATGTAGA,0,0,0.001128472,0,0.056695258,387.5,141.877531,0,-0.130434783,0,0,0,0
2141,AGTGTGTGTGTGTGTGTGTGGAG,0,0,0.023757576,0,0.372455417,552.5,192.9657886,1,-0.108695652,0,0,0,0
2142,AACACTGAAGCAGAGATTTCTAG,0,0,0.017906336,0.073965375,0.072576354,485,162.9879902,0,0.108695652,0,0,0,0
2143,AGAAGAAAAGAACAGGCACAAAG,0,0,0.041585445,0,0.378170105,522.5,206.2038987,0.008695652,-0.130434783,0,0,0,0
2144,AAAGGAAAAGAAAAGGCAGACAG,0,0,0.018696581,0,0.131830099,455,175.6958987,0,0.02173913,0,0,0,0
2145,GGCACTTGGGTGGGAGGTGGCAG,0,0,0.014652015,0,0.243372227,425,199.7708181,0,0.217391304,0,0,0,1
2146,AAAAGAGAAAATGAGGCACATGA,0,0,0.010288066,0,1.210901266,530,206.8185631,0,-0.173913043,0,0,0,0
2147,AAATGAGAAGAGGAGGAGCCAGG,0,0,0.030639731,0,0.021131597,320,127.9368553,0,-0.586956522,0,0,1,1
2148,AAATAAAAAGAAGAGGAAGAGGA,0,0,0.003510802,0,0.12450836,485,163.7943882,0,0.065217391,0,0,0,0
2149,GGTGTGTGCGTGTGTGGGGGTGG,0,0,0.003055768,0,0.111383028,485,162.2177886,0,-0.847826087,0,0,0,0
2150,AGGATGGAGGAAGGGGGTGTGAG,0,0,0.021980676,0,0.032186532,357.5,170.0703246,0,-0.47826087,0,0,1,0
2151,GCCATTTTCCTCCCCACCTTTGA,0,0,0.001703949,0,0.372711207,425,203.0918958,0,-0.586956522,0,0,0,0
2152,TCCTCCCCACAGCCTGGCCCAGG,0,0,0.075757576,1.422433333,1.374215254,560,178.2706637,0,-0.02173913,0,0,0,0
2153,GAGTCAAAGCAAAAAAAGAAAGA,0,0,0.05664488,0,0.077952761,425,193.1077132,1,1.804347826,1,0,1,0
2154,TCCTCTCAAAAGGCTGGCCAAGA,0,0,0.005715638,0,0.351943434,522.5,204.8148785,0.02173913,0.130434783,0,0,0,0
2155,TGTGAGTGAGTGTGTGGCGGTAG,0,0,0.001815541,0,0.039755995,442.5,142.0425557,0,0.02173913,0,0,0,0
2156,GGTGAGTATGTGTGTGCAGGTGA,0,0,0.007211538,0,0.05397136,485,155.9690695,0,0.043478261,0,0,0,0
2157,AAATGAGAAAAAGAGATAAAAGA,0,0,0.012962963,0,0.027486212,417.5,145.1857267,0,-0.260869565,0,0,0,0
2158,ATAATCTTAGTTTTTACCTGGAG,0,0,0.032666667,0,0.282201625,425,201.456579,0,-0.130434783,0,0,0,0
2159,TGGATGGAGGAATGGGTGGGTGG,0,0,0.011470588,0,0.011004742,320,121.4459342,0.226086957,0.543478261,0,0,0,0
2160,TGGATGGAGGAATGGGTGGGTGA,0,0,0.000796569,0,0.011004742,320,121.4459342,0.191304348,-0.195652174,0,0,0,0
2161,AGAAGGGAAGAAGAGGCAAAAAG,0,0,0.030234316,0.312867944,0.30174375,552.5,185.5524161,0,0.347826087,0,0,0,0
2162,TGGAAGGAGGAATGATGGGTGGA,0,0,0,0,0.100239124,492.5,176.3999208,0.039130435,0.043478261,0,0,0,0
2163,AGGAAGGAAGAATGAGGAGGAGA,0,0,0.003939076,0,0.426140229,552.5,176.8142997,0.22173913,0.086956522,0,0,0,0
2164,GAGACACAGGAGAAGAAGAAGAG,0,0,0.030649863,0,0.519457564,620,209.1654988,0.234782609,0.52173913,0,0,0,0
2165,GGGCTGGAGGGATCAGGAGTTGA,0,0,0.006530873,0,0.124304193,425,200.4571316,0.213043478,-0.413043478,0,0,0,0
2166,CCCCCGCCAAAGCGTGGCCACAG,0,0,0,0.137828997,0.135502769,522.5,204.9012314,0.165217391,0.52173913,0,0,0,0
2167,AATTTGTCTTCATTGTTCACAGG,0,0,0.176785714,0,0.519472711,552.5,184.8241831,0,-0.739130435,0,0,0,0
2168,GATACTGAAACAGAGTATTTTGG,0,0,0.317777778,0,0.317950254,552.5,190.9081685,0,0.065217391,0,0,0,0
2169,TGCCTGGAGGAATAAGGAGTAGA,0,0,0.007070136,0,0.413535704,530,207.3592154,0,0.086956522,0,0,0,1
2170,GAACACAAGGCATACATTGGTGG,0,0,0.004991087,0.0388607,0.037612163,387.5,142.9094871,0,0.02173913,0,0,1,0
2171,GGTGTGTGAGTCTGAGGGTGTGG,0,0,0.006556183,0,0.076307487,357.5,175.0024469,0,-0.47826087,0,0,1,0
2172,GGTGAGTGAGTGTCTCTTTGTGG,0,0,0,0,0.002523619,345,143.8629451,0.134782609,-0.173913043,0,0,0,1
2173,AAATGAAAAGACAAGCCACAGAG,0,0,0,0,0.032002267,357.5,182.3129723,0,0.152173913,0,0,0,0
2174,GGAGCTGGGACTGGAGGTGGGAG,0,0,0.084259259,0,1.2395125,620,209.7068466,0,-0.086956522,0,0,0,0
2175,ATTGAATACAACATCCTCAATGA,0,0,0.032660791,0,0.519457564,620,209.7990988,0,-0.52173913,0,0,0,0
2176,TTGGAGAAGGAATGAGGAGTAGG,0,0,0.198863636,0.918183962,0.891277473,620,214.4148992,0,-0.086956522,0,1,0,0
2177,AAATCAGAAGAAGAGGTGGACGA,0,0,0.001273148,0,0.035730071,442.5,140.7542357,0,0.086956522,0,0,0,0
2178,AAGTGACAAGAAGAGGACCAAGG,0,0,0.037345679,0,0.08046125,485,169.8793749,0,-0.02173913,0,0,0,0
2179,GCCACTGAGGCTGGTGTTGGGGG,0,0,0.0225,0,0.163368333,455,180.6670504,0,-0.130434783,0,0,0,0
2180,TCCATCCACCCAGAGCCACCAGG,0,0,0,0.074698916,0.073296119,485,160.8141938,0,-0.152173913,0,0,0,0
2181,AGATGAGAAGAAGTGGTAAAAGA,0,0,0.005925926,0,0.028610794,387.5,155.5867044,0,-0.565217391,0,0,0,0
2182,GGTGAGGGAGTGTGGGAGAGGAG,0,0,0.001016703,0,0.033368241,387.5,150.8756866,0.395652174,0.673913043,0,0,0,0
2183,AAAAGAGAAGAAAAGCCAGATAG,0,0,0,0,0.033198795,387.5,160.7906536,0.069565217,0.695652174,0,0,0,0
2184,GGCAGTGGGGCAGGAGGTGTGGA,0,0,0.015,0,0.324843,455,169.9581627,0,-0.195652174,0,0,0,0
2185,AAATGAGGAAAAAAGGCTCAGGG,0,0,0.315897436,0,0.099949861,455,176.1857928,0.191304348,0.086956522,0,0,0,0
2186,CCCCCAGAATGAACACGTGAGGA,0,0,0.027170631,0,0.355433782,522.5,205.5008991,0,-0.608695652,0,0,0,0
2187,GGGTGGGGGAAGTGGGCTTCTAG,0,0,0,0,0.016574742,357.5,157.6140574,0.665217391,1.52173913,0,0,0,0
2188,AACAACAGGGAGGAGAGCTGAGG,0,0,0.06152026,0.115872965,0.111961641,455,173.7045792,0.543478261,0.913043478,0,0,0,0
2189,GGGTGGAGGCAGGTTGCTCAGAG,0,0,0.01352657,0.155212361,0.152592743,455,165.1881623,0,0.043478261,0,0,0,0
2190,TGGATGGATGAATGAGGACATGA,0,0,0.00933908,0,0.22591114,492.5,148.5546198,0.017391304,-0.260869565,0,0,0,0
2191,GTCATTTAAGTCAGCACCTGGGG,0,0,0,0,0.034564634,425,188.4679928,0.034782609,-0.043478261,0,0,1,0
2192,GAGACTGAGCATAAGAAGAAAGA,0,0,0.01181028,0,0.795434599,530,210.0243156,0.286956522,0.47826087,0,0,0,0
2193,AAAGAAGAAGAAGAAGAACAGGG,0,0,0.237908497,0,0.155096519,455,181.8449474,0,-0.173913043,0,0,0,0
2194,AAAGGAGAACCACAGGCACATGG,0,0,0.042105263,0.283021289,0.283021289,425,197.6052593,0.17826087,0.195652174,0,0,0,0
2195,GTCTCTTTCTAACCCACCTCCAG,0,0,0.015124507,0.356503615,0.356503615,455,170.6005799,0.152173913,-0.086956522,0,0,0,0
2196,TGGATGGATGAATGAGTGGATAG,0,0,0.007777778,0,0.027507403,417.5,131.6931754,0,-0.086956522,0,0,0,0
2197,GAGAGAGAGAAGAAGAAGAAAAG,0,0,0.059611993,0,0.760552802,622.5,210.2603596,0,-0.043478261,0,0,0,0
2198,TGTGTGTGTGTGTGTGCGTTTGA,0,0,0.010606061,0,0.426140229,552.5,176.8142997,0,-0.413043478,0,0,0,0
2199,CCCTGCCATCCAGGGACACGAGG,0,0,0.145340463,0.100157834,0.09837725,455,168.2612954,0,0,0,0,0,0
2200,TGGAGGCAGGAATGAGCAGGCAG,0,0,0.00473664,0,0.173616039,485,157.4047882,0.226086957,0.043478261,0,0,0,0
2201,GAGATGGAGGAATTAGGGGTGGG,0,0,0.086332219,0,0.046239667,455,181.8974821,0.056521739,0.217391304,0,0,0,0
2202,TGTGTGTGTGTGTGTGCGTTTGG,0,0,0.152727273,0,0.426140229,552.5,176.8142997,0,-0.065217391,0,0,0,0
2203,GGAATCCCTTCTTCAGCCCTAAG,0,0,0.004444444,0.082438326,0.08045186,395,148.3397463,0,0.065217391,0,0,0,0
2204,AGAACTGCAGCTGGGGGTGGTAG,0,0,0.0845,0,0.242694227,522.5,200.5051981,0,-0.5,0,0,0,0
2205,AGGATGGAGGGAGGAGGAGGGAG,0,0,0.007757886,0,0.149801193,357.5,166.3329958,0,-0.47826087,0,0,0,0
2206,ACCTCTTCTCTACCCACCTTGAG,0,0,0.062820513,0.493086352,0.485165286,522.5,205.910319,0,-0.739130435,0,0,0,0
2207,TGGATGGTGGACAGAGCAGTCAG,0,0,0.004763039,0,0.104879914,357.5,177.898651,0,-0.347826087,0,0,0,0
2208,GGGATGGAGGATGGAGGGGTGGA,0,0,0.002310439,0,0.059088708,357.5,176.5612457,0.273913043,0.413043478,0,0,0,0
2209,GCCTCCCTCCCACCCACCACGGG,0,0,0.016233766,0.084438805,0.08158855,485,147.1452353,0,-0.065217391,0,0,0,0
2210,CCTCCCTCCACTCTACTCTAGGA,0,0,0.009238311,0,0.191548429,485,145.4490637,0,-0.130434783,0,0,0,0
2211,CGGACGGAGGAAAGAAGAGTTGG,0,0,0.593406593,0.105393,0.105393,455,191.1239336,0.552173913,-0.304347826,0,0,0,0
2212,TGTGAGAGTGTGTGTGTGTGTAG,0,0,0.063518519,0,0.25438705,552.5,191.8709278,0,-0.065217391,0,0,0,0
2213,AGGATGAAGGTATGAGGAGGAGG,0,0,0.054298643,0.269437679,0.264377816,455,173.4491356,0,0.02173913,0,0,0,0
2214,GGCAGAGGGGCTGGAGGAGGGGA,0,0,0.01547619,0,0.178245253,552.5,187.6025458,0.508695652,-0.5,0,0,0,0
2215,AAATGAGTAAACAAGGCACATAG,0,0,0.025191183,0.235746198,0.228837884,425,193.8930256,0,0.086956522,0,0,0,0
2216,GAGCCACTGCACCCCGCCTGAAG,0,0,0.004383235,0,0.240647808,552.5,175.7886357,0,-0.565217391,0,0,0,0
2217,TCCTCTTTGCCTCCCACCATGAG,0,0,0.015285126,0,0.158377009,455,176.7761193,0,-0.173913043,0,0,0,0
2218,AGTGAGAGAGTGTGTGTGTGCAG,0,0,0.095277778,0,0.881154321,560,197.0307081,0,-0.326086957,0,0,0,0
2219,AAATGGAAAGAGGAGACACAAGG,0,0,0.515873016,0,0.050029384,455,190.0263089,0,-0.065217391,0,0,0,0
2220,GGGGAGAGAGAGTGAGCGTGGGG,0,0,0.189967105,0,0.150567737,425,195.8517139,0.004347826,-0.260869565,0,0,1,0
2221,GGGATGGGGGAATGGGGAGAGGA,0,0,0.017810235,0,0.186915845,455,164.7555615,0,0,0,0,0,0
2222,AGCACTGCGGCTCCAGGAGGAGG,0,0,0.108270677,0,0.017894751,357.5,172.6381615,0,-0.5,0,0,0,0
2223,GGAATCAATACTGCAGCACGAGG,0,0,0.024579832,0,0.394296494,552.5,171.5876659,0.052173913,-0.695652174,0,0,0,0
2224,CTGGCCCCCCAGGGGAGTAAGAG,0,0,0.003703704,0.48007121,0.48007121,530,201.7051981,0,0.065217391,0,0,0,0
2225,GAGCTCCGCCACCCCACCTCTGA,0,0,0.016203704,0,0.254924684,552.5,196.9954372,0.117391304,0.434782609,0,0,0,0
2226,GCTTCTTTCCCACTCTGCTTCAG,0,0,0,0.015134628,0.014623754,387.5,168.7582784,0,-0.260869565,0,0,0,0
2227,GACCCTCTAAACCCCACCTCTGA,0,0,0.047902494,0,0.083779968,552.5,191.1740733,0.039130435,0,0,0,0,0
2228,GATGAGTGTGTGTGAGGGTGGAG,0,0,0.004482549,0,0.099818052,455,179.807087,0,0.043478261,0,0,0,0
2229,CCGGCCTCTCCTCTCCTCACAGG,0,0,0.047727273,0.223521383,0.223521383,522.5,195.5134617,0,0.043478261,0,0,0,0
2230,CTAAGCCCACAGGGCAGAAATAG,0,0,0.066666667,0.305988667,0.305988667,555,191.0867467,0,-0.086956522,0,0,0,0
2231,CCCTGTGTCTATGAGTGTATAGG,0,0,0.24375,0.006021322,0.005929041,260,161.7003768,0,-0.086956522,0,0,0,0
2232,GTGTCCCCAAAGACAGGCCAAGG,0,0,0.101214575,0.156358547,0.153719584,425,194.7256579,0,0.304347826,0,0,0,0
2233,GGCTCCCCAGAGCCTCCCCACGA,0,0,0,0,0.096565315,485,175.6937266,0,0.130434783,0,0,0,0
2234,GGCCTCCCAAAGCCAGGCCAGGG,0,0,0.165836586,0.409763948,0.402848101,522.5,202.5910584,0,-2.586956522,0,0,0,0
2235,AGCACTGCGTCTGGAGGTACCAG,0,0,0.058035714,0,0.20233989,485,146.3226637,1,0.304347826,0,0,0,1
2236,AGATGAGAAGCTGAGGCTCAGGG,0,0,0.053333333,0,0.08473962,357.5,179.5904826,0.186956522,-0.239130435,0,0,0,0
2237,AGGCTGGAGGAAGGAGGGGTAGG,0,0,0.036828644,0.124526613,0.120099,455,183.4037462,0,-0.326086957,0,0,0,0
2238,CTTGCTCCCCAGTGCCGTAAAGA,0,0,0,0,0.03520396,455,186.6664892,0.017391304,-0.5,0,0,0,0
2239,CCCTGTCTCAATGGAAGGATGGA,0,0,0.027901786,0,0.085912685,455,188.3065732,0,-0.97826087,0,0,0,0
2240,TAGAGGGAAGAATGAGGAGGTGA,0,0,0.004266322,0,0.426140229,552.5,176.5742997,0.147826087,0.108695652,0,0,0,0
2241,TCGTTGGAGGAAGGAGGGGTGAG,0,0,0.011918516,0.122272738,0.120099,455,183.1637462,0,-0.065217391,0,0,0,0
2242,GCCTGCCTACAGCCTGGCCTCGA,0,0,0.007291667,0,0.60809025,552.5,172.6825267,0,-0.086956522,0,0,1,0
2243,TCCACTGTTGCTGGAGGTGGAGA,0,0,0.022435897,0,0.833979885,620,211.9004027,0,-0.434782609,0,0,0,0
2244,TGTGTGTGAGTGTGTGCGTATGA,0,0,0.023674242,0,1.492090395,560,181.9740801,0.347826087,0.5,0,0,0,0
2245,CCAGTGTCTAGAGCAGTGGCTGG,0,0,0.033785822,0,0.100825818,455,178.5238696,0.756521739,1.260869565,0,0,0,0
2246,GGTGAGAGAGAGTGTGCTTGGGA,0,0,0.030381944,0,0.209131564,462.5,186.3634022,0,-0.282608696,0,0,0,0
2247,TTGAAGACTAGTGATTAGAGTGG,0,0,0.0625,0,0.148914815,522.5,199.2472141,0,-0.782608696,0,0,1,0
2248,GACCCCCTCTACCCCACAGCCAG,0,0,0.032847327,0,0.01399298,417.5,140.7485045,0.22173913,-0.630434783,0,0,0,0
2249,GGGAGGGGGGAGTCTGCTATGAG,0,0,0.004535147,0.031549718,0.030988834,387.5,138.8016155,0,-0.260869565,0,0,0,0
2250,GTTGAATGACTGTGTGTGTGTGG,0,0,0.118787879,0,0.339662881,552.5,191.1961685,0.013043478,0.130434783,0,0,0,0
2251,GAAGGAGGAGAAGAGGAACAGGA,0,0,0.014853395,0,0.609583333,552.5,194.240472,0,0.217391304,0,0,0,0
2252,GAGGCCGAGCAGCACAAAAATAG,0,0,0.006440927,0,0.030556834,357.5,169.1967246,0,-1.108695652,0,0,0,0
2253,GAAATCCCTCCTCCAGGACCCAG,0,0,0.002897809,0.217271959,0.217271959,455,183.482832,0,-0.347826087,0,0,0,0
2254,TGTATGGAGGGGTGAGGAGTCAG,0,0,0.060853909,0.73816826,0.719480456,432.5,205.9258158,0.134782609,0.043478261,0,0,0,0
2255,GAAGGAGGAGAAGAGGAACAGGG,0,0,0.213888889,0,0.609583333,552.5,194.240472,0,-0.304347826,0,0,0,0
2256,CAGTCAGAGGAGAAAAAGAATGA,0,0,0.016858595,0,0.224468976,522.5,198.215258,0,-0.173913043,0,0,0,0
2257,GGGATGGGGGAATCGGGAGTTAG,0,0,0.050660225,0,0.060024367,425,190.2539768,0.773913043,0.456521739,0,0,0,0
2258,AGAGAGTGTGTGTGAGCGTGTGA,0,0,0.015507519,0,0.242694227,522.5,200.5051981,0,0.565217391,0,0,0,0
2259,GACACCGCTGATGGAGGTGGTGG,0,0,0.307692307,0,0.293524998,522.5,206.9841519,0,-0.02173913,0,0,0,0
2260,GTCAACGAAGCAGAGTTGTTGGG,0,0,0.138528138,0.656790123,0.656790123,560,193.4483467,0,0.217391304,0,0,0,0
2261,GGTGTGTTTGTGTGTGTGTGGAG,0,0,0.016498317,0,0.353596915,552.5,189.8659716,0,-0.456521739,0,0,0,0
2262,AAAAGTCAAGAAGATGCACAGGA,0,0,0.002319876,0,0.158440571,522.5,199.9502136,0,-0.152173913,0,0,0,0
2263,TACATCCATCCACACACACACAG,0,0,0.021651926,0.161348581,0.155902215,425,195.2536579,0,0.369565217,0,0,0,0
2264,GACCCCACCCACCCCGACCCAGG,0,0,0.096551724,0,0.12450836,485,161.9828912,0.27826087,-0.130434783,0,0,1,0
2265,AGATGGGAACAAGAGGTACAGGA,0,0,0.007407407,0,0.339662881,552.5,191.1961685,0,0.065217391,0,0,0,0
2266,TGTGTGTGGGTGTGTGTGTGGGG,0,0,0.113131313,0.379196691,0.372455417,552.5,192.9657886,0,-0.065217391,0,0,0,0
2267,AAATAAGAAGGAGATGCAGAAAG,0,0,0.002608025,0,0.070427919,357.5,166.7265748,0,-0.673913043,0,0,0,0
2268,CCCAAGCCCCCAGAGACACACAG,0,0,0.025641026,0.489552393,0.482379464,620,209.0660987,0.456521739,1.02173913,0,0,1,0
2269,CCAGTGAGGAGGGTGCAGGCAGA,0,0,0,0,0.010515632,357.5,178.5965087,0.026086957,-0.173913043,0,0,0,0
2270,CAGGGCCCACAGGGCAGTGAGGG,0,0,0.095192308,0.509897177,0.4917675,552.5,186.3956801,0,-0.413043478,0,0,0,1
2271,GCTGTGTGTGTGTGTGGGTGTGA,0,0,0.00061703,0,0.372455417,552.5,192.7257886,0,-0.043478261,0,0,0,0
2272,GACTCTCTCACACCCACCATGGG,0,0,0.123809524,0.325301471,0.313735196,552.5,180.8370828,0,-0.52173913,0,0,0,0
2273,GGGAGGAAGGAATGGGGAGTCAG,0,0,0.103162641,0,0.275145253,522.5,201.3214776,0,0.043478261,0,0,0,0
2274,TGGATGGGGGTGGGAGGAGTCAG,0,0,0.01102165,0.142062041,0.137899051,362.5,192.6546783,0,-0.086956522,0,0,0,1
2275,GCTGTGTGTGTGTGTGCGTCTGG,0,0,0.064735265,0.426140229,0.426140229,552.5,176.5742997,0,0.02173913,0,0,1,0
2276,ATGAACAACATTGATTAAAGTGG,0,0,0.024725275,0,0.041709922,357.5,170.2397445,0,-0.260869565,0,0,0,0
2277,TGGAAGCAAGGATGAGGAGTAGA,0,0,0.009974888,0,0.316132585,522.5,205.3386351,0,-0.152173913,0,0,0,0
2278,GACGCGATGTCATTGTTCTCTAG,0,0,0.087770062,0.561010401,0.544570536,620,210.6951188,0,0.391304348,0,0,0,0
2279,ATGAACACCCAGGAGTACAGTGG,0,0,0.079365079,0.069407778,0.067280336,392.5,174.8387461,0.039130435,-0.086956522,0,0,0,0
2280,GAAACAGCAGCAGAATTTTTAGA,0,0,0.02254235,0,0.240310978,522.5,199.5791775,0,0.086956522,0,0,0,0
2281,GGGAAAGAAACAGGATCCCTGAG,0,0,0,0.038404883,0.037787938,455,167.8612986,0.1,0.369565217,0,0,0,0
2282,AACCTCCGCCTCCCCGCCTCAAG,0,0,0.033504273,0,0.794051205,522.5,208.5817793,0,-0.369565217,0,0,1,0
2283,GACCCCCTGCCCCTCACCTCCAG,0,0,0.047078189,0,0.011862146,357.5,180.0825254,0,-0.173913043,0,0,0,0
2284,CAAGTGAGCAGAGCCGGGGCTGA,0,0,0.002243746,0,0.099818052,455,179.807087,0.256521739,-0.326086957,0,0,0,1
2285,GGCCCTGCAGCGGGAAGTGGCAG,0,0,0.029411765,0,0.07772152,455,189.3620933,0.739130435,0.02173913,0,0,0,0
2286,GGGAAGGAGGAATGGGGAGGAGG,0,0,0.054859335,0,0.186915845,455,166.5670585,0,-0.347826087,0,0,1,0
2287,AAGACCAGTGATAAGAGCAGTGA,0,0,0.006603973,0,0.093634499,357.5,170.7085791,0.013043478,-0.369565217,0,0,0,0
2288,GACCACAAAGCCTAGATTTCAAG,0,0,0.009096816,0.094836584,0.0931506,387.5,159.2217885,0,-0.717391304,0,0,0,0
2289,GGCGCCGCGGCTGCAGGTGCGGG,0,0,0.104359926,0,0.059518236,455,167.7636314,0,-0.347826087,0,0,1,0
2290,GCCACCAAAGCAGATTTATTTAG,0,0,0.019400353,0,0.056804655,455,176.9464643,0,0.391304348,0,0,0,0
2291,TGTCTGGAGGAATGAGGAAGGGG,0,0,0.022244192,0.212627123,0.205067048,485,149.9128001,0.960869565,-0.369565217,0,0,0,0
2292,AGATAAAAAGAAGAGGCAAAGAG,0,0,0.077037037,0.353204637,0.34064625,552.5,184.5404993,0,-0.152173913,0,0,0,0
2293,CTCTGTGGCAGTGGATGGATGAG,0,0,0.037037037,0.73132116,0.73132116,522.5,204.6383629,0,-0.260869565,0,0,0,0
2294,ATATGAGAAAAAGAGACAGAGGG,0,0,0.084848485,0,0.079007985,485,165.9318378,0.013043478,4.217391304,0,0,0,1
2295,ACATGAGCAGAAAAAGCACAGAG,0,0,0.075845723,0,0.155902215,425,192.1538409,0.1,0.239130435,0,0,0,0
2296,GATTTGTTTGCAATCTTCTCTGG,0,0,0.064903846,0.141575737,0.141575737,425,189.9739215,0.647826087,2.456521739,0,0,0,0
2297,AAATGGGAAGAAGAGACACCAGA,0,0,0.011273449,0,0.136727592,492.5,164.1879902,0,-0.173913043,0,0,0,0
2298,GCCTGAGTCTCAGGATGGAGAGG,0,0,0.111713555,0.211575375,0.207602129,455,172.5603156,0.517391304,-0.413043478,0,0,0,0
2299,GGCTCTGAGGCTGTAGCTGGAAG,0,0,0.006728725,0,0.086229035,455,182.6012873,0.056521739,0.173913043,1,0,0,0
2300,GGGGTGTGTGTGTGTGCGGGGAG,0,0,0.007070707,0.305908313,0.300469943,552.5,182.6758997,0,-0.608695652,0,0,0,0
2301,GAGGAGGAGCAGAAGAAAAAAAG,0,0,0.032051282,0.184472162,0.178245253,555,189.8287627,0,0,0,0,0,0
2302,GAAGACAAGGCATAGAGTACAAG,0,0,0.003631082,0,0.117323456,485,162.6325086,0.143478261,-0.065217391,0,0,0,0
2303,AAATGAGAATTAAAGGCACAAGA,0,0,0.016025641,0,0.458916082,432.5,199.6788593,0,0.217391304,0,0,0,0
2304,GGTGTGTGTGTGTTTGTGTGTGG,0,0,0.027151515,0,0.05268594,455,181.3266039,0,-1.130434783,0,0,0,0
2305,GGTGTGTGTGTGTTTGTGTGTGA,0,0,0.001885522,0,0.05268594,455,181.3266039,0,-0.065217391,0,0,0,0
2306,GAGTCTGGGCAGGAGAAGAAGAG,0,0,0.115136876,0,0.595524096,530,206.0148785,0,-0.347826087,0,0,0,0
2307,GCATCTGTGCCACCCACCTGGAG,0,0,0.014438891,0,0.271673476,552.5,175.1914389,0,-0.369565217,0,0,0,0
2308,GCTTTTTTCCCTCCCACCGTGGG,0,0,0.036458333,0,0.24194961,455,178.9195796,0,-0.239130435,0,0,0,0
2309,GGGATAGGGGAGTTTCCTCCAGA,0,0,0,0,0.156419304,555,197.9636701,0.882608696,2.934782609,0,0,0,0
2310,TGTGAGTGTGTGTGTGGCTGTGG,0,0,0.016806723,0,0.073001262,485,168.8307753,0,1.760869565,0,0,0,0
2311,GGGATGGGGGAATAAGGTGTGGA,0,0,0.018266908,0,0.046239667,455,179.0376651,0,-0.02173913,0,0,0,0
2312,GTCATAGTAGTCATTCCCTTGGG,0,0,0,0,0.044549938,485,160.6048094,0.013043478,0.304347826,0,0,0,0
2313,GGAGTGCCTTCTGAAGCACAAAG,0,0,0.014178241,0,0.059518236,455,167.7636314,0,-0.608695652,0,0,0,0
2314,TCTGCCTCCTATCGACTCACCAG,0,0,0,0.116449555,0.114484162,425,196.3389952,0,-0.956521739,0,0,0,0
2315,TCCTCCCCTAAGCCTCCCCAGGG,0,0,0,0.065221831,0.064062332,485,176.9656827,0,-0.391304348,0,0,0,0
2316,TCTACCCCATAGGGCAGTAACAG,0,0,0.188235294,1.317695783,1.317695783,620,213.0946636,0,-0.347826087,0,0,0,0
2317,CAGTTGGGGGAGTTTGGTCCAAG,0,0,0.002765209,0.620616516,0.609583333,552.5,196.6855689,0,-0.565217391,0,0,0,0
2318,GGCACTGCTGATGGTGGAGGTGG,0,0,0.053333333,0,0.025484762,357.5,169.3797811,0,0,0,0,1,0
2319,AGTGGGTGAGTGGGTGGGTGGGA,0,0,0.000690537,0,0.23590875,455,187.4262484,0,-0.52173913,0,0,0,0
2320,TCTGTGTGTGTGTGTGCGTGGGG,0,0,0.151048951,0,0.833979885,620,213.7118996,0,-0.065217391,0,0,0,0
2321,GGTGAAAGTGTGTGTGTGTGAAG,0,0,0.063518519,0,0.139070029,552.5,190.0849438,0.004347826,-0.043478261,0,0,0,0
2322,GGAACTGTGGCTGGGGATGGGGG,0,0,0.460055556,0,0.152925168,455,180.3790504,0,0.239130435,0,0,0,0
2323,CGTGAGAGTGTGTGTGCATGTGA,0,0,0.018028846,0,0.129506134,552.5,187.4337056,0.013043478,-0.043478261,0,0,0,0
2324,TGGATGTATGAATGACGGGTGGA,0,0,0,0,0.020128062,485,170.1452797,0.630434783,-0.304347826,0,0,0,0
2325,TGCCAGGAGGAATCAGGAGTTGG,0,0,0.029088559,0.217170591,0.210193223,525,204.8708954,0,-0.152173913,0,0,0,0
2326,GCCCCTGTCCCACCCTCCTTGAG,0,0,0,0.34930266,0.34930266,560,199.8547933,0,-0.434782609,0,0,0,0
2327,GGCAGTGCGACTGTAGATGGTAG,0,0,0.036134979,0,0.079416941,455,180.2946479,0,-0.02173913,0,0,0,0
2328,ATTGCCCCACGGGGCAGTGACGG,0,0,0.24375,0.625550847,0.625550847,462.5,183.4219164,0,0.043478261,0,0,0,0
2329,GAGATGTTTTTAGTGTTCTCTGA,0,0,0.001327175,0,0.302995647,425,202.0689958,0.017391304,0.152173913,0,0,0,0
2330,GAATACAAAGCAAAGACATCTGA,0,0,0.017094017,0,0.037831185,387.5,152.6557462,0.813043478,-0.195652174,0,0,0,0
2331,AAAATAGAAGAAGAGGTAAAGAG,0,0,0.007407407,0,0.19201875,485,165.303969,0.030434783,-0.239130435,0,0,0,0
2332,GGCCCAGACAGGGCCAGTGATAG,0,0,0.043771044,0.028510336,0.028510336,357.5,174.9967157,0,0.391304348,0,1,0,0
2333,TGTAAGAGAGTGTGTGTGTGTGA,0,0,0.025520833,0,0.416345417,552.5,194.9571081,0.7,0.282608696,0,0,0,0
2334,CATTCTTTCCCACACACCTTTGA,0,0,0.008680555,0,0.220835918,525,206.7928154,0,-0.565217391,0,0,1,0
2335,TAGTCAGTACAGAAGAAGAAAAG,0,0,0.066326531,0.520512228,0.50455783,620,210.3544187,0,-0.326086957,0,0,0,0
2336,GACTCATTTTTATTGTTCTGGGG,0,0,0.018099547,0.221695444,0.221695444,455,172.7580124,0.482608696,1.065217391,0,0,0,0
2337,GAATTCAAAGCATAGATTGCGAG,0,0,0.035196409,0,1.144757433,560,197.2519689,0.160869565,0.413043478,0,0,0,0
2338,TGGATGGATGGATGGGGAGATGG,0,0,0.12675,0,0.054220132,357.5,157.6655144,0,-0.391304348,0,0,0,0
2339,AAAACAGAAGAAGAGACATATAG,0,0,0.044770045,0,0.085785,485,169.0016542,0,0.130434783,0,0,0,0
2340,GGCTGCCTAAAGCCTGGCCTCGA,0,0,0.015217391,0,0.697447183,552.5,177.4342631,0.026086957,0.630434783,0,0,0,0
2341,CTCTTCCATCTGGAGACACAGGG,0,0,0.12855831,0.397051531,0.390673193,425,204.1402158,0.034782609,-0.195652174,0,0,0,0
2342,CGTGAGAGAGTGTGTGTGAGTGA,0,0,0.005787037,0,0.138537471,485,165.0827082,0.013043478,-0.195652174,0,0,0,0
2343,CTCTCCCCACTGGGCAGCAAAAG,0,0,0.005328005,0.16982371,0.16982371,455,186.144983,0.052173913,0.347826087,0,0,0,0
2344,GAGCCCGTGCAGAGGAAGAAGGA,0,0,0.008986928,0,0.419407407,530,204.7873984,0.039130435,0.130434783,0,0,0,0
2345,TGAATGGAAGAATGAAGAGATGA,0,0,0.018833705,0,0.068415575,485,160.2861938,0.17826087,0.369565217,0,0,0,0
2346,GTCATCTTAATCATTATCAGTAG,0,0,0.032263374,0,0.298479778,492.5,163.6741526,0,-0.782608696,0,0,0,0
2347,AATGACCTCTTCATTTTCAAAGA,0,0,0.000187846,0,0.034919707,357.5,178.3746519,0.439130435,0.195652174,0,0,0,0
2348,GGTGTGTGTGGGTGTGTGTGTAG,0,0,0.010558923,0,0.196246288,455,186.7357049,0,0.043478261,0,0,0,0
2349,GGCAGGGCTGCTGGAGGAGGGAG,0,0,0.031604938,0,0.10890785,552.5,186.7425824,0.039130435,0.260869565,0,0,0,0
2350,AAAATAGAAGAAGAGGAAAAGGA,0,0,0.001984127,0,0.19201875,485,165.303969,0.030434783,0.108695652,0,0,0,0
2351,AACTGATAGGGAGAGGCACAGGA,0,0,0.007369614,0,0.311706729,522.5,206.0989551,0.108695652,0.326086957,0,0,0,0
2352,AGGTGAGAGGAGGAGGCACACGG,0,0,0.235390947,0.430994786,0.424071175,522.5,206.7561192,0,0.065217391,0,0,0,0
2353,AAAGGAGAAGAAAAGGAAAAGGA,0,0,0.00801282,0,0.074311256,387.5,157.0929685,0,-0.130434783,0,0,0,0
2354,AGGAAGGAGGGATAAGGAGTCAG,0,0,0.063194444,0,0.124304193,425,200.0424116,0.247826087,-0.543478261,0,0,0,0
2355,GGATGAGAAGAAGAGTCACCTGA,0,0,0,0,0.119960915,485,164.5339742,0,0.717391304,0,0,0,0
2356,AAATTAGAAGATGAGGAAAAAGA,0,0,0.001388889,0,0.089689771,387.5,158.4614685,0.02173913,0.239130435,0,0,0,0
2357,GACAAAGGAGCAGAGTTTTCAGA,0,0,0.002456538,0,0.39945125,552.5,175.8882791,0.008695652,0.47826087,0,0,0,0
2358,GAACCCAAAGCAAAGACTTAGGA,0,0,0.00801282,0,0.080487776,387.5,140.5267596,0.013043478,-0.652173913,0,0,0,0
2359,GGGAAAGGCCTAGCCTCCTTTGA,0,0,0.002849003,0,0.067033803,357.5,164.9150778,0,-0.195652174,0,0,0,0
2360,AAAGGAGAACAAGAGCCACAGAG,0,0,0,0,0.471021596,560,197.2462377,0,-0.282608696,0,0,0,0
2361,GACGTGTTTTCATTTTCCTTAGG,0,0,0.018907563,0,0.068124595,387.5,145.9956674,0.052173913,-0.086956522,0,0,0,0
2362,AAAAAAGAAGAAGAAGCACCCAG,0,0,0.02288682,0,0.176947,455,165.6934585,0,0.173913043,0,0,0,0
2363,GGCTCTGAAGCTGGATGTGGGGA,0,0,0,0,0.15797057,552.5,193.9783768,0,-0.173913043,0,0,0,1
2364,TGGATGGATGAATGAATAGGTGG,0,0,0.023529412,0,0.02413915,417.5,139.8280828,0,1.869565217,0,0,0,0
2365,ATATGAGCAGAAGAGGAATAGAG,0,0,0.017404817,0.199097782,0.19201875,485,164.126072,0,0.108695652,0,0,0,0
2366,AACCCTGGAGCAGAGTTTTTAAG,0,0,0.056078431,0.838642996,0.82579023,620,213.440599,0.108695652,0.543478261,0,0,0,0
2367,GGGACTGCAGCTGGGGATGGGGG,0,0,0.195,0,0.093437277,455,179.519087,0.434782609,0.195652174,0,0,0,0
2368,GCTGAATGAGTGTGGGCTTGAAG,0,0,0.005982906,0,0.050317447,455,177.5436611,0.247826087,0.304347826,0,0,0,0
2369,TGTGAGTGTGTGTGTGGGGGAAG,0,0,0.002287582,0,0.123933228,485,163.5061086,0.008695652,0.043478261,0,0,0,0
2370,CCCTCCCCAGAGCCTTCCCAGAG,0,0,0,0.098313104,0.096565315,485,175.9337266,0,-0.369565217,0,0,0,0
2371,GGATCTGCAGCTGGAGGTGACAG,0,0,0.086174242,0,0.397764972,552.5,176.7010197,0,-0.152173913,0,0,0,0
2372,TGGGTGGAGGACTGGAGAGTGGG,0,0,0.106907895,0,0.034090618,357.5,179.1148521,0,-0.630434783,0,0,0,0
2373,CCCTGTGGCTCTGCATGGCATGG,0,0,0.036576355,0,0.029419779,387.5,136.5753985,0,-0.282608696,0,0,0,0
2374,CTTCTCCCACAAGGCATTAACAG,0,0,0.020380273,0.289617489,0.28472943,455,188.3358685,0,-0.108695652,0,0,0,0
2375,CCTGCCTCCCCTCCTCCCACAGG,0,0,0.016134454,0.019627418,0.019326615,357.5,167.3759463,0.191304348,-0.065217391,0,0,0,1
2376,AGAAGAGGAGAAGAGACACAAAG,0,0,0.072427983,0,0.258544304,552.5,197.6981572,0.091304348,0.108695652,0,0,0,0
2377,GGTGTGTGTGTGTGTGTGTGCGA,0,0,0.007070707,0,0.699446792,560,194.1657886,0,-0.47826087,0,0,0,0
2378,GGTGTGTGTGTGTGTGTGTGCGG,0,0,0.101818182,0.699446792,0.699446792,560,194.1657886,0,-0.152173913,0,0,0,0
2379,GCCCCCCTCCCCCAGGCCTCTGA,0,0,0.000381944,0,0.033313524,327.5,186.8837101,0,-0.195652174,0,0,0,1
2380,AAATGAGATAAAGAGGGATAGAG,0,0,0.003941679,0,0.097639973,485,158.5143722,0,-0.586956522,0,0,0,0
2381,TGGAAGGAGAAAGGAGGAGGAGG,0,0,0.021483376,0.235330927,0.235330927,455,166.2830231,0,-0.543478261,1,0,1,0
2382,GAGGCGGAGGAGAAGAAGGAGGA,0,0,0.003164786,0,0.277905994,552.5,180.8006796,0,0.456521739,0,0,0,0
2383,TGGATGGATGAGTGTGGAGGGGA,0,0,0.000944081,0,0.048065414,357.5,156.1794977,0.086956522,0.369565217,0,0,0,0
2384,GTCACCTCCAATCAGCAGGGGGA,0,0,0.000974659,0,0.04138509,365,179.405232,0,-0.043478261,0,0,0,0
2385,GACCTATTTTCAATCTTCTCCAG,0,0,0.031674208,0.092755349,0.089775258,425,192.8340739,0,-0.195652174,0,0,1,0
2386,GGAACTGGGGCTGGTGGGGGGGA,0,0,0.002579365,0,0.082004963,455,175.9418282,0.043478261,0.5,0,0,0,0
2387,TGCATGAATGAAAGAGGAGTGGA,0,0,0.009861933,0,0.227827067,522.5,202.8297183,0,0.826086957,0,0,0,0
2388,GACACCCTGCACCCCTCCTGTGA,0,0,0,0,0.069386993,485,159.9405938,0.165217391,-0.108695652,0,0,0,0
2389,TAAGGGAGTGGAGCGGAGGCTGG,0,0,0.258585859,1.317695783,1.317695783,620,212.6799436,0.030434783,-0.260869565,0,0,0,0
2390,AAAAGAGAAAAAGAGGAATAAGA,0,0,0.006647673,0,0.176849269,485,161.6005526,0,-0.804347826,0,0,0,0
2391,CATGATCACAATATCCTCAAAAG,0,0,0.095238095,0,0.392225327,522.5,204.7061791,0,-0.217391304,0,0,0,0
2392,GGCAATGGTGGTGGAGGTGGCAG,0,0,0.012698413,0,0.462858836,522.5,204.621999,0.034782609,0.326086957,0,0,1,0
2393,AGAGAGTGTGTGTGTGTGTGGGG,0,0,0.18,0.373887938,0.367241041,552.5,193.7261086,0,-0.217391304,0,0,0,0
2394,AGAGAGTGTGTGTGTGTGTGGGA,0,0,0.0125,0,0.367241041,552.5,193.7261086,0.92173913,-0.608695652,0,0,0,0
2395,AAAGGCTACTACATCCTCAGTGA,0,0,0.022190126,0,0.44463744,552.5,177.8628993,0,0.108695652,0,0,0,0
2396,CCCTTCCATCCCAACACACAGGA,0,0,0.002927694,0,0.073007317,327.5,186.9039574,0.139130435,-0.173913043,0,0,0,0
2397,GACTTCTTCTCATGATTCTCTGA,0,0,0,0,0.021118991,425,187.6080294,0,-0.5,0,0,1,0
2398,TGTGAGTGTGGGTGTGTGTGAGA,0,0,0.007777778,0,0.206712756,455,188.0240249,0,5.934782609,0,0,1,0
2399,ATGAAGACAAGAGAGTAGACTGG,0,0,0.146938776,0,0.113999847,455,168.6005353,0.343478261,0.695652174,0,0,0,0
2400,TAATTTGAAGAAGACGCACAAGG,0,0,0.058441558,0.252237445,0.243723101,522.5,201.9186744,0,-0.108695652,0,0,0,0
2401,ATGAACCCCAGTGAGGTCAGAGA,0,0,0.000667735,0,0.012682985,442.5,153.118949,0.008695652,0.152173913,0,0,0,0
2402,ATAAGAGTAGAAGAGACACAGAG,0,0,0.038480038,0,0.258544304,552.5,197.6981572,0,-0.130434783,0,0,0,0
2403,CCTGCACAAGCTCTACTCACTGG,0,0,0.355676021,0.329465174,0.329465174,625,207.9712379,0,-0.456521739,0,0,0,0
2404,GGTGTGTATGTGTGTGTGTGCAG,0,0,0.026397306,0.353596915,0.353596915,552.5,189.8659716,0,0.326086957,0,0,0,0
2405,GGAGTGCCTTCTGCAGCTCCAGA,0,0,0.010850694,0,0.373635158,560,192.3170827,0,-0.260869565,0,0,0,0
2406,TTTGACCCACAGGGCAGAACTGG,0,0,0.086580086,0,0.136699648,485,155.3507468,0,0,0,0,0,0
2407,GACTATTTTTCATTGAACTCCAG,0,0,0.041900486,0.060221432,0.060221432,485,177.851159,0.130434783,0.108695652,0,0,0,0
2408,ATTGACCACTTTTTCCTCAACGG,0,0,0.036148467,0,0.151190526,362.5,195.5144953,0,-0.217391304,0,0,0,0
2409,AGTGATTCAGTGTTTGCGTGCAG,0,0,0.025527066,0,0.135502769,522.5,202.6750144,0,-0.02173913,0,0,0,0
2410,GGACACGAAGCAGAGACTCCAGG,0,0,0.066037569,0.136690195,0.131830099,455,176.3294987,0,-0.173913043,0,0,1,0
2411,AATGACTACTACATAGTTAAGGA,0,0,0.001240079,0,0.008828675,387.5,159.8980385,0,0,0,0,0,0
2412,CCCTCCCCGCAGCGTGGCCACAG,0,0,0,0.12819942,0.126035717,522.5,198.6092986,0.186956522,-1.326086957,0,0,1,0
2413,CCTGCCTCCTCTCTAGTAGCAGG,0,0,0.025240385,0.01399298,0.01399298,417.5,140.7485045,0.039130435,0.652173913,0,0,1,0
2414,AAACACAAAGCACATGCTGCTGA,0,0,0.001355552,0,0.028245324,357.5,178.205232,0,-0.413043478,0,0,0,0
2415,CACATCCATACACACACACACAG,0,0,0.018765003,0,0.14358594,425,190.2619215,0,-0.108695652,0,0,0,0
2416,GAGCCCCTCCATCTGGCCTCTGG,0,0,0.009871795,0,0.029118541,327.5,185.1096933,0,-0.369565217,0,0,0,0
2417,GGTGAGAGAGAGTGAGCATGGGG,0,0,0.263031376,0,0.028487877,357.5,170.9563806,0,-0.304347826,0,0,0,0
2418,GATCCCTTCCACCACTCCTCTGA,0,0,0,0,0.02594292,455,187.3612087,0.034782609,-0.086956522,0,0,0,0
2419,GGAGAGAGAATGAGTGCGTGCAG,0,0,0.104700854,0,0.343418542,522.5,201.7977622,0.008695652,-0.173913043,0,0,0,0
2420,GCCTCTCCAGGCCCTGGCCAGAG,0,0,0.046023965,0.207676548,0.207676548,460,198.4760954,0,0.02173913,0,0,0,0
2421,GGTGTGTGTGTGTGTTCGTTAGG,0,0,0,0,0.069386993,485,159.5258738,0.004347826,0.304347826,0,0,0,1
2422,GAATGAGAGGAAGAGACAGAAAG,0,0,0.021604938,0,0.055367572,485,167.2037938,0.008695652,0.152173913,0,0,0,0
2423,GCTTCTTACCCACTGACCTTAGA,0,0,0.001400463,0,0.059184026,425,189.7259768,0.1,-0.065217391,0,0,0,0
2424,GAGTGGGGACAGTGTGCTCCAGA,0,0,0,0,0.126035717,522.5,198.3692986,0,0.369565217,0,0,0,0
2425,GACTCCCATAAGCCTGGCTAAGA,0,0,0.009090909,0,0.30473625,552.5,181.1524028,0,-0.065217391,0,0,0,0
2426,CATGCCCCAGAGGCCAGTATAGA,0,0,0.005876068,0,0.095709979,455,165.191479,0,-0.043478261,0,0,0,0
2427,GCCTGGCTCCCACCCACCTCTGG,0,0,0.021428571,0.272825204,0.272825204,555,176.6049153,0,-0.586956522,0,0,0,0
2428,GACACCGAGGGAGAGTTGTCTGG,0,0,0.005050505,0.040969829,0.039653529,387.5,146.4492027,0,0.434782609,0,0,0,0
2429,GTCATCATAGTGGTTACCTTTAG,0,0,0.046027912,0,0.081515342,357.5,162.4637983,0,-0.065217391,0,0,0,0
2430,GGGTTGGGGGAGTTTGGTATTGA,0,0,0.000157563,0,0.080071819,417.5,129.0399691,0.039130435,0.195652174,0,0,0,0
2431,GAGTATGGGCTGAAGAAGAAGAG,0,0,0.031040564,0.458313578,0.458313578,522.5,206.7957953,0.952173913,5.065217391,0,0,0,0
2432,TGTGAGTGAGTGTGTGGCTAAGG,0,0,0.026260504,0,0.052629364,417.5,135.6529557,0,-0.239130435,0,0,0,0
2433,AATTTAGAAAAAGAGGTACAAAG,0,0,0.023912854,0,0.52553761,552.5,191.4058325,0.013043478,0.108695652,0,0,0,0
2434,AAATGAGAAGAAGAGAGAGGTGA,0,0,0.000390475,0,0.01135084,350,113.0398632,0.07826087,0.086956522,0,0,0,0
2435,TGTGAGCAAGTGTGTGCATGTGA,0,0,0.033052884,0,0.211957667,552.5,188.293669,0.017391304,-0.02173913,0,0,0,0
2436,GACATGTTTTCATTCTTCCTGGG,0,0,0.010747873,0,0.055738305,387.5,136.2337786,0.034782609,NA,0,0,0,0
2437,ATTTACGACTATATCCTCAAAAG,0,0,0.017373793,0,0.480774398,522.5,207.9871188,0.626086957,-0.282608696,0,0,0,0
2438,GGCATTGGGGCTGAAGGTGAGGA,0,0,0.019975142,0,0.09837725,455,166.0350785,0.07826087,0.347826087,0,0,1,0
2439,GGCATCATAGTGATAACCTGTGA,0,0,0.013133528,0,0.135371465,425,194.6536972,0,-0.152173913,0,0,0,0
2440,GAGTTCAAGCAGAAGCTGAATGA,0,0,0,0,0.067985517,485,177.2539622,0,-0.413043478,0,0,0,0
2441,ACCTCCCCAAACCCTGGCCCTGG,0,0,0.10828877,0.759866667,0.734108475,462.5,175.5462996,0.008695652,-0.239130435,0,0,0,0
2442,AAATGAGAACAAAAGGCTCAGAG,0,0,0.047863248,0,0.186685534,462.5,180.4856098,0.008695652,0.065217391,0,0,0,0
2443,TGGATGGATGAATGGGTGGTTGG,0,0,0.034666667,0,0.017678619,387.5,154.6237537,0,-0.195652174,0,0,0,0
2444,AATTTAGAAGAAGAGAGACAAGA,0,0,0.000865052,0,0.098146003,485,179.109143,0,-0.043478261,0,0,0,0
2445,TGGATGGAGGAGTGAGGGGATAG,0,0,0.04212963,0,0.107458613,395,150.1229663,0.004347826,-0.304347826,0,0,0,0
2446,GAATCCAAGAAGAAAAAGAAAGA,0,0,0.04248366,0,0.249861055,522.5,197.0900612,0.113043478,0.152173913,0,0,0,0
2447,GATTTGTTTTTAGTGTTCTTTGG,0,0,0.016555184,0.144981323,0.139826431,357.5,165.8049958,0.030434783,-0.413043478,0,0,0,0
2448,CCTTGTCTCTCTGGAATGATGAG,0,0,0.027850116,0.06937551,0.06703372,485,178.0142822,0,-0.173913043,0,0,0,0
2449,TGGATGAAAGAATGAAGAGTTAG,0,0,0.166666667,0.19679349,0.191811376,560,196.768613,0.17826087,0.217391304,0,0,0,0
2450,ATGAAAACGTGTGAGTAAAGAGA,0,0,0.024384754,0,0.10030413,552.5,183.0391659,0.013043478,-0.130434783,1,0,0,0
2451,CTTGCTTCACAGTGCAGCAAGGA,0,0,0.006736288,0,0.047113964,455,180.1081814,0,-0.108695652,0,0,0,1
2452,GATACCTAAGAATAGTTTTTAGA,0,0,0.006138393,0,0.206946027,425,200.559415,0,0.130434783,0,0,0,0
2453,CACACCAGTTAGTAGATGGGTAG,0,0,0.006018518,0.114096302,0.110039545,485,167.7988192,0,0.369565217,0,0,0,0
2454,TGTGCATGAGTGTGTGGGTGTGG,0,0,0.029411765,0.375472992,0.368797917,552.5,195.1395849,0,-0.02173913,0,0,0,0
2455,AGAAGAGAAGAAGAGGAAGAGGA,0,0,0.00154321,0,0.19201875,485,166.352289,0,-0.065217391,0,0,1,1
2456,GGTGAGAGAGTATGTGCATGGGA,0,0,0.03926282,0,0.185392306,462.5,184.8773855,0,-0.108695652,0,0,0,0
2457,GAGTCAGGGAAGAAGAAGGAGGG,0,0,0.221309524,0.268364157,0.263834804,552.5,178.5744627,0,-0.086956522,0,0,0,0
2458,CGTGTGTGTGTGTGTGCGCGCGA,0,0,0.00298552,0,0.321904489,552.5,183.2038997,0.62173913,-0.565217391,0,0,0,0
2459,CGTGTGTGTGTGTGTGCGCGCGG,0,0,0.042991491,0.321904489,0.321904489,552.5,183.2038997,0,-0.347826087,0,0,0,0
2460,CCATAGAGTAGAGCAGAAGCAAG,0,0,0.030714384,0.081716594,0.078958228,455,177.4077251,0,0,0,0,0,0
2461,GAGGAGGAGAAGAAGAAGAAGGA,0,0,0.010747354,0,0.760552802,622.5,210.2603596,0,-0.108695652,0,0,0,0
2462,GAGGAGGAGAAGAAGAAGAAGGG,0,0,0.154761905,0,0.760552802,622.5,210.2603596,0,-0.282608696,0,0,0,0
2463,TGTGTGTGCGTGTGTGTGTGAGA,0,0,0.006734007,0,0.372455417,552.5,192.9657886,0,-0.543478261,0,0,0,0
2464,AAAAGAGAAGCACAGGCAGAGAG,0,0,0.00259909,0,0.107124019,357.5,171.8489958,0,-0.02173913,0,0,0,0
2465,ACCACCAGTGGCTAGAGAGGGGA,0,0,0.010110294,0,0.08473962,357.5,179.5904826,0.052173913,-0.065217391,0,0,0,0
2466,TGCATGGAGGAGTCAGGAGTGAG,0,0,0.030864198,0.209033801,0.203459566,432.5,200.5167149,0,-0.282608696,0,0,0,0
2467,GGTGTGTGGGTGTGTGCGGACAG,0,0,0.01473064,0,0.127075016,485,146.0662998,0,0.260869565,0,0,0,0
2468,GCATCCCTAAAGTCTGGTCAGGA,0,0,0.023697917,0,0.118417614,455,180.6495292,0,0.173913043,0,0,0,0
2469,GGGAAAGAGCCAGCCTCCTGGGG,0,0,0.01986249,0.031795118,0.030773588,387.5,133.1475982,0,-0.130434783,0,0,0,0
2470,GGTGTTTGTGTGTGTGCATGAGG,0,0,0.100699301,0,0.10890785,552.5,186.7425824,0.365217391,0,0,0,0,0
2471,GAAATAACTTCTGGAGCACCTGG,0,0,0,0.092548391,0.092548391,522.5,203.1516506,0,-0.717391304,0,0,0,0
2472,GAGTCCCAGAAAGAGAAGAAGAG,0,0,0.094028449,0.163482311,0.163482311,425,194.6096618,0,-0.52173913,0,0,0,0
2473,GGGTGGTGGGTGCTGGCTCCTAG,0,0,0.00179937,0.055359709,0.05366286,327.5,186.8803934,0,-0.173913043,0,0,0,0
2474,GAATTCAAAGCATAGATTTCGAG,0,0,0.023464272,0,0.19201875,485,165.303969,0.013043478,0.173913043,0,0,0,0
2475,GGGAAGGAGGAATGGGCAGTTAG,0,0,0.018963721,0,0.163368333,455,182.7185474,0,0.152173913,0,0,0,0
2476,GGCCCTGGGGCTGGAGCTTGGGG,0,0,0.035590707,0,0.19201875,485,163.492472,0.013043478,0.065217391,0,0,0,0
2477,GGGGAGTGAGTGAGTGTGTTGGG,0,0,0.113076923,0,0.096996713,387.5,151.0489685,0,0.543478261,0,0,0,0
2478,GGTGAGTGTGTGTGTGATAGGAG,0,0,0.013827161,0,0.020778974,442.5,138.0827754,0,-0.5,0,0,0,0
2479,AAAGGTGAAGAAGATACACAGGA,0,0,0.004428855,0,0.041920373,455,185.0449685,0.004347826,-0.130434783,0,0,0,0
2480,TGGATGGATGGATGGAGAGTTGG,0,0,0.225333333,0,0.021335941,357.5,177.5146885,0,-0.108695652,0,0,0,0
2481,CCCTCCCCAGAGCCTCGGCACAG,0,0,0,0.050972894,0.049160524,485,171.4965044,0.139130435,-0.934782609,0,0,0,0
2482,AAATGAGAAGAAAAGGGAGGGAG,0,0,0.001345636,0,0.026713615,320,120.8289685,0.008695652,0.347826087,0,0,0,0
2483,GACATCCCTTCTGGAGCTCCTGA,0,0,0,0,0.045592311,455,181.3694821,0,0.108695652,0,0,0,0
2484,GAAGACAAAGAGTGGACTGCCAG,0,0,0.03276749,0.059160678,0.058210306,327.5,192.7410312,0,0.02173913,0,0,0,0
2485,AGGTGAGAAAACGAGGCACACAG,0,0,0.031131326,0,0.639230037,522.5,205.7241631,0.252173913,0.413043478,0,0,0,0
2486,CACATGCATGCAGAGACACACAG,0,0,0.036662926,0,1.489014768,627.5,213.3822796,0.02173913,-0.391304348,0,0,0,0
2487,CCTGCCTCCTCTCAGCTCCCCAG,0,0,0.017536718,0.016574742,0.016574742,357.5,157.6140574,0.026086957,0.326086957,0,0,0,0
2488,TGTGAGTGTGTCTGTGTGTGTGA,0,0,0.010294118,0,0.183248065,455,186.5380081,0.786956522,0.239130435,0,0,0,0
2489,AAAAGAGAAGAAGAGGAGGAAGG,0,0,0.011111111,0,0.037635675,442.5,141.1689557,0,-0.347826087,0,0,0,0
2490,AGATGAGATTAAGAGGTACACAG,0,0,0.047185185,0,0.343031439,552.5,189.0223722,0,-0.239130435,0,0,0,0
2491,ATCAACACCAGTGAGGGAAGGGA,0,0,0.001129548,0,0.02026257,442.5,154.9741298,0,0.304347826,0,0,0,0
2492,AGCAGCCCTTCTGCAGCTCCTGG,0,0,0.123428572,0.317269355,0.305988667,552.5,191.9603467,0,0.108695652,0,0,0,1
2493,GGAACAGTGGCTGGAGGTGGGAG,0,0,0.170390946,0,1.447518519,627.5,214.986199,0.47826087,0.043478261,0,0,0,0
2494,GACTGGTTCTCCTTGTTCTTCAG,0,0,0.012091768,0,0.198479073,455,169.0981993,0,-0.565217391,0,0,0,0
2495,GACCCCCTCCACCCAGCAGTAGA,0,0,0.000623219,0,0.00900388,345,111.6840453,0,0,0,0,1,0
2496,CCAGTGAGTCCTGCGAAGGCAGA,0,0,0.003306878,0,0.059041928,392.5,182.9736535,0,-0.173913043,0,0,1,0
2497,AGATGAGAAAAACAGGCTCAGAG,0,0,0.040753736,0,0.110611179,455,179.0456098,0,0.130434783,0,0,0,0
2498,AAAGGAAAAGAAGAGGGAAAGAG,0,0,0.004084967,0,0.131148806,485,164.2091082,0,0,0,0,0,0
2499,CAATGAGCAGAAGAGGAATAAGA,0,0,0.005494505,0,0.202836708,485,164.366072,0,0.586956522,0,0,0,0
2500,GCTTGTGTCTCTGCATTGATGGA,0,0,0.004670516,0,0.089556326,455,186.0467043,0,0.456521739,0,0,0,0
2501,GTTTTGTTTTTATTTTTCTCTGG,0,0,0.021978022,0.224235126,0.220450566,425,197.9948947,0,-0.239130435,0,1,0,0
2502,TGGAAGAAGCAATGAGGAGCAAG,0,0,0.004713805,0,0.415325641,552.5,173.3991629,0.769565217,0.195652174,0,0,0,0
2503,GGCCGCCCAGAGCCTGGCCAGAG,0,0,0.03889994,1.296862648,1.257112069,620,211.8063436,0,-0.130434783,0,0,0,1
2504,GCCATTTCCAATGACTAAGGAGA,0,0,0.024350649,0,0.187751667,552.5,190.4623627,0.334782609,0.304347826,0,0,0,0
2505,GACCCCCCCAACCCCCCCACCAG,0,0,0,0,0.071392758,485,163.0720208,0,-0.043478261,0,0,0,0
2506,CCCATCCATCCATCCACCCACGG,0,0,0.003339518,0,0.003952577,295,158.43114,0,0.152173913,0,0,0,0
2507,GGTGTGTGGGGGTGTGTGTGTGG,0,0,0.045252525,0,0.196246288,455,186.7357049,0,0.065217391,0,0,0,0
2508,TTCTTTTTTTTATTGTTCTCTGA,0,0,0.01036001,0,0.480400979,522.5,210.9439323,0,-0.043478261,0,0,0,0
2509,GTCATCTCTGTCAAGACCTGGAG,0,0,0.004814815,0,0.033302485,425,186.2941965,0.017391304,0.195652174,0,0,0,0
2510,CATTTGTTTTCATTATTCACAGG,0,0,0.132052821,0.139218687,0.139218687,455,173.7169785,0,-0.347826087,0,0,0,0
2511,TGTGTGTGAGTCTGTGTGTGAGA,0,0,0.006238859,0,0.299915,455,189.2094685,0,-0.108695652,0,0,0,0
2512,CACTGGTTTTCCTGGTTCTCAAG,0,0,0,0,0.110193987,425,198.5563949,0.313043478,-0.108695652,1,0,1,0
2513,TTCTTTTTTTCTTTGTTCTCTGA,0,0,0.011223344,0,0.425868976,522.5,209.4579156,0.282608696,-0.043478261,0,0,0,0
2514,TGTGAGTGAATGTATGCATGTGA,0,0,0.033653846,0,0.042586733,455,177.1457457,0.108695652,-0.369565217,0,0,0,0
2515,TGTGTGTGAATGTGTGTGTGTGA,0,0,0.010998878,0,0.56142625,552.5,191.9338325,0,-0.956521739,0,0,0,0
2516,GGTGAGGGTGTGGGTGCGAGTGA,0,0,0.001826818,0,0.076469801,455,172.6097184,0,-0.717391304,0,0,0,0
2517,CTTGCTTCGCAGGGCAGTGATGA,0,0,0.013098338,0,0.119545813,552.5,180.3230549,0,-0.152173913,0,0,0,0
2518,CCCTCTGTCTCTGTATGAAGGAG,0,0,0.006636501,0,0.019281941,387.5,143.7115621,0,0.217391304,1,0,1,0
2519,GACGTGTTTTCATTGCTGCCAGA,0,0,0.001064283,0,0.01681386,417.5,144.8666409,0,0.043478261,0,0,0,0
2520,GCCTCCCCAGAGCCTGGGGGGAG,0,0,0.001835714,0.034478717,0.033924842,442.5,120.8993304,0,-0.282608696,0,0,1,0
2521,TCAGTGAGTCGGGCTGAGGCAGG,0,0,0.034391534,0.188920427,0.182543366,425,192.2851416,0,0.02173913,0,0,0,0
2522,GGGAAGCTACCAGCATCCGTGGG,0,0,0.180393586,0,0.329465174,625,207.9712379,0,0.173913043,0,0,1,0
2523,GAGTCCTAAGATAAGAAGAAAAG,0,0,0.014245014,0.254211765,0.246762336,522.5,200.149202,0.004347826,-0.5,0,0,0,0
2524,AATGCCCACTTCATCTTCCAGGG,0,0,0.00979392,0.046779047,0.045200008,387.5,163.6451705,0.826086957,1,0,0,0,0
2525,GATGTGTGAGGGTGTGGGTGTGA,0,0,0.000502765,0,0.33831875,455,190.4554852,0.165217391,-0.130434783,0,0,0,0
2526,GGCCCTGCTGGGGGAGGTGGTGG,0,0,0.023529412,0,0.227726547,425,200.4204355,0.734782609,0.891304348,0,0,0,0
2527,AAAAGGGAAAAATAGGCACAAAG,0,0,0.024691358,0,0.308518702,522.5,202.049359,0.008695652,0.086956522,0,0,0,0
2528,GCCTCCCCACAGCCTAGCCCAGA,0,0,0.005260943,0,0.185940485,492.5,160.9822378,0,-0.282608696,0,0,0,0
2529,GCGTCCTCAAGGCCTGTCCACGA,0,0,0.004584418,0,0.216300667,455,189.0726244,0.069565217,0.434782609,0,0,0,1
2530,GGCATCTATGTTCTGCCCATAAG,0,0,0.003190883,0,0.135371465,425,194.6536972,0.017391304,-0.304347826,0,0,0,0
2531,CTTCCCCAAGAGGGCAGAAATGA,0,0,0.006195534,0,0.271345253,552.5,184.8115133,0,-0.304347826,0,0,0,0
2532,GAGTACTAGAAGAAGAAGAAAAG,0,0,0.073368607,1.56232902,1.52641341,627.5,211.7367628,0,-0.173913043,0,0,0,0
2533,GAATTGTTTTTATAGTTGTCCGA,0,0,0.001528513,0,0.025303733,357.5,175.3793984,0,0.043478261,0,0,0,0
2534,AATAACCACTGGATTCTCAAAAG,0,0,0.004493827,0.108175948,0.104700416,327.5,190.1731943,0,0,0,0,0,0
2535,AGTGTGTGTGTGTGTGAGTGTGG,0,0,0.091636364,0.379196691,0.372455417,552.5,192.9657886,0,-0.065217391,0,0,0,0
2536,GGTGTGTGAGTGTGTGTGGTGGG,0,0,0.02969697,0,0.080071819,417.5,129.0399691,0,0.217391304,0,0,0,0
2537,AGTGTGTGTGTGTGTGAGTGTGA,0,0,0.006363636,0,0.372455417,552.5,192.9657886,0,1.434782609,1,0,0,0
2538,GGTGAGAGTGTGTGTGCATTGGG,0,0,0.254423077,0,0.051269675,485,150.2961056,0.026086957,-0.239130435,0,0,0,0
2539,TGGGAGGAGGAGGGAGGAGTTAG,0,0,0.015264359,0.272415361,0.272415361,425,199.822659,0,-0.173913043,0,0,0,0
2540,GACTCCCACCACCCACCCTCCAG,0,0,0,0,0.069289873,455,183.7311356,0.013043478,0.173913043,0,0,0,0
2541,TGGAGGGAGGCATGGGGAGGTGA,0,0,0.002039216,0,0.098205585,357.5,160.3369748,0,0.304347826,0,0,0,0
2542,GATGAGTGTGTCTGTGCATGAGG,0,0,0.186077271,0,0.093289924,455,181.8607859,0.008695652,-0.217391304,0,0,0,0
2543,ACCTCTTCCCTCCCCACCTTTGG,1,0.003133614,0.072874494,0,0.390673193,425,202.1539989,0,-0.608695652,0,0,0,0
2544,CACACTGGAGCTGGAGGTGGAGG,0,0,0.249775734,0,0.833979885,620,211.9004027,0,-0.304347826,0,0,0,0
2545,GATTCAGAGCAGAAATAGAAGGA,0,0,0,0,0.041333488,455,185.3905685,0,-0.369565217,0,0,0,0
2546,AGAAGAGAAGAAGAAGCAGAAGA,0,0,0.003112356,0,0.133665,455,173.1313785,0.004347826,0.826086957,0,0,0,0
2547,GACTCCTAGCAGAAGATGCATGA,0,0,0.000421035,0,0.129312723,485,164.5547082,0.130434783,0.239130435,0,0,0,0
2548,GGCGCTGGGGCTGGGGCTGGGGG,0,0,0.06144958,0,0.155096519,455,180.0334504,0.208695652,-0.173913043,0,0,1,0
2549,GCCTCCACACAGCCTGGCCCCGA,0,0,0.003945707,0,0.779954255,560,175.8874829,0.269565217,0.347826087,0,0,0,0
2550,TGGAGCGTGGAATGTGGAGTTAG,0,0,0.00969697,0,0.23197741,522.5,198.8188575,0.060869565,-0.52173913,0,0,0,0
2551,TGTGAGTGTGAGTGTGTGTGCGA,0,0,0.014583333,0,0.206712756,455,188.0240249,0,-0.108695652,0,0,0,0
2552,CCCACCCACCCACACACACACAG,0,0,0.027481291,0.092145845,0.090665591,425,190.2455575,0,0.282608696,0,0,0,0
2553,TAAATGAGGAGAGCGGAGGCTGG,0,0,0.405194805,0.860350791,0.833979885,620,214.1266196,0,-0.173913043,0,0,0,0
2554,GACACAACGGCAGGAGGTGGCGG,0,0,0.586666667,0,0.290868511,522.5,207.0747348,0,-0.304347826,0,0,0,0
2555,GACCTGTCTTCATAGTTTTCTAG,0,0,0.066760037,0,0.043898418,455,178.1640651,0.104347826,-0.086956522,0,0,0,0
2556,ATATGAGAGGTAGAGGAACACAG,0,0,0.01804944,0.206712756,0.206712756,455,187.7840249,0,-0.217391304,0,0,0,0
2557,CCTGCGGCAGCTCTACTCTCTGG,0,0,0.135746606,0.121598101,0.119545813,552.5,180.3230549,0,0.152173913,0,0,0,0
2558,ATTAACCACTACATTCTCAAAGG,0,0,0.043636364,0.819967794,0.79687011,530,205.0793784,0,-0.260869565,0,0,0,0
2559,AGCTGAGGAGAAGAGGCCCAAGG,0,0,0.047891156,0.311526923,0.305988667,552.5,189.9088498,0.008695652,-0.434782609,0,0,0,0
2560,CTTTCCCCACAGGGAAAGAACAG,0,0,0.006517853,0.031460889,0.030398918,387.5,157.7099341,0,-0.304347826,0,0,0,0
2561,AGTGCGTGTGTGCGTGCGTGTGG,0,0,0.213157895,0.355433782,0.355433782,522.5,204.4525791,0,-0.086956522,0,0,1,0
2562,GATTAGTGTGTGTGTGAGTGTGA,0,0,0.005982906,0,0.372455417,552.5,193.1405086,0.052173913,0.043478261,0,0,0,0
2563,TGGATGGATGAATTAGGAAATAG,0,0,0.014814815,0,0.017109196,387.5,135.7154351,0.143478261,0.130434783,0,0,0,1
2564,TAACACAAAGAATAGAATGGAAG,0,0,0.005337691,0.151879219,0.149027027,387.5,154.8462053,0,-0.02173913,0,0,0,0
2565,ACCTGAGTCACTGGAAGGATGGA,0,0,0.046897547,0,0.151745495,552.5,195.1338537,0.030434783,0,0,0,0,0
2566,TATTACCACTACATACTGAAGAG,0,0,0.002793366,0.086235484,0.083169333,455,178.6960451,0,0.02173913,0,0,0,0
2567,GGCCTCCTCCACCCCACCCCAGG,0,0,0.140438871,0,0.085785,485,169.6352542,0,-0.02173913,0,0,1,0
2568,GCCCGCCTCCACCTCCCCTCAGG,0,0,0,0,0.038523101,455,188.7440695,NA,NA,0,0,0,0
2569,GGTGTGTCTGTGTGTGCGTTTGA,0,0,0.006526806,0,0.40341275,552.5,173.7144828,0,-0.195652174,0,0,0,0
2570,GAAATAAAAGCAGAGTTTTTAGA,0,0,0.035563973,0,0.531673751,622.5,213.2145152,0,-0.391304348,0,0,0,0
2571,TGTGTGTGTGTGTGTGCGGGGGG,0,0,0.054545455,0,0.321904489,552.5,183.2038997,0,-0.02173913,0,0,1,0
2572,AAATAAGAAAAAGATGCAGATAG,0,0,0.003744856,0,0.116872277,455,167.9649221,0.6,0,0,0,0,0
2573,ATGAACACGAGTCAGTTGACAGA,0,0,0.001034332,0,0.054313087,387.5,147.6171881,0.060869565,0.304347826,0,0,0,0
2574,TGTGTGTGAGTGTGTGTGTGGGG,0,0,0.16969697,0,1.290123457,560,198.1255689,0,-0.239130435,0,0,0,0
2575,AGGAGAGAAGAAGAGGCACAGAG,0,0,0.060356653,0,2.287423687,630,218.7584,0.065217391,-0.108695652,0,0,0,0
2576,TGTGTGTGAGTGTGTGTGTGGGA,0,0,0.011784512,0,1.290123457,560,198.1255689,0,-0.239130435,0,0,0,0
2577,GGCACTGCTGGGGGTGGTGGGAG,0,0,0.00345679,0,0.061030715,327.5,187.0870139,0,-0.413043478,0,0,0,0
2578,GCCTCCTGGCCACCCACCCTAGA,0,0,0.0079061,0,0.175030473,552.5,179.6064188,0,-0.108695652,0,0,1,0
2579,TGTGAATGTGTGTGTGAGTGAGA,0,0,0.019444444,0,0.225335527,552.5,192.4681246,0,-0.043478261,0,0,0,0
2580,AGAAGAGAAGGAGAGGCAGAAGA,0,0,0.002149471,0,0.27680625,455,181.1083164,0,0.760869565,0,0,0,0
2581,AAATGGCAAGAAGGAGCACATGA,0,0,0.014978213,0,0.023607645,425,189.184629,0.113043478,-0.086956522,0,0,0,0
2582,TGGATGGATGATGGATGAGTGGA,0,0,0,0,0.027312414,357.5,180.7363728,0,-0.108695652,0,0,0,0
2583,GGTGTGTGTGTGTGTGTTTGTGG,0,0,0.067878788,0,0.069304995,485,167.5424553,0.156521739,-0.565217391,0,0,0,0
2584,GGTGTGTGTGTGTGTGTTTGTGA,0,0,0.004713805,0,0.069304995,485,167.5424553,0,-0.543478261,0,0,1,0
2585,GGCACGGCGGCGGCAGGTGGAGG,0,0,0.12244898,0,0.118519755,432.5,199.2587309,0.539130435,3.326086957,0,0,0,0
2586,GACCCCCACAACCCCCCTTCGAG,0,0,0,0,0.04442216,485,168.3966874,0.543478261,-0.304347826,0,0,0,0
2587,AAACACAAACCACAGACTGGGAG,0,0,0.004334365,0,0.248589007,455,167.5713431,0,-0.847826087,0,0,0,0
2588,GCCAGCCATCCTGAGATACAAAG,0,0,0.023566291,0.305343326,0.299915,455,189.2094685,0.02173913,-0.065217391,0,0,0,0
2589,AATGATCACAACAACCTCACAAG,0,0,0.029031815,0,0.052040787,455,163.645495,0,-0.304347826,0,0,0,0
2590,GAGACAGAGCAGGAGGAGAAAGA,0,0,0.003851178,0,0.060534271,455,189.7526696,0,-0.347826087,0,0,0,0
2591,GATGTGTGAGTGAGTGAGTGTGG,0,0,0.099408284,0,0.23590875,455,187.1862484,0,0.130434783,0,0,1,0
2592,GAAAGAGAACAAGAAGCACAGGA,0,0,0.012449424,0,0.371023101,522.5,199.127642,0,0.195652174,0,0,0,0
2593,CGTGAGTGTGTGTGTGTGTTGGG,0,0,0.14,0,0.164063988,485,157.1165087,0,-0.130434783,0,0,0,0
2594,AATAGAGAAACAGAGGCACAGAG,0,0,0.032534495,0,0.687929438,522.5,206.5765799,0,0.065217391,0,0,0,0
2595,TGGATGCACCAGTGAGGAGTGGG,0,0,0.106944444,0.254211765,0.246762336,522.5,200.149202,0.204347826,0.826086957,0,0,0,0
2596,CCAGTGAGTGGAGAGGAGACAGG,0,0,0.138888889,0.118515955,0.115515551,462.5,173.021079,0.604347826,0.02173913,0,0,0,0
2597,GGTACTGGGGGTGGGGGTGGGGG,0,0,0.071819196,0,0.220450566,425,195.1350778,0,-0.304347826,0,0,0,0
2598,TGGATGGAGGAAGGGGGAGAGAG,0,0,0.024728261,0,0.110005605,365,159.556058,0,-0.108695652,0,0,0,0
2599,CCCTGAGTATCTGGATAGTTGAG,0,0,0.096790123,0.068543586,0.067386732,485,161.7201246,0,0.239130435,0,0,0,0
2600,GACACTGAAGCAGAGTGTGCTGG,0,0,0.002482811,0,0.045990617,417.5,128.5423051,0.004347826,0.043478261,0,0,0,0
2601,GTCCCCCTCCACCCGCCCACAAG,0,0,0,0,0.02299038,387.5,156.7165526,0.026086957,0.065217391,0,0,0,1
2602,AACACTGGGGCTGGTGGTGGTGG,0,0,0.097912088,0,0.402848101,522.5,201.6531615,0,-0.847826087,0,0,1,0
2603,TGGAAAGAGGAAAGAGGAGGTAG,0,0,0.015837104,0.154587634,0.154587634,455,169.4887755,0,-0.043478261,0,0,0,0
2604,TGTGTGTGAGTGTGTTTGTGTGA,0,0,0,0,0.104848333,485,179.637143,0.104347826,-0.239130435,0,0,1,0
2605,GCCTCCCTTAAGCCTGTCTATGA,0,0,0.004206731,0,0.106015171,485,160.4062917,0,-0.173913043,0,0,0,0
2606,GGAGGGTGGGTGTGTGTGTGGGA,0,0,0.011111111,0,0.348646558,552.5,192.4377886,0,-0.217391304,0,0,0,0
2607,GTGTGGGTTGAGTCTGCTCCCAG,0,0,0.015712682,0,0.136846598,522.5,200.261218,0,-0.108695652,0,0,0,0
2608,GAAGACAAGCCATAGACTGAGAG,0,0,0.017283951,0,0.371543143,552.5,172.2372833,0.156521739,0.239130435,0,0,0,1
2609,GCCTCCCAAAAGCTGGGACAAGA,0,0,0.000891204,0,0.011197799,357.5,164.8306435,0,NA,0,0,0,0
2610,ACAGCCCATTACATCCTCAAGAG,0,0,0.063657407,0.835102675,0.822304167,620,213.1838996,0.339130435,-0.326086957,0,0,0,0
2611,GACTCGGAGCAGCAGCAGAAGGG,0,0,0,0.060711457,0.059686791,455,190.0982696,0.134782609,0.326086957,0,0,0,0
2612,CGAGAGTGCGTGTGTGCGCGCGG,0,0,0.080426259,0.317397827,0.317397827,552.5,183.9642197,0,0.173913043,0,0,1,0
2613,CTTTCCCCACAGGACAGTGCTGG,0,0,0.023243802,0.031549718,0.030988834,387.5,138.8016155,0.034782609,-0.195652174,0,0,0,0
2614,AGTGAGTGTGTGTGTGTATGTGA,0,0,0.012115385,0,0.073001262,485,168.8307753,0.034782609,-0.326086957,0,0,0,0
2615,TGGATGGAGGGATGAGTGGAGGA,0,0,0.002539062,0,0.024986266,320,129.422872,0,-0.086956522,0,0,0,0
2616,CAATGAGTAAAAGAGGCCCAGAG,0,0,0.016931217,0,0.285817,552.5,185.6851133,0,-0.02173913,0,0,0,0
2617,CCTATCCATCCAGTTACACCAGA,0,0,0.00082672,0,0.025995992,357.5,155.6881939,0.008695652,0.130434783,0,0,0,0
2618,AGTGAGTGAGTGTGTGCAAAGAG,0,0,0.043269231,0,0.043060389,442.5,125.8910669,0.034782609,0.282608696,0,0,0,0
2619,ATAAACTTCAGTGAGCAGAGTAG,0,0,0.049623843,0,0.174113559,552.5,195.9005764,0.008695652,-0.391304348,0,0,0,0
2620,AGCTCTGTGCCTGGAGGTGGGAG,0,0,0.051969697,0,1.317695783,620,210.2348466,0.417391304,0.52173913,0,0,0,0
2621,CGTGGGTGTGTGTGTGTGTGGGG,0,0,0.144,0,0.372455417,552.5,192.9657886,0,-0.260869565,0,0,0,0
2622,GGGAAAGAACCAGCTTGCGACGG,0,0,0.005672269,0,0.037612163,387.5,142.9094871,0,-0.02173913,0,0,0,0
2623,GCCCCAGTCTGAGCCAGTGAGGG,0,0,0.080919081,0.07171048,0.069289873,455,184.3647356,0,-0.065217391,0,0,0,0
2624,CCAAGTGTCCCTCGATGGATAAG,0,0,0.024027146,0,0.502808992,522.5,203.307343,0.082608696,0.369565217,0,0,0,0
2625,GACTTGTTTTCATTTCTCTTGGG,0,0,0.028571429,0,0.0466435,395,151.7669526,0.965217391,0.282608696,0,0,0,0
2626,CCCTATACCTCTGAATGGATGAG,0,0,0.168518518,0,0.145600377,522.5,200.7894976,0,-0.304347826,0,0,0,0
2627,GGAATCCCTGGTGCTGCACTAGG,0,0,0.0075,0.083063887,0.081729528,357.5,156.6335584,0,-0.5,0,0,0,0
2628,GCCCACCTCCTCCCTGCCTCTGG,0,0,0.009209838,0,0.223580696,425,197.2345747,0.139130435,0,0,0,0,0
2629,GAGCCGCTGCACCCGGCCTCTGG,0,0,0.007738095,0,0.146830007,522.5,198.7192141,0,0.217391304,0,0,0,0
2630,ATGACCACCATCGAGAAGAGGAG,0,0,0.042939517,0,0.067195789,357.5,186.67707,0,1.152173913,0,0,0,0
2631,TGCCCCTCCCACCCCGCCTCTGG,0,0,0.65,0,0.932255747,620,213.4770022,0,0.369565217,0,0,0,0
2632,TGTGTGTGAGTGTGTGCGTGTGA,0,0,0.025252525,0,6.012658228,635,220.31168,0.356521739,0.304347826,0,0,0,0
2633,CCCTGTATCTCTGGCTGCACTGG,0,0,0.011806375,0.022874235,0.022488172,387.5,140.0488644,0,-0.326086957,0,0,0,0
2634,GGTGTGTGAGTCTGAGTGTGGGG,0,0,0.052012384,0,0.076307487,357.5,175.0024469,0,-0.369565217,0,0,0,0
2635,TGTGAGGGAGTGTGTGAGTGTGA,0,0,0.019063181,0,0.881154321,560,197.0307081,0.582608696,0.304347826,0,0,0,0
2636,TGGATGGTGGAAGGATGGGTGGA,0,0,0,0,0.018665989,387.5,163.8891033,0.126086957,0.326086957,0,0,0,0
2637,TGTGAGTGAGTGAGTGAGAGAGA,0,0,0.006410256,0,0.078497806,387.5,157.9665685,0,-0.108695652,0,0,0,0
2638,GAATGAGAAGAGAAGCCACAAGA,0,0,0,0,0.051853356,357.5,184.6961531,0,-0.108695652,0,0,0,0
2639,GAACACACTACATGGACTGCCAG,0,0,0.029037037,0.114446226,0.114446226,525,195.5094816,0,-0.02173913,0,0,0,0
2640,GGGTGTGGGGATTTTCCCCCCAG,0,0,0,0,0.015083826,387.5,166.9861564,0,0.195652174,0,0,0,0
2641,TGGTCTGAGCAGAAGCAGAAAAG,0,0,0,0.164761667,0.164761667,552.5,199.8855901,0,-0.391304348,0,0,0,0
2642,GGTGTGTGAGTGTGTGAGATGGG,0,0,0.033939394,0,0.080071819,417.5,129.0399691,0,-0.065217391,0,0,0,0
2643,GAGTCACAGAAGAAGAAGACAAG,0,0,0.032600309,0,0.238549379,552.5,172.9014989,0,-0.02173913,0,0,0,0
2644,AACTCTTCCCCACCCACCATAAG,0,0,0.048484848,0.526848592,0.526848592,552.5,185.1121831,0,-0.282608696,0,0,0,0
2645,AACTTGATTTCAGAGTTCTCTAG,0,0,0.032971014,0.060216691,0.059200376,425,195.678314,0.017391304,-0.282608696,0,0,0,0
2646,GGCTCTGGGGCTGGAGCTTGGGG,0,0,0.064171123,0,0.19201875,485,163.492472,NA,0.913043478,0,0,1,0
2647,GAGCCACCACACCCCGCCTCCAG,0,0,0.103174603,0,0.497494021,620,209.8264187,0,-0.152173913,0,0,0,0
2648,CCGGAGAATAGAGAGGAGGCAGG,0,0,0.106944444,0.217170591,0.210193223,522.5,202.6446784,0,-0.673913043,0,0,0,0
2649,GCTTTGTTTTCCTTGGTCTCAAG,0,0,0.012757254,0.129804532,0.125422944,455,193.4274737,0.030434783,-0.47826087,0,0,0,0
2650,GGTGTGTGTGTGTGTGTGGGAGG,0,0,0.025454545,0,0.111383028,485,162.2177886,0.02173913,-0.47826087,0,0,0,0
2651,TGGATGGATGGATGAGTAGTGGA,0,0,0.006018518,0,0.348882289,462.5,189.2240249,0,-0.369565217,0,0,0,0
2652,GGCATCATTTCTTCAGCACCAGA,0,0,0.005859375,0,0.372875724,522.5,203.6896817,0,-0.02173913,0,0,0,0
2653,GACTTTTCTCCATTGTTCCCTAG,0,0,0.025429261,0.268364157,0.263834804,552.5,178.5744627,0,0,0,0,0,0
2654,GCCTCCCAAAGTGCTGGCCACGG,0,0,0.022159091,0,0.137899051,362.5,192.6546783,0.052173913,0.195652174,0,0,0,0
2655,AGCAAAGGCTGAGCACGTGAAGG,0,0,0.317593985,1.38618677,1.364942529,620,213.938263,0,-0.065217391,0,0,0,0
2656,TCCTCCCCAAAGTCTGCCCTAAG,0,0,0.025620915,0.105904969,0.103916143,387.5,151.5769685,0.004347826,-0.434782609,0,0,0,0
2657,GTCTCCCCACAGCCCAGCCAGGG,0,0,0.082644628,0.066045352,0.063815973,455,182.4728161,0,-0.043478261,0,0,1,0
2658,TTCACCTCCAAACACTTGGGAGA,0,0,0.003118908,0,0.116067105,357.5,180.9984679,NA,0.043478261,0,0,0,0
2659,AGCCCTGGGGCAGGAGGTGGGGG,0,0,0.163361344,0,0.703915663,522.5,207.5104826,0.034782609,-0.347826087,0,0,0,0
2660,GCCTCTTTCCCTCCCTCCTGAGG,0,0,0,0.094300415,0.094300415,395,158.2578737,0.095652174,0.02173913,0,0,0,0
2661,CCTGCCTCTGCCATACTCAGTGG,0,0,0.018754465,0.071711889,0.069407893,357.5,160.8871987,0,-0.065217391,0,0,0,0
2662,TGTGAGTGTGTGTGTGTGTGCGA,0,0,0.019444444,0,0.788265432,560,195.4541086,0,-0.260869565,0,0,0,0
2663,TACACTGAAGCACAGTCTTTAAG,0,0,0.071551428,0.145308048,0.142724794,455,186.9285844,0,-0.891304348,0,0,0,0
2664,GACACCTAAGAAAAGTTTGTAGG,0,0,0.098901099,0.069461112,0.069461112,357.5,170.339415,0.282608696,-0.543478261,0,0,0,0
2665,GGCCCACACTGAGGTCGGGAAAG,0,0,0,0.007901975,0.007648097,357.5,165.5472797,0.847826087,0.239130435,0,0,0,0
2666,TGCCCCCTGCGCCCCGCCTCCAG,0,0,0.08345679,0,0.485165286,522.5,208.7701359,0.117391304,-0.02173913,0,0,0,0
2667,TTGATCACCAGTGAGAAGACTGA,0,0,0.009838646,0,0.119960915,485,163.4856542,0,-0.152173913,0,0,0,0
2668,CCCATCGAGCTGGAGACACAAGA,0,0,0.004495625,0,0.14870043,425,198.9108547,0,0.304347826,0,0,0,0
2669,GGGTTGGAGCAGGAGAAGAAAAG,0,0,0.043039086,0.346102049,0.334982304,522.5,206.3863755,0,-0.173913043,0,0,0,0
2670,TGTGCATGTGTGTGTGCGTGTGG,0,0,0.3,0,0.50455783,620,212.1659156,0,0.065217391,0,0,0,0
2671,TGTGCATGTGTGTGTGCGTGTGA,0,0,0.020833333,0,0.50455783,620,212.1659156,0.008695652,0.173913043,0,1,0,1
2672,GCCCCCACCCACCCCGGCTCTGG,0,0,0.034663865,0,0.416345417,552.5,192.4908912,0.191304348,0.347826087,0,0,0,0
2673,CCTCCCTCCCCTCTAATCCCTGG,0,0,0.043813388,0,0.079007985,485,165.2982378,0,0,0,0,0,0
2674,AGTGAGTGAGTGAGTCTGTGGAG,0,0,0,0,0.040576305,387.5,171.4261425,0.143478261,0.369565217,0,0,1,0
2675,AAATGAGATGCTGGGGCACAAAG,0,0,0.009679012,0,0.032439772,327.5,189.6548508,0,-0.413043478,0,0,0,0
2676,GGCACTGGGAGTGGGGGTGGGGG,0,0,0.0975,0,0.186982849,425,190.6713413,0,0.108695652,0,0,0,0
2677,GTGATGGAGGAAGGAGGATTCAG,0,0,0.027445215,0.203890405,0.203890405,455,178.7126795,0,-0.02173913,0,0,0,0
2678,AACTTGTTTTCACTGTTCCAAGG,0,0,0.09800363,0.08664952,0.085022299,387.5,141.8150796,0.043478261,0.217391304,0,0,0,0
2679,AAACACAAAGGAAAGACTTCAGG,0,0,0.103846154,0,0.113159175,357.5,172.7225958,0.208695652,-0.47826087,0,0,0,0
2680,GGAAGTGCGGCAGGAGGTGGAGG,0,0,0.416,0,1.296361181,530,210.8675796,0.004347826,-0.217391304,0,0,0,0
2681,TGGCGGGAGGACTGGGGAGTTGG,0,0,0.038637771,0.194911618,0.188649398,425,195.114958,0,1.434782609,0,0,0,1
2682,GGTAAGAGAGTGTGTGCAGGGGA,0,0,0.009465144,0,0.066766665,485,159.771886,0,0.043478261,0,0,0,0
2683,GTGAACACTAATGGGTAGAGTGG,0,0,0.408333334,0,0.075949862,425,197.3709513,0.017391304,0,0,0,0,0
2684,TGGATGGATGGATGATGAATGGG,0,0,0,0,0.026286255,387.5,160.9737101,0,-0.543478261,0,0,0,0
2685,TGGATGGATGGATGATGAATGGA,0,0,0,0,0.026286255,387.5,160.9737101,0.004347826,-0.173913043,0,0,0,0
2686,GGGTAGGGGAAGTTTGATGCAGA,0,0,0.003276749,0,0.167894875,485,161.1858326,0,0.086956522,0,0,0,0
2687,CCAGCCTCCGCTCCAGCCACAGA,0,0,0.001539077,0,0.014623754,387.5,168.7582784,0,-0.195652174,0,0,0,0
2688,AATGATCACTCCTTTCTCAAAAG,0,0,0.001925926,0.049825268,0.049825268,327.5,187.4775902,0,-0.065217391,0,0,0,0
2689,AAATGTTAAGAATAGGCACCCAG,0,0,0.007215007,0,0.100237361,455,168.3939147,0,-0.47826087,0,0,0,0
2690,CCAGCCAGTAGAGGGGAGGGGGG,0,0,0,0,0.059518236,455,167.3489114,0,0.326086957,0,0,0,0
2691,AAATGAGGAGAAATGGCAAATGG,0,0,0.154725275,0,0.025987429,357.5,164.2136779,0,-0.47826087,0,0,0,0
2692,CCTCCCTCTGCTCTAGCCACAAG,0,0,0.013042321,0,0.060818669,485,176.0920827,0.030434783,-0.086956522,0,0,0,0
2693,GGTCACTGTGTGTGTGCATGGGG,0,0,0.149938297,0,0.10890785,552.5,187.1573024,0,0.260869565,0,0,0,0
2694,GCCCACTTCCCACCCACCTGGGA,0,0,0.004119295,0,0.39945125,555,178.1144961,0,-0.195652174,0,0,0,0
2695,CGTGACCACTGCATCCTCCATAG,0,0,0.023908046,0.292400968,0.292400968,455,181.9819164,0,0.413043478,0,0,0,0
2696,GGGGAGTGTGTTTGTGTGTGTGA,0,0,0.003739316,0,0.171534106,455,186.0100081,0,-0.086956522,0,0,0,0
2697,AGAGAAGAAGAAGAGGTACATGG,0,0,0.202222222,0,0.609583333,552.5,195.8119689,0,-0.260869565,0,0,0,0
2698,TGTGTGTGAGTGCGTGTGTGTGA,0,0,0.009303562,0,0.23590875,455,187.4262484,0,-0.217391304,0,0,0,0
2699,TGGATGAATGAATGAATAGTTGG,0,0,0.133333333,0,0.039537264,485,174.5825019,0,-0.52173913,0,0,0,0
2700,GACTTAATTTCATTGTTTACAAG,0,0,0.041666667,0,0.038348575,485,158.859502,0,0.108695652,0,0,0,0
2701,CCCTGTGTCTCTGGAGTGTCTAG,0,0,0.001098261,0.011519626,0.01135084,350,113.0398632,0.143478261,-0.347826087,0,0,0,0
2702,GGCCTCTTAGGCATGACCTGTAG,0,0,0.001537255,0,0.223580696,425,197.6492947,0,-0.347826087,0,0,0,0
2703,GGTGAGAGAGTGAATGGGTGAGG,0,0,0.026725113,0,0.021693728,357.5,174.6922029,0.034782609,0.152173913,0,0,0,0
2704,TACCCCCTCATCCCCGCTTCGGG,0,0,0.171428572,0,0.158628435,455,182.5548466,1,0.217391304,0,0,0,0
2705,CACATGCATGCATAGACACACAG,0,0,0.010998878,0,0.308518702,522.5,202.682959,0,-0.869565217,0,0,0,0
2706,AAATAAAGAGAAGAGGCACAGGA,0,0,0.044135802,0,1.584493284,627.5,213.6286822,0,-0.173913043,0,0,0,0
2707,GAGTCCGAGCAGGAGAGGCCAGG,0,0,0.005411733,0,0.026713615,320,120.8289685,0,-0.891304348,0,0,0,1
2708,AAAAGAGAAGAAGAAGCCAAAGA,0,0,0.002540699,0,0.02619834,387.5,147.9480452,0.113043478,0.195652174,0,0,0,0
2709,GGCTCTGCAGCTGTAGGAGGAGG,0,0,0.072727273,0,0.026821933,455,177.3041017,0,0.130434783,0,0,0,0
2710,GGTGAGGGTGTGTGTGTGAGGGG,0,0,0.047058824,0,0.076074608,485,161.1229278,0.934782609,-0.695652174,0,0,0,0
2711,TGGAGGTGGGAATGAGGAGGAGG,0,0,0.047327731,0.45095075,0.45095075,552.5,175.2910823,0,-0.065217391,0,0,0,0
2712,GGGAAGGAGGAAGGAGGAGGAAG,0,0,0.005708143,0,0.26991206,455,171.2747595,0,0.282608696,0,0,0,0
2713,AAATCAATAGAAGAGTCACATGG,0,0,0,0,0.168075602,552.5,195.1402564,0,-0.5,0,0,0,0
2714,GAGTGAGGGGAGTTTATTCCCAG,0,0,0.102374169,0.063433242,0.063433242,485,178.899479,0,-0.717391304,0,0,0,0
2715,TGCACAGACTGTGCACCTGATGA,0,0,0.00458663,0,0.299915,455,189.6241885,0,1.869565217,0,0,0,0
2716,TGTGTGTGAGTGTGTGTGTTTAG,0,0,0.030796857,0,0.268517165,485,159.787969,0.008695652,0.065217391,0,0,0,0
2717,CAATGAGAGGAAGAGACAGAGAG,0,0,0.018518519,0,0.055367572,485,167.2037938,0.4,0.065217391,0,0,0,0
2718,AGTGAATGAGTGAGTGCATGTGA,0,0,0.029955621,0,0.072659895,455,182.4913622,0.047826087,0.02173913,0,0,0,0
2719,GGAATGGCTTCTGCCTCACCCAG,0,0,0,0.027696705,0.027251778,455,183.5353877,0,0.260869565,0,0,0,0
2720,GGTGTGTGATTGTGTGCGGAGGG,0,0,0.069247159,0,0.191548429,485,145.0343437,0.065217391,-0.130434783,0,0,1,0
2721,AGCCCAGACTGAGAAGGTAAAGA,0,0,0.002403846,0,0.013502076,387.5,159.5243895,0,-0.260869565,0,0,1,0
2722,GGGTGGGGCCAGGTTGCCCCTGG,0,0,0.024080268,0,0.061069365,455,175.3258294,0,-0.108695652,0,0,0,0
2723,GACCCCCTCCTCCCCAGCTCAGG,0,0,0.018099547,0,0.093479237,395,175.8953793,1,0.065217391,0,0,0,0
2724,GGCAGTTCGGATGGTGGTGGTAG,0,0,0.013333333,0,0.145346309,425,195.0913939,0,-0.413043478,0,0,0,0
2725,GGCCCAGCCTGAAGAGGTGAAGG,0,0,0,0,0.013537549,357.5,177.673252,0,0.239130435,0,0,0,0
2726,TGGAAAGACCCAGAATTCTTCAG,0,0,0.028230453,0,0.030222669,387.5,155.8267044,0.043478261,-0.391304348,0,0,0,0
2727,TGGCTGGAGCCATGGGGAGTTGG,0,0,0.036705882,0.202500098,0.195994071,425,192.8975583,0.017391304,0.043478261,0,0,0,0
2728,GGTGTGTGGGTGTGTGTGGGGGA,0,0,0.001964085,0,0.111383028,485,162.2177886,0,-0.086956522,0,0,0,0
2729,GGTGTGTGGGTGTGTGTGGGGGG,0,0,0.028282828,0,0.111383028,485,162.2177886,0.008695652,-0.065217391,0,0,0,0
2730,GAGTCTAAGCAGAAGAGGACTGG,0,0,0.03724217,0.103202984,0.099719339,485,156.9071242,0.004347826,0.369565217,0,0,1,0
2731,CCCCTCCACCCACACACACATGG,0,0,0.037411505,0,0.090665591,425,190.6602775,0,-0.347826087,0,0,0,0
2732,ATCTCCACACAGGGCAGTAAAAG,0,0,0.03030303,0.919204167,0.919204167,620,215.4152192,0.613043478,-0.369565217,0,0,0,0
2733,GTCAGTTTAGACATTATCTGTGG,0,0,0.208,0,0.194319155,455,188.9095012,0,-0.239130435,0,0,0,0
2734,TGGAGGGAGGAATGAGCAGACAG,0,0,0.021960784,0.521428205,0.505863184,492.5,160.987969,0.026086957,0.173913043,0,0,1,0
2735,AAATGAGACCAAGAGAGACAAGG,0,0,0.013445378,0,0.050863282,485,171.9739463,0.208695652,0.304347826,0,0,0,1
2736,GACACCCAAGCAGAGTTTTAAAG,0,0,0.100260417,0,3.146168023,567.5,182.0792193,0.052173913,0.065217391,0,0,0,0
2737,GTCACCTCCAATGTCCAGCATGG,0,0,0.149425287,0.004594896,0.004594896,320,122.3867896,0,-0.043478261,0,0,0,0
2738,GAGCACGAGCATAACAAGAAAGA,0,0,0.002693385,0,0.188649398,425,195.114958,0,-0.195652174,0,0,0,0
2739,CCTGGCTCAGCTCTTCTCAGAGA,0,0,0.000420168,0,0.108114617,455,162.6072781,0.008695652,0,0,0,1,0
2740,GGGAATGACCCAGCGTACCTGGG,0,0,0.097126437,0.030064944,0.029557519,387.5,151.4728834,0,0.673913043,0,0,0,0
2741,GATATCTATGTGCACCCCATGAG,0,0,0.028022732,0,0.07063249,425,196.9335341,0,-0.086956522,0,0,0,0
2742,GATGTGTGTGTGTGTGGGTGTGG,0,0,0.010859728,0,0.372455417,552.5,192.7257886,0.008695652,-0.391304348,0,0,0,0
2743,TTCCCTCTCCACCCCTCCTCCAG,0,0,0,0,0.164761667,552.5,199.8855901,0,0.065217391,0,0,0,0
2744,AAATTAGAAAAAGAGGCTCTGAG,0,0,0.021777778,0,0.119185689,485,150.3590104,0.073913043,0.086956522,0,0,0,0
2745,TGGTTGAAGAAATGAAGAGTGAG,0,0,0.153984287,0,0.162635484,552.5,193.6630569,0,0.065217391,0,0,0,0
2746,AATGTTCACAACATCCTCACCAG,0,0,0.017053653,0,0.367894601,552.5,173.9963597,0,-0.02173913,0,0,0,0
2747,CCCATGCATCCATTGACTCACGA,0,0,0.002777778,0,0.010278156,357.5,170.8521775,0,-0.47826087,0,0,0,0
2748,GTTCCAGGCTGAGCAGGTGAGAG,0,0,0.012796771,0.263830349,0.254924684,552.5,198.0437572,0,0.086956522,0,0,0,0
2749,AAGACGAGTGAGAAGAGTGGTAG,0,0,0.028846154,0.071642656,0.071642656,455,181.9633622,0.756521739,-0.52173913,0,0,0,0
2750,CCCATCCATCCACACACTTACGG,0,0,0.026499816,0.008740308,0.008740308,290,139.3223247,0,5.47826087,0,0,0,0
2751,TGTGTGTGTGTGTGTGCGTTCAG,0,0,0.03959596,0,0.426140229,552.5,176.8142997,0.008695652,-1.239130435,0,0,0,0
2752,AAAGGAGGAGAAGAGGAAGAAGA,0,0,0.001856674,0,0.19201875,485,163.492472,0,0.152173913,0,0,0,0
2753,AAAAAAGAAGAATGGGCACACAG,0,0,0.014979424,0,0.082499774,425,195.8995748,0,0.086956522,0,0,0,0
2754,GTAATCTTATTCATTACTTTTAG,0,0,0.082152778,0,0.117517089,485,151.1193304,0,-0.239130435,0,0,0,0
2755,AAATGAGGAGATGATACACAGGG,0,0,0.034920635,0,0.030955848,357.5,176.8886351,0.060869565,-0.065217391,0,0,0,0
2756,TGGAAGGAGAACTGAGGTGTTGG,0,0,0.061403509,0.135793742,0.133501865,455,179.7805098,0,-0.47826087,0,0,0,0
2757,ATCCCCACCAATGCCTAGGGAAG,0,0,0.015441176,0.155598686,0.152972547,522.5,204.3040346,0.191304348,0.02173913,0,0,0,0
2758,GACAACCAGCCAGAGACACATGG,0,0,0.205533597,0.860350791,0.833979885,620,213.7118996,0.039130435,0.239130435,0,0,0,0
2759,GACTGCCATTTCCTCCCCATTGA,0,0,0.015798611,0,0.858607543,620,209.6631628,0,0,0,0,0,0
2760,AGCATGGAGGAAGGAGTAGTTGG,0,0,0.025083612,0.236816091,0.232606028,455,188.1865684,0,0.52173913,0,0,0,0
2761,CTCATCCATTCAGAAACACAGGA,0,0,0.055922547,0,0.733917371,530,200.961242,0.152173913,0.108695652,0,0,0,0
2762,GGCCCAGACTCAGCAGGTGTGGG,0,0,0.03956044,0.109138468,0.106375468,395,159.7438905,0,0.413043478,0,0,1,0
2763,AAATGAGAAGGGAAGGCTCAGAG,0,0,0.056172839,0,0.02827089,295,170.331162,0,0.086956522,0,0,0,0
2764,AGGAAGGAAGAATGGGGAGTAAG,0,0,0.054166667,0,0.24614019,522.5,199.7448781,0,-0.065217391,0,0,0,0
2765,GGCCCAGACTTAGCACCAGTTGG,0,0,0.036199095,0.024986266,0.024986266,320,129.422872,0,-0.47826087,0,0,0,0
2766,AAAAGAGCAGGAGAGACACAGGG,0,0,0.132653061,0,0.143492089,455,191.7080734,0,-0.086956522,0,0,0,0
2767,AATCACAAAGGAGAGACTGCAGA,0,0,0.002877238,0,0.318337199,425,202.9425958,0,-0.347826087,0,0,0,1
2768,AAGTAAGAAGAAGAGGGAAATAG,0,0,0.003461632,0,0.189330488,485,165.649569,0,-0.086956522,0,0,0,0
2769,TGTGAGTGTGTGGGTGTGTGTGA,0,0,0.005072464,0,0.144140246,455,184.754788,0,-0.065217391,0,0,0,0
2770,TGTGTGTGAGTGTGTGTGTGCAG,0,0,0.043995511,1.290123457,1.290123457,560,198.1255689,0,-0.130434783,0,0,0,0
2771,TCCATACAGGAATGAGGAGTGGA,0,0,0.012712648,0,0.531673751,620,214.2628352,0,-0.152173913,0,0,0,0
2772,GGGTGGGGGCAGTGGCCTCCAGG,0,0,0,0.008634228,0.008634228,392.5,171.0736315,0,-0.02173913,0,0,0,0
2773,GTTGTGTGAGTGTGTGTGTATGA,0,0,0.007030533,0,0.268517165,485,159.547969,0,-0.282608696,0,0,0,0
2774,TGTGTGTGAGTGTGTGTGGGAGA,0,0,0.002946128,0,0.202836708,485,166.177569,0.039130435,-0.652173913,0,0,0,0
2775,AAATGTGACGCAGAGACACAAAG,0,0,0.042328042,0,0.0504863,455,189.9357261,0,0.565217391,0,0,0,0
2776,AAATCACAAGAATAGGAACAAAG,0,0,0.019606481,0,0.152967414,455,185.0430676,0,0.347826087,0,0,0,0
2777,GGGTGGGAGGTGCTTGCCCCCAG,0,0,0.026990553,0,0.060230372,357.5,174.9474455,0.060869565,-0.282608696,0,0,0,0
2778,AGTGAGTGAGAGTGAGCGTAGGA,0,0,0.025442023,0,0.103738294,357.5,161.6252948,0.182608696,-0.130434783,0,0,0,0
2779,GGTGTCTGAGTGTCTGCGTTTGG,0,0,0.074380165,0,0.059518236,455,167.3489114,0,-0.130434783,0,0,0,0
2780,AAAAGACAATAAGAGGCAAAGGA,0,0,0.007916578,0,0.313735196,552.5,180.2034828,0,-0.065217391,0,0,0,0
2781,GGAATCCCTTTTCCAGCCCAAGG,0,0,0.012338539,0,0.025116065,290,140.9096625,0.069565217,0.086956522,0,0,0,0
2782,GGGAAGGAGGCAGCATCCCTGGA,0,0,0.005353088,0,0.161203065,552.5,177.7144993,0.065217391,0.152173913,0,0,0,1
2783,AGTGAGAGTGTGAGTGCGTGAGA,0,0,0.022716346,0,0.242761273,522.5,203.3577183,0,0.217391304,0,0,0,0
2784,GTCGCTGCGCCTCGAGGTGGGAG,0,0,0.017366649,0,0.509948268,522.5,203.595343,0,-0.391304348,0,0,0,0
2785,AAATGAGAAGAAGAGAAATCAGA,0,0,0.003399378,0,0.01135084,350,113.0398632,0,-0.456521739,0,0,0,0
2786,AGTGTGTGAGTGTGTGAGTGAGG,0,0,0.152727273,0,1.290123457,560,198.1255689,0.047826087,0.217391304,0,0,0,0
2787,AACTTGCTTTCATTTTACTCTAG,0,0,0.012222222,0,0.111580572,455,181.6236866,0,0.130434783,0,0,0,0
2788,CCTGCGTCCGCTCCGCTCAGGAG,0,0,0.001416122,0.015672269,0.015143247,357.5,154.4302099,0.173913043,0.282608696,0,0,0,0
2789,AAGTTGGAGAAGAAGAAGAAGAG,0,0,0.064343434,0.797205949,0.797205949,620,211.1339596,0.017391304,-0.413043478,0,0,0,0
2790,GGTGGGGGAAAGTTTGCTCCTGA,0,0,0.013020833,0,0.757342138,620,208.8468832,0.008695652,-0.347826087,0,0,0,0
2791,GTTGTGTGAGTATGTGTGTGCAG,0,0,0.026130667,0.299915,0.299915,455,188.9694685,0,-0.630434783,0,0,0,0
2792,CTCTTCCATTCAGAGACACTAGG,0,0,0.326689353,0.642348856,0.642348856,552.5,175.9570637,0,-0.5,0,0,0,0
2793,CCCATCCAACCAGAAACAGGAAG,0,0,0.021658337,0.031795118,0.030773588,387.5,133.1475982,NA,-0.217391304,0,0,0,0
2794,GGTGAGTGTGTGTGTGTGTACGA,0,0,0.018229167,0,0.276113616,492.5,158.3165087,0.391304348,0.565217391,0,0,0,0
2795,TGTGAGACAGTGTGTGTGTGAGA,0,0,0.017450142,0,0.416345417,552.5,192.7308912,0,0.108695652,0,0,0,0
2796,CGCACTCCAGCTGGAAGTGGGGA,0,0,0.021922831,0,0.11364824,552.5,195.568613,0.030434783,-0.173913043,1,0,1,0
2797,AGGAAGGACCCAGCATACCTGAG,0,0,0.0348659,0.122716208,0.122716208,485,165.679905,0,0.108695652,0,0,0,0
2798,ATGAAATCCAGTGAGGAGATGGG,0,0,0.0984375,0.046106268,0.044549938,485,160.6048094,0.008695652,-0.239130435,0,0,0,0
2799,CCTCTGAGGAGAGCGGAAGCTGG,0,0,0.160158181,0.186959075,0.186959075,552.5,188.4152864,0,-0.108695652,0,0,0,0
2800,AGCGCGTGAGTGTGTGTGTGGAG,0,0,0.023333333,0.611927885,0.601049167,552.5,196.3975689,0,-0.391304348,0,0,0,0
2801,GGCTATTTTTCATTGTTCTATGG,0,0,0.133333333,0.421955546,0.421955546,552.5,178.7480961,0,-0.217391304,0,0,0,0
2802,AAATTATAAAAAGATGCACATGG,0,0,0.022857143,0,0.241196307,522.5,196.3297412,0.095652174,-0.130434783,0,0,1,0
2803,CTTGCACCACAGAGAAGAAAGAG,0,0,0.032921811,0.018486885,0.018486885,357.5,168.2843406,0,1.913043478,0,0,0,0
2804,GGTAGTGGGGCTGGGGGTGGGGG,0,0,0.172366071,0,0.397208228,522.5,200.0768415,0.52173913,2.065217391,0,0,0,0
2805,AAAAGAGAAGCAGAGGAAGAGGA,0,0,0.000771605,0,0.106570406,387.5,160.3622053,0.095652174,0.043478261,0,0,0,0
2806,GAAACTGGGGCAGGAGGTGGAGA,0,0,0.026190476,0,0.694060843,522.5,207.6160826,0.086956522,-0.152173913,0,0,0,0
2807,GAGTCAGAGCAGAAGAAAGCAGA,0,0,0.003804789,0,0.023413405,442.5,124.1050829,0,-0.413043478,0,0,0,0
2808,AAAAGAGAAGGAGAAGCAAAAGA,0,0,0.008670135,0,0.074184075,357.5,167.1412948,0,0.217391304,0,0,0,0
2809,GAGTCCTAGTAGAAGAGAAAAGG,0,0,0.06570592,0,0.06791296,485,165.4156384,0,-0.195652174,0,0,0,0
2810,AACACCAGTGAGTGGAGATCTAG,0,0,0.018613485,0.005236044,0.005236044,345,114.2518822,1,5.369565217,0,0,0,0
2811,CCGCCCCTCCACCCCGCCACTGG,0,0,0.080174927,0,0.519472711,555,187.6840001,0.373913043,-0.195652174,0,0,1,0
2812,GCTGTGTGTGTGTGTGGGTGGGG,0,0,0.008885232,0.372455417,0.372455417,552.5,192.7257886,0.017391304,-0.326086957,0,0,0,0
2813,GGGTGATGGGAGTGTCCTCCCGA,0,0,0,0,0.015151175,455,186.1032247,0,0.108695652,0,0,0,0
2814,CCTTGTTTCTCTGTGTGGATGAG,0,0,0.017654321,0.04042269,0.04042269,425,190.442613,0,-0.130434783,0,0,0,0
2815,AGCAGGGCGGCGGGAGGTGGGGG,0,0,0.154285714,0,0.425868976,522.5,208.4095956,0.156521739,0.913043478,0,0,0,0
2816,GCCTACCCACAGACTGGCCAGGG,0,0,0.073260073,0,0.952477215,530,204.620623,0,-0.086956522,0,0,0,0
2817,ATTACCCCCCAGGGCACTAAGAG,0,0,0.031372549,0.379196691,0.372455417,552.5,193.3805086,0.160869565,0.173913043,0,0,0,0
2818,GGTGAGTGTGTGTGAGTGAGCAG,0,0,0.012007797,0,0.028412066,387.5,149.2990871,0.052173913,0.434782609,0,0,0,0
2819,GGCACTGCAGGTACAGGTGGAGG,0,0,0.063579278,0,0.02551665,327.5,187.8716308,0,-0.282608696,0,0,0,0
2820,GGTGGGTGAGAGTTTGCATGGGA,0,0,0.006923077,0,0.024363622,357.5,174.6190784,0,-0.586956522,0,0,0,0
2821,AAATAAAAAGAAGAGGATCAGGA,0,0,0.01404321,0,0.077471869,485,169.1190549,0,-0.260869565,0,0,0,0
2822,TGTGACTGAGTGTGAGTGTGTGG,0,0,0.184210526,0,0.098837842,455,182.2208834,0,-0.369565217,0,0,0,0
2823,GATGAGTGTGTGTTTGTGTGGAG,0,0,0.016379867,0,0.055495857,455,182.3749239,0.265217391,-0.282608696,0,0,0,0
2824,TGTGTGGGAGTGTGTGTGTGTAG,0,0,0.025879712,0,0.416345417,552.5,194.5423881,0,0.043478261,0,0,0,0
2825,AAAAGACAAGAAGATGTACATGA,0,0,0.001515653,0,0.105930922,455,180.7500866,0.039130435,-0.130434783,0,1,0,0
2826,GATTCCCAGAAGTAGAAGAACAG,0,0,0.023171296,0.349025375,0.343418542,522.5,201.7977622,0,0.369565217,0,0,0,0
2827,GAGTAGGAGGAAAAGAAGAAGGA,0,0,0.007201646,0,0.374191978,522.5,203.4178591,0,-0.173913043,0,0,0,0
2828,TGGGGGGAGGTATGAGGGGTGGG,0,0,0.049230769,0.169226528,0.163514241,455,185.384663,0.365217391,0.47826087,0,0,1,0
2829,TTTTTGTTTTCTTTGTTCTCTGG,0,0,0.166666666,0,0.694060843,525,210.7158996,0,-0.130434783,0,0,0,0
2830,AGATGAGAAAAAAAGGCCCAGAG,0,0,0.034036087,0,0.110611179,455,179.0456098,0.973913043,6.130434783,0,0,0,0
2831,GGTGTGTTTGTGTGTGTGTGAGA,0,0,0.004419192,0,0.353596915,552.5,189.8659716,0,-0.304347826,0,0,0,0
2832,GGTGAGGGAGTGTGTGTGGGGGG,0,0,0.068627451,0.246288838,0.246288838,492.5,166.2827082,0,-0.02173913,0,0,0,0
2833,GGTGAATGAGTGTGTGCTCTGGG,1,0.00113547,0.128735632,0,0.023413405,442.5,124.1050829,0,0.282608696,0,0,0,0
2834,GGGACTGAGGCTGTATGTGGCAG,0,0,0,0,0.037983778,455,186.6445725,0.047826087,0.195652174,0,0,0,0
2835,CTTGCCTGGCAGGGCAGGAACAG,0,0,0.030092593,0,0.117023615,555,184.3338886,0,-0.130434783,0,0,0,0
2836,TGGATGGAGGAATGGAGGGAGGG,0,0,0.14625,0,0.004916404,320,125.1436193,0,-0.130434783,0,0,0,0
2837,CCCAACCAACCAAAGACATAGAG,0,0,0.051282051,0,0.111961641,455,173.7045792,0,-0.630434783,0,0,0,0
2838,GGAATCACCACGGCAGCACCAGA,0,0,0.020604395,0,0.246762336,522.5,200.149202,0,0.195652174,0,0,0,0
2839,GAACATCAAGCTTAGGCTGCCAG,0,0,0.006751543,0.05084619,0.050029384,455,190.0263089,0.782608696,-0.304347826,0,0,0,0
2840,CCCTGTGTGTCGGGAAGGACTAG,0,0,0.006631976,0.031871951,0.030847952,387.5,153.0980934,0.886956522,1.217391304,0,0,0,0
2841,GGCGAGCGCGTGTGTGCGCGCGA,0,0,0.003225428,0,0.205220971,552.5,181.5810389,0.017391304,-0.282608696,0,0,1,0
2842,GGCATCTTGGTCTTTACTTGGGG,0,0,0.108,0,0.073380489,455,180.0775658,0,-0.086956522,0,0,0,0
2843,GAATGAGAAGGAGAGGGAGAAGA,0,0,0.000331904,0,0.112574373,387.5,161.2358053,0,-0.586956522,0,0,0,0
2844,GGCGCTTCTGCTGGAGGTAGTGG,0,0,0.136054422,0,0.208134859,552.5,181.2354389,0,-0.565217391,0,0,0,1
2845,ACTGCCTCTGCTCTATTCTCCAG,0,0,0.037584922,0.055367572,0.055367572,485,167.2037938,0,0.02173913,0,0,0,0
2846,GGGGAGGGAGTGTGTTCCTGGGG,0,0,0,0,0.035946325,485,173.57706,0.608695652,0.108695652,0,0,0,0
2847,GACGGGGAAGCAGAGCTTTTAAG,0,0,0.032407407,0.156419304,0.156419304,555,197.9636701,0.139130435,0.543478261,0,0,0,0
2848,CTCTGTGTGTCTGGGTGGAGAGA,0,0,0.004482854,0,0.114205581,455,163.6555981,0,-0.347826087,0,0,0,0
2849,GGCTCTGCGGGAGGAGGCGGCGG,0,0,0.054545455,0,0.080449006,357.5,178.9568826,0,-0.195652174,0,0,0,0
2850,AGGAAGTAGGAATGAGGAATGGG,0,0,0.204081632,0,0.359837588,552.5,184.7804993,0,0.891304348,0,0,0,0
2851,AAAGGAAAAGAAGAGGCTCAAGG,0,0,0.3125,0.421806302,0.421806302,560,191.7198859,0.008695652,-0.260869565,0,0,0,0
2852,GGTCAGTGGGGGTGTGTGTGTGG,0,0,0.065882353,0,0.196246288,455,187.1504249,0,0.565217391,0,0,0,0
2853,TGCTCCACGAAGCCTGGCCAGAG,0,0,0.090177134,0,0.569608261,620,212.6170388,0.286956522,-0.217391304,0,0,0,0
2854,AACCCCCACCACCCAGGCTCAAG,0,0,0.002440087,0,0.163368333,455,180.9070504,0,-0.869565217,0,0,0,0
2855,ACCAACTAGCCAGAGACACAGAG,0,0,0.065200617,0,0.569608261,620,211.5687188,0,-0.195652174,0,0,0,0
2856,CACCTCCCACCAGAGACACAGGA,0,0,0.007093747,0,0.833979885,620,211.0268027,0,-0.260869565,0,0,0,0
2857,GTCAGATGAGTCCTTACCTGGGG,0,0,0.091749374,0,0.319580819,522.5,203.5265585,0,-0.282608696,0,0,1,0
2858,GAACCCAGAGCAAAGACTGAAGG,0,0,0.126923077,0.25551675,0.25551675,455,168.1749426,0,-0.652173913,0,0,0,0
2859,GCCTTTTTTTCTTTTTTCTCAGA,0,0,0.001732174,0,0.119911766,425,195.250894,0,-0.456521739,0,0,0,0
2860,GGGAAAGAACCAGAAACCGGAGG,0,0,0.048128342,0.009652278,0.009342164,387.5,149.1750092,0,-0.260869565,0,0,0,0
2861,GTCACCTCCAAAGAAGAGGCAGG,0,0,0.026373626,0.013316765,0.012908589,290,142.8508522,0.004347826,-0.173913043,0,0,0,0
2862,GTCATCTTTGTCCCTACCTTGGA,0,0,0.001754386,0,0.02101987,357.5,156.9641145,0.308695652,0.739130435,0,0,0,0
2863,ATGGCCAGTGAGTAGAGCCGTGA,0,0,0.007075061,0,0.4917675,555,186.8104001,0,0.282608696,0,0,0,0
2864,CTCAACCATGCAGAGACACTAGG,0,0,0.106060606,0.642348856,0.642348856,552.5,175.5423437,0.017391304,-0.52173913,0,0,0,0
2865,AAATTAGAAAAACAAGCACAAAG,0,0,0.028767343,0,0.136666136,425,189.2136015,0.226086957,0.456521739,0,0,0,0
2866,AAAGAAGAAGAAGAAGAACACAG,0,0,0.061679981,0,0.155096519,455,181.8449474,0,-0.630434783,0,0,0,0
2867,TGTGTGTGTGTGTGTGCGTAGGA,0,0,0.014204545,0,0.426140229,552.5,176.8142997,0.052173913,0.02173913,0,0,0,0
2868,GGGTGGGGGGACCTGGATCCTGG,0,0,0.009752322,0.026410741,0.0256368,260,166.7914464,0,-0.260869565,0,0,0,0
2869,TTTTCCCCAAAGGGCAGTAATAG,0,0,0.081705948,0,2.461181435,627.5,214.5346636,0.02173913,0.152173913,0,0,0,0
2870,TGTGTGTGTGTGTGTGCGTAGGG,0,0,0.204545455,0,0.426140229,552.5,176.8142997,0,-0.130434783,0,0,0,0
2871,CGTGTGTGGGTATGTGCGTGTGG,0,0,0.161616162,0,0.43009247,522.5,206.2357992,0.004347826,-1.043478261,0,0,0,0
2872,AGGAAATCCAGTGAGTAGAAAAG,0,0,0.082942708,0.288195638,0.288195638,552.5,177.6532353,0,0.260869565,0,0,0,0
2873,GGGGAGGGGGGGTTTCCTCCCAG,0,0,0,0,0.143492089,455,193.5195704,0,-0.52173913,0,0,0,0
2874,CGTGAGTGGGTGTGTGCGCAGGA,0,0,0.008552271,0,0.134234172,485,147.3546198,0,-0.086956522,0,0,0,0
2875,TGGATGGATGGATGGGGAGACAG,0,0,0.032861111,0,0.054220132,357.5,157.6655144,0,-0.195652174,0,0,0,0
2876,GACAAGTTATCATTGTACTCTGG,0,0,0.117913832,0.359667248,0.353596915,552.5,192.0921886,0,-0.173913043,0,0,0,0
2877,GGAATCCCATGAGCATCACCAGG,0,0,0,0.0397786,0.039168966,357.5,184.0056096,0,-0.391304348,0,0,0,0
2878,AGGGACACCAGTGAGTAGGATGG,0,0,0.184570313,0,0.219695863,485,150.2008001,0.156521739,-0.347826087,0,0,0,0
2879,GGAATCCCTCCTGTAGGAGCGGA,0,0,0.00019971,0,0.02381073,387.5,150.8349679,0,-0.282608696,0,0,0,0
2880,GGAGAGTGAGTGTGACTGTGTGG,0,0,0,0,0.026303129,412.5,166.1904415,0,-0.369565217,0,0,0,0
2881,GTGTGTGGGGAGCCTGCTCCGAG,0,0,0.024809498,0.052439572,0.052439572,425,196.0355108,0.339130435,0.195652174,0,0,1,0
2882,AAAAGAGAAGAAGAGGGGAAGGA,0,0,0.000333467,0,0.037635675,442.5,141.1689557,0,-0.173913043,0,0,0,0
2883,AAATTATAAGAAGAGACAAAGAG,0,0,0.019047619,0,0.055624514,485,167.4920734,0,2.413043478,0,0,1,0
2884,GCCTCTTCCAGACCCGCCTTGGG,0,0,0.041666667,0.123798508,0.120003918,455,187.589937,NA,NA,0,0,1,0
2885,GGAATCCCTGCTGCAGAGCAGGG,0,0,0.046666667,0,0.041463696,417.5,130.6612193,0,0.130434783,0,0,0,1
2886,AAATGAGAAAAATAAGCTCAAGA,0,0,0.009150327,0,0.025554997,357.5,165.0785882,0,-0.065217391,0,0,0,0
2887,AACTGAGAAGAAGATGAGCAGAG,0,0,0.002962963,0,0.031571911,387.5,158.0555341,0,0.282608696,0,0,0,0
2888,GACATCCCTGTCCTCTCCCTGGA,0,0,0.001302577,0,0.055624514,485,165.6805764,0,0.326086957,0,0,0,0
2889,AGCAGTGCGGCTGGGGGAGGGGG,0,0,0.234,0,0.083169333,455,178.2813251,0,-0.239130435,0,0,0,0
2890,AAAAGAGAAGGAAAGGCAGAAGA,0,0,0.002480159,0,0.107124019,357.5,171.8489958,0,-0.217391304,0,0,0,0
2891,GGCTCCTTCCCTCCCTCCTTGGG,0,0,0,0.079646797,0.076958297,455,192.1694897,0,0.282608696,0,0,0,0
2892,GGCTCTGCAGATGGAGCTGGAAG,0,0,0.018716578,0,0.196246288,455,187.1504249,0.1,3.173913043,0,0,0,0
2893,CCCTCCCCAAGCCCAGGCCAGAG,0,0,0.036893705,0.113844557,0.110001703,327.5,191.0467943,0.360869565,-0.130434783,0,0,0,1
2894,AAAAGAGAAGAAGAAGAACCCAG,0,0,0.012323672,0,0.068124595,387.5,145.9956674,0,0.02173913,0,0,0,0
2895,TACCTGTTTTCCTTCTTCTCAGA,0,0,0.003224974,0,0.198201266,425,196.403278,0,-0.086956522,0,0,0,0
2896,TGGATGGATGAATGAGTGGACAG,0,0,0.007777778,0,0.027507403,417.5,131.6931754,0,-0.782608696,0,0,0,0
2897,GGTGTGTGGGTGTGTGTGTGCGA,0,0,0.007856341,0,0.699446792,560,194.1657886,0.147826087,-0.5,0,0,0,0
2898,GGCAATGTGGATGGAGCTGGAGG,0,0,0.088235294,0,0.321188687,455,187.5956683,0,0.347826087,0,0,0,0
2899,CCTTCCTGCCCTCTACACACTGG,0,0,0.04987013,0,0.532999604,552.5,189.2487356,0.008695652,0.130434783,0,0,0,0
2900,GACATGTTTTCATTGCTGTTGGG,0,0,0.012698413,0,0.022258348,417.5,138.4770409,0.013043478,-0.173913043,0,0,0,0
2901,CGTGAGTGAGTGTGTGGTTGGGG,0,0,0.028011204,0.261154827,0.252864198,492.5,173.9905557,0,-0.065217391,0,0,0,0
2902,TGGATGGATGAATGAGTAAATGA,0,0,0.003720238,0,0.044208326,417.5,126.3685087,0,-0.195652174,0,0,0,0
2903,AGGATGGAGGAAGGAGGAGAGGG,0,0,0.14673913,0.5977,0.577438983,462.5,173.7630795,0,0.152173913,0,0,1,0
2904,GGTGTGTGAGTGGATGGGTGAAG,0,0,0.001085019,0,0.033370636,357.5,175.7870637,0,-0.086956522,0,0,0,0
2905,AGATGAGAAGTAGAGGCACCAGA,0,0,0.003885004,0,0.828110169,462.5,176.7923164,0.065217391,0.108695652,0,0,0,0
2906,GGTTTGTTTGCATTGTTCTGGGG,0,0,0.01617647,0.633355972,0.633355972,552.5,176.3026637,0,-0.739130435,0,0,0,0
2907,CCCTGTCTTCCTGCATGGATAGA,0,0,0.009548611,0,0.078166772,522.5,196.2261178,0,-0.434782609,0,0,0,0
2908,TGGGTTGTGGAATCAGGAGTAGA,0,0,0.005314626,0,0.128972515,522.5,201.8014144,0.1,0.347826087,0,0,0,0
2909,GCCGCTGCGGCTGCAGGTGCGGG,0,0,0.079474097,0,0.10391963,455,169.3096154,0,-0.108695652,0,0,1,0
2910,GGGTAGTGGGGGTTTGCTCTAGA,0,0,0.006706349,0,0.250277666,455,172.1608156,0,-0.108695652,0,0,0,0
2911,GGAGAGTGAGTGTGAGAGAGAGG,0,0,0.055137845,0,0.050740571,387.5,152.7308674,0,0.130434783,0,0,0,0
2912,GGAGAGTGAGTGTGAGAGAGAGA,0,0,0.003829017,0,0.050740571,387.5,152.7308674,0,-0.434782609,0,0,0,0
2913,GGTGAGAGTGTGGGTGCGAGTGA,0,0,0.002717391,0,0.076469801,455,172.6097184,0,0.02173913,0,0,0,0
2914,AGAGAGAGAGTGTGTGCGTGTGA,0,0,0.0390625,0,1.712894511,627.5,217.4888192,0,-0.217391304,0,0,0,0
2915,ATCACCGAGGCAGAGTGTTTAGA,0,0,0.003565062,0,0.372455417,552.5,194.0141086,0,0.043478261,0,0,0,0
2916,GCCTCCCCAAGACCTGGCACAGA,0,0,0.004103535,0,0.051316877,290,137.368216,0.204347826,0.456521739,0,0,0,0
2917,AAAAGAGGAGAAGCAGCACATAG,0,0,0.018259155,0,0.057131627,425,189.3803768,0,0,0,0,0,0
2918,GGAGTTTGTGTGTGTGCGTGTGG,0,0,0.103896104,0,0.497494021,620,211.6379156,0.87826087,1.260869565,0,0,0,0
2919,TCCTCATCACAGCCTGGCCATAG,0,0,0.065200617,0.544491663,0.544491663,620,210.0390988,0,-0.434782609,0,0,0,0
2920,GGCCGTGCAGCTGGAGGTGGAGA,0,0,0.009453781,0,1.482630907,627.5,214.2782996,0.482608696,0.847826087,0,0,0,0
2921,GGCACTGTGGCTGCCAGTGGCAG,0,0,0.026515152,0,0.00937484,392.5,172.9655509,0.808695652,2.934782609,0,0,0,0
2922,GGTGAGTGAGGGTGGGGGTGTGG,0,0,0.001176471,0,0.145653695,365,178.9767837,0,-0.043478261,0,0,0,0
2923,GACTGGTTTTCAGTGTTCAGTGA,0,0,0.000194861,0,0.080487776,387.5,140.5267596,0,-0.065217391,0,0,0,0
2924,TGGATGGATGAGTGATGGGTGAG,0,0,0,0,0.014499277,387.5,164.81236,0,-0.217391304,0,0,0,0
2925,AATGAGCACCAAATCCTCACTGA,0,0,0.003006253,0,0.171839377,455,167.5685792,0,-0.217391304,0,0,0,0
2926,ATGAAGACCATTGCTTAGAGCAG,0,0,0.001526252,0.019183372,0.019183372,327.5,185.3377261,0,-0.130434783,0,0,0,0
2927,GAGCGGGAGGAGAAGAAGAAAGA,0,0,0.005242375,0,0.760552802,622.5,210.2603596,0.808695652,2.086956522,0,0,0,0
2928,AGCACTGAGGCTGGGGGAGGCGA,0,0,0.017604167,0,0.083169333,455,176.4698282,0,0.369565217,0,0,0,0
2929,GGTATCCTTTCTGAAGCACTGGG,0,0,0.064852941,0.100576004,0.096999969,455,166.7953985,0.039130435,0.347826087,0,0,0,0
2930,AAATGAGGAAATGAGGCCCAGAG,0,0,0.011266575,0,0.12706804,455,177.9690129,0,-0.282608696,0,0,0,0
2931,GGCACTGGGGCTGGGTGCGGTGG,0,0,0,0,0.012926318,387.5,159.1814023,0,-0.543478261,0,0,0,0
2932,AAAGGAGAAGAAGTGGTACTAAG,0,0,0.024197531,0,0.037875241,387.5,148.5635044,0,0.195652174,0,0,0,0
2933,GGGTGTGGCCAGTTTGTTCCAAG,0,0,0.017372586,0,0.187530741,552.5,187.4763882,0.008695652,0.065217391,0,0,0,0
2934,TTCATTTTAGGCATTACGTGTGG,0,0,0.049523809,0,0.104202175,455,185.760599,0,0.347826087,0,0,0,0
2935,AAATGAGAAGGAAAAGGACAGGG,0,0,0.033217993,0,0.030249196,260,168.2774631,0,-0.043478261,0,0,0,0
2936,AAGAGAGGAGAAGAGACACACAG,0,0,0.055326932,0,0.254924684,552.5,197.4101572,0.013043478,-0.565217391,0,0,0,0
2937,TGCAAACACCCAGCAACCGTGAG,0,0,0.062321937,0.183399615,0.183399615,552.5,199.0003933,0,0.130434783,0,0,0,0
2938,CTCTGTGTTTCTTTATGGATGGA,0,0,0.004419192,0,0.052959633,425,193.8617145,0,-0.304347826,0,0,0,0
2939,CACACTGGGGATGGAGGTGGGAG,0,0,0.07554945,0,0.794051205,522.5,209.6300993,0,-0.043478261,0,0,0,0
2940,TGGATGGAGGGAGGGGGAGAGAG,0,0,0.01607337,0,0.034342375,260,152.1259743,0,0.260869565,0,0,0,0
2941,TGGATGGATGAGTGGGGACTGGA,0,0,0.007794097,0,0.036308406,357.5,162.5690977,0.560869565,0.869565217,0,0,0,0
2942,GCAATCCCTTCTGCAGGCCCTAG,0,0,0.002011061,0,0.252864198,492.5,173.7505557,0.073913043,0.02173913,0,0,1,0
2943,GCCTGAGTCTCTGGAGGGATGGG,0,0,0.273913043,0,0.327883914,560,201.3255901,0.404347826,-0.434782609,0,0,0,0
2944,CTCTCCCCAAGGCCTGGCCTCAG,0,0,0.065656566,0.394491477,0.387083187,455,175.5923164,0.339130435,-0.260869565,0,0,0,0
2945,AAATGAGAAGACAAAGAACACAG,0,0,0.027660907,0,0.0256368,260,166.7914464,0,-0.152173913,0,0,0,0
2946,GGGTGGGGTGTGTTTGCCCATAG,0,0,0.009116809,0.040969829,0.039653529,387.5,146.4492027,0.039130435,-0.456521739,0,0,0,0
2947,CCCATCCTTCCAGAGGTTCACAG,0,0,0.004985755,0,0.018569524,442.5,152.4023128,0,-0.130434783,0,0,0,0
2948,CGTGTGTGAGTCTGTGTGTGTGA,0,0,0.004456328,0,0.299915,455,189.2094685,0,-0.673913043,0,0,0,0
2949,GTGGGGGTGGAGTTTGTTCCTAG,0,0,0.030075056,0.609583333,0.609583333,552.5,194.000472,0.360869565,-0.173913043,0,0,0,0
2950,GGCCCAGGCTGGGCACATGGTGG,0,0,0.378010166,0.118732172,0.118732172,387.5,150.2603716,0,-0.5,0,0,0,0
2951,AGGAAGACCAGTGAGGAGATAAG,0,0,0.026384615,0.072576354,0.072576354,485,162.7479902,0.008695652,-0.195652174,0,0,0,0
2952,GCATCCCAAACTCCTGGCCAAAG,0,0,0.022469136,0.385203768,0.385203768,425,201.6259989,0,0.391304348,0,0,0,0
2953,GCCTCCCACAGGCCTGGCCACGG,0,0,0.241428571,0,0.786690476,530,207.110319,0,-0.108695652,0,0,0,0
2954,AGTAACACCAGGGAGAAGAGAGG,0,0,0.190909091,0.129804532,0.125422944,455,193.4274737,0.147826087,0.391304348,0,0,0,0
2955,AAATGAGAAACTGTGGCACAGAG,0,0,0.017207133,0,0.048898576,362.5,188.6228948,0,-0.565217391,0,0,0,0
2956,CCTGCCTCCCCTCTGCTCTAAGA,0,0,0.004861111,0,0.046387029,387.5,132.1156421,0,-0.086956522,0,0,0,0
2957,CTGGCCCTAAAGGGCAGGAAAAG,0,0,0.03276749,0,0.281815562,552.5,185.1571133,0,-0.326086957,0,0,0,0
2958,CCCACTTTCCCACCTAACTTCGG,0,0,0.010582011,0.166325226,0.163368333,455,183.1332674,0,0.086956522,0,0,0,0
2959,AGGGACAGCAGTGAGTATAGGGA,0,0,0.015625,0,0.310333333,552.5,189.5632498,0,-0.02173913,0,0,0,0
2960,TGAATGAATGAATGAGGAGTAGG,0,0,0.4,1.046578546,1.046578546,627.5,213.5290388,0,0.065217391,0,0,0,0
2961,GGGTGCGGGGCGCTGGCTCCGGG,0,0,0.01076555,0.049825268,0.049825268,327.5,187.4775902,0.482608696,0.565217391,1,0,1,0
2962,GGAGCTGGGGCAGGAGGTGGGGA,0,0,0.019345238,0,0.694060843,522.5,206.9824826,0,-0.239130435,0,0,0,0
2963,CATTTGTTTTTATTTTTCTCAAG,0,0,0.005596256,0,0.220450566,425,198.2348947,0,-0.239130435,0,0,0,0
2964,GACACTGAGGCTGGGGGTGCCAG,0,0,0.039722222,0,0.186915845,455,164.5155615,0.013043478,0.152173913,0,0,0,0
2965,CCAGTGAGGAAAGGGGAGGGAGA,0,0,0,0,0.030144775,357.5,160.2333514,0.030434783,0.130434783,0,0,0,0
2966,GAATTTTTCCCACCCTCCTTAGA,0,0,0,0,0.254924684,552.5,199.8552541,0,-0.630434783,0,0,0,0
2967,GGCGCAAACTGATCAGGTGATGA,0,0,0.001602564,0,0.068338689,455,189.1554728,0.004347826,0.043478261,0,0,0,0
2968,CCAGGGAGCTGAGCGGTGGCCAG,0,0,0.018019105,0.325662758,0.325662758,552.5,187.9740522,0,-0.130434783,0,0,1,0
2969,GTAACCACCAATGAATAAGGAAG,0,0,0.030246914,0.05600939,0.05600939,455,176.6584643,0,5.434782609,0,0,0,0
2970,AGTGATTGTGTGTGTGCATGTGA,0,0,0.017307692,0,0.114716268,552.5,188.0309024,0.147826087,0.369565217,0,0,0,0
2971,TGGCTGGAGGACAGAGGAGATGG,0,0,0.036169326,0,0.125714241,357.5,163.9733791,0.02173913,-0.02173913,0,0,0,0
2972,GAGGCAGAAGAGAAGAAGAAAGA,0,0,0.010075645,0,0.464697762,620,207.5888992,0,0.152173913,0,0,1,0
2973,TGCTTGTTTTCTGTGTTCTCCGG,0,0,0.069565217,0,0.286208544,425,201.744579,0.008695652,-0.130434783,0,0,0,0
2974,GGCTAGTGTGTGTGTGTGTGTGA,0,0,0.003030303,0,0.348646558,552.5,192.8525086,0.013043478,0.152173913,0,0,0,0
2975,GAAGACAAGGCACAGACTGAGAG,0,0,0.03411306,0,0.156120734,455,167.7296992,0,-0.152173913,0,0,0,0
2976,GCCCCCCTCCCCACTGCCTCAGG,0,0,0.008058608,0,0.086525729,327.5,189.0235742,0.391304348,0.108695652,0,0,1,0
2977,CCCATTCCTACAGAGACAAACAG,0,0,0.038321996,0.268364157,0.263834804,552.5,178.5744627,0.182608696,0.304347826,0,0,0,0
2978,GGGAAGGACCCAGAGTCAGTCGG,0,0,0.0875,0,0.007117689,357.5,166.1444765,0,0.173913043,0,0,0,0
2979,TGGTAGGGGGAGTGTGGTCCAGA,0,0,0,0,0.090827917,455,185.2863843,0,-0.152173913,0,0,0,0
2980,AGCACTGGGGCTGGGGGAGGGGG,0,0,0.250714286,0,0.083169333,455,176.4698282,0,-0.369565217,0,0,0,0
2981,GCCCCCCCCCACCCCGCAGCTGG,0,0,0.105769231,0,0.097755,485,159.6888498,0,-0.173913043,0,0,0,0
2982,GCCACTGGGGTTGGAGTTGGTGG,0,0,0.034234996,0,0.33831875,455,188.6439883,0.92173913,-0.217391304,0,0,1,0
2983,AATCACCCCCACTTCCTCAAAGG,0,0,0.036302521,0,0.509948268,522.5,200.7355261,0,-0.043478261,0,0,0,0
2984,GGTGTGTGTTTGTGTGTGTGTAG,0,0,0.021447811,0,0.325662758,552.5,187.9740522,0,-0.347826087,0,0,0,0
2985,AGATGGGAAGAAAAGCCACATAG,0,0,0,0,0.060534271,455,190.3862696,0.469565217,-0.195652174,0,0,1,0
2986,GAACACACAAGATAGATTGCAAG,0,0,0.012098765,0,0.281558646,455,183.8922518,0.004347826,-0.739130435,0,0,0,0
2987,GGCTCCCGAACGCCAGGCCATGG,0,0,0.103563256,0.227418991,0.223580696,425,195.4230778,0.12173913,-0.282608696,0,0,0,0
2988,ATAAACACCAGTGAGAATAACAG,0,0,0.110479798,0,0.021946731,417.5,138.8226409,0,0.326086957,0,0,0,0
2989,GACACTGAAGCACTGTTTATTGA,0,0,0.004137327,0,0.016518465,357.5,165.5275109,0.026086957,-0.326086957,0,0,0,0
2990,GACATGTTTTCATAGTTTTGGGG,0,0,0.011147316,0,0.019281941,387.5,144.1262821,0.008695652,0,0,0,0,0
2991,TGTGTGTGTGTGTGTGCGTGCGG,0,0,0.218181818,0,1.632770745,627.5,215.1518996,0,-0.065217391,0,0,0,1
2992,TGTGTGTGTGTGTGTGCGTGCGA,0,0,0.015151515,0,1.632770745,627.5,215.1518996,0.891304348,-0.086956522,0,0,0,0
2993,GGAGCATGAGTGTGTGCATGTAG,0,0,0.064102564,0,0.185123143,552.5,190.1743627,0,0,0,0,0,0
2994,GGTGAGGGTGTGTGTGAGGGTGA,0,0,0.002859477,0,0.076074608,485,161.1229278,0.039130435,NA,0,0,0,0
2995,ATAAAGACCAGTGGGTGGAGGGG,0,0,0.030882353,0.053235174,0.051438206,455,184.2607203,0.1,-0.391304348,0,0,0,0
2996,GTCCCCTCCCGCCCCGCCTCTGA,0,0,0.02667298,0,0.542336973,522.5,207.2469185,0,-0.782608696,0,0,1,0
2997,GACATATTTACATTGTCCTCAGA,0,0,0.020008003,0,0.322464761,552.5,190.5625685,0.130434783,-0.043478261,0,0,0,0
2998,AATGACAACTCCACCCTCCATAG,0,0,0.004597701,0.026743426,0.026743426,357.5,168.1995509,0,-0.130434783,0,0,0,0
2999,TGTGAGTGAGTGTGTGTGTGTGA,1,0.001615862,0.032407407,0,5.899193548,567.5,200.6138889,0.517391304,0.304347826,0,0,0,0
3000,GGGATTGCAGCAGGAGGTGGTAG,0,0,0.042424242,0,0.424071175,522.5,205.7077992,0,-0.543478261,0,0,0,0
3001,CTCTTCCCTCCACAGACACATAG,0,0,0.027064907,0.572069502,0.553689759,522.5,205.4872625,0,0.086956522,0,0,0,0
3002,GGCAGAGAGGCTGGAGGTGAGGA,0,0,0.022005208,0,0.39945125,552.5,175.8882791,0.073913043,-0.434782609,0,0,0,0
3003,CAAAGAGAGGAAGAGGCCCATGG,0,0,0.051830256,0,0.189613667,552.5,188.9432864,0,1.369565217,0,0,0,0
3004,TGTGAGTGTGTGTGTGTGTAGGG,0,0,0.2625,0,0.164063988,485,157.1165087,0.030434783,0,0,0,1,0
3005,CCCCTCCTTCGAGAGCCACACAG,0,0,0,0.143492089,0.143492089,455,191.7080734,0.034782609,-0.586956522,0,0,0,0
3006,CTAAACACCAGTGAGAAGGGTGA,0,0,0.015219156,0,0.089349306,485,170.6355742,0.004347826,-0.282608696,0,1,0,1
3007,ACTCACCATTACATCCTCTATGG,0,0,0.195984163,0.315970766,0.30473625,552.5,183.3786197,0,0.282608696,0,0,0,0
3008,GGTGAGTGTGTGGGGGCTTGAGA,0,0,0.000362319,0,0.017770456,357.5,166.1105443,0.065217391,-0.086956522,0,0,0,0
3009,GGCCCAGGCTGCGCACTTCAGGG,0,0,0.021627344,0.088201144,0.085367372,387.5,156.6499716,0.047826087,0.02173913,0,0,0,0
3010,GGAGAGTGAGTAGATGCGTGTGG,0,0,0.130434782,0,0.04002163,362.5,189.8173944,0,0.108695652,0,0,0,0
3011,TAATTTTTCTCATTGTTCTCAGA,0,0,0.037037037,0,0.497494021,620,212.9262356,0,0.130434783,0,0,0,0
3012,ATTAAAAGCAGTGTGTAGAGAGA,0,0,0.011054422,0,0.1271669,522.5,202.1470144,0.343478261,-0.739130435,0,0,0,1
3013,AAATGCTAAGAAATGGCACAGAG,0,0,0.033152033,0,0.032522781,425,193.89233,0,-0.326086957,0,0,0,0
3014,CCAAGTGTCTGTCGATGGATGAG,0,0,0.011262725,0,0.302995647,425,202.0689958,0.995652174,0.369565217,0,0,0,0
3015,ACCATCCATCCACACACATAAGA,0,0,0.00368053,0,0.054642629,357.5,164.745658,0,-0.413043478,0,0,0,0
3016,AAAAGAAAAGAAGAGGGAAAAGA,0,0,0.000833667,0,0.131148806,485,164.2091082,0,-0.413043478,0,0,0,0
3017,ATAAAAACTAGTGAGTGGAGGGG,0,0,0.107536765,0,0.210931167,552.5,191.9401246,0,-0.217391304,0,0,1,0
3018,CCCTCCCCAAAACCCAGCCATGG,0,0,0.181818182,0,0.035908784,357.5,179.9884521,0,-0.565217391,0,0,0,0
3019,GTTCTCCCTCCTGCAGCACCCAG,0,0,0.021921638,0,1.2395125,622.5,212.5666636,0.695652174,2.717391304,0,0,0,0
3020,TGTGAGTGTGTGTGCGCGTGTGA,0,0,0.011363636,0,0.515955556,530,202.2331981,0.073913043,-0.347826087,0,0,1,0
3021,GGTGTGTGTGTGGGTGTGTGTAG,0,0,0.006886254,0,0.136842006,455,183.466468,0.27826087,0.173913043,0,0,0,0
3022,GAGGCGGAGCAGAAGGAAAAAGA,0,0,0.002889238,0,0.030658184,485,173.8286568,0,-0.173913043,0,0,0,0
3023,CGTGCCCCACTGTGCAGAAAGGG,0,0,0.051692308,0.067861369,0.066654945,357.5,177.8072625,0,-0.282608696,0,0,0,0
3024,GTCATCTTAATTTTTACCTGAGA,0,0,0.010470085,0,0.406822905,432.5,198.1928426,0,0.391304348,0,0,0,0
3025,AAATGAGACCAAGAGACACAGAG,0,0,0.059259259,0,0.246185396,560,194.1600573,0.139130435,-0.173913043,0,0,0,0
3026,AAACTAGAAGAAGAGAGACAAGG,0,0,0.011418685,0,0.099539557,485,178.763543,0.017391304,0.239130435,0,0,0,0
3027,TAATAAGAAGAAGAGGCAATGGG,0,0,0.222857143,0,0.219695863,485,150.0260801,0,-0.108695652,0,0,0,1
3028,AACTAGGAAGAAGAGGCAGAAGG,0,0,0.033163265,0.302904303,0.297519338,552.5,184.8496961,0.960869565,-0.347826087,0,0,1,0
3029,GTATTTTTTTCATTGTTCTAGGG,0,0,0.21010101,0.416048168,0.416048168,552.5,179.5084161,0.152173913,-0.47826087,0,0,0,0
3030,AAAAAAGAAGAAGAGACGCAGGA,0,0,0.011463845,0,0.050674684,485,174.3263208,0,0.086956522,0,0,0,0
3031,CTTGCTCCACAGGGCTGGAAAAG,0,0,0,0.06064467,0.06064467,492.5,175.9022568,0.026086957,-0.717391304,0,0,1,0
3032,GGAGTGTGATTGTGTGGGTGAGA,0,0,0.000862087,0,0.52553761,552.5,191.4058325,0,-0.065217391,0,0,0,0
3033,CCCTTCCATCCAGGGAAAGATGG,0,0,0.017323232,0.028610794,0.028610794,387.5,154.9531044,0,-0.760869565,0,0,0,0
3034,AAATAAAAAGAAGAGACTCAGAG,0,0,0.112345679,0,0.034610809,485,172.81674,0.07826087,0.456521739,0,0,0,0
3035,GTTTCCTGCAATGACAAGGGAGG,0,0,0.255681818,0.259301073,0.254924684,552.5,197.4101572,0,-1.195652174,0,0,0,0
3036,GACACCGAAGCAGTCTTGTAGAG,0,0,0.007070707,0.004454793,0.004454793,290,130.7928606,0,0.086956522,0,0,0,0
3037,GGAAGCAAAGCATGGACTGCAAG,0,0,0.05868538,0,0.223971519,522.5,205.1588954,NA,0.173913043,0,0,0,0
3038,GACTTGTTTTTACTTTTTTCAGG,0,0,0.022308519,0.015639273,0.015399591,260,163.8402409,0,-0.065217391,0,0,0,0
3039,TCCCCCCTCCACCCCTGCTCCAG,0,0,0,0,0.104848333,485,180.685463,0,-0.434782609,0,0,0,0
3040,GTCATCACTGTCATCACCTGGGA,0,0,0.009943182,0,0.152655014,525,195.5502003,0,-0.369565217,0,0,0,0
3041,GGCGCTGCTGCTGCTGGTGGGGG,0,0,0.028571429,0,0.034907424,425,188.5204134,0,-0.630434783,0,0,0,0
3042,TGTGGGGGAGTGTGTGTGTGTGG,0,0,0.197647059,0,0.416345417,552.5,194.5423881,0,-0.456521739,0,0,0,0
3043,TGTGGGGGAGTGTGTGTGTGTGA,0,0,0.01372549,0,0.416345417,552.5,194.5423881,0,-0.217391304,0,0,0,0
3044,GGGATGGAGGAGTGAGGAGTGAG,0,0,0.179101807,0,4.582352941,537.5,213.8838996,0.256521739,0.260869565,0,0,0,0
3045,TGGAGGGATGAATGATGAATGGA,0,0,0,0,0.049760729,485,165.9154738,0,-0.52173913,0,0,0,0
3046,CCCTGGGTCCCTGGATGAAGGGG,0,0,0.037233355,0.070847825,0.068456337,485,149.8613464,0.026086957,-0.282608696,0,0,0,1
3047,GAGTCCGAGCAGGCGAACATTGG,0,0,0.039929015,0.006532977,0.006432854,290,135.5005616,0,-0.826086957,0,0,0,0
3048,GAGATAGATGCCCTTCCCATTAG,0,0,0.005349794,0.133372593,0.133372593,425,196.4489107,0,-0.043478261,0,0,0,0
3049,GGTGTTTGAGTGTGTGTGTTGGA,0,0,0.005499439,0,0.153788731,485,158.001985,0,0.239130435,1,0,1,0
3050,GAGCCCAAGAAGAAGAAGAAGGA,0,0,0.038943355,0,1.599975502,627.5,212.1514828,0.047826087,0.695652174,0,0,0,0
3051,GGTGTGTGTGTGTGTATGTGTGA,0,0,0.007070707,0,0.060818669,485,175.6773627,0,-0.826086957,0,0,0,0
3052,CCAGGGAGGAGAATGGAGGCAGG,0,0,0.268190476,0.050407362,0.050407362,425,192.8133945,0,-0.391304348,0,0,0,0
3053,ACTAACATCAGTGAGGAGAGAGG,0,0,0.129807692,0.263830349,0.254924684,552.5,198.0437572,0,-0.586956522,0,0,0,0
3054,GGCCCACACTGCGCATGTGTGAG,0,0,0.008659469,0.036850999,0.036229041,387.5,154.6746929,0,0.282608696,0,0,0,0
3055,ATCAGCTTTGGCATTACCTGGGA,0,0,0.0096,0,0.485165286,522.5,207.7218159,0,-0.065217391,0,0,0,0
3056,GGTGTGTGTGTGTGTGGGTGGAG,0,0,0.003327392,0,0.699446792,560,194.1657886,0,-0.02173913,0,0,0,0
3057,GGTGTATGTGTGTGTGTGTGAGA,0,0,0.007070707,0,0.213926133,552.5,191.1798046,0.086956522,0.02173913,0,0,0,0
3058,ATTGTGTGAGTGTGTGCATGTGG,0,0,0.14418309,0,0.310333333,552.5,192.2483467,0.026086957,0.173913043,0,0,0,0
3059,TGGTTGCAGGAATTAGGAGGAAG,0,0,0.005337691,0,0.067191662,455,167.1664346,0.139130435,0.130434783,0,0,0,0
3060,CTTGTCTCACAGGGCGGCAAGGA,0,0,0.00295928,0,0.034610809,485,172.81674,0.213043478,-0.152173913,0,0,0,0
3061,TGTGCATGAGTGTGTGAGTGTGG,0,0,0.233333334,0,0.368797917,552.5,195.1395849,0.147826087,0.434782609,0,0,0,0
3062,ATGAAGCCCTGTGAGTACAGAGA,0,0,0.006382761,0,0.112123929,552.5,184.6157655,0,0.065217391,0,0,0,0
3063,GATCACAAAGGATAAACTGAAGA,0,0,0.005767013,0,0.096830707,357.5,161.0972948,0.191304348,0.173913043,0,0,0,0
3064,GTAGACATCAGTGAGTAGAGCAG,0,0,0.106336805,1.366780156,1.345833333,620,214.698583,0,-0.804347826,0,0,0,0
3065,GGGTCGGGGAAGAAGAAGAAAGA,0,0,0.017654321,0,0.760552802,620,209.0824626,0.052173913,-0.5,0,0,0,0
3066,GATTGGGAAGAAGAGGAACAGGA,0,0,0.016339869,0,0.363634746,552.5,195.8999049,0.004347826,-0.02173913,0,0,0,0
3067,TGTGAGTGATTGTGGGTGTGTGA,0,0,0.001316551,0,0.150462235,455,179.0151309,0.060869565,0.260869565,0,0,0,0
3068,AACCCCCTCCAACCCCCATCAGG,0,0,0,0,0.026261648,387.5,168.7721404,0.995652174,5.673913043,0,0,0,0
3069,GGCACTGCAGCTGCAGCTGGAGA,0,0,0.004501801,0,0.093663894,462.5,183.8149239,0,-0.130434783,0,0,0,0
3070,GTAATCTTAGGCATTTCCTAAGA,0,0,0,0,0.06214508,387.5,158.0158905,0.047826087,-0.043478261,0,0,0,0
3071,CCCCCTTTCCAACCCACCTGTAG,0,0,0.015859285,0.394491477,0.387083187,455,174.9587164,0,0.304347826,0,0,0,0
3072,GGGAAAAACCAAATATCCGTAGG,0,0,0.507692307,0,0.029834948,327.5,189.4482303,0.234782609,0.630434783,0,0,0,0
3073,GCCGCCCCAAAGCGAGGGCATGG,0,0,0,0,0.011764776,357.5,167.0568605,0,0.086956522,0,0,0,0
3074,GCCTCTGTCCCACCAACTTGTGA,0,0,0.001029824,0,0.022488172,387.5,140.0488644,0.269565217,1.347826087,0,0,0,1
3075,CCCTGTGACTCTGCATGGTACAG,0,0,0.026923077,0,0.029419779,387.5,136.5753985,0,0.260869565,0,0,0,0
3076,AGAGGAGGAGAAGAGGAACAAGA,0,0,0.011882716,0,0.609583333,552.5,194.000472,0,-0.369565217,0,0,0,0
3077,GGGATGGAGGAATGAAAAGAAAG,0,0,0.130193237,0,0.046184952,417.5,143.7878631,0,-0.543478261,0,0,0,0
3078,GAGTCTAAGCAGAAGAAGAAGAG,1,0.13106576,0.240740741,2.156891484,2.156891484,635,217.4308352,0,-0.043478261,0,0,0,0
3079,ATAAGAGAAGAAGAGCCCCAGAG,0,0,0,0,0.053377333,485,175.3746408,0.004347826,0.02173913,0,0,0,0
3080,AAATGAGAAGTACAAGAACAGAG,0,0,0.014752484,0,0.030249196,260,168.2774631,0.043478261,0.195652174,0,0,0,0
3081,GAGTCCCAGAAGAAGAGAAAAAG,0,0,0.018872549,0,0.06791296,485,165.4156384,0.965217391,-0.086956522,1,0,0,0
3082,AAATGAAAAAAATAGGCAAAAGA,0,0,0.008333333,0,0.1152679,455,171.5777623,0,-0.347826087,0,0,0,0
3083,TGGGTGGATGGATGAGGGGTGGG,0,0,0.086666667,0,0.099907201,455,182.7132027,0,-0.956521739,0,0,0,0
3084,GGAATCCCTTCTACAATTCCTGG,0,0,0.215384616,0,0.006554634,345,146.0028092,0,-0.673913043,0,0,1,0
3085,GCCTTTATTTCATTGTTCACTGA,0,0,0.009093915,0,0.206090981,552.5,184.0428353,0.195652174,0.043478261,0,0,0,0
3086,CCCTGTGTCTCTGTAGAGTTAGA,0,0,0.003221565,0,0.004055816,320,138.5382785,0,0.239130435,0,0,0,0
3087,TACCCCCTCCTCCCAGCCCCTGG,0,0,0.018862364,0,0.07836346,357.5,168.0148948,0.126086957,-0.347826087,0,0,0,0
3088,GACTTGTTTTCAAGGTTTTAGAG,0,0,0,0.006532977,0.006432854,290,135.5005616,0,-0.239130435,0,0,0,0
3089,TACCCCCTCCTCCCAGCCCCTGA,0,0,0.001309886,0,0.07836346,357.5,168.0148948,0,0.02173913,0,0,0,0
3090,AAGTCCAGACAGAAGAAGAAGGA,0,0,0.029464286,0,0.569608261,622.5,209.7572219,0,-0.065217391,0,0,0,0
3091,AAATGAGAAAAAGGGGTCCAAGG,0,0,0.038716049,0,0.01413439,387.5,156.1596346,0,-0.043478261,0,0,0,0
3092,AGTGAGTGTGTGTGTGTATGCAG,0,0,0.045230769,0,0.073001262,485,168.8307753,0,-0.47826087,0,0,0,0
3093,AACCTACTTTCATTGTTCTCGGA,0,0,0.027803309,0,0.564014727,620,214.1572352,0,-0.326086957,0,0,0,0
3094,GACTTTTTTTTTTTTTTCTCTAG,0,0,0.002532447,0.063343751,0.063343751,327.5,189.2608103,0.056521739,0.217391304,0,0,0,0
3095,TGGAAAGACTCAGCATTAGTAAG,0,0,0.06131501,0,0.110039545,485,167.7988192,0,0.173913043,0,0,0,0
3096,GGTGGGTGAGTGAGTGAGTATGG,0,0,0.218076923,0,0.098373949,387.5,150.2886485,0,-0.282608696,0,0,0,0
3097,GGTGCGGTGGTGTGTGCGTGTAG,0,0,0.031771968,0,0.544570536,622.5,208.4689019,0.056521739,0.347826087,0,0,0,0
3098,TGGATGGATAAAGGAGGAGGGGA,0,0,0.001591361,0,0.129928189,455,163.6115628,0,0.5,0,0,0,0
3099,AGGCTGGAGGACTGAGCAGTAAG,0,0,0.005665837,0.305343326,0.299915,455,189.6241885,0.039130435,-0.086956522,0,0,0,0
3100,ACCCTCCATCCTGAGTCACATGG,0,0,0,0.133988,0.133988,455,193.3218737,0.026086957,-0.282608696,0,0,0,1
3101,TTCTCCCCAAAGTCTAGCCATAG,0,0,0.164983165,0,0.105393,455,192.1722536,0.473913043,0.369565217,0,0,0,0
3102,GACCCCCTGCTCCGCGCCTGCAG,0,0,0,0,0.030144775,357.5,160.2333514,0,-0.413043478,0,0,0,0
3103,GAGTGAGAGGAGAGGAAGAAAGA,0,0,0.007021605,0,0.118783686,522.5,199.4947749,0.008695652,0.239130435,0,0,0,0
3104,GCCTCTGTCCCAGCCAGCATGAG,0,0,0.000349516,0.048184735,0.048184735,387.5,155.5833877,0,-0.217391304,0,0,0,0
3105,CACTTGTTTTCATTTTTCTTGGG,0,0,0.030612245,0,0.399880226,462.5,169.0553785,0,-0.195652174,0,0,0,0
3106,TTAATCTTAGTCATTACTTTTGG,0,0,0.39,0,0.134785853,485,156.1110668,0,-0.782608696,0,0,0,0
3107,AACTCCAGTGAGAAGAGCAGAGA,0,0,0.021853147,0,0.38411194,462.5,179.2790795,0,0.195652174,0,0,0,0
3108,ATAAACAACAGTGAGTTGTGAAG,0,0,0.009074074,0,0.189330488,485,163.838072,0,-0.043478261,0,0,0,0
3109,TGGATCGAGGATTGTGGAGTAGA,0,0,0.003156566,0,0.213176473,432.5,196.690894,0,0.391304348,0,0,0,0
3110,TGGAGGGAGGACTCAGGAGGAAG,0,0,0.003302374,0,0.048401607,357.5,161.418795,0.126086957,-0.043478261,0,0,0,0
3111,GAAACTGAAGCACAGTTTCTAGG,0,0,0.093475067,0,0.115139984,455,176.6386955,0,-0.282608696,0,0,0,0
3112,CTTTCCCTTCAGGGCAGCAAGGA,0,0,0.005681818,0,0.180012975,552.5,185.8434694,0,0.02173913,0,0,0,0
3113,CCAGGGTGGAGAGAGGAGGCCAG,0,0,0.015728395,0,0.08896183,522.5,199.9295342,0.104347826,-0.130434783,0,0,0,0
3114,CATGCCCCACAGGGCTCAAAGGA,0,0,0,0,0.020550273,442.5,155.2621298,0,0.391304348,0,0,0,0
3115,GGGTCTGAGGCTGGAGGTGGGAG,0,0,0.053619529,0,2.392592593,627.5,215.898583,0,-0.673913043,0,0,0,0
3116,GCCTCCCCACTGCCCAGCCAGAG,0,0,0.007252007,0.03216105,0.03216105,357.5,176.4827324,0.004347826,0.152173913,0,0,1,0
3117,AAATGAGATGGAAAGACACAGAG,0,0,0.093333333,0,0.030809736,357.5,182.2223895,0,-0.086956522,0,0,0,0
3118,CAGTCCAAACAGAAGAGGAATGG,0,0,0.081032413,0,0.25438705,552.5,191.8709278,0,0.065217391,0,0,0,0
3119,GGCAATGACTGAGCAAGTGAAAG,0,0,0.089111668,0.156419304,0.156419304,555,197.9636701,0,0.02173913,0,0,0,0
3120,GGCACTCAGGTGGGAGGTGGGGG,0,0,0.06875,0,0.243372227,425,199.7708181,0,-0.130434783,0,0,0,0
3121,GGTGTGTCTGTGTGTGGGTGTGG,0,0,0.007897984,0,0.353596915,552.5,189.8659716,0,0.130434783,0,0,0,0
3122,CGCTGTGTTCCTGGATGGAGAGG,0,0,0.057289002,0.392475151,0.392475151,552.5,172.8708833,0,0.173913043,0,0,0,1
3123,GGTCATTGAGTGTGTTTGTGCAG,0,0,0,0,0.060221432,485,178.265879,0.52173913,0.760869565,0,0,0,0
3124,AAAGGAGAAGAAGAAGAAGAAGG,0,0,0.034313726,0,0.051461025,387.5,152.3852674,0,-0.304347826,0,0,0,0
3125,AAAGGAGAAGAAGAAGAAGAAGA,0,0,0.002382898,0,0.051461025,387.5,152.3852674,0.404347826,0.695652174,0,0,0,0
3126,GACCCCCTCCATCCCTACCCCAG,0,0,0,0,0.014008099,320,142.4613627,0.065217391,-0.391304348,0,0,0,0
3127,TTCACTGTGGCTGGAGGTGGGGA,0,0,0.038667929,0,2.543507363,627.5,217.060183,0,-0.434782609,0,0,0,0
3128,GGGGTGGGGGAGAGTGCTCCAGG,0,0,0,0,0.082499774,425,195.8995748,0.813043478,-0.608695652,0,0,0,0
3129,ACCTGTGTCTCTGGATGAGGGAG,0,0,0.011877828,0.043884511,0.043060389,442.5,125.8910669,0.008695652,-0.043478261,0,0,0,0
3130,CCTGGCTCCTCTCCACCCACTAG,0,0,0.025490196,0.079416941,0.079416941,455,180.2946479,0,-0.260869565,0,0,0,0
3131,GACTTAGGTTCATTGTTCTTGAG,0,0,0.033551198,0.268059698,0.259011269,555,174.7934183,0,-0.565217391,0,0,0,0
3132,GAACCTAAAGCATAGACTCAAAG,0,0,0.026979566,0.125827144,0.125827144,485,148.2400961,0,-0.434782609,0,0,0,0
3133,AGCATGGAGGAAAGAGGAGAAGG,0,0,0.149778107,0.271226751,0.266133291,455,172.0350795,0,-0.065217391,0,0,0,0
3134,ATACAAGAAGAAGAGGCAAAGGA,0,0,0.012138189,0,0.49875,552.5,186.0500801,0.008695652,0.239130435,0,0,0,0
3135,AAAATCCCTTCCGCAGCACCTAG,0,0,0.187044534,0,1.384888889,530,212.4438996,0,-0.217391304,0,0,0,0
3136,ATGATGGAGGAAACAGGAGTAAG,0,0,0.048951049,0,0.086676978,425,197.8214948,0,0.086956522,0,0,0,0
3137,GCCTGCCGAAGGCCTGGCCAGGG,0,0,0.250714286,1.411646586,1.411646586,530,209.7817793,0.043478261,-0.065217391,0,0,0,0
3138,TGGCTGGTGGAACGAGGAGTCGG,0,0,0.119416187,0,1.034177215,530,206.9272625,0,0.152173913,0,0,0,0
3139,GGAGTGTGTGTGTGTGCGTGTGA,0,0,0.010822511,0,1.532325837,627.5,214.6238996,0.004347826,-0.086956522,0,0,0,0
3140,CCAGAGAGTAGGGCAGAGGGGAG,0,0,0.005183192,0,0.087057924,357.5,158.8509581,0.043478261,0.195652174,0,0,0,0
3141,AAATGGGAAGGAGAGACCCAAGG,0,0,0.088435374,0,0.017015292,387.5,168.4721731,0.87826087,4.282608696,0,0,0,0
3142,GGAATCCATTCTGGTGCCCCGGA,0,0,0,0,0.011197799,357.5,164.8306435,0,0.195652174,0,0,0,0
3143,CGTGTGTGTGCGTGTGCGTGTGG,0,0,0.103896104,0,0.485165286,522.5,207.7218159,0.017391304,0.282608696,0,0,0,1
3144,AAATAAGAATGAGAGGAACAGAG,0,0,0.055377058,0,0.29581478,455,185.7037488,0.013043478,0,0,0,0,0
3145,GACTTTTTTTAATTTTTGTCTGA,0,0,0.000661376,0,0.026512199,357.5,171.5535774,0,-0.391304348,0,0,0,0
3146,AAATGCTAAGAAGAGACACAAGG,0,0,0.25974026,0.200057277,0.200057277,560,198.9424093,0.2,0,0,0,0,0
3147,GGTGCGTGTGTGTGTGTGGGGGG,0,0,0.035,0,0.111383028,485,162.2177886,0,-1.043478261,0,0,0,0
3148,TGAATGAATGAATGAGGAGATGA,0,0,0.015625,0,0.271673476,552.5,175.1914389,0,-0.043478261,0,0,0,1
3149,CCCTACCATGCAGAGACATAAAG,0,0,0.014806181,0,0.45934875,552.5,181.2983436,0,0,0,0,0,0
3150,TGTATGTGTGTGTGTGCGTGTGA,0,0,0.013636364,0,0.833979885,620,213.0782996,0,0.130434783,0,0,0,0
3151,TGTATGTGTGTGTGTGCGTGTGG,0,0,0.196363637,0,0.833979885,620,213.0782996,0,-0.260869565,0,0,0,0
3152,AGATGAGAAAAAAAGGAACACAG,0,0,0.083388414,0.217271959,0.217271959,455,183.482832,0.017391304,0.217391304,0,0,0,0
3153,AAAAGACAAGAATAGGCATAGGA,0,0,0.003147894,0,0.131830099,455,175.6958987,0,0.152173913,0,0,0,0
3154,CCTGCGAGCAGAGCCGAGGCAGA,0,0,0.012340601,0,0.242694227,522.5,199.2168781,0,-0.52173913,0,0,0,0
3155,GGAATCCCTTAAGCAGCAAGGGA,0,0,0.00105042,0,0.051316877,290,137.368216,0,-0.195652174,0,0,1,0
3156,AAATGAGAAGACTAGGGGCAGAG,0,0,0.000481596,0,0.019611338,290,155.5751347,0.056521739,-0.782608696,0,0,0,0
3157,GGTGAATGGGAGTGTGAGTGAGG,0,0,0.233333334,0,0.113007124,455,186.2380409,0,-0.130434783,0,0,0,0
3158,GATGATTGAGTGTGTGTGTGTGA,0,0,0.018281102,0,0.733926202,560,197.3879049,0,-0.152173913,0,0,0,0
3159,CGTGTGTGTGTGTGTGCGTGTGA,0,0,0.010822511,0,1.632770745,627.5,215.1518996,0,-0.456521739,0,0,0,0
3160,GGAACTGAGGGTTGAGGTGGGAG,0,0,0.010953704,0,0.302995647,425,199.8427788,0,-0.369565217,0,0,0,0
3161,CCAGTGGGTAGAGTTGATGCAGG,0,0,0.04929972,0.007901975,0.007648097,357.5,165.5472797,0,-1.152173913,0,0,0,0
3162,GAGAAAGACCCAGAGTCCGGAAG,0,0,0.00880719,0.027850461,0.027850461,357.5,155.9761939,0.039130435,0.02173913,0,0,1,0
3163,TGGGTGGTGGAATGGGGCGTCAG,0,0,0.008597884,0,0.078958228,455,175.5962282,0,-0.239130435,0,0,0,0
3164,GACTTCTTTTAATTTTTATCTGA,0,0,0.002731643,0,0.026512199,357.5,171.5535774,0.239130435,0.804347826,0,0,0,0
3165,AAAGGAGAAGAACTGGCAAAAAG,0,0,0.015594542,0,0.028759421,357.5,166.4398949,0,0.217391304,0,0,0,0
3166,TGGATGGATGGATGAGTAGGTGA,0,0,0.001062091,0,0.077890861,387.5,150.8864249,0,-0.347826087,0,0,1,0
3167,GGAATCCGTTCTGCAGCATGGAG,0,0,0.004524887,0.390570423,0.390570423,492.5,149.4145832,0,0.02173913,0,0,0,1
3168,TGGATGGATGGATGAGTAGGTGG,0,0,0.015294118,0,0.077890861,387.5,150.8864249,0,-0.130434783,0,0,0,0
3169,GCCTCTTTCCCGCCCTGCTCTGG,0,0,0,0.019130428,0.018544055,320,136.0717627,0,0.086956522,0,0,0,0
3170,GAGCCCGGGCAGAAAAAGCAGGA,0,0,0.00641663,0,0.133665,455,170.2715615,0,-0.391304348,0,0,0,0
3171,AAAAGAGAAGAAGATGCAAGTGA,0,0,0.001548238,0,0.055738305,387.5,136.2337786,0,-0.956521739,0,0,0,0
3172,GGCAGCGAGGCTGGAGGAGGGGA,0,0,0.016414141,0,0.178245253,552.5,187.6025458,0,-0.195652174,0,0,0,0
3173,ATGAACATCAGTGAGGAATGGGA,0,0,0.007840948,0,0.015193247,417.5,142.6404239,0,0.065217391,0,0,0,0
3174,TGGATGAAGGGATAAGGAGATGG,0,0,0.27421875,0,0.035403202,357.5,161.8099509,0,-0.326086957,0,0,0,0
3175,TGGCTGGATGAATGAGTAGGAAG,0,0,0.002153018,0,0.155313909,485,156.2429087,0,-0.630434783,0,0,0,0
3176,GGTGTGTGTGTGTGTGTGCGTGA,0,0,0.00195054,0,0.111383028,485,162.2177886,0.9,0.260869565,0,0,0,0
3177,GGAATGCCTTTAGCAGCTCCTGG,0,0,0.061538462,0.048671649,0.048671649,357.5,178.0444986,0.113043478,0.173913043,0,0,0,0
3178,GGTGAGTGTGGATGTGTGTGTGA,0,0,0.007259259,0,0.087674721,357.5,180.3079244,0,-0.173913043,0,0,0,0
3179,GTCATTTTAGTGTTTTCCTGCAG,0,0,0,0,0.028347543,357.5,182.9101691,0.013043478,-0.195652174,0,0,0,0
3180,CATGAGTGTGTGTGTGCTTGTGG,0,0,0.241758242,0,0.189613667,552.5,189.5768864,0,0.065217391,0,0,0,0
3181,TCCTGTGTCTCTGGTGGGAGCAG,0,0,0.003167421,0.032764827,0.032149525,387.5,150.5669526,0,0.456521739,0,0,0,0
3182,TAAAAAGAGGAAGAGGCACAAAG,0,0,0.07133059,0.860350791,0.833979885,620,213.0782996,0.030434783,0.043478261,0,0,0,0
3183,GACTGGTTTTAATTCTTCTTTGA,0,0,0.002727273,0,0.098205585,357.5,160.3369748,0,0.02173913,0,0,0,0
3184,AAGGACAAAGCATAGACTCCTAG,0,0,0.031960409,0,0.519472711,552.5,187.0504001,0,0.02173913,0,0,0,0
3185,TGTGTGTGAGTGCGTGTGTGCAG,0,0,0.034733298,0.240178592,0.23590875,455,187.4262484,0.008695652,-0.369565217,0,0,0,0
3186,AAAAGAGAAAAAGAGGGAGAGGA,0,0,0.000226943,0,0.176849269,485,161.6005526,0,-0.413043478,0,0,0,0
3187,GACTTTGAGGTTCTCCCCATGAG,0,0,0.051066218,0.256092016,0.248242453,522.5,204.8645352,0,0.543478261,0,0,0,0
3188,AACTCCAGTGCCTAGAGCAGGGA,0,0,0.006684492,0,0.136188675,357.5,173.6322159,0.034782609,-0.239130435,0,0,0,0
3189,TAGACCAAGTAGAAGAAGAAAGA,0,0,0.03112356,0,0.89998622,620,210.9514828,0.604347826,2.391304348,0,0,0,0
3190,CACCCCACCCACCCCTCCTCTGG,0,0,0,0,0.186003667,552.5,196.4285764,0,0.130434783,0,0,0,0
3191,GGCAGTGCCCCTGGTGGTGGAGG,0,0,0.025846154,0,0.215770049,522.5,194.7531417,0,-0.130434783,0,0,0,0
3192,GGTGTGTGTGTGTGAGCGTGAGA,0,0,0.00877193,0,0.460920296,530,200.9448781,0,-0.086956522,0,0,0,0
3193,GGTGTGTGAGAGTGTGTGTGTGA,0,0,0.008838384,0,0.635340376,462.5,191.8954852,0,0.130434783,0,0,0,0
3194,TAACAAAATGGATAGACTGCTAG,0,0,0.036111111,0,0.293524998,522.5,207.2241519,0,-0.130434783,0,0,0,0
3195,CACTTCAATCCAGAGACATAGGG,0,0,0.160203433,0.353204637,0.34064625,552.5,184.9552193,0.060869565,0.130434783,0,0,0,0
3196,CTTTCTCCAAAGGGCACTAATAG,0,0,0.01785172,0.328000636,0.322464761,552.5,190.5625685,0,-0.369565217,0,0,0,0
3197,GGGTGGAGGGAGTTTACTGAGAG,0,0,0.016203704,0.023593627,0.023195422,417.5,131.6427934,0,0.434782609,0,0,0,0
3198,TAGGACCACCACAACCTCAAAGA,0,0,0.011463845,0,0.20338988,522.5,202.0410789,0,0.260869565,0,0,0,0
3199,AATGACTGTTATATCCTCAAGGA,0,0,0.019495081,0,0.267928704,525,202.0411214,0.12173913,0.195652174,0,1,1,0
3200,GAACACATAACATAGACAGGTAG,0,0,0.004066812,0,0.113150971,485,148.5475134,0.543478261,2.413043478,0,0,0,0
3201,AAAAGAGAAGAAGAGGAAGAGGA,0,0,0.001929012,0,0.382126866,492.5,167.792289,0,0.043478261,0,0,0,0
3202,GTCACTGAGGCTGGGTGTGGTGG,0,0,0,0,0.069289873,455,184.3647356,0,0.326086957,0,0,0,0
3203,GCCTGCTCAGCGCCTGGCCAGGG,0,0,0.108333333,0.476527186,0.476527186,522.5,204.3066791,0,0.239130435,0,2,0,1
3204,TGTGTGTGTGTGTGTGCGTTGGG,0,0,0.152727273,0.434296023,0.426140229,552.5,176.8142997,0,-0.239130435,0,0,0,0
3205,ATGAACACCAGGGAACAGAGTGA,0,0,0.021786492,0,0.055032619,365,181.1884521,0,0.391304348,0,0,0,0
3206,TGTGTGTGTGTGTGTGCGTTGGA,0,0,0.010606061,0,0.426140229,552.5,176.8142997,0,-0.326086957,0,0,0,0
3207,GCCTCTCTCACACCCACAGTCAG,0,0,0.020794753,0,0.058378574,485,155.6537496,0.969565217,-0.717391304,0,0,0,0
3208,AAATGAGAAGAAAACGAATATAG,0,0,0.014057737,0,0.017168463,290,143.7595469,0.647826087,-0.217391304,0,0,0,0
3209,GAAGACAGAGCAGAGACTGGAGG,0,0,0.005626598,0,0.25551675,455,168.5896626,0.973913043,0.173913043,0,0,0,0
3210,GGTGAGTCAGTGGGTGAGGGCAG,0,0,0.004855692,0,0.067148726,387.5,154.8667515,0,0.369565217,0,0,0,0
3211,AGCATCCATTCTGCAGCCCCTGG,0,0,0.047755102,0,0.305988667,552.5,190.1488498,0,-0.347826087,0,0,0,0
3212,GGTGAGTGGGAGTCTTCGTGCAG,0,0,0,0,0.011862146,357.5,180.0825254,0,-0.326086957,0,0,0,0
3213,AAAGACAAAGCACAGACTGGAAG,0,0,0.005417957,0,0.26991206,455,171.6894795,0.013043478,0.565217391,0,0,0,0
3214,AAATGAGAAGTGGAGGCAGCCAG,0,0,0.001636738,0,0.051316877,290,137.368216,0.130434783,-0.086956522,0,0,0,0
3215,GGTGACCAGTACATTCTCAATAG,0,0,0.008559671,0.254738974,0.24614019,522.5,200.7931981,0,-0.108695652,0,0,0,0
3216,CCACACCAAGCATAGACAGCAAG,0,0,0.042438272,0.219771774,0.211957667,552.5,191.1534859,0,-0.108695652,0,0,0,0
3217,GGGTGGTGGGTCCTTGCTCCCAG,0,0,0.019052155,0,0.098515399,362.5,193.3713145,0,-0.02173913,0,0,0,0
3218,TCCTCTCTCCCACCCACCTCAAG,0,0,0.016203704,1.054855556,1.01909774,560,180.8792193,0,0,0,0,0,0
3219,GGTGGGTGAGTGAGTGGGTTGGG,0,0,0.020524887,0,0.098373949,387.5,150.2886485,0,-0.108695652,0,0,0,1
3220,AATTGAGAAGAAGAGGTGCTAGA,0,0,0.005490196,0,0.04912495,417.5,135.1249557,0,0.173913043,0,0,0,0
3221,TGGATGGATGAATGAGCATATAG,0,0,0.012200436,0,0.044208326,417.5,126.3685087,0.265217391,-0.413043478,0,0,0,0
3222,CCTTGTGTATCAGGATGAATAAG,0,0,0.084615384,0.091983865,0.091983865,455,181.5727859,0,-0.891304348,0,0,0,0
3223,CACCCCCACCACCCCTGCTCAGG,0,0,0,0,0.104848333,485,177.8256461,0,-0.673913043,0,0,0,0
3224,GGCAATGGGGATGGAGGAGGAGA,0,0,0.012755102,0,0.163514241,455,183.1584461,0,0.02173913,0,0,0,0
3225,GACTTGTTTTCCTTTTGGTCAGA,0,0,4.10E-05,0,0.013580979,290,150.8674336,0.173913043,0.108695652,0,0,0,0
3226,AGAGGAGGAGAAGAGGGACACGG,0,0,0.021568627,0.609583333,0.609583333,552.5,194.000472,0,0.47826087,0,0,0,0
3227,AAGTTGTTTTCAATGTTTTCCAG,0,0,0.051923077,0.12278324,0.118417614,455,183.7493462,0.260869565,0.326086957,0,0,0,0
3228,TTTGCCCCTCAGGGCAGCTAAGG,0,0,0.138461538,0,0.06309328,485,159.0688864,0.008695652,0,0,0,0,1
3229,TGTGTGTGAGTGTGTGGCTGGGG,0,0,0.010185892,0,0.119478333,485,171.5022357,0.004347826,0.065217391,0,0,0,0
3230,GGGTGGGGGTAGTTTTCTGCAGG,0,0,0,0.136810364,0.13334681,492.5,167.3718378,0.291304348,-0.260869565,0,1,0,1
3231,ACCCACAACAGTGAGTAGAGAGG,0,0,0.075630252,0,1.345833333,622.5,214.458583,0,-0.52173913,0,0,0,0
3232,CGTGTGAGAGTGTGTGAGTGTGG,0,0,0.106060606,0,0.416345417,552.5,194.5423881,0,0.108695652,0,0,1,0
3233,GAAAACAAAACATAGAGTGCTGG,0,0,0.04623323,1.084881643,1.054321596,560,193.5485525,0,-0.52173913,0,0,0,0
3234,AAACTCTAAGCATAGACTTCAGA,0,0,0.006628788,0,0.359837588,552.5,184.7804993,0.004347826,0.347826087,0,0,0,0
3235,AGGACTGCGGCTGGGGGTGGTGG,0,0,0.2925,0,0.832622222,530,205.6649784,0.147826087,-0.130434783,0,0,0,0
3236,GCCTCTTTTCCAATGACCTTAGG,0,0,0.012339744,0.012888062,0.012888062,362.5,179.8946929,0.939130435,-0.913043478,0,0,0,0
3237,GGCACTGAGACCAGAGGTGGTGG,0,0,0.530526316,0,0.228837884,425,193.8930256,0.008695652,0.130434783,0,0,0,0
3238,CTCATCCACACAGATACACACAG,0,0,0.026936027,0.230586877,0.226695115,522.5,195.8014617,0,0.413043478,0,0,0,0
3239,TACTTGTTTTCTTTGCTCTGCGG,0,0,0.013071895,0,0.05902077,387.5,157.0578737,0,0.108695652,0,0,0,0
3240,ACCTGAGAAGAGGAGGCAGAGGG,0,0,0.03039966,0.250869411,0.24194961,455,179.9678996,0.060869565,-0.108695652,0,0,0,0
3241,TAGTCAGAGCAGATGAAGGAAAG,0,0,0.048148148,0.047492766,0.047492766,455,175.0268314,0,-0.52173913,0,0,0,1
3242,GGGACTGAAGCTGGAGGTGAAGG,0,0,0.195870536,0,0.397764972,552.5,174.4748028,0.591304348,-0.086956522,0,0,1,0
3243,TTCACCCTTCCAGAGACACAGGA,0,0,0.027056277,0,1.364942529,620,214.571863,0,0.152173913,0,0,0,0
3244,ACAGTGAGGAGACAGGAGGCAAG,0,0,0.023651722,0.053868812,0.052959633,425,194.1017145,0,-0.02173913,0,0,0,0
3245,GAATTGTTTTCATTCTTAACTGG,0,0,0.036363636,0.026299103,0.025831563,387.5,148.2936452,0.991304348,1.282608696,0,0,0,0
3246,CAATGAGAAGCTGAGGCTCAGGG,0,0,0.057142857,0,0.08473962,357.5,179.8304826,0,-0.456521739,0,0,0,0
3247,AATGTATACTACATCCTCACTGA,0,0,0.004330029,0,0.272825204,555,176.6049153,0,0,0,0,0,0
3248,CCCCTCCATATAGAGACATAAGG,0,0,0.043438914,0,0.254938556,455,176.3565799,0.060869565,-0.586956522,0,0,0,0
3249,CTTACCCCATAGGGCAGGACAGA,0,0,0.004456328,0,0.119185689,485,150.7737304,0.030434783,0.043478261,0,0,0,0
3250,GGTGAGTGGGCGAGTGGGTGGGA,0,0,0.001256913,0,0.068963652,357.5,178.5247043,0,-0.52173913,0,0,0,0
3251,CCTCCATCCGCTCAACTCAGCGA,0,0,0.001243144,0,0.059518236,455,167.7636314,0.02173913,NA,0,0,0,0
3252,TAATTATTTTCATTGTTTTCTGG,0,0,0.557142857,0,0.185123143,552.5,191.4626827,0.217391304,0.195652174,0,0,0,0
3253,CAATAAGAGGAAGAGACACAAGA,0,0,0.034391534,0,0.166395667,552.5,196.6634738,0,-0.5,0,0,0,1
3254,GGGTGGGGGGAATTTGAGCAAGA,0,0,0.005041152,0,0.021131597,320,127.9368553,0.308695652,-0.043478261,0,0,1,0
3255,GAGGCCGTGCCGAGGAAGAAAAG,0,0,0.012962963,0.120245281,0.11831363,425,197.3573147,0,-0.52173913,0,0,0,0
3256,GGCCTGCTCCACCTCGCCTCTGA,0,0,0.012962963,0,0.135502769,522.5,204.2465114,0.034782609,-0.304347826,0,0,0,0
3257,GGGTGGTGGGAGTTGACTGCAGG,0,0,0.003571429,0.01490737,0.01490737,387.5,154.5733718,0,-0.065217391,0,0,0,0
3258,TAATGAGAAAAAGAGGAATATGA,0,0,0.013960114,0,0.186812608,485,162.4741526,0,0.065217391,0,0,0,0
3259,CTTGCCTCAGAGGGCAGTGATGA,0,0,0.008228443,0,0.589174077,560,182.2770828,0,-0.369565217,0,0,0,0
3260,TGCTCCCCCAAGCCTAGCCATAG,0,0,0.103059581,0,0.166395667,552.5,197.7117938,0,-0.043478261,0,0,0,0
3261,TGTGAGTGCGTGTGGGCATGGGG,0,0,0.01978022,0,0.050816463,455,175.6098648,0.004347826,0.152173913,0,0,0,0
3262,GGTGAGTGTGTGTGTGAGTGTGG,0,0,0.28,0,1.773597222,567.5,196.6541086,0,-0.173913043,0,0,0,0
3263,GGCACGGTGGGTCGAGGTGGCGG,0,0,0.052631579,0,0.177367355,425,198.5847948,1,1.739130435,0,0,0,0
3264,GAGGAGGAGGAGAAGAAGAAGGA,0,0,0.004822531,0,0.760552802,622.5,210.2603596,0.082608696,0.347826087,0,0,0,0
3265,GAGGAGGAGGAGAAGAAGAAGGG,0,0,0.069444444,0,0.760552802,622.5,210.2603596,0,1.391304348,0,0,0,0
3266,GAAGACAAAGAATAGATGGCCAG,0,0,0.015123457,0.065152213,0.062952983,387.5,165.6868719,0,0.173913043,0,0,0,0
3267,TAACAACAAGCATAGGCTGCCAG,0,0,0.02025463,0.112532218,0.112532218,552.5,197.7424093,0.008695652,-0.413043478,0,0,0,0
3268,AGGAAAGACCCAGTAAACGTGGG,0,0,0.28,0.01590516,0.015622402,387.5,169.2862784,0.047826087,0.673913043,0,0,0,0
3269,GGGGTGTGAGTGTGTGTGGGGGG,0,0,0.021212121,0,0.189330488,485,165.649569,0,-0.695652174,0,0,0,1
3270,GATCCGGAGCAAAAGAAGAATGA,0,0,0.010484749,0,0.41990681,522.5,208.2963156,0,-0.173913043,0,0,0,0
3271,CCTGCATCTACTCAACTCACAGG,0,0,0.469444444,0.071429373,0.069239967,522.5,196.8233146,0.569565217,0.869565217,0,0,0,0
3272,GGCTGTGGGGAGGTTGCTCATGG,0,0,0.033444816,0.158042703,0.152423407,455,170.2490955,0,-0.108695652,0,0,0,0
3273,AAATGAGAAAAAGAGAGAAAAGA,0,0,0.001633987,0,0.027486212,417.5,145.1857267,0.008695652,-0.130434783,0,0,0,0
3274,CATGCGCCACACGGCAGTGACGA,0,0,0.005832862,0,0.148457925,455,178.7099156,0.947826087,-0.108695652,0,0,0,0
3275,CACTTTTAATCATTGTTCTCTGG,0,0,0.353741497,0.520512228,0.50455783,620,210.3544187,0,-0.52173913,0,0,0,0
3276,TGTGAGTGAGTATGTACATGTGG,0,0,0.646153846,0,0.026261648,387.5,168.7721404,0,-0.217391304,0,0,0,0
3277,TGTGTGTGTGTGTGTACGTGAGG,0,0,0.218181818,0,0.166395667,552.5,196.6634738,0,-0.086956522,0,0,0,0
3278,GACTTGTTTTTCTTTTCCTCTAG,0,0,0.002116906,0.038456342,0.038456342,260,170.0606832,0,0.108695652,0,0,1,0
3279,TGTGAGTGTGTGTGTGTGTCAAG,0,0,0.031111111,0,0.164063988,485,157.1165087,0,-0.782608696,0,0,0,0
3280,TGGCTGGAGGATTGAGCAATGGA,0,0,0.001373098,0,0.094473225,387.5,158.8761885,0.004347826,0.260869565,0,0,0,0
3281,GCCTCTTTCCCAGCCAGCCTGGA,0,0,0.000153666,0,0.119375512,395,159.1665685,0,0.152173913,0,0,0,0
3282,AAAAGAGAAGAAAGTGCACATAG,0,0,0.007597341,0,0.022109939,362.5,182.9808732,0,-0.434782609,0,0,0,0
3283,GGTGTGTATGTGTGTGAGTGTAG,0,0,0.026397306,0.353596915,0.353596915,552.5,189.8659716,0,0.02173913,0,0,0,0
3284,GGCGAGTGTGTGTCTGCGTGCGG,0,0,0.110204082,0.259592789,0.252670315,530,204.273035,0,0.217391304,0,0,1,0
3285,GAGACCAAGAAGAAGAAGGAGGG,0,0,0.154761905,0.313735196,0.313735196,552.5,180.2034828,0,-0.304347826,0,0,0,0
3286,GGGCCAGACTGAGAAAGTGCAGG,0,0,0.039772727,0.017299073,0.016683995,387.5,152.6067895,0,0,0,0,1,0
3287,GGAAGTCCTTCAGCAGCTCCCGG,0,0,0.237714286,0.089202187,0.087696665,455,182.9862623,0,-0.173913043,1,0,1,0
3288,GAGCACAGGGCATAGACTGGCAG,0,0,0.004556336,0,0.397764972,552.5,174.4748028,0,-0.043478261,0,0,0,0
3289,GGTGTGTGTGTGTGTCTGTGTAG,0,0,0,0,0.060818669,485,175.6773627,0,-0.239130435,0,0,0,0
3290,TGGAAGAATGAATGAGGAGGAAG,0,0,0.012200436,0,0.275530908,552.5,174.4311189,0.12173913,0.347826087,0,0,0,0
3291,GAGAAGGAGAAGAAGAAGAAAAG,0,0,0.030570253,0.760552802,0.760552802,622.5,210.2603596,0.273913043,-0.043478261,0,0,0,0
3292,GCCCCAAACTGAGCACATGGTAG,0,0,0.128104575,0,0.183397224,485,158.4531082,0,-0.217391304,0,0,0,0
3293,CTTGCCCTTCATGGCAGCAATGA,0,0,0.006009615,0,0.084298124,455,179.000969,0,-0.304347826,0,0,0,0
3294,CACATGCACCCACAGACACAAGG,0,0,0.141332352,0.211468352,0.204674188,522.5,203.7149151,0.852173913,0.586956522,0,0,0,0
3295,AAATGTAATGAAGAGGTACAAAG,0,0,0.051851852,0,0.139070029,552.5,190.0849438,0,0.02173913,0,0,0,0
3296,AGTGTGTGTGTGTGTGGGTGAGG,0,0,0.011550802,0.379196691,0.372455417,552.5,192.9657886,0.004347826,0.043478261,0,0,0,0
3297,GGTGTGTGTGTGTGTGCTTTGAG,0,0,0.026397306,0,0.079068899,485,151.3909664,0,-0.282608696,0,0,0,0
3298,GCCACCTCCAGTGGCCAGGGCGG,0,0,0.173333334,0.022127232,0.021380321,357.5,183.8023058,0.160869565,-0.47826087,0,0,0,1
3299,AAATGATAAAAAGAGGGACATGG,0,0,0.031372549,0.681696229,0.681696229,560,192.0389717,0.095652174,-0.543478261,0,0,0,0
3300,GACCCCCCACCCCCCGCCTTAGG,0,0,0.102857143,0,0.212557667,455,168.7727191,0,-0.391304348,0,0,0,0
3301,CCATGAGATTAAGAGGCACAGAG,0,0,0.085119048,0.805112123,0.805112123,620,210.0084832,0.565217391,1.434782609,0,0,0,0
3302,TAATTGTTTTCATGGCTCTCAAG,0,0,0,0.040009579,0.040009579,455,189.7443895,0.004347826,-0.260869565,0,0,0,0
3303,AGGATGAAGGAATGAGCAGTGGG,0,0,0.235294118,0.881154321,0.881154321,560,197.0307081,0.047826087,-0.304347826,0,0,0,0
3304,AGTGTGTGAGTGTGAGTGTGTGA,0,0,0.006140351,0,0.163368333,455,182.7185474,0.017391304,-0.108695652,0,0,0,0
3305,AAGAAAACTAGTGTGTAGAGAAG,0,0,0.095061728,0.082792192,0.082792192,522.5,201.575051,0.160869565,-0.086956522,0,0,0,0
3306,AAATGTGATGGAGAGACACAAAG,0,0,0.072222222,0,0.0504863,455,189.9357261,0,-0.826086957,0,0,0,0
3307,CCCATCGATCCTGGGACACACGA,0,0,0.005083515,0,0.127351796,432.5,198.6615341,0,-0.239130435,0,0,0,0
3308,CAATGAGAACTGGAGGCACAGAG,0,0,0.019753086,0.371753911,0.359810011,460,200.2620794,0,-0.630434783,0,0,0,0
3309,AGAAAACCTTTTGCAGCACCCAG,0,0,0.033333333,0.48824426,0.480400979,522.5,209.8956123,0,-0.739130435,0,0,0,0
3310,CCCTGTTTCTCTTGATGGCACAG,0,0,0.005172414,0.053085661,0.0521897,387.5,139.4318988,0,-0.326086957,0,0,0,0
3311,GGTGCCCCACAGGGCAGACACAG,0,0,0.027426287,0.103262324,0.103262324,485,162.7886668,0,-0.695652174,0,0,0,0
3312,AAATGAGAAGAAAGGGGATATGA,0,0,0.000812159,0,0.009545153,290,146.3273838,0,-0.217391304,0,0,0,0
3313,CCCTGTGTCTGTGGAAGCATGGG,0,0,0.108225108,0.048764477,0.04758943,395,171.4581571,0,0.782608696,0,0,0,0
3314,CACCCCATCCCCCCAGCCTCTGG,0,0,0.047619048,0,0.152705616,425,196.3797139,0.013043478,-0.260869565,0,0,0,0
3315,TGTGAGTGTGTGTGTGAGGGAAG,0,0,0.018148148,0,0.123933228,485,163.5061086,0.243478261,0.608695652,0,0,0,0
3316,CTTGACCCAGAGGGGAGTAGCAG,0,0,0.002202856,0,0.162968187,455,161.5753221,0,-0.434782609,0,0,0,0
3317,GACGTGTTTTCATTTCTCTTGGG,0,0,0.017857143,0,0.030434884,387.5,149.6933526,0.47826087,-0.217391304,0,0,0,0
3318,GGGTGGGGAGAGTTGGATACGGA,0,0,0.000446429,0,0.028412066,387.5,149.2990871,0,-0.543478261,0,0,0,0
3319,GGCTCTGCAGGGGGAGGTGGGAG,0,0,0.013257576,0,0.227726547,425,200.4204355,0.034782609,-0.086956522,0,0,0,0
3320,GGTATGTGTGTGAGTGCGTGTGG,0,0,0.135944056,0,0.338304443,522.5,203.5789791,0,-0.239130435,0,0,0,0
3321,GGGATGGAGGAAGGAGGAGCAGG,0,0,0.02268431,0.5977,0.577438983,462.5,173.7630795,0.043478261,-0.086956522,0,0,0,0
3322,GTCCCCATCCCCCCAGCCTCAGG,0,0,0.048484848,0,0.152705616,425,196.1397139,0,0.086956522,0,0,0,0
3323,TGGATGCAGGAATGAGGCCAAGA,0,0,0.002293078,0,0.026431993,442.5,123.5078861,0,-0.02173913,0,0,0,0
3324,AAATCAGAAAAAGAGGTAGAGGG,0,0,0.042777778,0.173760199,0.167894875,485,161.1858326,0,0.304347826,0,0,0,0
3325,GCCTCCCAAAATGCTGGCCAGGG,0,0,0.034090909,0,0.462027586,432.5,200.0847621,0,0.543478261,0,0,0,0
3326,TGTGGGTGGGTGTGTACGTGTGG,0,0,0.48,0,0.166395667,552.5,196.6634738,0,-0.369565217,0,0,0,0
3327,AAATTATTTTCATTGATCTCTGA,0,0,0.049242424,0,0.162455003,552.5,199.5975901,0.07826087,0.347826087,0,0,0,0
3328,GGTGTGACAGTGTGTGCCTGTGG,0,0,0.093240093,0,0.201225633,552.5,187.005349,0,0.108695652,0,0,0,0
3329,TGGAGGGAGGAAGCAGGAGCGGA,0,0,0.000451722,0,0.038071996,357.5,159.6355749,0.2,0,0,0,0,0
3330,CCCTGTGTCACAGGCTGCATTGG,0,0,0.089053803,0,0.032488523,357.5,166.8618083,0.073913043,-0.130434783,0,0,1,0
3331,TGTGAGTGTGTGTGTGGGTGGGG,0,0,0.035294117,0,0.788265432,560,195.4541086,0,0.108695652,0,0,0,0
3332,GCCTCCCCACAGGCCGGCCAGGG,0,0,0.012396694,0.237245266,0.231791352,432.5,191.7019215,0.060869565,0.326086957,0,0,0,0
3333,TGTGTGTGTGTGAGTGCGTGAGG,0,0,0.151048951,0,0.355433782,522.5,204.4525791,0.004347826,0.173913043,0,0,0,0
3334,ATGAACAACAGGAAGAAGAGGAG,0,0,0.070707071,0,0.044701169,357.5,181.5963362,0,0.195652174,0,0,0,0
3335,GAGTCCGTTCAGATGAAGAGGGG,0,0,0.093221288,0.057065031,0.057065031,455,163.3636181,0,0.173913043,0,0,0,0
3336,GCCTCTTTCCAACCCAGCTCTGG,0,0,0.004010695,0.2442925,0.23810788,395,156.0462053,0.013043478,-0.391304348,0,0,0,0
3337,TGGATGGAAGAATAATGGGTTGG,0,0,0,0,0.004391041,387.5,160.8892758,0.4,0,0,0,0,0
3338,GCAGTGAGTAGAGTGGAGGCCAG,0,0,0.173590982,1.645930233,1.645930233,537.5,209.9608154,0,-0.304347826,0,0,0,0
3339,CCCTCCCCACAGGGCAGTCAGAG,0,0,0.007165249,0.509897177,0.4917675,555,186.8104001,0.995652174,0.456521739,0,0,0,0
3340,TGTGAGTGATGGTGTGAGTGTGA,0,0,0.010532407,0,0.311591569,455,186.9920688,0,-0.282608696,0,0,0,0
3341,AGAATCCCTTCTTCAGCTCATGG,0,0,0.0675,0.053915257,0.052902764,387.5,147.1397463,0,0.260869565,0,0,0,0
3342,AAATGAGAAACAGAGACACCAAG,0,0,0.021997755,0,0.052453279,387.5,153.5521541,0,-0.282608696,0,0,0,0
3343,TAATGAGAAGAGAAGGAACAAGG,0,0,0.311111111,0,0.116067105,357.5,180.9984679,0.834782609,-0.47826087,0,0,0,0
3344,GGGGTGTGTGTGTGTGCGTGCGG,0,0,0.109090909,0,1.532325837,627.5,214.6238996,0,-0.326086957,0,0,0,0
3345,GCCTTGTCTTCACTTTTCTCAAG,0,0,0.022974102,0,0.155902215,425,192.1538409,0,-0.108695652,0,0,0,0
3346,CCCTGTGTCTGTGTTTGGATGGA,0,0,0.000925926,0,0.053778153,335,188.3237101,0.013043478,-0.043478261,0,0,1,0
3347,AAATGAGAAACTGAGGCACAAGG,0,0,0.124444444,0,0.583428198,467.5,201.4620794,0,-0.304347826,0,0,0,0
3348,CCTGCCTCCTCTTCACCCACCAG,0,0,0.029738562,0.028342577,0.027908208,357.5,172.0836473,0,0,0,0,0,0
3349,GATTGGTTTTCACTTTTCTCTGG,0,0,0.04962406,0,0.153719584,425,193.6773379,0.052173913,-0.086956522,0,0,0,0
3350,CCCAGACATCCACAGCCACAGAG,0,0,0,0.059529552,0.057616956,455,189.3379496,0.013043478,-0.043478261,0,0,0,0
3351,GCATCCCCCAAGCCTCCCCAGGG,0,0,0,0.062062132,0.059967208,485,176.4376827,0.043478261,-0.065217391,0,0,0,0
3352,GTCACTGCGGGTGTGGGTGGAGG,0,0,0.027575758,0,0.033313524,327.5,186.8837101,0.008695652,-0.152173913,0,0,0,0
3353,TGTGTGTGAGTGTGTGGGTGCAG,0,0,0.005545653,1.290123457,1.290123457,560,198.1255689,0,0,0,0,0,0
3354,GGGAGGGAGGAGGGAGGAGTGGG,0,0,0.115337114,0,0.286208544,425,200.696259,0.026086957,-0.608695652,0,0,0,0
3355,GAATGAGCAGGAGAGGCAGAAGG,0,0,0.034821429,0.292400968,0.292400968,455,179.1220994,0,-0.326086957,0,0,0,0
3356,AAATGAGAAAATGCGGCATATGA,0,0,0.002136752,0,0.030428257,357.5,164.1049785,0,-0.326086957,0,0,0,0
3357,TGGGTGGGGGAGTGGGGAGTGAG,0,0,0.05578275,0.194911618,0.188649398,425,193.303461,0,0,0,0,0,1
3358,GATATAGATGTCATGCCCATGAG,0,0,0.00318287,0,0.093000348,425,193.1796739,0,-0.282608696,0,0,0,0
3359,AATGACCCCTCTTTCCTCAAAAG,0,0,0.007179487,0.142062041,0.137899051,362.5,192.6546783,0.02173913,0.195652174,0,0,0,0
3360,CTGTCCCCACCTGGCAGTAATGA,0,0,0.001942502,0,0.385203768,425,203.8522158,0,-0.282608696,0,0,0,0
3361,TACATCCATCAAGAGAGACAGAG,0,0,0.008318479,0.344442166,0.33831875,455,191.7438052,0,-0.086956522,0,0,0,0
3362,CCTCCCTCCCTTCTACTCTCCAG,0,0,0.009096183,0,0.254938556,455,176.3565799,0.030434783,0.065217391,0,0,0,0
3363,GGCTTGGAAGCAGAGTTTTTAGG,0,0,0.161983471,0,0.789491758,622.5,215.012096,0.017391304,0.130434783,0,0,0,0
3364,CACACTGCGGCTTGTGGTGGTAG,0,0,0.009401709,0,0.155902215,425,195.2536579,0.134782609,-0.5,0,0,0,0
3365,ACCCCCCCCCACCCCGCCGCGAG,0,0,0.045833333,0,0.526848592,552.5,185.1121831,0,-0.130434783,0,0,1,0
3366,AAATGAGAAGACAAATCACAGAG,0,0,0,0,0.011453324,260,170.4891315,0.039130435,-0.065217391,0,0,0,0
3367,GGTGAGTCAGTGAGTGAGAGTGA,0,0,0.003944773,0,0.067148726,387.5,154.8667515,0,-0.02173913,0,0,0,0
3368,GCCTCCCCCAAGCCTGGGAAGGG,0,0,0.032653061,0.106183653,0.106183653,492.5,160.2688864,0.026086957,0.413043478,0,0,1,0
3369,CAAAACAAAACATAGATTGCAGA,0,0,0.018193632,0,0.56142625,552.5,192.3485525,0.191304348,0.565217391,0,0,0,0
3370,GGTGAGAGAGTGTGGGCAAGTGA,0,0,0.000600962,0,0.016987468,387.5,146.4384644,0.013043478,-0.086956522,0,0,0,0
3371,GGGCAGGATCCAGCATCCGAGAG,0,0,0.032169118,0.248482175,0.244064714,552.5,175.4430357,0,0.217391304,0,0,0,0
3372,GACTCATTCCCTCCCACCTAGGA,0,0,0.008207071,0,0.207602129,455,172.3203156,0,-0.195652174,0,0,0,0
3373,TGGATGGATGGATGGGGAGAGGG,0,0,0.12675,0,0.054220132,357.5,157.6655144,0.413043478,0.695652174,0,0,0,0
3374,TGGGTGTGAGTGTGTGTGTGTGA,0,0,0.005892256,0,0.601049167,552.5,196.3975689,0.013043478,0.108695652,0,0,0,0
3375,GAATAACAAGAGGAGGCACAAAG,0,0,0.111565501,0.496733714,0.480774398,522.5,207.8123988,0.87826087,4.282608696,0,0,0,0
3376,CCCTTGTTTTTATTGTTCTTGGG,0,0,0.051805338,0.394491477,0.387083187,455,175.5923164,0.92173913,-0.260869565,0,0,1,0
3377,AATATCAATGACCTCCCCATCAG,0,0,0.1203125,0,0.534744255,522.5,210.0587355,0.013043478,0.065217391,0,0,0,0
3378,GACCAGCTCCACCCCTCCTCAGA,0,0,0,0,0.29290963,560,200.0372701,0.017391304,-0.434782609,0,0,0,0
3379,GGCACTGTGGCTGGATATGTGAG,0,0,0,0,0.041507995,417.5,140.6880462,0,0,0,0,0,0
3380,GGTGAGAGAGAGTGTGTGTAAAG,0,0,0.074435764,0,0.091478071,387.5,152.4630245,0,0.347826087,0,0,0,0
3381,GGATGGGGTGAGTGGGCTCCAGG,0,0,0,0.03616144,0.03616144,425,188.8660134,0.069565217,0.239130435,0,0,0,0
3382,CAATTTGAAGAAGAGGCTCATAG,0,0,0.023809524,0.194673387,0.187751667,552.5,190.7023627,0.047826087,0.02173913,0,0,1,0
3383,AATGACCACAGCATTTTCAAAAG,0,0,0.002962963,0.03216105,0.03216105,357.5,176.4827324,0,-0.630434783,0,0,0,0
3384,TCTTCTTTCCCACCCCCCCTTGA,0,0,0,0,0.089349306,485,170.6355742,0,-0.260869565,0,0,0,0
3385,CCCTGTGCCTCTGGATGGGGTAG,0,0,0.017156863,0.390570423,0.390570423,492.5,149.4145832,0,NA,0,0,0,0
3386,GGGAAGGGCCCAGCATCTGACAG,0,0,0.049107143,0.076924891,0.074328271,485,151.7532658,0,-0.195652174,0,0,0,0
3387,TGGATGGGTGAATGAGTAGGTGG,0,0,0.017254902,0,0.147449913,485,154.0166917,0,6.934782609,0,0,0,0
3388,GGTGTGGGGGTGTGTGTGTGTGG,0,0,0.066547831,0.241506693,0.241506693,552.5,190.5826078,0,-0.02173913,0,0,0,0
3389,CCTGCCTCCCCTCCACTCCACGG,0,0,0.01182266,0.026210862,0.025789804,387.5,134.6834791,0.008695652,-0.543478261,0,0,0,0
3390,GGTGGGGGAGTGTGTGTGGGGAG,0,0,0.012810458,0,0.12450836,485,163.7943882,0,-0.804347826,0,0,0,0
3391,CTTGCTTCACAGGGCTGTTATGA,0,0,0,0,0.033652831,485,166.9944094,0.334782609,0.434782609,0,0,0,0
3392,CCTAACTCCTCTCTACTCATAGG,0,0,0.125357143,0.619096408,0.60809025,552.5,174.9087437,0,-0.065217391,0,0,0,0
3393,CCCTACCCAAAGCCTGGTCTTGA,0,0,0.010932945,0,0.136699648,485,155.3507468,0,-0.239130435,0,0,0,0
3394,GGACTCACTTCTGCAGGCCCAGA,0,0,0.000205965,0,0.077471869,485,169.5337749,0,-0.652173913,0,0,0,0
3395,CCACTCCTTTCTGCAGCACCCGG,0,0,0.152714932,0,1.364942529,620,214.986583,0,-0.217391304,0,0,0,0
3396,AGTGAGTGAGTGAGTTCTTGTGA,0,0,0,0,0.020657028,387.5,166.9889203,0,0.173913043,0,0,0,0
3397,CTTTCCCCCCAGGGGAGTAGAGA,0,0,0.000551736,0,0.108114617,455,163.0219981,0.013043478,0.47826087,0,0,0,0
3398,CCCTCTTATCCTCCCACCTTTGA,0,0,0.011574074,0,0.43009247,522.5,204.4243022,0,0.108695652,0,0,0,0
3399,AAAACAGAGGAAGAGGAACACAG,0,0,0.030178326,0.359667248,0.353596915,552.5,192.0921886,0,-0.043478261,0,0,0,0
3400,AACAGCTCTCAGTAGAGCGGGGA,0,0,0.004487179,0,0.820866552,620,207.4369458,0.008695652,-0.02173913,0,0,0,0
3401,GGTGTGGGTGTGTGTGGGTGCGG,0,0,0.007549544,0,0.241506693,552.5,190.5826078,0,-1.673913043,0,0,0,0
3402,TGGATGGGGGAAATAGGAGTCAG,0,0,0.035099715,0.146666265,0.146666265,432.5,196.1616779,0.265217391,0.304347826,0,0,0,0
3403,GGCAAGGCGGTGGGAGGTGGGGG,0,0,0.050235479,0,0.22549028,425,202.1795118,0,-0.043478261,0,0,0,0
3404,GGTGAGAGAGAGTGGGCCTGGGA,0,0,0.001085069,0,0.028487877,357.5,170.9563806,0.443478261,0.739130435,0,0,0,0
3405,TGCGAGTGAGTGAGTGAGTGCGG,0,0,0.138461539,0,0.232606028,455,188.1865684,0,0.02173913,0,0,0,0
3406,GCCTCCCGAGGGCCTGGACAGGG,0,0,0.125,0.145679175,0.143338947,455,179.4550296,0.77826087,0.02173913,0,0,0,1
3407,AGAGAATGAGTGTGTGTGTGAGA,0,0,0.020833333,0,0.363634746,552.5,195.8999049,0,-0.217391304,0,0,1,0
3408,GACCCACTGCACCCAGCCACAGA,0,0,0.002534523,0,0.046908167,455,168.4992141,0,-0.391304348,0,0,0,0
3409,GGTGTGGTAGTGTGTGCCTGTGA,0,0,0.00442096,0,0.201225633,552.5,187.005349,0.017391304,0.630434783,0,0,0,0
3410,GGTGTGTGTGTGTGTGTGTGTAG,0,0,0.026397306,0,0.699446792,560,194.1657886,0,-0.086956522,0,0,0,0
3411,GGTGTGGTAGTGTGTGCCTGTGG,0,0,0.063661828,0,0.201225633,552.5,187.005349,0.02173913,0.130434783,0,0,0,0
3412,TTCTCTTCCCCACTCACCTTTGA,0,0,0.046296296,0,0.223971519,522.5,204.2209984,0.030434783,-0.52173913,0,0,0,0
3413,GAGAAAGACCCAGTAGCCGTGGA,0,0,0.014916173,0,0.080751575,462.5,191.2323895,0,-0.913043478,0,0,0,0
3414,GGTGGGTGTGTGTGAGGGTGAGG,0,0,0.014712074,0,0.094763973,455,178.758767,0,-0.086956522,0,0,0,0
3415,GATCACAAAACATAATCTGCAGA,0,0,0,0,0.06292255,455,182.1848161,0.543478261,2.413043478,0,0,0,0
3416,TGGGAGTGAGTGTGGGTGTGGGA,0,0,0.000810185,0,0.161081177,455,183.4788674,0,-0.086956522,0,0,1,0
3417,TCCTTTTTTTCACTGTTCTCTAG,0,0,0.107212476,0,0.351943434,522.5,207.6746955,0,-0.152173913,0,0,0,0
3418,CCCTGTGTATATTGATGAATTGA,0,0,0.009271978,0,0.036800757,357.5,174.0874821,0,-0.043478261,0,0,0,0
3419,TGCTGAGTCTCTTGATGGATGAG,0,0,0.046892109,0,0.351943434,522.5,207.6746955,0,0.065217391,0,0,0,0
3420,AAAAGAGGAGAAGACACACAAAG,0,0,0.024691358,0,0.069289873,455,183.7311356,0,0.043478261,0,0,0,0
3421,ACATGTGAAGAAGAGGCATGAGG,0,0,0.198079232,0,0.132915997,485,149.2884161,0,-0.195652174,0,0,0,0
3422,GGCATGGAGGGATGAGGAGAAAG,0,0,0.034873188,0,0.381664022,455,175.3043164,0.239130435,0.782608696,0,0,0,0
3423,GAGTGAGGGCAGATGAAGAAGAG,0,0,0.056493827,0.128972515,0.128972515,522.5,201.3866944,0,-0.108695652,0,0,0,0
3424,ATGAACACATGGGAGGAGAGAGG,0,0,0.130898513,0,0.064999311,455,185.2439569,0,0.282608696,0,0,0,0
3425,GGCACTGCTGTTGGATTTGGGGG,0,0,0,0,0.030650512,387.5,170.735599,0,-0.326086957,0,0,0,0
3426,TGTGGGTGGGTGTGTGCGTGTGG,0,0,0.48,0,1.632770745,627.5,215.1518996,0,-0.086956522,0,0,0,0
3427,AAGTGAGAATCAGAAGCACAAGA,0,0,0.012981118,0,0.203034972,425,193.2431583,0,-0.260869565,0,0,0,0
3428,AATTTGTTTTCATGGTTCTCTGA,0,0,0,0,0.43683349,530,208.2328154,0,-0.086956522,0,0,0,0
3429,AAAAGTGGAGAAGAAGCACAGAG,0,0,0.060863852,0.239677905,0.23197741,522.5,199.2335775,0,-0.5,0,0,0,0
3430,GGTTCCCCAAAGCAGGGCCAGGA,0,0,0.00058122,0,0.059184026,425,192.5857938,0,-0.086956522,0,0,0,0
3431,GGAGAGTGAGTGTGTGAAGGAGG,0,0,0.057692308,0,0.037108776,442.5,141.5145557,0,0.02173913,0,0,0,0
3432,GGTGGGTGTGTGTGTGTGTGTGG,0,0,0.2016,0.699446792,0.699446792,560,194.1657886,0,-0.173913043,0,0,0,0
3433,TGGATGGACGACAGAGAAGTAGG,0,0,0.091560262,0,0.061135346,357.5,177.0386876,0,-0.217391304,0,0,0,0
3434,AGAAAAGACCCACCATCTGTAGA,0,0,0.01268797,0,0.118417614,455,183.7493462,0.726086957,1.043478261,0,0,0,0
3435,CCTGCCCTACAAGACAGTAAGAG,0,0,0.136111111,0,0.110193987,425,196.5048979,0,-0.673913043,0,0,0,0
3436,CTTGAACCACAGGGATGTAAAAG,0,0,0,0.0412246,0.039900114,455,184.6302485,0.139130435,0.086956522,0,0,0,0
3437,GGTGTGTATGTGTGTGCATGGGA,0,0,0.01048951,0,0.180012975,552.5,185.4287494,0.852173913,0.391304348,0,0,0,0
3438,CCCAGCCGCCCAGAGCCACACAG,0,0,0,0.155348651,0.15035753,552.5,193.5636568,0,-0.347826087,0,0,0,0
3439,GTCATCTAACTCACTAGCTGTAG,0,0,0.001394336,0,0.075589619,455,178.4831509,0.891304348,-0.043478261,0,0,0,0
3440,GCAGCTGGGGCTGGAGGTGGTGG,0,0,0.241071429,0,1.345833333,622.5,214.458583,0,-0.326086957,0,0,0,0
3441,TAAACCAAAGCAGAGTATTTTGG,0,0,0.462222222,0.417946745,0.410516581,552.5,195.3027081,0,0.608695652,0,0,0,0
3442,GGGTGTGGGGTGTCTGGTCCTGG,0,0,0.003447533,0.028472997,0.027558202,357.5,178.5586366,0,0.02173913,0,0,0,1
3443,GAACAAAAGCCACAGACTGCAGA,0,0,0.013575606,0,0.179838034,522.5,198.9631787,0,-0.043478261,0,0,0,0
3444,CCAATACCTCCAGAGACCCACAG,0,0,0.017031998,0,0.185123143,552.5,188.3628658,0.12173913,0.304347826,0,0,0,0
3445,GGAGAGTGAGTGTGTTTGTGTGG,0,0,0,0,0.205732252,492.5,181.597463,0,0.086956522,0,0,0,0
3446,GCCCCTGTCCCACCCACCCTCAG,0,0,0.027222068,0.698761538,0.677902985,560,186.3952193,0.1,-0.173913043,0,0,0,0
3447,TCCTGTCCCAAGCCTGGCCACAG,0,0,0.082539682,0.520512228,0.50455783,620,212.1659156,0,-0.02173913,0,0,0,0
3448,GAGGGGTTTTCATTTTTCTCAGG,0,0,0.028571429,0.397208228,0.397208228,525,202.3030584,0,-0.369565217,1,0,1,0
3449,GAAATCTCTTCAGCAGAACCAGA,0,0,0.017824074,0,0.204841945,455,187.8746077,0.126086957,-0.108695652,0,0,0,0
3450,GTTGAGTGTGTGTGTGAATGTGG,0,0,0.123356643,0,0.073001262,485,168.5907753,0,-0.086956522,0,0,0,0
3451,CCAGAGAGGAGAGGAGAGGCCAG,0,0,0,0,0.034907424,425,188.1056934,0,-0.239130435,0,0,1,0
3452,AGTGAGCGAGTGTGGGGGTGTGG,0,0,0.001819853,0,0.111580572,455,181.6236866,0.108695652,-0.217391304,0,0,0,0
3453,GGGCGCGGGGAGCTCGCTCCGAG,0,0,0.024627076,0.092755349,0.089775258,425,192.8340739,0,-0.043478261,1,0,0,0
3454,AACAGCAGTGTGTAGAAAGGTGG,0,0,0.092781065,0,0.062952983,387.5,165.2721519,0.043478261,0.282608696,0,0,0,0
3455,TGTGTGTGTGTGTGTGCGTAGAG,0,0,0.053030303,0,0.426140229,552.5,176.8142997,0,-0.195652174,0,0,0,0
3456,GTTGAGTGAGTGGGTGACTGTGA,0,0,0.00256185,0,0.046238115,387.5,163.0512351,0,-0.391304348,0,0,0,0
3457,GCCTCCCAAAAGCCTTGGAATGA,0,0,0,0,0.015193247,417.5,142.6404239,0,-0.217391304,0,0,1,0
3458,CCCATCTTTCCAGAAACACCAGG,0,0,0.074484339,0,0.114735571,455,162.3723807,0.073913043,-0.260869565,0,0,0,0
3459,AAGAAACACAACATCCTCAAAGG,0,0,0.358163265,0,0.749905063,620,211.0206796,0,0.173913043,0,0,0,0
3460,TGGATGGAGCAATTGGGAGGAAG,0,0,0.003172113,0,0.021941801,357.5,151.2244574,0,-0.043478261,0,0,0,0
3461,TGGATGGAGGCATGGGTAGGTAG,0,0,0.002973856,0,0.034164895,290,140.6391837,0,-0.065217391,0,0,0,0
3462,GGCTTTTGTTCATTTTTCTCCAG,0,0,0.014485597,0,0.243723101,522.5,199.8671775,0,-0.347826087,0,0,0,0
3463,GAATAAGAAGAAGAGGAAGAAGG,0,0,0.050555556,0,0.202836708,485,166.177569,0.647826087,2.673913043,0,0,0,0
3464,TGGATTGAGGGATGATGATTAAG,0,0,0,0,0.027346005,387.5,163.1475065,0.07826087,-0.195652174,0,0,0,1
3465,GGCAGTTCGGCTGGAGGGGGCGG,0,0,0.114285714,0,0.398042567,560,191.3051659,0.073913043,-0.043478261,0,0,0,0
3466,CTCACAGAAGCAGACTTTTTGAG,0,0,0.034107307,0.252237445,0.243723101,522.5,202.9669944,0.169565217,0.086956522,0,0,0,0
3467,AAATGACAAGAAGAAGCAAGAGA,0,0,0.014726479,0,0.036141705,387.5,134.7241978,0,0.326086957,0,0,0,0
3468,AGCACAAAGGCTGGAGGTGGAGG,0,0,0.507,0,0.564014727,622.5,211.9310182,0,-0.130434783,0,0,0,0
3469,GAATAAGAAGCAGAGACACAAAG,0,0,0.089876543,0,0.151145,455,194.3931704,0,-0.065217391,0,0,0,0
3470,TGGAAGGAGGAAAGAGGATGAAG,0,0,0.010558069,0,0.080487776,387.5,140.5267596,0,0.130434783,0,0,0,0
3471,GGAAGCCCTTCTGCTGCCCTGAG,0,0,0.001896296,0.034681612,0.034681612,387.5,141.1437252,0.004347826,0.5,0,0,0,0
3472,CCCATCCCTCCCATGACACATGG,0,0,0.055523424,0,0.038723687,362.5,187.2455774,0,0.086956522,0,0,0,0
3473,TGCACTGCAGATGGAGGAGGTGA,0,0,0.022321428,0,0.105235585,455,183.5868027,0,0,0,0,0,0
3474,GAAGAAGAAGAAGAGACACAAGA,0,0,0.037615741,0,0.272333333,552.5,199.7496541,0.004347826,-0.217391304,0,0,0,0
3475,TGTGTGTGAGTGTGTGGGGGTGA,0,0,0.000371361,0,0.202836708,485,166.177569,0,-0.239130435,0,0,0,0
3476,GGAGCTGCGGGCGGAGGTGGGGA,0,0,0.008908991,0,0.385203768,425,203.8522158,0,-0.304347826,0,0,0,0
3477,GTCCTATGAGTCATTATCTGTGA,0,0,0.007788671,0,0.350124604,552.5,192.454488,0.008695652,0.152173913,0,0,0,0
3478,GGGACTGAGGCTGGGAGTGGTGG,0,0,0.21125,0,0.068319815,455,184.0767356,0,-0.02173913,0,0,1,0
3479,GCCACCTGGGCTGGAGGTGGAGG,0,0,0.231197374,0,0.564014727,622.5,211.6910182,0,-0.108695652,0,0,0,0
3480,CCCAGCCCTCCAGATGCACAGGA,0,0,0.000523286,0,0.065950602,455,183.3164156,0,-0.217391304,0,0,0,0
3481,GCCACTTTCTCCCCCACCCTCAG,0,0,0.008435182,0.225999585,0.225999585,455,174.8705632,0,-0.347826087,0,0,0,0
3482,TGTGTGGAGGAAGGAGGTGTCAG,0,0,0.010567633,0.118417614,0.118417614,455,182.8757462,0,0.130434783,0,0,1,0
3483,GGCCCAGACTGAGTGCCTGGAGG,0,0,0.085767013,0.008750487,0.008750487,290,135.2300828,0.7,0.847826087,0,0,0,0
3484,CTTTCCCCACATGGTAGCAAAGA,0,0,0.0002775,0,0.038847448,357.5,170.9799447,0,-0.239130435,0,0,0,0
3485,AACACCTGGGAGTAGAGTTGCAG,0,0,0.030092593,0,0.038728891,485,156.6857056,0,-0.217391304,0,0,1,0
3486,GTAGTGTGTGTGTGTGCGTGTGG,0,0,0.099173554,0,0.822304167,620,213.1838996,0,-0.152173913,0,0,0,0
3487,TGGCTGGAGCAATGAGGATAGGA,0,0,0.003676471,0,0.191548429,485,145.4490637,0.195652174,-0.260869565,0,0,1,0
3488,GGTGAGTGGGTGGGTGGGTGTGA,0,0,0.000710429,0,0.243274677,462.5,185.954788,0.586956522,0.760869565,0,0,1,0
3489,CCCGGTGTCCCAGGATGTATTAG,0,0,0.046090535,0.138165685,0.133501865,455,180.1952298,0.02173913,-0.195652174,0,0,0,0
3490,TGGGTGGAGGCATGATGAGGGGA,0,0,0,0,0.063027465,387.5,157.6702905,0,-0.630434783,0,0,0,1
3491,GAATCTTCCCCAGCCACCTTTGA,0,0,0.005968779,0,0.545938102,522.5,205.8328625,0,-0.347826087,0,0,0,0
3492,CCAGTTACCAGAGCAGAGGCTGG,0,0,0.356421859,0,0.141738197,522.5,196.1473971,0.026086957,-0.108695652,0,0,0,0
3493,GGGTAGTGAGGGTGTGTGTGTGG,0,0,0.033939394,0,0.316692045,455,190.5822052,0,-0.891304348,0,0,0,0
3494,TGTGTGCGAGTGTGTGCATGAGA,0,0,0.012019231,0,0.211957667,552.5,190.1051659,0,-0.847826087,0,0,0,0
3495,GGTGTGTGAATGTGTGTGTGAGA,0,0,0.010998878,0,1.054321596,560,193.1338325,0,-0.652173913,0,0,0,0
3496,GGGAGGGACCCAGCATCCTGCGG,0,0,0.060504202,0.125827144,0.125827144,485,148.2400961,0,0.130434783,1,0,1,0
3497,TGGGTGGAGGAATGAGGTGAAAG,0,0,0.045572917,0.273881481,0.273881481,492.5,156.9654668,0,0.130434783,0,0,0,0
3498,CCCGTGCATACATAGACACACAG,0,0,0.021064815,0.308518702,0.308518702,522.5,202.049359,0.07826087,0.152173913,0,0,0,0
3499,GACAGCAAAGCAGACTTGTTGAG,0,0,0.014141414,0.05485428,0.05392847,455,175.8981443,0.873913043,2.02173913,0,0,0,0
3500,CACATACATACAGACACACACAG,0,0,0.041383532,0,0.224468976,522.5,197.975258,0.786956522,0.326086957,0,0,0,0
3501,AAATGAGGAAAGCAGGCACAGGG,0,0,0.208135153,0,0.228837884,425,193.8930256,0,-0.043478261,0,0,0,0
3502,ATATGAGAAAATGAGGCACACAG,0,0,0.058660681,0,1.275482667,530,207.4521631,0.669565217,-0.282608696,0,0,0,0
3503,GGTGAGTGTGTGGGTGTGTGTGG,0,0,0.073043478,0,0.243274677,462.5,185.954788,0,-0.652173913,0,0,0,0
3504,GTTTCTTCCAATGACTAGGCTAG,0,0,0.045138889,0.408379077,0.393858933,552.5,178.8748161,0.017391304,0.239130435,0,0,0,0
3505,CTCGCCCGCCAGGGCAGTGAGGG,0,0,0.059037901,0,0.300469943,552.5,180.8644028,0,-0.456521739,0,0,0,0
3506,AAGTTGATTTCATTGTTCACTGA,0,0,0.0078125,0,0.354799862,552.5,185.5408193,0.047826087,0.304347826,0,1,1,0
3507,GAGACAGAGAAGAAGAAAAAGGA,0,0,0.018424036,0,0.164163878,552.5,186.1253463,0,-0.02173913,0,0,0,0
3508,GACATCTAAGGAAAGTTTTTCAG,0,0,0.021756022,0.206566078,0.200234551,425,199.799095,0.043478261,0.02173913,0,0,0,0
3509,GGGGGGTGTGTGTGTGTGTGTGG,0,0,0.1008,0.36082635,0.348646558,552.5,192.4377886,0,0.282608696,0,0,0,0
3510,GGGGGGTGTGTGTGTGTGTGTGA,0,0,0.007,0,0.348646558,552.5,192.4377886,0,-0.434782609,0,0,0,0
3511,TGTGAGTGTGGGTGTGAGTGTGG,0,0,0.112,0,0.206712756,455,188.0240249,0,-0.152173913,0,0,0,0
3512,CAGTGAGAAGCAGAGTCACAGGA,0,0,0,0,0.14902897,455,195.1534904,0,0.195652174,0,0,0,0
3513,GGGGCTGGGGCTGGAGGTGTTGA,0,0,0.009765625,0,0.6510065,552.5,177.5609831,0,-0.239130435,0,0,0,0
3514,TGGGAGGAGGGATGAGGAGGAAG,0,0,0.009293301,0.373071126,0.36643875,455,173.6703964,0,0.195652174,0,0,1,0
3515,AAATGAGAAAAATAGGCAGAGGG,0,0,0.035,0.307823318,0.300030323,462.5,175.1609431,0,-0.543478261,0,0,0,0
3516,ATGAACACCAGAGAGGGGACTGA,0,0,0.001454428,0,0.018544055,320,136.0717627,0.02173913,0.043478261,0,0,0,0
3517,GCCACCCCCCACCCTGCCTCCGG,0,0,0.044110276,0,0.402848101,522.5,200.7795615,0,-0.217391304,0,0,1,0
3518,CCCTGTGTCTGTGCAGGGAGAGG,0,0,0.006544926,0.008485927,0.008485927,290,146.9047058,0.947826087,5.152173913,0,0,0,0
3519,GATCACAGAGCATATACTGAGGA,0,0,0.002567694,0,0.174469742,455,164.2275615,0,0.239130435,0,0,0,0
3520,AAGGTCCTCTACATCTTCAATGA,0,0,0.001665002,0,0.254924684,552.5,196.9954372,0,-0.02173913,0,0,0,0
3521,CAATGAGAAGACGAGGCAGTGAG,0,0,0.004385965,0,0.108090364,387.5,143.5982997,0,0.043478261,1,0,0,0
3522,GGCATGGGTGCTGGAGGTGGGAG,0,0,0.032323232,0,0.482379464,620,209.0660987,0.565217391,0.02173913,0,0,0,0
3523,GGGACTGGGGCGCGAGGTGGGGG,0,0,0.067669173,0,0.268601546,425,198.3567621,0.226086957,0.282608696,0,0,1,0
3524,GAGGATGAGGAGAAGAAGAAGGA,0,0,0.008956129,0,0.760552802,622.5,210.2603596,0.204347826,-0.326086957,0,0,0,0
3525,GCTTGCTCGAAGCCTGGCCAGGA,0,0,0.015516493,0,0.561633746,620,211.0407188,0,0.043478261,0,0,0,0
3526,CAGCACCTCCACCCCACCTCTGA,0,0,0.014172335,0,0.268520667,552.5,200.0952541,0,0.02173913,0,0,0,0
3527,GTTGACTGAGTGTGTGCTGGAGA,0,0,0.005021809,0,0.059141775,485,161.0026828,0.165217391,0.5,0,0,0,0
3528,GAGAAAAACACAGAATCCGTGGG,0,0,0.256666667,0.140887716,0.140887716,522.5,199.9458981,0,0,0,0,0,0
3529,TGCATGGGGCAATGAGGAGGTAG,0,0,0.005161723,0.621681207,0.599576987,552.5,173.4428467,0,-0.326086957,0,0,0,0
3530,GTTGTGTGTGTGTGTGTGTGTGG,0,0,0.064793389,0,0.372455417,552.5,192.7257886,0,-0.739130435,0,0,0,0
3531,CTTGCCACACAGGGCATCATCAG,0,0,0.0125,0.032860375,0.032305769,417.5,133.2697749,0.386956522,0.282608696,0,0,0,0
3532,GGCCCAAACTGAGCTCATGAAAG,0,0,0.048395062,0,0.198365461,462.5,182.8236866,0,0.782608696,0,0,0,0
3533,GGGAAAGACCTAAGATCAGTGGA,0,0,0,0,0.008561713,260,166.4080778,0.013043478,-0.086956522,0,0,0,0
3534,GAATCTGGGCAGATGAAGAAAGG,0,0,0.272380952,0.131388208,0.1271669,522.5,202.1470144,0.765217391,0.934782609,0,0,0,0
3535,GGCACTGGGGATGGGGCTGGGGA,0,0,0.005120798,0,0.081930203,357.5,174.6769667,0.030434783,0.630434783,0,0,0,0
3536,CATGACCTCTTCATCCTCATGGA,0,0,0.004709576,0,0.387083187,455,172.7324994,0,0.043478261,0,0,0,0
3537,CTTGTCCCAAAGGGAAGAAAAAG,0,0,0.021183024,0,0.072720528,455,173.2895887,0,-0.282608696,0,0,0,0
3538,CCCTGTTTCTGTGGAAGGGTGGG,0,0,0.048701299,0,0.030871605,387.5,162.5503097,0,-0.043478261,0,0,0,0
3539,GAGGCGGAGAGGAAGAAGAAGGA,0,0,0.012225116,0,0.422106805,522.5,205.3185959,0,0.086956522,0,0,0,0
3540,AAGACCACCAGGGAGCAGAGAAG,0,0,0.036562203,0.131647598,0.127203797,455,192.6671537,0,NA,0,0,0,0
3541,TCCTCCCCCATCCCTGGCCATAG,0,0,0.02413273,0.246625016,0.238701321,425,201.2940355,0.069565217,0.086956522,0,0,0,0
3542,AACTCAGAAGCACAGTTTTTAAG,0,0,0.058054226,0.351943434,0.351943434,522.5,207.0410955,0.265217391,-0.02173913,0,0,0,0
3543,TGTGAATGAGTATGTGTGTGTGA,0,0,0.030246913,0,0.181448575,455,188.7118045,0.486956522,0.586956522,0,0,0,0
3544,CCTGTCTCTGCTCTACACAATGG,0,0,0.148484848,0,0.155313909,485,155.8281887,0,-0.173913043,0,0,0,0
3545,GTTACCTGCAATTACTTGGGTGG,0,0,0.017678571,0.22854304,0.220828507,455,185.0867514,0.204347826,0.456521739,0,0,0,0
3546,AAATTAGAAGGGGAGGCACATGG,0,0,0.140833333,0,0.69453012,432.5,205.1654958,0,-0.565217391,0,0,0,0
3547,GAGGCCGAGCTGCAGTAGAAGGA,0,0,0,0,0.055531438,357.5,185.3085699,0,-0.717391304,0,0,0,0
3548,AACACCCAAGCACTGTTTTTAAG,0,0,0.036023392,0.060216691,0.059200376,425,195.678314,0.026086957,0.152173913,0,0,0,0
3549,GACACCGAAGCAGAGGAGGTTGA,0,0,0.001068376,0,0.005335167,400,124.7541298,0.3,0.282608696,0,0,0,0
3550,TGGATGGATGGATGAGGGGATGG,0,0,0.078,0,0.039653529,387.5,146.4492027,0,-0.282608696,0,0,0,0
3551,TGGATGGATGGATGAGGGGATGA,0,0,0.005416667,0,0.039653529,387.5,146.4492027,0,-0.260869565,0,0,0,0
3552,GGAATCCCTTCTACAGAAAATGA,0,0,0.006410256,0,0.026713615,320,120.8289685,0,-0.217391304,0,0,0,1
3553,AAATGAGAAGATAAGGCAATCAG,0,0,0.02051282,0,0.034137919,290,134.0989792,0,0,0,0,0,0
3554,GGGTGGGAGGAGTATTTTCCCAG,0,0,0,0.014116628,0.014116628,387.5,166.1864614,0,-0.391304348,0,0,0,0
3555,CCTGCCTCAGCTCTGCTCCCTAG,0,0,0.029885057,0,0.145189893,462.5,171.4851981,0.026086957,0.173913043,0,0,0,0
3556,GACACCTATGCTGTGTTTTTTGA,0,0,0.004232804,0,0.041756842,425,193.5017538,0.508695652,1.239130435,0,0,0,0
3557,TGGAAGGAGGGCTGAGGAGGAAG,0,0,0.003912969,0.180287865,0.180287865,357.5,166.8278959,0,-0.086956522,0,0,0,0
3558,AGAAGGGAGGAATGAGGGGTGGG,0,0,0.192,0.317269355,0.305988667,552.5,191.9603467,0,-0.239130435,0,0,0,0
3559,TAATGATAAAAAAAGGCACAAAG,0,0,0.127635327,0.36592984,0.36592984,522.5,202.3257622,0.347826087,0.02173913,0,0,0,0
3560,GGTGAGAGAGTGTGGGAGTGGGG,0,0,0.020416667,0,0.198365461,462.5,182.8236866,0,0.413043478,0,0,0,0
3561,TAGAAGGAGGAGGGAGGAGTGAG,0,0,0.020665593,0,0.272415361,425,200.456259,0.513043478,0.47826087,0,0,0,0
3562,GTGTGAGTGGAGTTTGCTCTGGG,0,0,0.119318182,0,0.421955546,552.5,176.9365991,0.008695652,-0.043478261,0,0,0,0
3563,GGGAAGGACCCAGCACTGGTAGG,0,0,0.02962963,0,0.011803401,442.5,153.7161458,0.026086957,0.195652174,0,0,1,0
3564,GAATGGGAAGAAGAGGGGCAGGG,0,0,0.016806723,0,0.072284392,485,171.0045717,0,-0.260869565,0,0,0,0
3565,CTTGCTCCACATAGCAGTAATGA,0,0,0.022893773,0,0.292997855,432.5,201.398595,0.469565217,-0.195652174,0,0,0,0
3566,TGTGGGTGAGGGTGTGAGTGTGG,0,0,0.1344,0,0.33831875,455,190.6954852,0,-0.217391304,0,0,0,0
3567,AAATAAAAAGAATATGCACAGAG,0,0,0.00962963,0,0.101349588,425,191.8221571,0,-0.826086957,0,0,0,0
3568,TGCAGGGCGGAATGGGGAGTCAG,0,0,0.017777778,0.397208228,0.397208228,522.5,200.0768415,0,-0.043478261,0,0,0,0
3569,TGTATGTGAGTGTGTGAGTGTGA,0,0,0.010606061,0,0.609583333,552.5,196.0519689,0,-0.586956522,0,0,0,0
3570,GAGCCACTGCACCCCGCCTAGGA,0,0,0.009979686,0,0.240647808,552.5,175.7886357,0.017391304,-0.304347826,0,0,0,0
3571,CCACGGAGCAGAGCGCAGGCAAG,0,0,0,0.15797057,0.15797057,552.5,195.7898738,0,-0.434782609,0,0,0,0
3572,CAATTGTGTTCATTTTTCTCTGA,0,0,0.004503653,0,0.397208228,522.5,201.3651615,0.956521739,3.739130435,0,0,0,0
3573,GGTGAGTCAGTGACTGAGTGGGG,0,0,0.085207101,0,0.031762413,357.5,173.9755668,0,-0.086956522,0,0,0,0
3574,GACTTGTTTTGTGTGTCCTCAGA,0,0,0.001065644,0,0.055532106,295,174.7683842,0,0.043478261,0,0,0,0
3575,GAAACCCAAGCAGCTTTTTTGAG,0,0,0.004728836,0,0.04042269,425,190.442613,0,-0.304347826,0,0,0,0
3576,TGGATGGAAGAAAGATGTGTGGA,0,0,0,0,0.011404919,387.5,163.0291399,0,-0.217391304,0,0,0,0
3577,AAATAAGAAGAAGAGGGGCTGAG,0,0,0.003172113,0,0.049822465,417.5,134.3646357,0,0.173913043,0,0,0,0
3578,GAAGACCAAGCAGAGGCTGCAAG,0,0,0.002845132,0.068338689,0.068338689,455,189.1554728,0,4.804347826,0,0,0,0
3579,CTTGCACCACAGGGACATAAAGA,0,0,0,0,0.015361544,412.5,164.9324575,0,-0.195652174,0,0,0,0
3580,TTCAACACCAATGACGAGGGCAG,0,0,0.044871795,0,0.186003667,552.5,198.2400733,0,-0.065217391,0,0,0,0
3581,AGATGGGAAGCAGAGGCTCAGAG,0,0,0.02962963,0,0.104202175,455,185.520599,0,0.130434783,0,0,0,0
3582,AAATGTGAAGCAGGGACACAAAG,0,0,0.034567901,0,0.012311716,357.5,182.2563218,0,-0.804347826,0,0,0,0
3583,GATGGGTGAGTGGGTGGGTGGAG,0,0,0.002423765,0,0.23590875,455,187.1862484,0,0.108695652,0,0,0,0
3584,GGGGGTGGGGAGGTTGTTCCTGA,0,0,0.003522544,0,0.135498222,455,186.0549844,0.004347826,-0.152173913,0,0,0,0
3585,TGTGAGTGTGTGAGTGCATGTGA,0,0,0.019970414,0,0.073380489,455,180.3175658,0,-0.152173913,0,0,0,0
3586,GAACAAGAAGAAGACGCACAGAG,0,0,0.039651416,0,0.402848101,522.5,202.8310584,0,0.239130435,0,0,0,0
3587,GGTGTGTGCATGTGTGTGTGTGG,0,0,0.090505051,0,0.325662758,552.5,187.9740522,0,-0.260869565,0,0,0,0
3588,GGTGTGTGCATGTGTGTGTGTGA,0,0,0.006285073,0,0.325662758,552.5,187.9740522,0,-0.456521739,0,0,0,0
3589,GACCCACTCCACCCCAGCTGGGG,0,0,0.00321305,0,0.025112337,417.5,142.0018791,0,0,0,0,0,0
3590,GGAATCCTTTCAGAAGCAGCAGG,0,0,0.030625,0.034134988,0.033038282,357.5,165.996898,0,0.02173913,0,0,0,0
3591,CCCTGTGTCTGAGGAGGAATCAG,0,0,0.012426035,0,0.01256484,290,162.5420567,0.013043478,0.065217391,0,0,0,0
3592,CATGCCCCCCAGGGCAGGCAGGG,0,0,0.033345964,0.06193027,0.059728305,485,158.8288864,0.182608696,0.086956522,0,0,0,0
3593,CTGCCCCCACAGAGCAGGAAGAG,0,0,0.021116139,0.118417614,0.118417614,455,182.8757462,0,NA,0,0,0,0
3594,GCAAGCACTTCTGCAGCACTCAG,0,0,0.025846154,0,0.476356426,552.5,178.1508993,0,-0.173913043,0,0,0,0
3595,AGCACTGAGGCTGGAGAAGGAAG,0,0,0.09437037,0,0.119478333,485,169.6907387,0,-0.804347826,0,0,0,0
3596,CTTGACCCACTGGGCAATAGGGA,0,0,0.008714597,0,0.141078919,387.5,153.5578853,0,-0.239130435,0,0,0,0
3597,GCCTCTTACCCGGCCACCTCTGG,0,0,0.007162534,0.119348963,0.119348963,357.5,161.7471621,0,-0.304347826,0,0,0,0
3598,TGCACGGAGGAGTGAGGAATCAG,0,0,0.051440329,0,0.24194961,455,178.9195796,0,-0.413043478,0,0,0,0
3599,GGGAATACACCAGCATCCGTAGA,0,0,0.018221574,0,0.329465174,625,207.9712379,0.039130435,0.130434783,0,0,0,0
3600,GTCCTCATCCACCCAGCCTCCAG,0,0,0.019997959,0,0.275145253,522.5,201.0814776,0,0.326086957,0,0,1,0
3601,TTTTTGTTTTCATTTTTCTCAAG,0,0,0.018518519,0,0.397208228,525,204.2249784,0,-0.086956522,0,0,0,0
3602,TGTGGGTGGGTGTGTGTGTGTGG,0,0,0.224,0,0.372455417,552.5,192.9657886,0,-0.282608696,0,0,0,0
3603,TGTGGGTGGGTGTGTGTGTGTGA,0,0,0.015555555,0,0.372455417,552.5,192.9657886,0,0.173913043,0,0,0,0
3604,GTCATCTTAGTCCCTCCATGGGA,0,0,0,0,0.002536728,290,155.3497356,0.02173913,0,0,0,1,0
3605,TGTGCGCGAGTGTGTGTGTGTGA,0,0,0.011140046,0,0.416345417,552.5,194.5423881,0,-0.282608696,0,0,0,0
3606,GGCAATGCACCTGGAGCTGGAGA,0,0,0.00240096,0,0.325662758,552.5,187.9740522,0,-0.152173913,0,0,0,0
3607,AATGGAGAAGAAGAGCCCCATAG,0,0,0,0,0.052630051,485,175.0866408,0,-0.695652174,0,0,0,0
3608,GCCCCATTCCAACCCACCTCAAG,0,0,0.009912854,0.225708031,0.221695444,455,173.1727324,0,-0.239130435,0,0,0,0
3609,AGTGAGTGTGTGTGTATGTGAGA,0,0,0.0175,0,0.064062332,485,176.9656827,0,0.086956522,0,0,0,0
3610,CGCACTGGGGCTGCAGGTGGAGG,0,0,0.196793003,0,0.443035994,530,205.6609984,0.552173913,-0.086956522,0,0,0,0
3611,TGGAAGGAAGAAGGAGGAGAAGA,0,0,0.003275427,0,0.156120734,455,167.3149792,0.134782609,0.847826087,0,0,0,0
3612,GAGCTCAAAGCATGGATTGCAAG,0,0,0.012546868,0,0.085021828,455,184.7583843,0,0,0,0,0,0
3613,ATATGAGAAGAAAAGTCATAAGA,0,0,0,0,0.033198795,387.5,161.4242536,0,0.369565217,0,0,0,0
3614,GTCTTGGTGTCCTTGTTCTCTAG,0,0,0.018068542,0.298549127,0.293753157,522.5,204.9009384,0,-0.456521739,0,0,0,0
3615,GCTGTGTGAGTGTGTATGTGTGG,0,0,0.117482518,0,0.104848333,485,179.397143,0,-0.52173913,0,0,0,0
3616,AAAAGAGAAGATGAGTCCCAAGA,0,0,0,0,0.024931944,387.5,167.8985404,0.013043478,0.043478261,0,0,0,0
3617,AGAAACACCATTGAGGAGAGCAG,0,0,0.021745562,0.146425844,0.141483199,455,194.9134904,0,-0.065217391,0,0,0,0
3618,TGGGTGGAGGGTTGATGAGTTGA,0,0,0,0,0.070598108,357.5,187.09179,0,-0.413043478,0,0,0,0
3619,TGAGAGAGAGTGTGTGTGTGTGA,0,0,0.02025463,0,0.410516581,552.5,195.3027081,0.213043478,-0.173913043,0,0,0,0
3620,TGGATGGATGAATGGAGAGATGA,0,0,0.013541667,0,0.016803356,387.5,146.6071723,0,-0.630434783,0,0,0,0
3621,ATCCCCGGCCACCCCGCCTCCAG,0,0,0.058562091,0,0.932255747,620,213.4770022,0,-0.152173913,0,0,0,1
3622,TGGATGGATGAATGGAGAGATGG,0,0,0.195,0,0.016803356,387.5,146.6071723,0.043478261,-0.434782609,0,0,0,0
3623,GAGTCTGAGGTGAAGTAGAAAGA,0,0,0,0,0.07610128,455,188.90377,0,0.217391304,0,0,1,0
3624,AACTGAGAACAAGAAACACACGG,0,0,0.161344538,0,0.06292255,455,182.1848161,0,-0.543478261,0,0,0,0
3625,AAATGAATAGAACAGTCACAAGA,0,0,0,0,0.065045258,455,186.9292558,0,-0.347826087,0,0,0,0
3626,AAAACCAGTGAGCAGAGTGGAGG,0,0,0.439849624,0,0.235656943,462.5,184.9493462,0,-0.347826087,0,0,0,0
3627,CCCTGTGTCTTAGGGTGGGTGAG,0,0,0.015555556,0,0.03146428,260,160.2987943,0,-0.108695652,0,0,0,0
3628,AAGAACACCAGTCATTAGACTAG,0,0,0.005655164,0,0.072336432,357.5,158.116058,0.069565217,-0.47826087,0,0,0,0
3629,CGTGTGTGTGTGTGCGCGTGAGG,0,0,0.042502952,0.254738974,0.24614019,522.5,199.7448781,0,0.152173913,0,0,0,0
3630,GGCAGGACGACTGGAGGTGGGGA,0,0,0.022222222,0,0.496624264,622.5,208.7507788,0,-0.108695652,0,0,0,0
3631,ACCAGCCATCCAGAGTCCCACAG,0,0,0,0.055345161,0.053377333,485,175.1999208,0,-0.195652174,0,0,0,0
3632,TGTGGGAGAGTGTGTGTGTGGGA,0,0,0.020416667,0,0.416345417,552.5,194.5423881,0,0.282608696,0,0,0,0
3633,GGTGACTGAGTGGGGGCCTGGGA,0,0,0.00029409,0,0.018486885,357.5,168.2843406,0,-0.152173913,0,0,1,0
3634,GGCAGTAGGGCAGGAGGTGGGGG,0,0,0.308571429,0,0.458669828,522.5,204.7125818,0.313043478,-0.869565217,0,0,0,0
3635,GACTTTTTTTTTTTTTTCTCAGA,0,0,0.000678334,0,0.063343751,327.5,189.2608103,0.539130435,-0.152173913,0,0,0,0
3636,GGGTGGGGGGAGAAGGCTACTGA,0,0,0.000637755,0,0.006644418,295,153.1064733,0.065217391,0.282608696,0,0,1,0
3637,ATGAAGTCCAGAGAGTAGTGCAG,0,0,0.024430199,0.097915329,0.096262749,455,176.5667348,0,-0.282608696,0,0,0,0
3638,GACATCGAAGCTCATTTTTTTGA,0,0,0.000886054,0,0.073007317,327.5,186.4892374,0.082608696,0.304347826,0,0,0,0
3639,GAATACTAAGCATAGACTCCAGG,0,0,0.156896552,0.698761538,0.677902985,560,186.3952193,0,-0.608695652,0,0,0,0
3640,GTTGTGTGCGTGTGTGTGTGCAG,0,0,0.015998368,0.372455417,0.372455417,552.5,192.7257886,0.4,-0.065217391,0,0,0,0
3641,GGTGTGTGTGTGTATGTGTGCGG,0,0,0.076363636,0,0.05268594,455,181.3266039,0,-0.434782609,0,1,0,1
3642,GACACACCCCACCCCACCTCAGG,0,0,0.781954887,0,0.156419304,552.5,196.1521732,0.008695652,-0.347826087,0,0,0,0
3643,GCCTAGCCAAAGGCTGGGCAAAG,0,0,0.001346801,0.070165135,0.068980913,455,181.2030422,0,-0.847826087,0,0,0,1
3644,TGCCAAGGCTGAGCACGGGACAG,0,0,0.036213992,0.321774194,0.310333333,552.5,189.3885298,0.352173913,0.239130435,0,0,0,0
3645,CCCTGTTCTTCTGGAAGGATGGG,0,0,0.454545454,0.102694193,0.102694193,555,192.468796,0.469565217,0.456521739,0,0,0,0
3646,CTTGCCTCATAGGGAAGAAATGG,0,0,0.11328976,0,0.047274476,455,172.1947279,0.134782609,-0.173913043,0,1,0,1
3647,AAAAAAGAAAAAGAGGCACGTGG,0,0,0.294553377,0,0.60809025,552.5,174.9087437,0.039130435,1.02173913,0,0,0,0
3648,TTAATGGATAAATGAGGAGTGGA,0,0,0.016498316,0,0.757342138,620,209.4804832,0,-0.586956522,0,0,0,0
3649,TCCATGGAAGAATGAGGACTTGG,0,0,0.076733611,0,0.300469943,552.5,183.7242197,0,0.065217391,0,0,0,0
3650,GAAACTGCAGCTGGTGGTGGGAG,0,0,0.024444444,0,0.242694227,522.5,200.2651981,0.004347826,0,0,0,0,0
3651,AAAGACAAAGCATAAACTGTGGA,0,0,0.008823529,0,0.186915845,455,166.9817785,0,0.543478261,0,0,0,0
3652,GACACCCGCCACCACGCCTGGAG,0,0,0.003296258,0,0.09837725,455,166.4497985,0.026086957,-0.065217391,0,0,0,0
3653,GGTGTGTGAGAGTGTGTGGGGGG,0,0,0.031818182,0,0.101174436,387.5,159.9474853,0,-0.260869565,0,0,0,0
3654,GCCTCCCCAGAGGGAGGCCAGGA,0,0,0,0,0.018573078,362.5,178.8627368,0,-0.239130435,0,0,0,0
3655,GACCCCCTCAGCCCTGCCTGGGA,0,0,0.000153413,0,0.081729528,357.5,156.6335584,0,-0.02173913,0,0,0,0
3656,AAAAGACAAAAAGAGTCACACAG,0,0,0,0.162635484,0.162635484,552.5,193.6630569,0,-0.043478261,0,0,0,0
3657,AGATGAGAAAAGGAGGCCCAAAG,0,0,0.026630087,0,0.140621964,455,180.8288298,0.139130435,-0.326086957,0,1,0,1
3658,GAGCCACTGCACCCGGCCTCTAG,0,0,0.00372575,0,0.146830007,522.5,198.7192141,0.013043478,-0.369565217,0,0,0,1
3659,GAGTTTGAGCTGAAAAAGAAAGG,0,0,0.171122995,0,0.128747462,425,195.6885907,0.239130435,0.652173913,0,0,0,0
3660,AAATGAAAAGAAGACCCAAACAG,0,0,0,0,0.01490737,387.5,154.5733718,0.073913043,0.543478261,0,0,0,0
3661,GGTGAGAGAGGGGGTGAGTGAGG,0,0,0.042608696,0,0.080805497,357.5,180.1013039,0,0.239130435,0,0,0,0
3662,GAATGAGGGGAAGAGGCACCAGA,0,0,0.007716049,0,0.426140229,552.5,175.0028028,0,0.195652174,0,0,0,0
3663,ATGAATACCTGTGAATAAAGAGG,0,0,0.533860603,0,0.043995919,455,172.7919247,0,-0.760869565,0,0,0,0
3664,GGGAGGGAGGAGTGGGGAGTTGG,0,0,0.287381642,0,0.198201266,425,195.988558,0,0.043478261,0,0,0,0
3665,CGCTCGGGGGAGTTTGCTCACAG,0,0,0.027981278,0.700844318,0.687682923,552.5,180.2460801,0.073913043,0,0,0,0,0
3666,GGCTCAGACTGAGCACCTGAGAG,1,0.0011,0.048801743,4.252906977,4.252906977,567.5,199.7402889,0,-0.543478261,0,0,1,0
3667,AAATGAGAGGGAGAGGGAGAGGG,0,0,0.003186274,0,0.05883842,387.5,157.2760249,0,0.043478261,0,0,0,1
3668,AACACAAGAGAGGAGAGAGGAGA,0,0,0.008410973,0,0.042147338,455,178.5315818,0.104347826,0.695652174,0,0,0,0
3669,CCTTGTCTCTGTGGAAGGATAAG,0,0,0.027850116,0,0.096633025,455,192.7703096,0,-0.130434783,0,0,0,0
3670,GCCACTGTCTCTGGAGGTGGGGG,0,0,0.265024038,0,0.768095474,622.5,206.9086663,0.008695652,-0.043478261,0,0,0,0
3671,GGTGTGTTGGTGTGTGTGTGTGG,0,0,0.070707071,0,0.353596915,552.5,189.8659716,0.004347826,0.239130435,0,0,0,0
3672,TGTGCGTGTGTGTGTGTGTGGGG,0,0,0.14,0.379196691,0.372455417,552.5,192.9657886,0.139130435,0.369565217,0,0,0,0
3673,GAGACTGAAGCAGGGTTTTGCAG,0,0,0.009912854,0.060848483,0.058684981,455,168.1092314,0,-0.369565217,0,0,0,0
3674,GGCTGGGGGGAGTTTCATGCTGA,0,0,0,0,0.032564844,417.5,149.6494631,0,-0.782608696,0,0,0,0
3675,GAGTCCAAGAAGAATAAGAATAG,0,0,0.032098765,0,0.450504495,530,198.8180612,0,-0.260869565,0,0,0,0
3676,GGGACTGAGGCTGGAGACGGCGA,0,0,0.009027778,0,0.117805637,485,169.1627387,0,-0.173913043,0,0,0,0
3677,TGTGTGTGAGTGTGTGTGCGTAG,0,0,0.012136693,0,0.202836708,485,166.177569,0,-1.108695652,0,0,0,0
3678,TGGATGGAGGGAGGAGGGGCAGA,0,0,0.000428195,0,0.025116065,290,140.9096625,0.026086957,-0.108695652,0,0,0,1
3679,CGCCCTGGGGCTGGAGATGGGAG,0,0,0.039215686,0,0.609583333,552.5,194.240472,0,-0.065217391,0,0,1,0
3680,GAACACTAAGCAAAGACATCAGG,0,0,0.134615385,0,0.024530411,387.5,151.1461654,0,-0.608695652,0,0,0,0
3681,GTTATCTTAGTTGTGACCTGGGG,0,0,0.012071488,0,0.075630035,327.5,187.2495574,0,-0.260869565,0,0,0,0
3682,GCCACTGCGCCTGGCGGGGGCGG,0,0,0.025174825,0,0.076598956,455,174.3379087,0.008695652,-0.52173913,0,0,0,0
3683,CCTTCCTCACCTCTACACACAGA,0,0,0.004617605,0,0.325662758,552.5,188.3887722,0.452173913,-0.847826087,0,0,0,0
3684,TCGGTGGAGGAAGGAGAAGTTGA,0,0,0.007316053,0,0.23590875,455,187.6009684,0,0.239130435,0,0,0,0
3685,AAATGAAAAGAAAAGACAGAGGG,0,0,0.115384615,0,0.021526687,387.5,159.2810728,0,0.173913043,0,0,0,0
3686,GGTGTGTGAGTGTCGGGGTGGGA,0,0,3.18E-05,0,0.023109381,357.5,171.0793627,0.065217391,0.130434783,0,0,0,0
3687,AGAATGCCCTCTTCAGCACCTAG,0,0,0.032307692,0.215037438,0.215037438,522.5,203.9549151,0.017391304,-0.391304348,0,0,0,0
3688,AAATGTGAAAAAGAGGTAAAGGG,0,0,0.133333333,0,0.1015764,485,160.6881686,0.1,-0.065217391,0,0,0,0
3689,TGTGAGGGAGTGTGTGAGTTTGA,0,0,0.013344227,0,0.183397224,485,158.6931082,0,0.239130435,0,0,1,0
3690,AAATGAGAAAAAGAGGCAAGAGA,0,0,0.02124183,0,0.34053054,492.5,147.5226637,0,1.173913043,0,0,0,0
3691,TTCATCTTAGTCATTAATTTAAG,0,0,0.054444444,0,0.052629364,417.5,135.6529557,0.004347826,0,0,0,0,0
3692,CATGAGTGACTGTGTGTGTGTGG,0,0,0.112820513,0.571587811,0.56142625,552.5,192.9821525,0,-0.043478261,0,0,0,0
3693,CTCATCCATCTGGAGACCCAGGA,0,0,0.002672225,0,0.08473962,357.5,179.5904826,0,-0.52173913,0,0,1,0
3694,GCCTCTCTCCCATCCATGTTAAG,0,0,0.007763374,0,0.028536716,387.5,160.9080543,0,-0.543478261,0,0,0,0
3695,AAAAGAGAAGAAGAAGAAGAAAG,0,0,0.00677802,0,0.051461025,387.5,152.3852674,0,0.108695652,0,0,0,0
3696,AAATGATGAGAAGAGTCACCAGA,0,0,0,0,0.073636262,485,159.2909764,0,0.02173913,0,0,0,0
3697,TTCTCTTTCCCACGCACATTTGG,0,0,0,0.047944355,0.046239667,455,181.8974821,0,0.456521739,0,0,0,0
3698,AAATGGGACAAAGAGGCAAAAAG,0,0,0.042328042,0.1639705,0.161203065,552.5,177.7144993,0.160869565,0.130434783,0,0,0,0
3699,TGTGTGTGTGTGCGTGCGTGTGG,0,0,0.172248804,0,0.355433782,522.5,204.4525791,0,-0.086956522,0,0,0,0
3700,CTGAACACCAGCCAGTAGGGGGA,0,0,0.008903838,0,0.100314079,357.5,171.2365791,0.008695652,0,0,0,0,0
3701,GACCCCATCCCCCCAGACTCAAG,0,0,0.008065844,0,0.055958329,357.5,175.3936029,0.082608696,0.152173913,0,0,0,0
3702,GCCTCTGTCCCTGCCATCTTTAG,0,0,0.003234964,0.072802499,0.071632981,357.5,178.6152871,0,0.108695652,0,0,1,0
3703,AAATGAGTAGTAGCGGCAAAGGG,0,0,0.012110339,0,0.037268793,357.5,167.4829148,0,-0.347826087,0,0,0,0
3704,TGTATGTAGGAATGAAGACTTGG,0,0,0.128078818,0,0.057770879,485,168.2523934,0,-0.065217391,0,0,0,0
3705,CCCTCTCTCCCTCCCATCTTCAG,0,0,0.019804527,0,0.204841945,455,188.1146077,0,1.739130435,0,0,0,0
3706,CCCATCAGTACAGAGACAGAAGG,0,0,0.059583333,0.29784987,0.29784987,552.5,177.9772659,0,-0.130434783,0,0,0,0
3707,GGCCCTGATGCTGGAGGTAGCAG,0,0,0.022657952,0,0.30473625,552.5,180.5188028,0,0.065217391,0,0,0,0
3708,GGTGCGTGAGCGTGAGCGCGCGG,0,0,0.05323654,0,0.070427919,357.5,166.7265748,0,-0.586956522,0,0,0,0
3709,AGGAGTGGGGCTGGAGGTGGAGA,0,0,0.012053571,0,1.345833333,620,214.283863,0.026086957,1.086956522,0,0,0,0
3710,AAATGAGAAAAAGAGGACCTTAG,0,0,0.01290535,0,0.041463696,417.5,130.6612193,0,0.195652174,0,0,0,0
3711,GACATTTTTTCATTGTCTTCTAG,0,0,0.037348273,0,0.068624422,485,170.1309717,0.443478261,-0.260869565,0,0,0,0
3712,GTCATCCCCTCTGCATCACCGAG,0,0,0,0.161200343,0.155758982,552.5,197.1837938,0.456521739,-0.152173913,0,0,0,0
3713,AAAGTAGAAGACGTGGCACAAGG,0,0,0.026315789,0,0.104883434,425,197.6827949,0.32173913,0.282608696,0,0,0,0
3714,AAAGGAGACAGAGAGGCACAGAG,0,0,0.056172839,0,0.426292988,525,203.1447995,0,0.347826087,0,0,0,0
3715,GGCACTGGGAATGGTGGTGGTAG,0,0,0.023333333,0,0.186982849,425,190.6713413,0.030434783,-0.195652174,0,0,0,0
3716,CTCTGTGTGTCTGGGTGTATGAG,0,0,0.063224841,0,0.050816463,455,175.3698648,0.039130435,-0.086956522,0,0,0,0
3717,GGCCCAGTCTGTACAGGTGAAGA,0,0,0.001408848,0,0.044701169,357.5,181.5963362,0,0.239130435,0,0,0,0
3718,GAGGAGAGAGTGTGTGAGTGAGA,0,0,0.011996973,0,0.410516581,552.5,195.0627081,0.386956522,0.282608696,0,0,0,0
3719,TGGCTGGAAGAAGGAGGATTTGA,0,0,0.002740227,0,0.117932929,455,174.1192992,0,-0.108695652,0,0,0,0
3720,TTGGCCCCACATGGCAGTCAGGG,0,0,0.039787799,0,0.255580574,455,180.2078996,0.169565217,0.282608696,0,0,0,0
3721,ATAAGAGGAGAAGAGCCACAGAG,0,0,0,0,0.258544304,552.5,197.6981572,0,-0.217391304,0,0,0,0
3722,TGGGTGCAGGAATGAGGAGGAGA,0,0,0.005265778,0,0.954393122,560,180.0056193,0.169565217,0.304347826,0,0,0,0
3723,AACAGAGAAGAAAAGACACAGAG,0,0,0.048840049,0,0.098655853,455,191.0106536,0.073913043,0.195652174,0,0,0,1
3724,TGTTAGTGTGTGTGTGTGTGGGG,0,0,0.101818182,0.379196691,0.372455417,552.5,193.3805086,0,-0.130434783,0,0,0,0
3725,TCCCCCCTCCACCAGGCCTCTGA,0,0,0.000954861,0,0.060024367,425,193.1137938,0.656521739,-0.543478261,0,0,1,0
3726,ATAAGAGAAGAAGAGACAAAGAG,0,0,0.038480038,0,0.085785,485,170.0499742,0,0,0,0,0,0
3727,GACTCCTAAATGCCTGGCCAAGA,0,0,0.008207071,0,0.542336973,522.5,207.2469185,0.117391304,-0.782608696,0,0,0,0
3728,GCCTCTTTCCCATCCTACTGCAG,0,0,0,0.014813509,0.014586482,320,134.2885426,0,0.108695652,0,0,0,0
3729,AACTGGTTTTCAATGTTATCCAG,0,0,0.055668639,0.124526613,0.120099,455,182.9890262,0.017391304,1.847826087,0,0,0,0
3730,GGCTGTGCGGCCAGAGGTGGAGG,0,0,0.333897681,0,0.272415361,425,199.822659,0.704347826,1.086956522,0,0,0,1
3731,TGGAAGAAGGAATTAGAAGTGGG,0,0,0.124444445,0,0.058894431,455,182.9032035,0,-0.326086957,0,0,0,0
3732,AGCCCAGAGTGACCAGGTGACAG,0,0,0.009356725,0,0.064395123,455,188.4524732,0.039130435,0.195652174,0,0,0,0
3733,GGGTGGGGAGAGTTTCTTCCTGG,0,0,0,0.108122079,0.108122079,492.5,178.1656827,0.034782609,-0.434782609,0,0,0,0
3734,TTGATGGAGGACTGAGGTGAGGA,0,0,0.003270783,0,0.067256227,387.5,148.6829663,0,-0.434782609,0,0,0,0
3735,CCAGCCTCAGCTCTGCTCATAGG,0,0,0.119387755,0.110531004,0.106601012,455,163.3675981,0.160869565,0.52173913,0,0,1,0
3736,GGTGTGTGTGTGTGTGTGTAAAG,0,0,0.024747475,0,0.155313909,485,155.8281887,NA,0.065217391,0,0,0,0
3737,GTGGAAGACCCAGCATCGGAGGG,0,0,0.029829545,0.136699648,0.136699648,485,155.5254668,0.086956522,-0.108695652,0,0,0,0
3738,AGTGTGTATGTGTGTGCGTGTGA,0,0,0.013636364,0,0.833979885,620,210.8520827,0,-0.347826087,0,0,0,0
3739,CCCCTCCATCCTGGGTCACAAAG,0,0,0,0,0.018953366,357.5,181.682689,0,0.326086957,0,0,0,0
3740,GGGCCAGACTGTGCAAGGGATAG,0,0,0.014403292,0,0.025893985,387.5,168.2441404,0,0.108695652,0,0,0,0
3741,GAGAAAGAGGAGAAGAAGAAGAG,0,0,0.025475211,0,0.760552802,622.5,210.2603596,0.043478261,0.326086957,0,0,0,0
3742,AGTGTGTGAGTGTGTGTGCGGGG,0,0,0.042131662,0,0.202836708,485,166.177569,0.013043478,-0.717391304,0,0,0,0
3743,GCCCCTTTTCCACCCATCTTTGG,0,0,0.264215687,0,0.699446792,560,194.5805086,0,0,0,0,0,0
3744,ATGAACAACAGTGAATAAAAGGG,0,0,0.397058824,0.032925581,0.032925581,387.5,139.3322283,0,-0.195652174,0,0,0,0
3745,AAGTGGGAGGAGAAGAAGAAAAG,0,0,0.027222222,0.797205949,0.797205949,620,211.1339596,0,-0.804347826,0,0,0,0
3746,CAATGAGTAGAATAGGCACGAAG,0,0,0.021848739,0,0.26991206,455,169.4632626,0,0.369565217,0,0,0,1
3747,GACACAGGGGCAGAGTGTTTAGG,0,0,0.05340803,0.210375492,0.20361644,552.5,189.3683076,0,-0.282608696,0,0,0,0
3748,GAACACAGAACTTAAACTGCTAG,0,0,0.055670136,0.168337656,0.165757769,425,189.1853246,0,0.260869565,0,0,0,0
3749,GAATTTTTTCCATTTTTCTCTAG,0,0,0.011412894,0,0.221326411,522.5,197.687258,0,-0.239130435,0,0,0,0
3750,CAACACAGAGCATAGTCTGTGAG,0,0,0,0.122256818,0.119960915,485,161.6741572,0,-0.239130435,0,0,0,0
3751,TGGATGGAGGAATGTAGAAATGG,0,0,0.080357143,0,0.007901364,320,119.8189527,0,-0.413043478,0,0,0,0
3752,AATGTCCACTAAATCCTGAGTGG,0,0,0.026483321,0.063669228,0.063669228,387.5,147.6346463,0.02173913,-0.543478261,0,0,0,0
3753,GGATGCCCTACTTCAGCACCTGA,0,0,0.007272727,0,0.509948268,522.5,202.547023,0,0.195652174,0,0,0,0
3754,AGAGGCCCTTGTGCAGCACCTAG,0,0,0.023333333,0.807015306,0.794051205,522.5,210.8079963,0,-0.086956522,0,0,0,0
3755,TGTGAGGGAGTGTGGGTGTGTGG,0,0,0.01372549,0,0.111580572,455,181.6236866,0,-0.934782609,0,0,0,0
3756,CCAGGAAGAAGAGCAGAGGCAGA,0,0,0.038842203,0,0.141738197,522.5,197.9588941,0.013043478,-0.043478261,0,0,0,0
3757,TTCTCTCCAGAGCCTGGCCATAG,0,0,0.121586233,0,0.797205949,620,212.1822796,0,-0.434782609,0,0,0,0
3758,AAAAGAGTAGAAGAGGCAAACAG,0,0,0.022675737,0,0.992537313,560,185.6785831,0,0.152173913,0,0,0,0
3759,GCCTTTCCACAGCCTGCCCAAAG,0,0,0.012015581,0,0.322464761,552.5,190.1478485,0.013043478,-0.043478261,0,0,0,0
3760,CAAAAAGAAGAAGAGGAACAGGA,0,0,0.011463845,0,0.609583333,552.5,196.0519689,0,-1.173913043,0,0,0,0
3761,GCTGTGTGTGTGTGTGTGTGAGA,0,0,0.004895105,0,0.372455417,552.5,192.7257886,0.02173913,0.239130435,0,0,0,0
3762,TGGATGGATGAATGTGGGGGTAG,0,0,0.00195207,0,0.01914801,387.5,138.4722649,0.995652174,1.152173913,0,0,0,0
3763,GGTGAGGGAATGAGTGGGTGAGG,0,0,0.022358264,0,0.134093447,455,181.3396512,0,-0.434782609,0,0,0,0
3764,TGGCTGTAGGAGTGGGGAGTAAG,0,0,0.024546115,0,0.128847539,425,194.0200972,0,-0.02173913,0,0,0,0
3765,GGGTGGGGGGAGGCTGTGCCTGA,0,0,0.000805153,0,0.005678142,290,151.6520505,0.62173913,-0.282608696,0,0,0,0
3766,GATTTGGTTTCATTGCACTCGAG,0,0,0.037279109,0.06937551,0.06703372,485,178.0142822,0,-0.369565217,0,0,0,0
3767,CCTGCCTCCTCCCAACTCTCTAG,0,0,0.066520468,0.030428257,0.030428257,357.5,164.1049785,0,-0.5,0,0,0,0
3768,TGTGTATGAGTGTGTGCGTTGGG,0,0,0.254545455,0,0.421955546,552.5,178.9880961,0,-0.173913043,0,0,0,0
3769,AATGCCCACAACATCCTACATGA,0,0,0.00331565,0,0.085473755,485,156.7486104,0.395652174,-0.02173913,0,0,0,0
3770,GTGGAGTGTGTGTGTGTGTGTGG,0,0,0.089090909,0,0.367241041,552.5,193.4861086,0,-0.5,0,1,0,0
3771,GAGTAGGAGCAGGAGAAGAAGGA,1,0.001810349,0.012939958,0,0.625677215,530,207.8263755,0,-0.239130435,0,0,0,1
3772,CCAGTGGGTAGAGCAGAGCTGGA,0,0,0.00620451,0,0.036141705,387.5,134.7241978,0.204347826,0.586956522,0,0,0,0
3773,GGCTCTGTGGCTGAAGTTGGGAG,0,0,0.02706755,0,0.086229035,455,182.6012873,0,0,0,0,0,0
3774,GATGTGTTTTTATTTTTCTCAGA,0,0,0.001311622,0,0.220450566,425,197.3612947,0.047826087,0,0,0,0,0
3775,TGAATGGAGGAAGCTGGAGTCAG,0,0,0.004347826,0,0.022904218,362.5,183.3264732,0,-0.173913043,0,0,0,0
3776,CTTGCTTCAGCTCTACTCACAGA,0,0,0.050247371,0,0.940220214,627.5,214.4142356,0.017391304,-0.173913043,0,0,0,0
3777,AAATGACAATAACAGGAACAGGA,0,0,0.007622137,0,0.134093447,455,181.3396512,0,-0.347826087,0,0,0,0
3778,GGTGTGTGAGAGTGTGAGGGTGA,0,0,0.002209596,0,0.101174436,387.5,159.9474853,0.2,0.52173913,0,0,0,0
3779,GGAGCTGCGGCTGGAGAAGGAGA,0,0,0.02340535,0,0.117805637,485,171.3889557,0.926086957,2.543478261,0,0,0,0
3780,CACTTGATTTCAGTGATCTCTGA,0,0,0.010293149,0,0.071983419,455,190.0290728,0,-0.434782609,0,0,0,0
3781,CACATCCCTTCTGCAGCTCCCAG,0,0,0.033577534,0.317269355,0.305988667,555,193.0086667,0,0.152173913,0,0,0,0
3782,CCAGTGTGTAGAGTAAAGGCAGA,0,0,0.020969499,0,0.006711595,392.5,173.6821871,0.017391304,2.130434783,0,0,0,0
3783,GACACAGGGGCTGGAGCTGGGAG,0,0,0.02875817,0,0.368797917,552.5,193.088088,0,-0.369565217,0,0,0,0
3784,AGGTTGTTTTCATTGTTTTCTGA,0,0,0.016071428,0,0.305988667,555,193.0086667,0,-0.630434783,0,0,0,0
3785,GGAATGCCTTCTAAAGCCCCAAG,0,0,0.007977208,0.010278156,0.010278156,357.5,170.8521775,0.082608696,0,0,0,0,0
3786,TGTGTGTGTGTGTGTGTGTGGGA,0,0,0.007070707,0,0.372455417,552.5,192.9657886,0,-0.5,0,0,0,0
3787,TGGGAGGTGTAATGAGGAGTGGG,0,0,0.108816964,0,1.257112069,620,208.9465266,0.539130435,0.456521739,0,0,0,0
3788,TGTGTGTGTGTGTGTGTGTGGGG,0,0,0.101818182,0,0.372455417,552.5,192.9657886,NA,-0.304347826,0,0,0,0
3789,AATTTTTTTTCATTGTTATCTGA,0,0,0.015424679,0,0.185123143,552.5,191.4626827,0,-0.326086957,0,0,0,0
3790,AAAGGTGAAGGAGAGACACAAAG,0,0,0.075231481,0,0.086812714,455,193.0219064,0.969565217,1.326086957,0,0,0,0
3791,GACTTGTTGTCATAATTCTCTGA,0,0,0.025047056,0,0.062057642,432.5,190.5940134,0,-0.391304348,0,0,0,0
3792,CAAAGAGAAGATGAGTCACAGGA,0,0,0,0,0.133988,455,193.3218737,0,-0.304347826,0,0,0,0
3793,CCTGCTTCAGCTCTTCCCACAAG,0,0,0.029131653,0.056380632,0.054569206,455,178.261103,0,-0.717391304,0,0,0,0
3794,TGTGAGTGCGTGGGTGTGTGCAG,0,0,0.018035427,0,0.144140246,455,184.754788,0,-0.673913043,0,0,0,0
3795,AGATGAGAACAATAGGCACTGGA,0,0,0.004,0,0.248589007,455,167.3313431,0,-0.130434783,0,0,0,0
3796,AGATGAGAACAATAGGCACTGGG,0,0,0.0576,0,0.248589007,455,167.3313431,0,-0.326086957,0,0,0,0
3797,AGGTTGGAGGGATGAGGAGAGAG,0,0,0.06032197,0,0.387083187,455,174.9587164,0.465217391,0.065217391,0,0,0,0
3798,GGGTGTGTGCAGTTTTCTCCTGG,0,0,0,0.139358108,0.137119423,552.5,192.0340367,0,-0.369565217,0,0,0,0
3799,GGCCCAGCCTGAGCACATTCAGA,0,0,0.004208754,0,0.076017549,417.5,127.2284721,1,0.173913043,0,0,0,0
3800,GGCTTGGGGGAGTTTGGGCCTAG,0,0,0.000586559,0,0.117805637,485,170.9742357,0.143478261,0.173913043,0,1,0,0
3801,AAGTACCCCTACATCCTTAAGGA,0,0,0.003478664,0,0.305988667,552.5,189.2752498,0.152173913,0.239130435,0,0,0,0
3802,CCTCTCTCCTCTCTCCTCACAGG,0,0,0.074653622,0.364865041,0.35314247,522.5,197.839322,1,-0.413043478,0,0,0,0
3803,GGCATTCCGGCTGGGTGTGGTGG,0,0,0,0,0.045044261,455,184.0330517,0.147826087,-0.804347826,0,0,0,0
3804,CCTGCCTCAGCACTGCCCACAGA,0,0,0.021848739,0,0.042336622,357.5,172.3309866,0,-0.304347826,0,0,0,0
3805,AAAGGAGAGGAAGAGGAGCAGGG,0,0,0.077777778,0,0.069304995,485,167.9571753,0,-0.130434783,0,0,0,0
3806,TGGATGAGGGAATGGGGAGAAGA,0,0,0.018619792,0,0.114735571,455,162.3723807,0,-0.130434783,0,0,0,0
3807,GGTGAGTGCCTGTGTGTGTCAGA,0,0,0.003174603,0,0.129256726,485,152.1247722,0,0.586956522,0,0,0,1
3808,GGACACAGAGTATAGACTGAGGG,0,0,0.09025641,0.387083187,0.387083187,455,172.4924994,0.052173913,-0.52173913,0,0,0,0
3809,TTCTCTTTCCAACCCATCTTGGA,0,0,0.022095959,0,0.33831875,455,191.7438052,0.391304348,-0.347826087,0,0,0,0
3810,GCAATCCCTTCTGCCACCCCTAG,0,0,0.009324009,0.014564042,0.014305125,387.5,162.0412193,0,0.391304348,0,0,0,0
3811,GAGCCTCAGCAGAAGAGGAAGGA,0,0,0.005062227,0,0.239135105,552.5,193.1711241,0,0.413043478,0,0,0,0
3812,GCCTCTTTCCCATCCCCACTGGG,0,0,0,0,0.005609452,320,136.2409204,0,-0.304347826,0,0,0,0
3813,GCCTCCCAAAATGCTGGCCCCAG,0,0,0.002008724,0,0.119348963,357.5,161.7471621,0,-0.108695652,0,0,0,0
3814,CACTCTTTCCCACCCGCCTCCAG,0,0,0.002354548,0,0.119960915,485,164.5339742,0,-0.695652174,0,0,0,0
3815,GGCTTCTTTTCTTTGTTATCTGA,0,0,0.006798757,0,0.09237382,455,184.0345823,0.108695652,-0.173913043,0,0,0,0
3816,GACTCGCTGTCATTGTTTTCAAG,0,0,0.07093254,0.125059572,0.122948862,552.5,186.1453856,0,0.02173913,0,0,0,0
3817,GCCACTTCCAATGACTCTGGTGA,0,0,0.006502601,0,0.072284392,485,170.7645717,0.004347826,0.065217391,0,0,0,0
3818,GATGAGTGAGTGAATGAGTGCAG,0,0,0.053155818,0,0.035150404,357.5,176.8353837,0,-0.108695652,0,0,0,0
3819,CCGTGTGGCTGCGGATGGATGGA,0,0,0.006030702,0,0.385203768,425,201.6259989,0.004347826,-0.260869565,0,0,0,0
3820,GAGTTGTGTTCATAGATCTCTAG,0,0,0.053497942,0,0.037983778,455,186.6445725,0.156521739,-0.391304348,0,0,0,0
3821,AAAGGAGAGGCAGAGGCACCAAG,0,0,0.009820426,0,0.223894076,455,170.998936,0.086956522,0.217391304,0,0,0,0
3822,AGTGCCACACAGGGCAGTATTGA,0,0,0.02625,0,0.476356426,552.5,179.4392193,0.173913043,0.456521739,0,0,0,0
3823,TGTGTGTGAGTGGGTGTGTGTGG,0,0,0.044268775,0,0.23590875,455,187.4262484,0,-0.108695652,0,0,0,0
3824,TGTGTGTGAGTGGGTGTGTGTGA,0,0,0.00307422,0,0.23590875,455,187.4262484,0,-1.02173913,0,0,0,0
3825,GGGGAGTATGTGTGTGGGTGAGG,0,0,0.017647059,0,0.348646558,552.5,190.6262916,0,-0.086956522,0,0,0,0
3826,AAATAAAAATAAGAGGGACAGAG,0,0,0.010738925,0,0.36403873,552.5,189.5506517,0,0.304347826,0,0,0,0
3827,GGGTTTGGGGACATTGCTCCCAG,0,0,0.019004525,0.162205582,0.157233763,425,198.910275,0.091304348,-0.434782609,0,0,0,0
3828,AAATGAGAGGAGGAGGGAAAGAG,0,0,0.003146938,0,0.052159464,387.5,155.7900082,0.113043478,0.065217391,0,0,0,0
3829,GGTGTGTGAGGGTGTGAGTGTGG,0,0,0.067878788,0,0.635340376,462.5,191.8954852,0.056521739,1.5,0,0,0,0
3830,GTTACTGTGGCTGGAAGTGGTGG,0,0,0.3828125,0,0.254924684,552.5,198.0437572,0,-0.217391304,0,0,0,0
3831,AAAAGAGAAGAAAAGGAAGAAAG,0,0,0.006647673,0,0.074311256,387.5,157.0929685,0.186956522,0.086956522,0,0,0,0
3832,AATGGCCACTGCATCCCCAACAG,0,0,0.085647059,0.635340376,0.635340376,462.5,191.8954852,0,0.217391304,0,0,0,0
3833,GGGTGGGGGTGGTTGGCTCTGAG,0,0,0.002053819,0.083063887,0.081729528,357.5,156.6335584,0,-0.565217391,0,0,0,0
3834,AGACACACAGCACAGACTGCAGG,0,0,0.243609023,0.581724684,0.581724684,522.5,206.3608625,0,-0.043478261,0,0,0,0
3835,ACATGAGAAGAAGAGGAGTAGAG,0,0,0.017549858,0,0.037635675,442.5,141.8025557,0,-0.304347826,0,0,0,0
3836,CACTGGGTCTCTGGATGGGCCAG,0,0,0.003673095,0.132915997,0.132915997,485,149.2884161,0,-0.304347826,0,0,0,0
3837,GACCCCAGTGAGTGGAGAGGAGA,0,0,0.006158874,0,0.046239667,455,181.2638821,0,-0.304347826,0,0,0,0
3838,TCTGAGTGAGTGTGGGCATGGGG,0,0,0.023964497,0,0.083169333,455,179.3296451,0.026086957,-0.173913043,0,0,0,0
3839,GAGTGTGAGCAGAAGTAGAAAGA,0,0,0,0,0.29290963,560,200.0372701,0,-0.304347826,0,0,0,0
3840,TGGATGGAGGGATGGGTGGTTGG,0,0,0.04225,0,0.015320006,290,152.3534504,0,-0.108695652,0,0,0,0
3841,AAATGTGAAGCAGAGACACAAAG,0,0,0.074074074,0,0.162564844,462.5,195.0955064,0.004347826,0.565217391,0,0,1,0
3842,GGAATCCTTCCTGAAGGACCTGA,0,0,0.000667211,0,0.075589619,455,178.4831509,0,0.673913043,0,0,0,0
3843,GACATCTATGTACTGCTCATCAG,0,0,0.002469136,0,0.049606302,357.5,173.9075861,0.247826087,0.543478261,0,0,0,0
3844,GGGAGGGGGGAGTTTATTCCCAG,0,0,0.057613169,0.202605475,0.196898279,492.5,181.251863,0.113043478,0.086956522,0,0,0,0
3845,GCCACCACAAAGCCTGGCCCAGA,0,0,0.005636724,0,0.954393122,560,180.0056193,0,0.413043478,0,0,1,0
3846,CCAGTGAGAAAAGGAGAGGCTGA,0,0,0,0,0.018482879,327.5,183.1639297,0.017391304,-0.043478261,0,0,0,0
3847,TGTGAGTGTGTGTGTGTCTGTGG,0,0,0.133333333,0,0.073001262,485,168.8307753,0,-0.152173913,0,0,0,0
3848,ATGTAAAGCAGTGTGTAGAGAGA,0,0,0.014069264,0,0.128972515,522.5,201.8014144,0,-0.260869565,0,0,0,0
3849,GGTATGGAGAAAAGAGGAGTGGG,0,0,0.3090301,0.528267675,0.528267675,522.5,204.180943,0.239130435,0.195652174,0,0,0,0
3850,ATGAGCTCCAGTGTTTAGAGAAG,0,0,0.006222222,0.039657977,0.039020901,425,189.682293,0,0.239130435,0,0,0,0
3851,GGTGAGTGCGTGGGTGTGAGTGG,0,0,0.019875776,0,0.041027871,387.5,154.0067881,0,-0.152173913,0,0,0,1
3852,GGTGTGTGAGTGTGTGTGGAGAG,0,0,0.010311448,0,0.080071819,417.5,129.0399691,0,0.065217391,0,0,0,0
3853,GGGGGCTGAGTGTGTGGGTGTGG,0,0,0.014438503,0.357283047,0.34522286,552.5,194.6115849,0,-0.108695652,0,0,0,0
3854,AATGAAATCTACATCCACAAAAG,0,0,0.041269841,0,0.227610521,555,190.9449072,0.752173913,1.260869565,0,0,0,0
3855,CACATCAATGTCGTCACCATGGG,0,0,0.097402597,0.071983419,0.071983419,455,190.0290728,0.082608696,-0.195652174,0,0,0,0
3856,AAATGAACAGATGAAGCACAGGA,0,0,0.009337068,0,0.122923514,425,191.7938802,0,0.239130435,0,0,0,0
3857,TGTGTGTGAGTGTGTGAGTGAGA,0,0,0.011784512,0,1.290123457,560,198.1255689,0.130434783,-0.065217391,0,0,0,0
3858,ATGTACAGGAGTGAGGAGAGAAG,0,0,0.022727273,0.15797057,0.15797057,552.5,193.9783768,0,-0.043478261,0,0,0,0
3859,AGGCTGGAGGAATGATGAGACAG,0,0,0,0.122256818,0.119960915,485,163.9003742,0.839130435,2.891304348,0,0,0,0
3860,CCAGTGAGTATTGCTGAGACAAG,0,0,0.00339167,0,0.03146428,260,160.2987943,0.004347826,0.260869565,0,0,0,0
3861,TCAAGGGAGGAATGAGGAATGGA,0,0,0.016483516,0,0.4917675,552.5,186.3956801,0.956521739,6.391304348,0,0,0,0
3862,ATGGACAGCAGTAAGCAGAGAGA,0,0,0.01717033,0,0.100056646,455,188.4388366,0.556521739,0.847826087,0,0,0,0
3863,GACCCCTTCCAACACGCCACTGG,0,0,0.058035714,0,0.023707685,357.5,166.7135342,0,0.260869565,0,0,0,0
3864,GGCGCTGGGGCTGGAGCAGGCGG,0,0,0.06302521,0,0.113428797,485,168.8171387,0.004347826,-0.043478261,0,0,0,0
3865,CTCATCCTACCAGAGACACAAGA,0,0,0.025123686,0,1.554082999,627.5,213.1004027,0,-0.195652174,0,0,0,0
3866,AAATGATAAAAATAGTCACAAGG,0,0,0,0,0.059906683,455,185.0373364,0.695652174,0.956521739,0,0,0,0
3867,GTGTGGAGGGACTTGGCTCCTGG,0,0,0.01684492,0.137695438,0.135371465,425,194.6536972,0,-0.630434783,0,0,0,0
3868,GATAAGTGTGTGTGTGTGTGCAG,0,0,0.055282051,0.372455417,0.372455417,552.5,193.1405086,0.030434783,0.586956522,0,0,0,0
3869,GAGCCCCTCCAGCCGCCCTCTGG,0,0,0,0,0.033613349,357.5,179.4604521,0,0.326086957,0,0,0,0
3870,ACCTCCCCAGAGCATGGCAACAG,0,0,0.019444444,0.072298905,0.072298905,455,171.821079,0,-0.369565217,0,0,0,0
3871,CCTCTCCACCCAGAGACTCAGAG,0,0,0.029034691,0.186959075,0.186959075,552.5,188.4152864,0,-0.086956522,0,0,0,0
3872,GGAGTCCCTCCTGCACCTCCCAG,0,0,0,0,0.046671384,485,170.6229044,0.02173913,0.260869565,0,0,0,0
3873,ATACAAGGAGAAGAGGCACAGAG,0,0,0.077540547,1.364942529,1.364942529,620,213.698263,0,-0.5,0,0,0,0
3874,TGGCTGCAAGAATGAGGAATAGG,0,0,0.111419568,0.208134859,0.208134859,552.5,181.2354389,0.060869565,-0.173913043,0,0,0,0
3875,GCTTCTTTCACACCCACCCTAGA,0,0,0.011414432,0,0.958556333,560,184.1322636,0.995652174,5.565217391,0,0,0,0
3876,GACACAGAAGCAGAGGGGTTCAG,0,0,0.003267974,0.011803401,0.011803401,442.5,153.7161458,0.013043478,0.260869565,0,0,1,0
3877,TGGTGGGGGGAGTGTGGTACAGA,0,0,0,0,0.030222669,387.5,155.8267044,0.639130435,-0.391304348,0,0,0,0
3878,GTCTCTTCTAATGACTAGGAAAG,0,0,0.12567077,0.248482175,0.244064714,552.5,175.4430357,0.473913043,0.782608696,0,0,0,0
3879,GGTGAGTGAGTGAATGAATGTAG,0,0,0.043491124,0,0.005678142,290,151.6520505,0,-0.47826087,0,0,0,0
3880,AAAGGGGAAGAAGAGTCCCAGAG,0,0,0,0,0.030658184,485,173.8286568,0.643478261,0,0,0,0,0
3881,TAATGAGAAGTAGATGCTCAAAG,0,0,0.005698006,0,0.04615898,357.5,173.3395614,0.086956522,-0.195652174,0,0,0,0
3882,TGGTTGAATGAATGAGGAGATGA,0,0,0.013257576,0,0.275530908,552.5,174.8458389,0,-0.195652174,0,0,0,0
3883,CCAGGAACTAGAGCAGAGGCCGA,0,0,0.025741579,0,0.23197741,522.5,198.8188575,0,-0.02173913,0,0,0,0
3884,GAGTTTGAGCACAAGAGGAAGGA,0,0,0.003833753,0,0.172261305,455,187.4234845,0.026086957,-0.02173913,0,0,0,0
3885,GACACCGAAGAAGAGATTAGTGA,0,0,0.002387319,0,0.017940047,320,127.7958905,0,0.369565217,0,0,0,0
3886,AAATGATAAGAATAAGGACAAGG,0,0,0.009490855,0,0.039019591,357.5,172.124366,0,-0.217391304,0,0,0,0
3887,TGGATGGAGGAGTGGGAAGAAGA,0,0,0.017115162,0,0.028894225,290,139.153167,0,-0.652173913,0,0,0,0
3888,GGTGAGTGGGGGTGAGAGTGGGG,0,0,0.072046784,0,0.047757775,357.5,173.8170033,0,-0.543478261,0,0,0,0
3889,GGACAACCTTCTGCAGCACTGGA,0,0,0.003413866,0,0.39945125,555,178.1144961,0.130434783,-0.282608696,0,0,0,0
3890,GCCATGTTTTGTTTGTTCTCAGG,0,0,0.031179138,0.397051531,0.390673193,425,204.1402158,0.017391304,0.173913043,0,0,0,0
3891,TGTATGGAGAAATCAGGAGTCAG,0,0,0.051851852,0.391301079,0.380866383,530,203.2410789,0,0,0,0,0,0
3892,TGGATGGATGAGTGAGTAGATGA,0,0,0.003761574,0,0.069049196,387.5,149.4004082,0,0.304347826,0,0,0,0
3893,GGTGAGAGAGTGCGTGAGAGAGG,0,0,0.092105263,0,0.048184735,387.5,155.5833877,0.317391304,-0.02173913,0,0,0,0
3894,CGTGCGTGCGTGTGTGTGTGTAG,0,0,0.024691358,0,0.372455417,552.5,192.9657886,0,-0.086956522,0,0,0,0
3895,GGCCCTGCCCCTGGAGGGGGAAG,0,0,0.006569465,0,0.16579195,552.5,183.9515499,0.017391304,0.326086957,0,0,0,0
3896,GCTTTGTTTTCTTTGTTTTCTGG,0,0,0.115752551,0.153271246,0.150546424,455,185.2925663,0.326086957,-0.195652174,0,0,0,0
3897,GGCTCTGGGTGTGGAGGTGGCGG,0,0,0.083096591,0,0.697697198,522.5,204.0047629,0,-0.869565217,0,0,1,0
3898,GGTGGGTGAGTGTGTGCCAGCAG,0,0,0.025396825,0,0.194537313,492.5,162.9403468,0.2,-0.956521739,0,0,0,0
3899,GAACACAATGCATATAATGAAGG,0,0,0.02,0.0388607,0.037612163,387.5,142.9094871,0.169565217,-0.065217391,0,0,0,0
3900,TGGGAGTGAATGTGTGAGTGTGG,0,0,0.217777778,0,0.553566283,552.5,192.6941525,1,3.934782609,0,0,0,0
3901,ACAATCCATCAAGTGACACACAG,0,0,0.089876543,0.124668036,0.122563934,425,200.8027316,0.92173913,2.673913043,0,0,0,0
3902,CTCGCCCCTCAGGGCTGTCAAAG,0,0,0,0,0.05168083,485,166.6757938,0,-0.195652174,0,0,0,0
3903,GACCCCCTCCATCCTCCCTGGGG,0,0,0,0,0.012908589,290,142.8508522,0,-0.326086957,0,0,0,0
3904,ATCACCAGTGGGGAGAGGGGAAG,0,0,0.004262919,0.067861369,0.066654945,357.5,177.8072625,0,0.086956522,0,0,0,0
3905,GCAGTGAGGCGAGGGGAGGCCAG,0,0,0,0,0.126035717,522.5,198.6092986,0.069565217,0.260869565,0,0,0,0
3906,AAATACCAAGAAGAGGTACAGAG,0,0,0.03276749,0,0.239135105,555,192.7564041,0,0.043478261,0,0,0,0
3907,GAACAGAAAGCCAATACTGCAGG,0,0,0.013013303,0,0.044169427,327.5,185.9915734,0,0.043478261,0,0,0,0
3908,TCCATCCATCAATAGACACCTGG,0,0,0.051136364,0,0.149801193,357.5,166.3329958,0,0.217391304,0,0,0,0
3909,GGTGGGTGACTGTGTCCGTGTGG,0,0,0,0,0.445900444,560,196.8315177,0.004347826,-0.673913043,0,0,0,0
3910,TTCATGGAGAAATGAGGACTTGG,0,0,0.102403344,0,0.452917868,552.5,182.6922636,0,-0.434782609,0,0,0,0
3911,TGGATGACGGAATCAGGATTCAG,0,0,0.031746032,0,0.048186352,455,171.3298177,0.052173913,0.086956522,0,0,0,0
3912,GGTGTGTGAGTGAGGGAGTGTGG,0,0,0.005874126,0,0.060022353,357.5,173.2192268,0,-0.347826087,0,1,0,0
3913,GTAATTCCTCCTGCAGAACCAGA,0,0,0.010213243,0,0.339662881,552.5,191.1961685,0,0.065217391,0,0,0,0
3914,GACACTGATTCAGAGTTTTGTGG,0,0,0.079884454,0.22085725,0.213402153,552.5,171.3248993,0.373913043,0.608695652,0,0,0,0
3915,GGGTGGGGGGATTTGGTTTCTGG,0,0,0.004142012,0,0.021826573,290,145.542767,0,0.152173913,0,0,0,0
3916,CCAGGGAGGAGGGAGGAGGCAGG,0,0,0.100148148,0.064083778,0.064083778,425,194.5966146,0,-0.282608696,0,0,0,0
3917,CTTTGAGTCTGTGGATGGATGGA,0,0,0.009403935,0,0.473675365,522.5,210.4159323,0,-0.369565217,0,0,0,0
3918,CCGGTGGGGAGAGCGGAGGCGGG,0,0,0.267040149,1.046578546,1.046578546,627.5,213.5290388,0.013043478,-0.282608696,1,0,1,0
3919,GACCCCCCCCGCCCCCTCTCCGG,0,0,0,0,0.052582071,387.5,171.5955624,0.004347826,-0.173913043,0,0,0,0
3920,CAATGAGAATAAGAGTAACATAG,0,0,0,0,0.096565315,485,175.9337266,0.491304348,-0.347826087,0,0,1,0
3921,AAATGAGAAACTGAGGCACAGAG,0,0,0.032263374,0,0.583428198,467.5,201.4620794,0.643478261,0.891304348,0,0,0,0
3922,TGTGAGTGAGTGAGTGAATGTGA,0,0,0.015532544,0,0.046238115,387.5,163.2912351,0.97826087,2.413043478,0,0,0,0
3923,GGCTCCCCACACCCTGCCCAGGG,0,0,0.028885211,0.276221715,0.276221715,455,185.2660521,0,0.02173913,0,0,1,0
3924,TGGAGGGAGGAAGGAGTGGTAGG,0,0,0.016695652,0,0.043896945,387.5,162.0029151,0,-0.217391304,0,0,0,0
3925,TCAGTCAGAAGAGAGGAGGCGGA,0,0,0.015388257,0,0.082792192,522.5,201.815051,0,0.347826087,0,0,0,0
3926,AATTGAGAAGATGAGGCAAAGGA,0,0,0.007002801,0,0.512062667,462.5,181.4078996,0.008695652,0.260869565,1,0,0,0
3927,GGGATTGATGTCCTTCCCATTAG,0,0,0.006419753,0,0.240310978,522.5,202.4389944,0,-0.108695652,0,0,0,0
3928,GAACCACTACACCCAGCCTCCAG,0,0,0.039741329,0,0.146830007,522.5,198.7192141,0.360869565,-0.586956522,0,0,0,0
3929,TATGTGTGAGTGTGTGCCTGCGA,0,0,0.01017501,0,0.310333333,552.5,192.2483467,0.495652174,0,0,0,0,0
3930,GACTCCCTCTTCCCCACCTCAAG,0,0,0.060063684,0,0.132156214,455,189.816154,0,-0.065217391,0,0,0,0
3931,ATAGGAGAAAAAGAGGGACAAGG,0,0,0.024955437,0.56142625,0.56142625,552.5,192.1085525,0.517391304,-0.217391304,0,0,0,0
3932,TCTGCCTCCTTTATACTCACAGG,0,0,0.096153846,0.297351481,0.297351481,425,198.4788593,0,-0.326086957,0,0,0,0
3933,GAGCCCCTGCACCCGGCCGCAGA,0,0,0.000268684,0,0.080525945,455,169.7571981,0,0.086956522,0,0,0,0
3934,GGCAGTGCAGCTGTAGATGGCAG,0,0,0.024888889,0,0.05268594,455,181.3266039,0.082608696,0.456521739,0,0,0,0
3935,TGGAAGAAGGAATTAGGAGATGG,0,0,0.075,0,0.067191662,455,166.7517146,0,-0.108695652,0,0,0,0
3936,TGAACTGGGGTTGGAGGTGGGAG,0,0,0.044444444,0,0.782934488,522.5,209.3420993,0,-0.173913043,0,0,0,0
3937,TGTGGGTGAGTGTGAGAGTGTGA,0,0,0.013508772,0,0.163368333,455,182.7185474,0.273913043,0.434782609,0,0,0,0
3938,GGGGAGTGAGTGGGTGGCTGCAG,0,0,0.000947239,0,0.045590781,387.5,162.7632351,0.017391304,-0.152173913,0,0,0,1
3939,GGTGTGTGGGGGTGGGCGTGAGA,0,0,0.0003367,0,0.130024297,425,193.5147944,0.195652174,-0.152173913,0,0,0,0
3940,GCCACCCCAAGGCCTGCACAGAG,0,0,0.01016703,0,0.062952983,387.5,165.6868719,0.017391304,0.326086957,0,0,1,0
3941,TCCTGACCAAAGCCTGGCCTTGA,0,0,0.023214286,0,0.421955546,552.5,178.9880961,0.430434783,0.282608696,0,0,0,0
3942,GGTGTGTGTGTGTGTGTGAGCAG,0,0,0.007542088,0,0.111383028,485,162.2177886,0.017391304,0,0,0,0,0
3943,GGGCTGGGGGAATGAGGAGTTGA,0,0,0.017192384,0,2.543507363,627.5,216.426583,0.260869565,-0.065217391,0,0,0,0
3944,AGCATTTTTGTCATTACCTGGAG,0,0,0.1092,0,0.50455783,620,213.2142356,0,-0.260869565,0,0,0,0
3945,ACATGAGGAGGCGAGGCACAGAG,0,0,0.025552307,0,0.390673193,425,201.9139989,0.004347826,-0.456521739,0,0,0,0
3946,GGAGAGTGAGTGTGTGTGTGAGA,1,0.001528518,0.023148148,0,4.623455128,567.5,200.0858889,0.113043478,-0.130434783,0,0,0,0
3947,AGTGAGTGAGTGTGGGTGAGTGG,0,0,0.006,0,0.054360238,387.5,153.2588674,0,0.260869565,0,0,0,0
3948,GACCACCTCCACCCTGACCCCGG,0,0,0.004904215,0,0.048855403,387.5,151.9705474,0.052173913,0.086956522,0,0,1,0
3949,GGCTCTGGGGCTGGAGGTTCTGA,0,0,0.008116883,0,0.20797875,485,147.3409832,0,0.02173913,0,0,0,0
3950,TTTGCCCCACAGGGCATTGACAG,0,0,0.024305556,0.433940678,0.433940678,492.5,168.665889,0,0.065217391,0,0,0,0
3951,GGGCCAGACAGAGCCAGTGAGGG,0,0,0.116883117,0.064002765,0.06292255,455,182.1848161,0.004347826,-0.5,0,0,0,0
3952,GAGACCAAAGCGGAGTTATTGGG,0,0,0.240740741,0.102823208,0.102823208,455,183.1493855,0.017391304,0.217391304,0,0,0,0
3953,CAAAGAGAAGAAGAGACACCAGA,0,0,0.006441971,0,0.119960915,485,163.9003742,NA,4.108695652,0,0,0,0
3954,TGTGAGTGGGTGTGTGTGTGAGA,0,0,0.021604938,0,0.788265432,560,195.4541086,0.091304348,-0.043478261,0,0,0,0
3955,AACACACTCCACCCAGCCTCTAG,0,0,0.040545809,0,0.243723101,522.5,202.3333944,0.391304348,0.130434783,0,0,0,0
3956,CGCTGTGTTCCTGGATGGAAAGA,0,0,0.012681159,0,0.392475151,552.5,172.8708833,0,-0.5,0,0,0,0
3957,GTCACCTCCAATGATTACACAGG,0,0,0.009718173,0.009275695,0.00900388,345,111.6840453,0.32173913,0.130434783,0,0,0,0
3958,ATATGAGAGGAAGAGGCAAAGGA,0,0,0.014430014,0,0.644944444,560,185.4522197,0.165217391,0.217391304,0,0,0,0
3959,GGTGTGTGTGTGTGTGTGTGAGG,0,0,0.101818182,0.699446792,0.699446792,560,194.1657886,0,-0.347826087,0,0,0,0
3960,GGTGTGTGTGTGTGTGTGTGAGA,0,0,0.007070707,0,0.699446792,560,194.1657886,0,-0.52173913,0,0,0,0
3961,CTTGCCCCACAGGGAGAGAAAGA,0,0,0.000923288,0,0.004539126,370,141.2951082,0,-0.326086957,0,0,0,0
3962,TGTGTGTGAGAGTGTGCGTAGGA,0,0,0.017755682,0,0.387083187,455,174.5439964,0.330434783,-0.065217391,0,0,0,0
3963,GACATGTTTTCATTTATCTTGGA,0,0,0.001288394,0,0.030434884,387.5,149.6933526,0,-0.043478261,0,0,0,0
3964,GAAGCCCTGCACCCCGCCTCTAG,0,0,0.069547325,0,1.532325837,627.5,215.0386196,0,-0.130434783,0,0,1,0
3965,AGGAGGGAGGACTGGGGAGTTAG,0,0,0.028382066,0,0.198201266,425,195.988558,0,-0.456521739,0,0,0,0
3966,TGAGTCTCCTCTGCAGCACCAAG,0,0,0.121527778,0.58761959,0.569608261,620,211.9834388,0,0.391304348,0,0,0,0
3967,AATGACCACTGACTTCTCAATAG,0,0,0.001689409,0,0.036956946,265,181.5474737,0.273913043,0.173913043,0,0,0,1
3968,AAATGCGAAACTGAGGCACAGAG,0,0,0.01466517,0,0.207676548,460,198.4760954,0,-0.282608696,0,0,0,0
3969,AAATGATAAGAAGAGATCCAAGG,0,0,0.050793651,0,0.012682985,442.5,153.118949,0,-0.630434783,0,0,0,0
3970,TAGATGGATGGATGAGGAGATGA,0,0,0.011458333,0,0.236507827,455,171.632536,0,0.043478261,0,0,0,0
3971,AAAGGTGAAGAAGCGGTACACAG,0,0,0.011574074,0,0.052168566,455,183.9151203,0.782608696,0.02173913,0,0,0,0
3972,GGTGAGTGGGTGGGTGGGTGGGG,0,0,0.010230179,0,0.243274677,462.5,185.954788,0,0.043478261,0,0,0,0
3973,AAAATCCATTCTGCAGCACAAGG,0,0,0.2475,0.710795455,0.697447183,552.5,178.7225831,0.186956522,-0.413043478,0,0,0,0
3974,GGAGAGAGAGTGAGTGAGTGAAG,0,0,0.052350427,0,0.15082587,455,185.8033876,0,-0.130434783,0,0,0,0
3975,GGCCCCCTCCACACCCACTCTGG,0,0,0,0,0.040576305,387.5,171.1861425,0,-0.108695652,0,0,0,0
3976,GCCTCTTTCCCGCTCAGCCTGGA,0,0,0.000596833,0,0.012134923,290,148.1106039,0,-0.304347826,0,0,0,0
3977,GGAGAGAGTGTGTGTGTGTGTGA,0,0,0.012152778,0,0.238125599,552.5,191.3429278,0,0.02173913,0,1,0,0
3978,GCTCCTGAGCAGAAGAAGAACAG,0,0,0.061196701,0.790014173,0.778438874,622.5,215.772416,0,-0.586956522,0,0,0,1
3979,GGTGTGTGAATGTGTGAGGGTGG,0,0,0.03959596,0,0.167894875,485,161.1858326,0,-0.326086957,0,0,0,0
3980,TGTGTGTGAGTTTGTGTGTGTGA,0,0,0.004532505,0,0.299915,455,189.2094685,0.143478261,-0.130434783,0,0,0,0
3981,AAACACAAAGAAGAGACTCCAAG,0,0,0.020464768,0.113159175,0.113159175,357.5,172.7225958,0,0,0,0,0,0
3982,TGGATGGATGGATGGGTAGTTGG,0,0,0.056333333,0,0.047757775,357.5,173.8170033,0,-0.130434783,0,0,0,0
3983,ACATGAAATGAAGAGGAACAGGA,0,0,0.015277778,0,0.25438705,552.5,191.6309278,0.147826087,0.152173913,0,0,0,0
3984,CTCATTTTCTTCATTACCTGTGA,0,0,0.021385042,0,0.487092835,620,208.4624992,0,-0.086956522,0,0,0,0
3985,AAGGAAGAAGAGGAGGCACATGA,0,0,0.016602009,0,0.694060843,525,208.7939796,0.113043478,-0.195652174,0,0,0,0
3986,AAAAGAAAATAAGAGGAACAGGA,0,0,0.01253858,0,0.36403873,552.5,189.9653717,0,-0.52173913,0,0,0,0
3987,GGTGAGGGTGTGTGTGTGTGTGA,0,0,0.011437908,0,0.452243644,560,193.0709278,0,-0.152173913,0,0,0,0
3988,CTGAATACCAGTGAGGACAGCAG,0,0,0.034013605,0.033483823,0.032293287,485,174.7022568,0,-0.304347826,0,0,0,0
3989,AAATGAAAAGAACATGCAAATGA,0,0,0.00179019,0,0.033541582,357.5,162.3624772,0,0,0,0,0,0
3990,GCTGAGTAAGTGTGTGCATCGGA,0,0,0.014264581,0,0.136699648,485,153.2992498,0.017391304,0.413043478,0,0,0,0
3991,AAAGAAAAAAAAGAGGCACATGA,0,0,0.035108024,0,0.858607543,620,209.6631628,0.243478261,-0.065217391,0,0,0,0
3992,TCCACTTTCCCACACAGCTTCAG,0,0,0.002541757,0.092471861,0.090827917,455,185.7011043,0,-0.152173913,0,0,0,0
3993,GCCCCCCTCCCCCCACCCTCCGA,0,0,0,0,0.03845588,357.5,181.2344688,0,0.130434783,0,0,0,0
3994,GGGAGGGAGGAGTGAGGAGAGGG,0,0,0.248695652,0,0.343144014,455,173.0579796,0.07826087,0.369565217,0,0,1,0
3995,GACCCCCCCCACCTCCCCCCCGG,0,0,0,0,0.011549968,387.5,156.4245726,0.034782609,0.47826087,0,0,0,0
3996,GGTGGGTGTGAGTGTGCATGTGA,0,0,0.015576923,0,0.099907201,455,182.2984827,0,0.739130435,0,0,0,0
3997,TGTGAGTGTATGTGTGTGTGTGA,0,0,0.018148148,0,0.343031439,552.5,189.2623722,0,0.152173913,0,0,0,0
3998,GGCAGTGCGGGTGGCGATGGCAG,0,0,0.00989899,0,0.086078568,357.5,176.4884637,0.013043478,0.282608696,0,0,0,0
3999,AGGAGGGAGGAGGGAGGAGTGGG,0,0,0.12057971,0,0.286208544,425,200.696259,0,-0.239130435,0,0,0,0
4000,GTCTCTCTCCCACCCACCGCAGA,0,0,0.000986427,0,0.150052274,485,148.6912193,0.017391304,-0.456521739,0,0,0,0
4001,GGCACTGTGCCTGGAGTTAGAGA,0,0,0.004340278,0,0.159803556,485,159.3743356,0,-0.630434783,0,0,0,0
4002,GGGCCACACTGAGCACCAGAAAG,0,0,0.013979666,0.08046125,0.08046125,485,169.8793749,0,-0.239130435,0,0,0,0
4003,GCCATCCATTTAGAGACCCAAGG,0,0,0.050363958,0.164476488,0.158628435,455,182.5548466,0.113043478,-0.086956522,0,0,0,0
4004,AATCACCTCTATTTCCTCAAGAG,0,0,0.009502262,0.272415361,0.272415361,425,198.0111621,0,-0.239130435,0,0,0,0
4005,TATTTTTTTACATTGTTCTCAGG,0,0,0.392857143,0.786045066,0.786045066,620,211.8942796,0.156521739,-0.369565217,0,0,0,0
4006,GGGAAAGATCCAGCAGCAATGGG,0,0,0.116494083,0,0.009283074,417.5,141.7804605,0,0.130434783,0,0,0,0
4007,GGACCTGCTGCTGGAGTTGGGGG,0,0,0.040784314,0,0.348646558,552.5,192.8525086,0.147826087,-0.02173913,0,0,0,0
4008,GGTGAGTCCGTGAGTGAGTGGGG,0,0,0.113609467,0,0.13024721,455,181.6549711,0.934782609,0.826086957,0,0,1,0
4009,TCCTCCCCAAACCCTGACCAGGG,0,0,0.494117647,0.634740741,0.634740741,462.5,191.6977885,0.043478261,-0.065217391,0,0,0,0
4010,AGAAGAGAAGAAGAAACACAGAG,0,0,0.092955701,0,0.069289873,455,186.5909525,0.017391304,-0.152173913,0,0,0,0
4011,TGGGTGGAGGAAGGAGGTGAGGA,0,0,0.003184443,0,0.050081283,387.5,146.2661463,0.130434783,-0.065217391,0,0,0,0
4012,CCCTCCCCAAGTTCTGGCCAGGA,0,0,0.008680556,0,0.158845742,362.5,195.7544953,0,-0.173913043,0,0,0,0
4013,TTTGACCCACAGGACAGTTAGGA,0,0,0.016025641,0,0.07850044,455,175.5244954,0,-0.326086957,0,0,0,0
4014,AAGTCCATGCAGAAGAGGAAGGG,0,0,0.068067227,0.42388108,0.416345417,552.5,192.7308912,0.082608696,0.565217391,0,0,0,0
4015,GGAAGTGAGGGTGGAGGTGGGAG,0,0,0.021907407,0,0.7469375,522.5,208.0537793,0,0.413043478,0,0,0,0
4016,AAATGAGAAGACAAGCCTCAAGA,0,0,0,0,0.008761429,290,159.2728198,0.039130435,0.304347826,0,0,0,0
4017,CCCGGTGTCTCTGGTTGGCCAAG,0,0,0.000609544,0.056747143,0.055738305,387.5,136.2337786,0.013043478,0,0,0,0,0
4018,CCTCCCTCCCCTCCCCTCACCAG,0,0,0.004278075,0.054364891,0.052618228,425,187.4884574,0.069565217,0.173913043,0,0,0,0
4019,AAATGAGAAGAAAAGAAAGAAGG,0,0,0.053846154,0,0.011018566,320,140.6781426,0.843478261,0.108695652,0,0,0,0
4020,TGTGACTGAGAGTGTGAGTGTGA,0,0,0.01657197,0,0.204682844,455,190.1978212,0.152173913,0.369565217,0,0,0,0
4021,CCCATTTATCCAGTGACCCAAAG,0,0,0.019870664,0,0.018139485,455,177.9683173,0.052173913,-0.304347826,0,0,0,0
4022,AGAAGAGAAGAAGAGGAAGAAGA,0,0,0.00154321,0,0.19201875,485,166.352289,0.004347826,0.086956522,0,0,0,0
4023,GGGAGCGAGGAATGGGGAGTTAG,0,0,0.070338164,0,0.243723101,522.5,201.9186744,0.02173913,0.282608696,0,0,0,0
4024,AAGTCAGTGCAGAAGAAGATGGA,0,0,0.014923469,0,0.421955546,552.5,177.1765991,0,-0.02173913,0,0,0,0
4025,TATTTTGTTTCATTGTTCTCAAG,0,0,0.06989833,0,0.556118521,620,214.5028352,0.030434783,0.152173913,0,0,0,0
4026,AACCGAAAAGAAGAGGCAGAAGG,0,0,0.034663866,0.341956428,0.335877203,552.5,184.6672193,0,0,0,0,0,0
4027,CCCTCTTGCCCAACCAGCTTCAG,0,0,0.003072454,0.240178592,0.23590875,455,185.6147514,0.047826087,0.02173913,0,0,0,0
4028,GACATGTTTTCATTTTCCTTGGG,0,0,0.014405762,0.069357619,0.068124595,387.5,145.9956674,0.526086957,0.173913043,0,0,0,0
4029,ACATGGGAAAAAGAGGCACGGGA,0,0,0.027816682,0,0.388621058,552.5,175.0446797,0,-0.543478261,0,0,0,0
4030,ACGAACACCACTGAGTATATAGG,0,0,0.171428572,0.075868305,0.075868305,387.5,150.1689831,0,-0.369565217,0,0,0,0
4031,TGTGAGTGTCTGTGTGTGTGTAG,0,0,0.029037037,0,0.343031439,552.5,189.2623722,0,-0.782608696,0,0,0,0
4032,CCTGCACACGCTCTAGTCACAGG,0,0,0.063839286,0.103345915,0.101685739,555,194.6425924,0.060869565,0.195652174,0,0,0,0
4033,AGTGAGTGAGTATGTGCCAGGGA,0,0,0.007936508,0,0.050805063,387.5,155.3125663,0.156521739,-0.239130435,0,0,0,0
4034,GAGTTCTTTTCATTGTACCCAGA,0,0,0.003483107,0,0.114544945,485,165.151905,0,0.152173913,0,0,0,0
4035,GGCTGGGAGGAGTTGGCACCCAG,0,0,0.003323837,0,0.082004963,455,175.9418282,0,-0.065217391,0,0,0,0
4036,AAATGGGAAGAAGATACAAACAG,0,0,0.011337868,0,0.013204918,387.5,155.1705686,0,-0.130434783,0,0,0,0
4037,GAGAGGGAGCAGGAGAAGAAGGA,0,0,0.006469979,0,0.334982304,525,205.7527755,0,0.065217391,0,0,0,0
4038,AAATGAGAAGTGGAGGCAGGGAG,0,0,0.005507141,0,0.051316877,290,137.368216,0,0.065217391,0,0,0,0
4039,GGTCCTTGGGCTGGAGGTGGGGG,0,0,0.089135654,0,0.878799588,620,212.3154022,0.008695652,-0.326086957,0,0,0,1
4040,GTCCCCCTCTCCCCCACCTCAAG,0,0,0.070984353,0,0.132156214,455,190.449754,0.047826087,-0.413043478,0,0,0,0
4041,GCAGTGTGTAGAGGGGAGGTCAG,0,0,0,0.072335521,0.070977107,455,168.0400346,0.02173913,-0.043478261,0,0,0,0
4042,TGGATCGCGGATTGTGGAGTAGA,0,0,0.001352814,0,0.114132886,425,192.391077,0,-0.086956522,0,0,1,0
4043,GCCCTCGCTGCCCTCCCCATCAG,0,0,0.02054155,0.794051205,0.794051205,522.5,208.7564993,0,-0.47826087,0,0,0,0
4044,GCCTCCTTCCTACCCATCCTGGA,0,0,0.002500692,0,0.061210534,387.5,159.4498213,0,1.260869565,0,0,0,0
4045,GAGTTGTTTTCATTGTACAGCAG,0,0,0.001161946,0.081861442,0.078950813,417.5,129.8002891,0.017391304,0.456521739,0,0,0,0
4046,GTCTCTTTCCTCCCCATCTTTAG,0,0,0.008905974,0,0.166452825,357.5,184.0277048,0.152173913,0.195652174,0,0,0,0
4047,GGAACTGAGGATGGAGGGGGAAG,0,0,0.036512346,0,0.16982371,455,183.9187661,0.034782609,0.152173913,0,0,0,0
4048,AACACCAGTGAGAAGAGAGAAAG,0,0,0.090606509,0,0.08045186,395,148.3397463,0.834782609,0.239130435,0,0,0,0
4049,CCTTGTGTCTATGGAGTGATGGG,0,0,0.044621394,0,0.054471032,387.5,174.1673793,0,0,0,0,0,0
4050,AGCCCCCTCCACCCTCCCTCCAG,0,0,0,0,0.072985333,455,187.4645525,0,-0.630434783,0,0,0,0
4051,CCCATCCACCCAAGGACCCAGGG,0,0,0.075739645,0,0.009879843,357.5,168.6783812,0,-0.869565217,0,0,0,0
4052,GCCACCTTCCCACCCACCTCTGA,0,0,0.002732957,0,0.845399471,560,180.6028161,0,-0.065217391,0,0,0,0
4053,TGGGTGTGTGTGTGTGCGTGAGA,0,0,0.007575758,0,0.822304167,620,213.4238996,0.195652174,0.217391304,0,0,0,0
4054,AAAGGAGAAGAGGAGGAAGAGGA,0,0,0.001828543,0,0.094473225,387.5,158.8761885,0.469565217,1.717391304,0,0,0,0
4055,GGCATTGGGGCTGGATGTGGAAG,0,0,0,0,0.484148148,560,198.7234372,0.004347826,-0.152173913,0,0,0,0
4056,TAACACACAGCTTAGACTGGGAG,0,0,0.002178649,0.349711364,0.343144014,455,171.2464827,0.886956522,3.326086957,0,0,0,0
4057,AAATAAGAAGAAGAGGAAGGAGG,0,0,0.038660131,0,0.080071819,417.5,129.0399691,0,0.02173913,0,0,0,0
4058,CTGGCCCCACAGGGCTTTTAAGA,0,0,0,0,0.032564844,417.5,149.6494631,0,-0.152173913,0,0,0,0
4059,GCCTCTCCCCAGCCTGGCCCAGG,0,0,0.040197897,0.22085725,0.213402153,552.5,171.3248993,0.02173913,0.108695652,0,0,0,0
4060,TGGATGGCGGCATGAGATGTTAG,0,0,0.020740741,0,0.059919104,387.5,163.460655,0,-0.260869565,0,0,0,1
4061,AAAAGAGACAAAGAGGTACAAGG,0,0,0.118518518,0,0.325662758,552.5,188.3887722,0,-0.043478261,0,0,0,0
4062,AAATGAGATGAAGAGCCAGGTGA,0,0,0,0,0.019750213,417.5,130.0661939,0,0.130434783,0,0,0,0
4063,GTCAGCATAGTCAGGACCTGAAG,0,0,0,0,0.039020901,425,189.682293,0,-0.065217391,0,0,0,0
4064,CACATCCATCCAGGTACACTTAG,0,0,0.007542088,0.027850461,0.027850461,357.5,155.9761939,0.004347826,-0.326086957,0,0,0,0
4065,TCCTGTGTCTCTGCAGGGTTCAG,0,0,0.020710059,0,0.013502076,387.5,159.5243895,0,-0.456521739,0,0,0,0
4066,GGCACTGCGGGTGGAGGCGGGGG,0,0,0.107142857,0,0.771201493,470,189.946583,0,0.152173913,0,0,0,0
4067,CTTTTCCATCCTGAGACACAGAG,0,0,0.034371493,0,0.694060843,525,209.8422996,0,-0.608695652,0,0,0,0
4068,TTTGTGTGTGTGTGTGCGTGCAG,0,0,0.035996327,0.860350791,0.833979885,620,213.7118996,NA,0,0,0,0,0
4069,TGTTTGTTTTCATTTTTCTCAAG,0,0,0.02037037,0,0.397208228,525,204.2249784,0,-0.282608696,0,0,0,0
4070,CCCACCAATCCAGGGACACAAGA,0,0,0.024305555,0,0.271951195,530,205.0893146,0,-0.347826087,0,0,0,0
4071,AACACCAGGCAGAAGAGCAGGGA,0,0,0.008503401,0,0.098147193,455,170.0011628,0.1,0,0,0,0,0
4072,GACTTATATTCATTTTTGTCTGA,0,0,0.001058201,0,0.047769728,455,174.6838442,0,-0.326086957,0,0,0,0
4073,GGCACTGCAGATGAAGCTGGCAG,0,0,0.022058824,0,0.026551897,357.5,176.3848402,0,0.239130435,1,0,0,0
4074,TGGAGGCAGGAAGGAGAAGTGAG,0,0,0.027774557,0,0.152967414,455,185.0430676,0.965217391,0.586956522,0,0,0,0
4075,GACTTTTTTTCCTTGTATTCAGG,0,0,0.060150376,0.033763216,0.033763216,387.5,163.2884712,0.717391304,1.47826087,0,0,0,0
4076,AACTGAGAAGCTGAAGCACAGGG,0,0,0.053781513,0,0.108461679,327.5,190.5187943,0,0,0,0,0,0
4077,CCCATCCTACCAGAGGCACATGA,0,0,0.005314626,0,0.280836568,560,196.0519768,0,-0.260869565,0,0,0,0
4078,GGGACAGAGGCTGGCGGTGGCAG,0,0,0.019915825,0,0.240310978,522.5,199.5791775,0,0.108695652,0,0,0,0
4079,GCATGCCCAACTCCTGGCCATGG,0,0,0.08,0.385203768,0.385203768,425,203.4374958,0,-0.195652174,0,1,0,1
4080,ACCTCCCCAAGTCCTGGCCTCAG,0,0,0.035,0.194089807,0.190444928,357.5,168.1162159,0.086956522,-0.695652174,0,0,0,0
4081,AGCCCAGCCTGGGCACGGGACGG,0,0,0.092857143,0.158312903,0.152684,455,182.9607493,0,-0.673913043,0,0,0,0
4082,CTTCCCTCACAGGGCTGTAGGGG,0,0,0,0,0.077563529,485,161.5171934,0,-0.217391304,0,0,0,0
4083,CCCATCAATTCAGAGCCACACAG,0,0,0,0.296639614,0.28912975,560,195.7366569,0,-0.956521739,0,0,0,0
4084,AAGACCAGTGAGTAGGCTGGAGG,0,0,0.014544279,0.02026257,0.02026257,442.5,154.9741298,0.130434783,-0.239130435,0,0,0,0
4085,AAAGGAGAAAAAAAGGCAAATGA,0,0,0.016025641,0,0.177767966,455,173.0873431,0,-1.152173913,0,0,0,0
4086,GGGAGGGGGGAGTGTGTTCCGGG,0,0,0,0.175512882,0.170568858,462.5,186.9011043,0.013043478,-1.065217391,0,0,0,0
4087,TACATGTTATCAGTGTTCTCTGG,0,0,0.115350488,0,0.355433782,522.5,204.8672991,0,-0.217391304,0,0,0,0
4088,TGCCCTGGGGATGGAGGTGGTGA,0,0,0.011817227,0,0.794051205,522.5,208.9964993,0.443478261,0.956521739,0,0,0,0
4089,GCCTGGCGAAAGCTTGGCCAAAG,0,0,0.036666667,0.128972515,0.128972515,522.5,201.3866944,0,-0.434782609,0,0,1,0
4090,GGGTGGGTGGAGTTTGAGGCCAG,0,0,0.00315072,0,0.03400814,442.5,138.9427388,0,-0.260869565,0,0,0,0
4091,CTTGCCCCACAGGGTTGTTATGG,0,0,0,0,0.035234299,395,158.1565526,0,-0.02173913,0,0,0,0
4092,GGTGAGGGCGTGTCTGGGTGAGG,0,0,0.008473978,0,0.034250305,455,180.2317431,0,-0.347826087,0,0,0,0
4093,GGCGCCGCGGGTGGGGGTGGGGG,0,0,0.092329545,0,0.128747462,425,196.1033107,0,0.086956522,0,0,1,0
4094,GCTTCTTTCCCAACCATGTTTGG,0,0,0.016452991,0.045590781,0.045590781,387.5,162.7632351,0.065217391,-0.065217391,0,0,0,0
4095,GCCTCTCCAGCACCTGGCCAAGG,0,0,0.192592593,0.207676548,0.207676548,460,198.4760954,0,-0.02173913,0,0,1,0
4096,AAACACAAAGCAGAAACTACTGA,0,0,0.010960906,0,0.054642629,357.5,164.745658,0,-0.391304348,0,0,0,0
4097,ACAGTGTGGAGAGCGGAGGGAGG,0,0,0.015931372,0.296624184,0.291053776,552.5,175.7194389,0,0.043478261,0,0,0,0
4098,TGTGTGTGTATGTGTGCGTGAGA,0,0,0.014141414,0,0.805112123,620,208.9601632,0,-0.304347826,0,0,0,0
4099,GAGTCCCAGCAGAGAAATAAAGG,0,0,0.20130719,0.007901975,0.007648097,357.5,165.5472797,0,-0.239130435,0,0,0,0
4100,TGAGTGTGAGTGTGTGAGTGCGA,0,0,0.008417508,0,0.601049167,552.5,196.3975689,0,-0.239130435,0,0,0,0
4101,GTAGGGTGAGTGTGTGAGTGTAG,0,0,0.03959596,0.601049167,0.601049167,552.5,196.1575689,0,1.413043478,0,0,0,0
4102,ACCATCTATCCTGAGAGACAGAG,0,0,0.004130356,0.208549492,0.204841945,455,188.1146077,0.165217391,-0.217391304,0,0,0,0
4103,GATTTGTTTTAATTTTTTTCAGG,0,0,0.047353316,0.045512754,0.045512754,357.5,172.8115614,0,0.043478261,0,0,0,0
4104,TGTGTGTGTGTGTGTGAGTGTGA,0,0,0.007070707,0,0.372455417,552.5,192.9657886,0,-0.760869565,0,0,0,0
4105,TGTGTGTGTGTGTGTGAGTGTGG,0,0,0.101818182,0,0.372455417,552.5,192.9657886,0,0.130434783,0,0,0,0
4106,AAATTTGAAAAAGAAGCACAAAG,0,0,0.048801743,0,0.213651194,522.5,196.926938,0,-0.195652174,0,0,0,0
4107,CACCCCCTCCACCCTGCATTGGG,0,0,0.007692308,0,0.036635506,387.5,142.4320452,0,0,0,0,0,0
4108,TGTGTGTGTGTGTGTGAGTGAAG,0,0,0.026397306,0,0.372455417,552.5,192.9657886,0,-0.434782609,0,0,0,0
4109,ACTTCCCCAAAGGCTGCCCAGGG,0,0,0.019852941,0,0.232606028,455,188.1865684,0.034782609,-0.108695652,0,0,0,0
4110,CACTCCAAGTAGAAGAAGAAAAG,0,0,0.067035361,0.887386413,0.887386413,620,211.2970828,0,-0.565217391,0,0,0,0
4111,GGGGAGAGGCTGTGTGCGTGAGG,0,0,0.116666667,0.525315492,0.51726468,620,207.3373024,0.008695652,-0.326086957,0,0,0,0
4112,GACTCCCTCCGCCCCGCTTCCAG,0,0,0.086666667,0,0.342756219,462.5,187.872983,0,-0.304347826,0,0,0,0
4113,CCCTCTTTCCCTCCCTCCTCTAG,0,0,0,0,0.05902077,387.5,157.0578737,0,-0.608695652,0,0,0,0
4114,AGTGAGCGTGTGTGTGGGTGTGA,0,0,0.001516544,0,0.25438705,552.5,191.8709278,0,2.717391304,0,0,0,0
4115,GCCTTCCCAAAGAAAGGCCAAGA,0,0,0.003444107,0,0.022109939,362.5,182.5661532,0.139130435,0.239130435,0,0,0,0
4116,GACTGGTGCCCACCCACCTTGAG,0,0,0.047407407,0,0.82579023,620,212.785879,0.004347826,0.130434783,0,0,0,0
4117,GCATCCTCAAAGCCTGGTCCAGG,0,0,0.102881493,0,0.087148938,485,153.727886,0,0.239130435,0,0,0,0
4118,AAAAGACTAGAATAGGCACATGG,0,0,0.042091837,0,0.378170105,522.5,203.3440817,0.013043478,-0.282608696,0,0,0,0
4119,AGTGAGTGAGTGTGTGTGTGTGA,0,0,0.029166667,0,5.899193548,567.5,200.6138889,0,-0.434782609,0,0,0,0
4120,ACATGAGAAGAAGCAGCCCAAGA,0,0,0.002096077,0,0.012392231,357.5,167.6904605,0,0.173913043,0,0,0,0
4121,GAGGCAGAGGAGAAGAAGGAAAG,0,0,0.021942515,0,0.277905994,552.5,180.8006796,0,0.130434783,0,0,0,0
4122,ATGAACAACAGAGAGGAGAGGAG,0,0,0.046666667,0.226140084,0.226140084,462.5,192.2956567,0.004347826,-1.282608696,0,0,1,0
4123,AGTGAGTGAGTGTGTGTGTGAAG,0,0,0.108888889,0,5.899193548,567.5,200.6138889,0.1,-0.391304348,0,0,0,0
4124,TGTGCGCGTGTGTGTGCGTGCAG,0,0,0.053472222,0.58761959,0.569608261,620,211.5687188,0.060869565,0.217391304,0,0,0,0
4125,GGGAATCACCCAACATCTGTAGA,0,0,0.02023646,0,0.047113964,455,180.1081814,0,0.260869565,0,0,0,1
4126,GTCATATGTGTCATTTCCTGAGG,0,0,0,0,0.090966306,552.5,193.0659928,0.017391304,-0.260869565,0,0,0,0
4127,GAACACAAAGCATTGATTGAGAG,0,0,0.032263374,0.060843761,0.060843761,395,150.6371044,0.317391304,0.913043478,0,0,0,0
4128,TGTGAGTGTGGGTGTGGGTGTGG,0,0,0.014117647,0,0.206712756,455,188.0240249,0.191304348,-0.152173913,0,0,0,0
4129,GGGAAAGACCCTGCCCCTGTAGG,0,0,0.038961039,0.006067346,0.006067346,290,154.5651188,0.017391304,0.347826087,0,0,0,0
4130,GCCTCCCCAAAGCGGGGGCTAAG,0,0,0,0,0.004454793,290,130.7928606,0,0.195652174,0,0,0,0
4131,TGTGAGTGTGGGTGTGGGTGTGA,0,0,0.000980392,0,0.206712756,455,188.0240249,0,5.152173913,0,0,0,0
4132,GACTTGTTTTCAGTGTTAGGAAG,0,0,0.000535554,0,0.013599659,345,116.3917463,0,-0.282608696,0,0,0,0
4133,CCCTCTGCCCCACCCTCCTTTGA,0,0,0,0,0.186003667,552.5,196.4285764,0,0.195652174,0,0,0,0
4134,GAGCTGTATTCCTTGTTCTCCAG,0,0,0.017658525,0,0.694060843,522.5,206.9824826,0.408695652,0.326086957,0,0,0,0
4135,TGGATGGATGGATGAAGAATGGA,0,0,0.017195767,0,0.026286255,387.5,160.9737101,0.004347826,0.260869565,0,0,0,0
4136,CCCTGTCTCCCTGGATGGAGGGG,0,0,0.064705882,0.802561625,0.779954255,560,175.8874829,0,-0.260869565,0,0,0,0
4137,CCCCTTCCTCCAGAGACACATAG,0,0,0.036414566,1.46807152,1.46807152,627.5,214.640599,0.02173913,-0.065217391,0,0,0,0
4138,CGTTCTGAGGCTGGAGGTGGCAG,0,0,0.052662037,0,1.345833333,620,214.698583,0.026086957,0.086956522,0,0,0,0
4139,AGACTCCCTTCTCCAGCCCCAAG,0,0,0.006604747,0,0.120099,455,183.4037462,0,-0.217391304,0,0,1,0
4140,GCATCCCCAATGCCTAGCAATGA,0,0,0.007936508,0,0.046944126,387.5,164.4054905,0,0.195652174,0,0,0,0
4141,AAATCAGATGAAGGGACACATGA,0,0,0.015277778,0,0.022403272,455,185.0242891,0,-0.173913043,0,0,0,0
4142,GTGAACACCCCTGAGTAGACAGG,0,0,0.06122449,0.363326651,0.356503615,455,170.8405799,0,-1.02173913,0,0,0,0
4143,AAATGACATGAACAGTCACACAG,0,0,0,0,0.039742653,455,186.0692924,0,2.02173913,0,0,0,0
4144,AGAGAGTGTGTGTGTGAGTGTGG,0,0,0.18,0.373887938,0.367241041,552.5,193.7261086,0.97826087,0.065217391,0,0,1,0
4145,GACACTGCGGCTGGGGCTGCAGG,0,0,0.055462185,0,0.0719626,387.5,146.6292674,0.060869565,0.108695652,0,0,0,0
4146,CTTAACACCAGTGGGCAGAGCAG,0,0,0.034567901,0.040009579,0.040009579,455,189.7443895,0.739130435,1.586956522,0,0,0,0
4147,GGTGTATGAATGTGTGTGTGTAG,0,0,0.041062477,0,0.322464761,552.5,190.1478485,0.143478261,0.217391304,0,0,0,0
4148,GATTTGTATTCCTTGTCCTCAGA,0,0,0.007094943,0,0.280743218,455,186.8699715,0.004347826,0.152173913,0,0,0,0
4149,CTTTCCCCACAGAGAAGTGAAGG,0,0,0.027972028,0.051728355,0.051728355,357.5,163.872058,0,-0.043478261,0,0,0,0
4150,AAATAAGAACAAGATGTACAAGA,0,0,0.001604938,0,0.142843894,455,177.7268109,0,-0.02173913,0,0,0,1
4151,GAATGAAAAGAACAGCCACACAG,0,0,0,0,0.071983419,455,190.0290728,0,0.130434783,0,0,0,0
4152,GGTGTGTGAGTGTGGGCATGCGG,0,0,0.012587413,0,0.156186541,462.5,179.4813251,0,-0.065217391,0,0,0,0
4153,GGCCCAGCGGCTGTGGGTGGTGA,0,0,0.003681917,0,0.034564634,425,190.6942098,0,-0.891304348,0,0,1,0
4154,ACTAGGGAAGAAGAGGCACATGA,0,0,0.013100478,0,0.778438874,622.5,215.772416,0.460869565,-0.065217391,0,0,0,0
4155,GAACATATAGTCTAGACTGCAGA,0,0,0.002237737,0,0.22549028,425,200.3680149,0,-0.02173913,0,0,0,0
4156,TTGATGAAGGAATTAGGATTTGA,0,0,0.007856341,0,0.050756291,455,174.1896346,0,-0.217391304,0,0,0,0
4157,AAAGCAGAATAAAAGGCACATAG,0,0,0.095486111,0,0.509948268,522.5,202.547023,0.013043478,0.065217391,0,0,1,0
4158,ATTGAGCATTACATCCTGAAAGG,0,0,0.042424242,0.116792581,0.114716268,552.5,187.7909024,0,-0.086956522,0,0,0,0
4159,CCTGCCCCCACTCCGCTCACCGG,0,0,0.119166667,0.035370056,0.034285916,425,185.9788766,0,0.260869565,0,0,0,0
4160,GACACCTAAGCAGGGCTGTTGAG,0,0,0.015363512,0,0.00490848,387.5,162.4658754,0,NA,0,0,0,0
4161,GGGATGGAGCAGTGAGCAGTGGG,0,0,0.065018471,0,0.276221715,455,185.5060521,0,-0.52173913,0,0,0,0
4162,AAATGGGTAGAAGAGACGCAAAG,0,0,0.031746032,0,0.030658184,485,171.6024399,0.217391304,-0.195652174,0,0,0,0
4163,CTTCCCTCCACACTACTCACAAG,0,0,0.093166964,0.658890918,0.648306325,522.5,205.3785631,0,-0.130434783,0,0,0,0
4164,TTCTTGTTTTCATTTGTCTCAAG,0,0,0.009324009,0,0.072985333,455,187.4645525,0.573913043,-0.239130435,0,0,0,0
4165,ACCATCCATGCAGGGACCCAGGG,0,0,0.034567901,0.044156751,0.042586733,455,177.1457457,0.082608696,0.239130435,0,0,0,0
4166,GGGTGGGGGAAGTAGGCTCCCGG,0,0,0.028888889,0.091342493,0.089242665,432.5,189.5620574,0,-0.108695652,0,0,1,0
4167,CCTGCCTCCTCTATACTAATCAG,0,0,0.013087607,0.042359567,0.041679092,387.5,142.1480098,0,0.369565217,0,0,0,0
4168,AGGATGGAGGGGTGAGAAGTAGG,0,0,0.438148148,0.169465546,0.166452825,357.5,184.2677048,0,-0.282608696,0,0,0,0
4169,TGGAAGGAGGAGAGTGGAGTTGG,0,0,0.05,0,0.073007317,327.5,186.4892374,0.008695652,0.217391304,0,0,0,0
4170,CCCTCTGTCTCTGTATGGGGGGG,0,0,0.013865546,0,0.030988834,387.5,138.3868955,0,0.065217391,0,0,0,1
4171,GAGGGCGAGCTGAAGAAGAGTGG,0,0,0.088235294,0,0.36643875,455,173.6703964,0.12173913,0.260869565,0,0,0,0
4172,GGGCTGGAGGAAGGAGGAGGAGG,0,0,0.0155415,0.275077841,0.26991206,455,171.6894795,0,-0.043478261,0,0,0,0
4173,CCTCCCTCAGCTCATCTCACTAG,0,0,0.014565826,0.036066176,0.034907424,425,188.5204134,0,-0.673913043,0,0,0,0
4174,GATCAGTGAGTGTGCGCATGTGA,0,0,0.005873651,0,0.083169333,455,178.4560451,0.056521739,-0.195652174,0,0,0,0
4175,TGAATGGATGAATGAGTAGATGG,0,0,0.05625,0,0.153139514,485,156.5885087,0,-0.673913043,0,0,0,0
4176,TCCTTTCTCCCACCCACCTCTAG,0,0,0.010311448,0.485473295,0.476356426,552.5,178.3908993,0,0.543478261,0,0,0,0
4177,CCCTGGGTCTCTGGTGGTATCAG,0,0,0.006837607,0,0.008216393,387.5,160.4952353,0.02173913,0.02173913,0,0,0,0
4178,CCCATCCTTCCACAGAGACTGAG,0,0,0.001651187,0,0.093392989,387.5,148.4771515,0,-0.282608696,0,0,0,0
4179,AAATGGGAAAAAGAGCCACCTGG,0,0,0,0,0.060073929,485,157.9962538,0,0.195652174,0,0,0,0
4180,GCCCCATTCCCACCCTCCTGGGG,0,0,0,0.069949156,0.068705615,485,162.1143902,0,-0.152173913,0,0,0,0
4181,AGATGAATAGAAGAGGCAGAAAG,0,0,0.011111111,0.353204637,0.34064625,552.5,182.7290023,0.013043478,0.195652174,0,0,0,0
4182,CTTGCCCCAGAGGGCTGTTAAGG,0,0,0,0.136810364,0.13334681,492.5,167.3718378,NA,0.173913043,0,0,0,0
4183,AGAATCCTTTCTTCAGCACCCAG,0,0,0.06125,0,1.150704225,530,207.8008625,0,0.02173913,0,0,0,0
4184,AATTGATCAGAAGAAGCACATGA,0,0,0.011298637,0,0.27129322,522.5,198.9819807,0,0.043478261,0,0,0,0
4185,GCCTCCCAAAGTGCTGGCCAAGG,0,0,0.022159091,0,0.137899051,362.5,192.6546783,0,0.173913043,0,0,0,1
4186,GGTGCTGGAGCTGGAGGTGGAGG,0,0,0.177574936,0,0.822304167,620,210.7388027,0.908695652,0.130434783,0,0,0,0
4187,GACCCCCCACCCCCCGCCCCTGA,0,0,0.006568144,0,0.152827065,455,175.162319,0,-0.608695652,0,0,0,0
4188,CCAGTGAGGAGAGAGGGAGCAGG,0,0,0.026470588,0.009828784,0.009828784,387.5,157.1915907,0.139130435,-0.086956522,0,0,0,0
4189,GGTCTCCCTCCCGCAGCACCCAG,0,0,0.032635221,0,0.639230037,522.5,205.0905631,0,0.130434783,0,0,0,0
4190,GGCACAGGAGCAGGAGGTGGCAG,0,0,0.074285714,0,0.248242453,522.5,202.6383182,0.065217391,0.52173913,0,0,0,0
4191,AAAGGAGAAATTGAGGCACAGAG,0,0,0.015511238,0,0.343267022,460,199.3884794,0,0.239130435,0,0,0,0
4192,AATTGAGAAGAAGATACAGAGAG,0,0,0.003267974,0,0.022668515,387.5,156.4285526,0.017391304,-0.260869565,0,0,0,0
4193,CACCACCTCCACCCCCACTCAGA,0,0,0,0,0.104848333,485,179.637143,0,0.086956522,0,0,0,0
4194,GGCACTGGGGCTGGTGGATGGGG,0,0,0.057142857,0,0.023673199,387.5,145.7218282,0,-0.239130435,0,0,0,0
4195,GTAAACAAAGCATAGACTGAGGG,0,0,0.306220096,1.492090395,1.492090395,560,182.1488001,0,-0.413043478,0,0,0,0
4196,CTTACCTCACAGGGCTGTTAAGA,0,0,0,0,0.058591155,485,167.9067934,0.004347826,0.326086957,0,0,0,0
4197,GGTGTGCGTGTGTGTGTGTGAGA,0,0,0.004861111,0,0.241506693,552.5,190.5826078,0.97826087,-0.543478261,0,0,0,0
4198,AGTGTGTCAGTGTGTGAGTGTGA,0,0,0.006526806,0,0.609583333,552.5,193.825752,0,-0.086956522,0,0,0,0
4199,AATGACCACACCTTCCTCAGAAG,0,0,0.020392157,0,0.118019877,357.5,161.3412594,0,-0.152173913,0,0,0,0
4200,GAAATAGATGTCCTGCCCATGGA,0,0,0.002794312,0,0.475356926,530,203.8789944,0.691304348,0,0,0,0,0
4201,AGAGGCCCCTCTGCAGCACCAGG,1,0.018811136,0.332307692,0.860350791,0.833979885,620,213.0782996,0,-0.217391304,0,0,0,0
4202,GAGTGGGAGGAGAAGAAGCAAGG,0,0,0.024137931,0.273051741,0.263834804,552.5,180.3859596,0,0,0,0,0,0
4203,CACAGCAATGTCCTCTCCATGAG,0,0,0.036467236,0,0.186003667,552.5,198.2400733,0.004347826,0.173913043,0,0,1,0
4204,CCCCCTTTCCCACCATCCTTGGA,0,0,0,0,0.072985333,455,186.8309525,0,0.173913043,0,0,0,0
4205,GCCCCCTTCTACCCAGCCTCTGG,0,0,0.133520075,0,0.253408778,522.5,197.3780612,0,0.043478261,0,0,0,0
4206,GCTTTCACAAAACCTGGCCACAG,0,0,0.079398148,0.474043556,0.474043556,522.5,207.2843988,0.117391304,0,0,0,0,0
4207,TGGATTCAGGAATCAGAAGTAAG,0,0,0.047530864,0,0.033913968,455,182.4055395,0,0.02173913,0,0,0,0
4208,GGGGGTGGGGGATTTGCTCCCAG,0,0,0.065534979,0.232620408,0.22549028,425,202.5942318,0.956521739,-0.239130435,0,0,0,1
4209,AAAGGAGAGGCTGAGGCACAGAG,0,0,0.014403292,0.234927387,0.227726547,425,200.4204355,0,0.326086957,0,0,0,0
4210,GGGAGGGAGGGATGTGGAGTTGG,0,0,0.079582609,0.231391376,0.223580696,425,197.4745747,0,1.391304348,0,0,0,0
4211,GAACACTAAGGATAGATTGGGGG,0,0,0.003002451,0.09304851,0.091478071,387.5,152.4630245,0,-0.086956522,0,0,0,0
4212,GTCACTTCCAAGGACCTGGGAGG,0,0,0.041269841,0,0.028201044,387.5,171.4233786,0.02173913,0.108695652,0,0,0,0
4213,GCTGCCTCCGCTCTGAGCACTGA,0,0,0.004848679,0,0.028099353,412.5,166.7184415,0,-0.304347826,0,0,0,0
4214,GGGTGGGGGGAGGTTGCAGTGAG,0,0,0.001690821,0,0.013599659,345,116.3917463,0,0.02173913,0,0,0,0
4215,AGAGGAGAAGAAGAGGCAAAAGG,0,0,0.214285715,1.090163934,1.055555556,560,188.5384001,0,0.956521739,0,0,0,0
4216,TCCTGTGTCTCCTGAGGGATAGA,0,0,0.006831984,0,0.051853356,357.5,184.6961531,0,0.217391304,0,0,0,0
4217,TCCTCCCCAAAACCTGGCCTCAG,0,0,0.145185185,0.759866667,0.734108475,462.5,175.5462996,0,-0.043478261,0,0,1,0
4218,GTAGGGGGGCAGTTTGCTCCCAG,0,0,0.030934343,1.278706571,1.2395125,622.5,212.5666636,0,-0.456521739,0,0,0,0
4219,GGCAGCGCGGCTGTAGATGGTAG,0,0,0.035196409,0,0.052168566,455,183.5004003,0.434782609,0.130434783,0,0,0,0
4220,AAAAAAGAAGAAGAAGCAGACGG,0,0,0.048552754,0,0.133665,455,172.0830585,0,-0.673913043,0,0,0,0
4221,GACACTGCTGAAGGAGGTGGAGA,0,0,0.018803419,0,0.238701321,425,201.0540355,0.491304348,0,0,0,0,0
4222,CTAGCCCCACAGGTCATTGAGGA,0,0,0.001240079,0,0.028210243,387.5,155.2987044,0,0.108695652,0,0,0,0
4223,GAGTACTATCAGCAGAAGAAAAG,0,0,0.009505245,0,0.220438397,522.5,202.0693983,0.060869565,-0.130434783,0,0,0,0
4224,GAATGAGAAGACAAGACACAAAG,0,0,0.062977958,0,0.051853356,357.5,184.6961531,0,-0.260869565,0,0,0,0
4225,AAAAGAGAAGAAAATGCACAAGA,0,0,0.004360719,0,0.291941333,432.5,195.8200579,0.352173913,-0.043478261,0,0,0,0
4226,TGGATGGATGGATGAGTAGTAGA,0,0,0.006018518,0,0.348882289,462.5,189.2240249,0,-0.043478261,0,0,0,0
4227,AAGGGAGAAGAAGAGGGAGAGGG,0,0,0.002808415,0,0.189330488,485,166.064289,0,0.239130435,0,0,0,0
4228,CACACCGATCCAGAGCCACAGGA,0,0,0,0,0.176585759,552.5,198.0000733,0,0.02173913,0,0,0,0
4229,CTTTCCTGCGCTCTACTGACCAG,0,0,0.007346189,0,0.310333333,552.5,189.5632498,0.095652174,-0.52173913,0,0,0,0
4230,AAATGAGATGAAGACACACAAAG,0,0,0.042424242,0,0.07163701,462.5,184.9447722,0,-0.086956522,0,0,0,0
4231,AGCACTGAGGCTGGGTGTGGTGG,0,0,0,0,0.072985333,455,184.6047356,0,0.065217391,0,0,0,0
4232,GCCTCTGAGCTGAAGAAGAAAGG,0,0,0.086342229,0.473675365,0.473675365,522.5,210.4159323,0.708695652,1.282608696,0,0,0,0
4233,GGTGTGTGCGTGTGTGTGTGTGA,0,0,0.006734007,0,0.699446792,560,194.1657886,0.139130435,-0.065217391,0,0,1,0
4234,GGTGTGTGCGTGTGTGTGTGTGG,0,0,0.096969697,0,0.699446792,560,194.1657886,0.22173913,-0.652173913,0,0,0,0
4235,GTTACCTTGAATGACAAGGGGGA,0,0,0.023509838,0,0.155758982,552.5,194.3239768,0,-0.02173913,0,0,0,0
4236,GAGTTCCAGGAGAAGAGGAAGGA,0,0,0.002085035,0,0.36403873,552.5,189.5506517,0,-0.434782609,0,0,0,0
4237,GGCAGGGCGGGTGGAGGAGGGGA,0,0,0.003968254,0,0.098926116,455,184.472279,0.1,-0.673913043,0,0,0,0
4238,AAATGACATGGAGAGACACAGGG,0,0,0.268125,0,0.056995277,455,189.3385293,0,0.02173913,0,0,0,0
4239,GCCCTTTTTCCACCCACCATGAG,0,0,0.026688453,0,0.30473625,552.5,182.3302997,0,-0.52173913,0,0,0,0
4240,GGTGTGTGTGTGGGTGTGTGGGG,0,0,0.026561265,0,0.136842006,455,183.466468,0.030434783,NA,0,0,0,0
4241,AAATGAGAAAAAGAGGCCTGTGG,0,0,0.062745098,0,0.033924842,442.5,120.8993304,0,-0.391304348,0,0,0,0
4242,CGTGAGTGAGTGTGTACCTGGGG,0,0,0.340136054,0,0.112967901,492.5,177.6882408,0,-0.717391304,0,0,0,0
4243,CACAAAGATGTCTTCCCCATCAG,0,0,0.060185185,0.351943434,0.351943434,522.5,206.6263755,0,0,0,1,0,0
4244,ATGACCACCAATGAGTGGAGGGA,0,0,0.006127451,0,0.635340376,462.5,191.8954852,0,-0.608695652,0,0,1,0
4245,GGTGTTTGTGTGTGTGTGTGTGA,0,0,0.004713805,0,0.213926133,552.5,191.1798046,0,0.173913043,0,0,0,0
4246,GTCTCCCCCAGTCCTGGCCAAAG,0,0,0.033670034,0.242598485,0.238701321,425,201.0540355,0,0.130434783,0,0,0,0
4247,GGGTGGGGGGAGCCTGCCCGGAG,0,0,0.001474274,0.006532977,0.006432854,290,135.5005616,0.034782609,-0.086956522,0,0,0,0
4248,GACACTAAGGCTGGAGGTGGGGA,0,0,0.038194444,0,1.737215529,627.5,214.6770022,0,-0.52173913,0,0,0,0
4249,GGCTCCTGCCCACCCACATTGGG,0,0,0.249721293,0,0.187751667,552.5,188.6508658,0.539130435,0.869565217,0,0,0,0
4250,GGGAGGGAGGAATGGGGAGTCAG,0,0,0.103162641,0,0.844444444,530,204.9046584,0,-0.195652174,0,0,0,0
4251,GGGATGGGGGGATGACGAGTGGG,0,0,0,0,0.151145,455,192.5816734,0,-0.326086957,0,0,0,0
4252,ATTCACCTATACATCCTCAAAGG,0,0,0.141438394,0.846960117,0.833979885,620,211.0268027,0,0.086956522,0,0,0,0
4253,GGCAATGTGGCTGAAGGTGGGGG,0,0,0.375,0,0.398171589,530,204.3726784,1,3.369565217,0,0,0,0
4254,AAATAAGAAGAAGAAGGAGAAGG,0,0,0.005997693,0,0.048855403,387.5,151.9705474,0.308695652,0.347826087,0,0,0,0
4255,CGTGGGTGTGTGTGTTCGTGTGA,0,0,0,0,0.166395667,552.5,196.6634738,0.9,0.391304348,0,0,0,0
4256,AGGATAGAGGAGTGAGGAGGTGG,0,0,0.12745098,0.211575375,0.207602129,455,172.5603156,0.065217391,0.173913043,0,0,0,0
4257,GTTGCCCCAGAGTGCAGAAATGA,0,0,0.004931562,0,0.110611179,455,179.2856098,0.017391304,0.065217391,0,0,0,0
4258,CTGGCCCCCCAGGGCAGCAGAAG,0,0,0.024276377,0.080836107,0.077961934,485,152.1512864,0,-0.97826087,0,0,0,0
4259,AAAGAAAAAGAAGAGGAACAAGG,0,0,0.252777778,0,0.395264636,552.5,193.6687881,0,0.02173913,0,0,0,0
4260,TAACACAATATATAGACTGCTAG,0,0,0.044672365,0,0.446837229,525,204.0183995,0,0.065217391,0,0,0,0
4261,TGTCTGTGTGTGTGTGCGTGTGA,0,0,0.00802139,0,0.833979885,620,213.0782996,0.056521739,0.326086957,0,0,0,0
4262,TGTCTGTGTGTGTGTGCGTGTGG,0,0,0.115508022,0,0.833979885,620,213.0782996,0,-0.695652174,0,0,0,0
4263,GGGTGGGGGGAGTTGGGTTGGGG,0,0,7.99E-05,0.018220116,0.017686193,320,116.1212675,0,-0.195652174,0,0,0,0
4264,GCCTCTTTCACAGCCACAGTTGG,0,0,0.015909091,0.031484206,0.031484206,387.5,148.5376098,0,-0.108695652,0,0,0,0
4265,TGGATGGAGGAAACAGCAGCTGA,0,0,0.000440736,0,0.012635964,290,139.9377838,0,-1.130434783,0,0,0,0
4266,CTTGCATGACAGGGCAGAAACAG,0,0,0.083829365,0.121741508,0.121741508,555,186.507685,0.226086957,-0.086956522,0,0,0,0
4267,TGGTTGGGGCAATGAGGATTAGA,0,0,0.008641975,0,0.45934875,552.5,179.4868467,0,0.108695652,0,0,0,0
4268,CCTGCCTCCTTTCAACTCATCAG,0,0,0.012037037,0.046181042,0.045439178,357.5,159.2013953,0,-0.152173913,0,0,0,0
4269,TAGTGACAAGAAGAAGCACATGA,0,0,0.027460058,0,0.27129322,522.5,202.0817976,0,0.173913043,0,0,0,0
4270,CCTGCCCCACAGGGCAATTATGG,0,0,0.43076923,0,0.406388889,492.5,168.425889,0.126086957,0,0,0,0,0
4271,GCCTCTTTCCGATCCACTTGGAG,0,0,0.005147059,0.025116065,0.025116065,290,140.9096625,0,0,0,0,0,0
4272,CATGCTCCACAGGGCAGCCAGGA,0,0,0.004838142,0,0.059141775,485,161.0026828,0,-0.304347826,0,0,0,0
4273,TGGATGGATGGATGATGAATAGA,0,0,0,0,0.026286255,387.5,160.9737101,0,0.043478261,0,0,0,0
4274,AAACGAGAAGAAGCTGCACATGG,0,0,0.019807923,0,0.112401185,432.5,193.6801938,0,-0.108695652,0,0,0,0
4275,GGGTGTGGGGTGGGTGCTCCTGA,0,0,0,0,0.026427736,327.5,190.0454271,0,0.152173913,0,0,0,0
4276,GAGTTGTTTTCATAGTACTTAGA,0,0,0.003439153,0,0.037344988,387.5,148.9091044,0.047826087,0.239130435,0,0,0,0
4277,ATCTTCTTAGTCATCACATGCAG,0,0,0.021805467,0,0.083169333,455,178.6960451,0.073913043,1.391304348,0,0,0,0
4278,GGCACTGAGGTTGGAGCTGGCAG,0,0,0.012200436,0,0.57100211,462.5,190.0839883,0.039130435,0.543478261,0,0,0,0
4279,GGTCCAAACTGAGGACTTGAGAG,0,0,0,0.060098552,0.058069909,455,183.6635235,0.017391304,0.152173913,0,0,0,0
4280,ATGAATATCTGTGAGTAGTGTGG,0,0,0.386029412,0.268364157,0.263834804,552.5,178.5744627,0,-0.217391304,0,0,0,0
4281,TATACGGAGCAGAAGAAGAATGG,0,0,0.119047619,0,0.778438874,620,216.012416,0.969565217,4.369565217,0,0,0,0
4282,AAACACAAATTTTAGACTGCCAG,0,0,0.019444444,0.371753911,0.359810011,460,200.2620794,0,-0.304347826,0,0,0,0
4283,AGGAAGGGGAAATGAGGAGTTAG,0,0,0.08872428,0,1.317695783,620,209.8201266,0,-0.173913043,0,0,0,0
4284,TGGATGGAGGACTGAGAAGCAAG,0,0,0.005788883,0.211079418,0.211079418,395,154.5601886,0,0.152173913,0,0,0,0
4285,GGTGTGAGAGTGTATGAGTGTGA,0,0,0.007733586,0,0.058894431,455,182.9032035,0.226086957,-0.043478261,0,0,0,0
4286,GGTGTGTTTGTGTGTGCATGTAG,0,0,0.024475524,0,0.180012975,552.5,185.4287494,0.813043478,0,0,0,0,0
4287,CCTTTGGTCTCTGGATGTATCAG,0,0,0.02037037,0,0.185123143,552.5,190.1743627,0.22173913,-0.086956522,0,0,0,0
4288,GCTGAGTATGTGTGTGGGTGTGG,0,0,0.024434389,0.372455417,0.372455417,552.5,190.9142916,0,0.086956522,0,0,0,0
4289,GGAGCAGCGGCTGCAGGTGGGGG,0,0,0.201190477,0,0.1271669,522.5,204.3732314,0,-0.043478261,0,0,1,0
4290,TTTGCCTCACAGGGAAGTCAGGA,0,0,0.002594189,0,0.096436474,455,171.8617977,0,-0.02173913,0,0,0,0
4291,GAGTTCGAAGCAGAGTTTTCAGA,0,0,0.001278279,0,0.6510065,555,179.3724801,0,0.02173913,0,0,0,0
4292,AAAGGAAAAGCTGAGGCACAGAG,0,0,0.021604938,0,0.254561754,425,201.997035,0,-0.108695652,0,0,0,0
4293,GGCTTCTATGTCCTCCCTATTAG,0,0,0.048484848,0,0.211957667,552.5,190.2798859,0.02173913,1.065217391,0,0,0,0
4294,GTCATCTCAGTCTCTGCCTGGAG,0,0,0.004273504,0,0.013537549,357.5,177.673252,0,-0.347826087,0,0,0,0
4295,CCCAGAGTCTCAAGATGGATTAG,0,0,0.079012346,0.164811294,0.164811294,425,199.324995,0.291304348,0.173913043,0,0,0,0
4296,CCAGGGAGTGGAGGGGAGCCAGG,0,0,0,0.067247453,0.064977497,455,170.532759,0.156521739,0.326086957,0,0,0,0
4297,TCCTGCCCACTGCCTGGCCAGAG,0,0,0.015954416,0.743261097,0.73132116,522.5,206.6898599,0,-0.130434783,0,0,0,0
4298,ATGAAGACCACTGAGAAAAGAAG,0,0,0.034965035,0.017015292,0.017015292,387.5,168.4721731,0,-0.760869565,0,0,0,0
4299,TGTGTGTGAGTGTGTGTGTCAGG,0,0,0.072727273,0,0.268517165,485,159.787969,0.073913043,-0.043478261,0,0,0,0
4300,CCCTGTCTCCCTGGCTGGCTCAG,0,0,0.005363985,0.079823765,0.079823765,455,166.8700613,0.013043478,-0.02173913,0,0,0,0
4301,AGCCCTGGGGCTGGAGGTTGTAG,0,0,0.035294118,0,0.526848592,552.5,184.4785831,0,0.347826087,0,0,0,0
4302,CAAAGAGAATAAGAGACACATGA,0,0,0.023030045,0,0.250819,552.5,196.0462377,0.260869565,0.434782609,0,0,0,0
4303,TGGATGGTGGGATGATGTGTCGG,0,0,0,0,0.026769054,387.5,167.1583402,0,0.065217391,0,0,0,0
4304,GTTGTGTGTGTGTGTGTGTGGGG,0,0,0.064793389,0,0.372455417,552.5,192.7257886,0,-0.260869565,0,0,0,0
4305,TGGATGGATGAATGGATAGTTGG,0,0,0.086666667,0,0.014800608,412.5,162.7586611,0.152173913,-0.52173913,0,0,0,0
4306,AATTGAGACAAAGAGGGACACAG,0,0,0.005741381,0,0.32110348,552.5,188.7343722,0,0,0,0,0,0
4307,GCCTCCACAAGGCCTTGCCCAAG,0,0,0,0.041569724,0.040868125,387.5,156.1607097,0,0,0,0,0,0
4308,GGAAGCCCTTCTGTAGCACCAGA,0,0,0.032592592,0,1.199576271,537.5,208.6724954,0.07826087,-0.065217391,0,0,0,0
4309,AGTGAGTGTGTGGGTGAGTGTGA,0,0,0.004565217,0,0.144140246,455,184.754788,0.008695652,0.173913043,0,0,0,0
4310,AAATAAGATGTAAAGGCACATGG,0,0,0.147692308,0.184790445,0.17912637,425,198.2224954,0,-0.239130435,0,0,0,0
4311,AAATGAAAGAAAGAGGCAGAAGA,0,0,0.005401235,0,0.18198627,552.5,177.1173025,0.004347826,-0.217391304,0,0,0,0
4312,GGTAAATGAGTGTGTGTATGCAG,0,0,0.075384615,0,0.068624422,485,170.1309717,0.017391304,-0.260869565,0,0,0,0
4313,GAGACAGACGCAGCATCAGTGAG,0,0,0.022968564,0.290990158,0.285817,552.5,187.2566103,0,-0.630434783,0,0,0,0
4314,GCCTCCTTCCAAGCCTCCTTTGA,0,0,0,0,0.031977411,357.5,184.3961859,0.013043478,-0.369565217,0,0,0,0
4315,GCCATCGCTGTCCTCCCCCAGAG,0,0,0.010160099,0.219695863,0.219695863,485,147.9745832,0.086956522,-0.108695652,0,0,0,0
4316,GCTGCTGCGGCTGGAGGTGGGGA,0,0,0.020658053,0,2.287423687,630,218.7584,0,0.239130435,0,0,0,0
4317,AGATGAGTAAAAGAGGCAAAGAG,0,0,0.035555556,0.476283266,0.45934875,552.5,180.1204467,0.643478261,0.304347826,0,0,0,0
4318,GGCCCAGACTCAGCCCTGGAAGA,0,0,0.000676407,0,0.015320006,290,152.3534504,0,-0.391304348,0,0,0,0
4319,GGACACATAGTATATACTGCAGG,0,0,0.015070644,0,0.223580696,425,195.4230778,0.030434783,-0.195652174,0,0,0,0
4320,AAATGAAAAGAGAAGCCACAAAG,0,0,0,0,0.032002267,357.5,182.3129723,0,0.391304348,0,0,0,0
4321,AAAGGAAAAGAAGAGGCAGGTGA,0,0,0.004148795,0,0.142049486,485,148.0576193,0.013043478,-0.086956522,0,0,0,0
4322,TGTGAGTGTGTGTGTATGTGAGG,0,0,0.28,0,0.064062332,485,176.9656827,0,-0.173913043,0,0,0,0
4323,TAATGTGAAGAAAAGGCAAACAG,0,0,0.073260073,0,0.123353695,455,177.1666955,0,0.195652174,0,0,0,0
4324,GACGCCCTTCACCCTGCATCAGA,0,0,0.001090634,0,0.048243477,455,174.7362648,0,-0.456521739,0,0,0,0
4325,CCAATGTGTACAGAGGAGGCTGA,0,0,0.004101562,0,0.080808209,425,198.0739508,0.52173913,-0.195652174,0,0,0,0
4326,TGGATTGAGGAATTATGAGGAGA,0,0,0,0,0.009718801,387.5,151.3488055,0,0.5,0,0,0,0
4327,GTCTCACCACAGCCTCGCCAGGG,0,0,0,0.149094919,0.144062179,552.5,194.8938537,0.365217391,-0.347826087,0,0,1,0
4328,GACACCAGTGAGATGAGTGGGGA,0,0,0.016483516,0,0.017894751,357.5,172.6381615,0.091304348,-0.130434783,0,0,0,0
4329,CAGTGAGAAGAAAAGGCACATGG,0,0,0.483516483,0,1.134594366,530,210.3726795,0,-0.195652174,0,0,0,0
4330,AACTGAGAAGAAGAGCCAATGAG,0,0,0,0,0.035271532,417.5,133.4979742,0.039130435,0.065217391,0,0,0,0
4331,CCCCTCCACCCACACACACACGG,0,0,0.037411505,0.093675237,0.090665591,425,190.6602775,0.743478261,1.130434783,0,0,0,0
4332,AACACAGAAGGAAAGTTTTTAGG,0,0,0.192857143,0.195328606,0.195328606,425,201.6846118,0,-0.326086957,0,0,0,0
4333,AAAGTAGAAGTAGAGCCACACAG,0,0,0,0,0.143492089,455,193.5195704,0.004347826,-0.608695652,0,0,0,0
4334,CGTGTGTGAGAGTGTGAGTGCGA,0,0,0.006313131,0,0.33831875,455,190.6954852,0,0.065217391,0,0,0,0
4335,GTGAACACCAGGGAGTACAGCGG,0,0,0.238095238,0.333735519,0.323140741,462.5,187.2605663,0,-0.391304348,0,0,0,0
4336,GCCTAGCAAATGCCTGGCCAGAG,0,0,0.014814815,0.458313578,0.458313578,522.5,206.7957953,0,-0.369565217,0,0,0,0
4337,AATGACCACCACACTCTCACAGG,0,0,0.002308802,0.022300035,0.021941801,357.5,151.2244574,0,0.065217391,0,0,0,0
4338,GTACACAATGCAGAGAATGCAGG,0,0,0.05312253,0.144140246,0.144140246,455,184.514788,0,-1.260869565,0,0,0,0
4339,GGGTAGGGGGATTTTAGTCCAGA,0,0,0.001361656,0,0.048973462,387.5,171.9210426,0,-0.434782609,0,0,0,0
4340,AGTGAGTGAGTGTGAGCGTGAAG,0,0,0.135087719,0,3.264102564,537.5,207.3929784,0,-0.326086957,0,0,0,0
4341,GGGGTGTGTGTGTGTGTGTGTGA,0,0,0.003535354,0,0.348646558,552.5,192.4377886,0,-0.130434783,0,0,0,0
4342,GGGGTGTGTGTGTGTGTGTGTGG,0,0,0.050909091,0.36082635,0.348646558,552.5,192.4377886,0.808695652,-0.260869565,0,0,0,0
4343,TGGATGGATGGGTGGGGAGTGGG,0,0,0.162740741,0,0.061030715,327.5,187.0870139,0,-0.695652174,0,0,0,0
4344,GCCTCTTTCCCTTCTTCCTTCAG,0,0,0,0.011623633,0.011453324,260,170.4891315,0.269565217,0.02173913,0,0,0,0
4345,CCAGTGACTAGAGAAGATGCAAG,0,0,0.035037149,0.01138062,0.011197799,357.5,164.8306435,0.117391304,-0.130434783,0,0,0,0
4346,TGGGTGGAGGAAAGAAGGGTAGA,0,0,0.012019231,0,0.019611103,387.5,166.1153203,0,0.065217391,0,0,0,0
4347,AAAGAACACTACATACTGAAGGA,0,0,0.001364743,0,0.049613002,455,177.2556611,0.030434783,0.304347826,0,0,0,0
4348,GAATGAGAGGAATAGGCACAAGA,0,0,0.013888889,0,0.703080282,530,206.9408991,0,-0.260869565,0,0,0,0
4349,TGTGTGTGAGTGTGTGTGGGGGG,0,0,0.042424242,0,0.202836708,485,166.177569,0,-0.391304348,0,0,0,0
4350,GAAATGAATGTCTTCCCCATGGG,0,0,0.303333333,0.229272912,0.225589813,522.5,205.0035147,0.056521739,-0.173913043,0,0,0,0
4351,AAAGGAGAAAAAGAGGCAAAGAG,0,0,0.064814815,0,0.914126866,560,183.7866636,0,0.043478261,0,0,0,0
4352,CATTTGTTTTCTTTGATCTCTGA,0,0,0.010333995,0,0.132112168,455,193.6674737,0,0.130434783,0,0,0,0
4353,CACATCCATTCAAAGACACATGA,0,0,0.043877691,0,1.003276,530,205.668943,0.082608696,-0.086956522,0,0,0,0
4354,GGTGAGTCAGTGAGTGAATGGGG,0,0,0.137642239,0,0.041781429,387.5,160.1914182,0,0.152173913,0,0,0,0
4355,CTTACCCCATAGGGTAGTTACGA,0,0,0.002111614,0,0.123105465,455,168.3796421,0.304347826,0.326086957,0,0,0,0
4356,GAAGGAGAAGAAGAGGAAGAGGA,0,0,0.002531829,0,0.202836708,485,166.592289,0.034782609,-0.326086957,0,0,0,0
4357,TTCACCTAAGTCATTTCCTGAAG,0,0,0,0,0.272333333,552.5,197.5234372,0,-0.347826087,0,0,0,0
4358,GTGATGGAGAAATGGGGAGTTAG,0,0,0.095738057,0,0.371023101,522.5,199.761242,0,-0.043478261,0,0,0,0
4359,GCCACCGAGAAGAAGAAGAAAGA,0,0,0.008660872,0,1.2395125,622.5,212.5666636,0,-0.434782609,0,0,0,0
4360,AAAGGAAAAAAAGAGTCACAGAG,0,0,0,0,0.162635484,552.5,193.6630569,0.091304348,0.456521739,0,0,0,0
4361,GTCATCTTCAGCATTTCCTGGAG,0,0,0,0,0.073322394,457.5,186.7299736,0,-0.282608696,0,0,0,0
4362,CCAAGAGTCTATGGATGGATAGA,0,0,0.018628748,0,0.451897188,522.5,209.7823323,0,-0.130434783,0,0,0,0
4363,TGGAGGGAGGAGTTAGGAATAAG,0,0,0.022825789,0,0.034711106,357.5,167.808395,0,-0.260869565,0,0,0,0
4364,AGGGTGGAGGAAGCAGGAGTGGG,0,0,0.069875776,0,0.086676978,425,197.1878948,0,-0.413043478,0,0,0,0
4365,GGGAGGAATGAATGAGGAGTGGG,0,0,0.326492753,0,0.569608261,620,211.5687188,0,2.195652174,0,0,0,0
4366,TTTATTTTAGTCATTAACTGAGA,0,0,0.020688657,0,0.363634746,552.5,195.8999049,0.013043478,-0.260869565,0,0,0,0
4367,AGAATGGAGGAGTGAGGAGTTGG,0,0,0.541666667,0,1.365500444,530,212.1558996,0,-0.543478261,0,0,0,0
4368,TCTGACCCCTCTCTACTCACCGG,0,0,0.319196428,0,0.89998622,620,210.5367628,0.943478261,5.369565217,0,0,0,0
4369,CTCTCCCCAGAGCCTGACCACAG,0,0,0.08729268,0.571587811,0.56142625,552.5,192.9821525,0.091304348,-0.282608696,0,0,0,0
4370,GGTGGATGAGTGTGTGCGGCAGG,0,0,0.077142857,0,0.125827144,485,148.2400961,0,-0.043478261,0,0,0,0
4371,CATGCCCCACATGACAGCAAGAG,0,0,0.027120316,0,0.022749916,357.5,174.1813816,0,0.086956522,0,0,0,0
4372,AGTATGGAGGAATTAGGATTTGA,0,0,0.006172839,0,0.077401434,455,176.2848154,0.02173913,0.130434783,0,0,0,0
4373,TGTAAGTGTGTATGTGCGTGTGA,0,0,0.035,0,0.43009247,522.5,206.6505192,0,-0.152173913,0,0,0,0
4374,ATGAAAAAAAGTGAGAAGAGAAG,0,0,0.121933622,0,0.090966306,552.5,193.0659928,0,-0.260869565,0,0,0,0
4375,TGTGTGGGAGTGTGTGTGTGAGG,0,0,0.099821747,0.42388108,0.416345417,552.5,194.5423881,0,-0.195652174,0,0,0,0
4376,CACTGTTTATATGGATGGATGGA,0,0,0.018552876,0,0.33136789,522.5,206.3869551,0.556521739,1.608695652,0,0,0,0
4377,TGGAAAGAACCAGCATCACTGAG,0,0,0.053639847,0.06309328,0.06309328,485,159.0688864,0.02173913,-0.239130435,0,0,0,0
4378,CTCCTCCCTCCACAGACACACAG,0,0,0.015010789,0.572069502,0.553689759,522.5,205.4872625,0,-0.195652174,0,0,1,0
4379,TGGTTGGATGGATGAGCAGTGAG,0,0,0.01345745,0,0.196246288,455,187.1504249,0,0.173913043,0,0,0,0
4380,CTTGCCTCCCAGGAGAGTAACAG,0,0,0.004513889,0.023464825,0.022745597,425,187.0108326,0.234782609,-0.413043478,0,0,0,0
4381,GGTGAGTGAGGGTGAGAGTGTGA,0,0,0.007504873,0,0.145653695,365,178.9767837,0.060869565,-0.195652174,0,0,0,0
4382,GACTTGTCTGCATTATTCTTCGG,0,0,0.141176471,0,0.154716633,455,159.7638251,0,0.130434783,0,0,0,0
4383,AAAGGAGAAAAAGAGGAAGAAAG,0,0,0.008822016,0,0.176849269,485,161.6005526,0,-0.304347826,0,0,0,0
4384,AACTCAGGAGATGAGGCACAAAG,0,0,0.021340388,0.694060843,0.694060843,522.5,206.5677626,0,-0.304347826,0,0,0,0
4385,GATGAGTGAGTGGGTGCCAGTGA,0,0,0.002085561,0,0.037831185,387.5,153.2893462,0,0,0,0,0,0
4386,CTTGCCCCACAGGGAATCCAGAG,0,0,0.001277139,0,0.008312935,345,127.8355341,0,-0.326086957,0,0,1,0
4387,CCTGCCTCCTCCCTAAGCACAAG,0,0,0.023477812,0.041594476,0.040957013,387.5,168.2176262,0.060869565,-0.826086957,0,0,1,0
4388,GGTGAATCAGTGTGTTCATGGGA,0,0,0,0,0.030658184,485,171.6024399,0,-0.304347826,0,0,0,0
4389,GGGAGTCCATCTGCAGCACCAGG,0,0,0.33723356,0.497494021,0.497494021,620,211.6379156,0,-1,0,0,0,1
4390,AATGACCACTATCTCTGCAAAAG,0,0,0.001063881,0.016950177,0.016453469,290,163.7100421,0,-0.152173913,0,0,0,0
4391,GACAGAGATGTCCTCCTCCTGGG,0,0,0.05737931,0.11414215,0.11028925,485,164.391585,0.486956522,0.804347826,0,0,0,0
4392,GAATTGTTTTAATTATTCTCTAG,0,0,0.158605664,0.43607123,0.43607123,432.5,199.4348947,0,-0.326086957,0,0,0,0
4393,GATTTTTTTTCATTTCTCTCCAG,0,0,0.011316872,0.042043076,0.041333488,455,185.3905685,0,0.152173913,0,0,0,0
4394,ACAATGGGTAGAGCGGAGGATGA,0,0,0.022058823,0,0.476356426,552.5,178.8056193,0.008695652,0.130434783,0,0,0,0
4395,CTCTGTGTCTCTCCATGGCTTGA,0,0,0.00235699,0,0.028759421,357.5,167.0734949,0.043478261,-0.065217391,0,0,0,0
4396,GAATCAGAGCAAAAGGAGAAAGG,0,0,0.125,0.077183557,0.075880881,455,191.8814897,0,-0.326086957,0,0,0,0
4397,GTCTCCCTGAAGTCTGGCCATGA,0,0,0.025778619,0,0.338304443,522.5,202.4010822,0,0.043478261,0,0,0,0
4398,GCCTCCACAGAGCCTGACCACAG,0,0,0.100823045,0.681696229,0.681696229,560,192.0389717,0.008695652,-0.195652174,0,0,1,0
4399,AAGTCGGAGAAGAAAAAGAAGGA,0,0,0.025490196,0,0.224468976,522.5,198.215258,0.065217391,-0.043478261,0,0,0,0
4400,AACACAGAAGCAGAGGTTTAAAG,0,0,0.0421875,0,0.072576354,485,162.9879902,0.004347826,NA,0,0,0,0
4401,CCAGTGGGGAGGGCTGAGGCCAG,0,0,0.011688626,0,0.075106267,425,190.9339168,0.056521739,0.456521739,0,0,0,0
4402,TGGCTGGAGGAGTGAGGAAGAGG,0,0,0.032130499,0,0.102325545,387.5,142.7246997,0,0,0,0,0,0
4403,CCAGGGAGAGGAGAGGAGGCAGG,0,0,0.115555556,0.119961706,0.119961706,522.5,197.3209786,0,0.369565217,0,0,0,0
4404,CCCCTCCATACACACACACAGAG,0,0,0.009106545,0.141202771,0.136666136,425,189.6283215,0.126086957,0.5,0,0,0,0
4405,GGAATCTTACTCATTACTTGGGG,0,0,0.1872,0,0.281815562,552.5,188.0169303,0,-0.173913043,0,0,0,0
4406,GGCTGGGGGACGTTTGCTGCAGA,0,0,0.001246439,0,0.251369416,455,176.7021799,0,-0.02173913,0,0,0,0
4407,AGGAAGAAGGAATGGGGAGTGAG,0,0,0.084259259,0.284757314,0.275145253,522.5,201.3214776,0,0.086956522,0,0,0,0
4408,GGTGGGTGAGTATGGGTGTGCGG,0,0,0.01568,0,0.076307487,357.5,175.0024469,0,-0.760869565,0,0,0,0
4409,CACCCCCTGCATCCCCCCTCAGG,0,0,0,0,0.081866668,455,190.2356933,0.008695652,0.065217391,0,0,0,0
4410,GATGACCAGAACAGCCTCAAGAG,0,0,0,0,0.126035717,522.5,198.6092986,0.017391304,0.282608696,0,0,0,0
4411,CCAGTGATTTGAGAGGCGGCAGA,0,0,0.002365376,0,0.075589619,455,178.4831509,0,-0.195652174,0,0,0,0
4412,TGGATGGATGCATGAGGGATCAG,0,0,0.015802469,0,0.029954105,387.5,152.8388027,0,0.456521739,0,0,0,0
4413,GACTTGTCTTCATTGCCCACCAG,0,0,0.034858388,0.030834546,0.029843878,417.5,147.0776461,0,-0.282608696,0,0,0,0
4414,GGTGAGTGTGTAGGTGAGTGTGA,0,0,0.004734299,0,0.061135346,357.5,177.0386876,0.908695652,5.043478261,0,0,0,0
4415,ATGTCCAGTGAGTATAGCGGGAG,0,0,0.008570554,0.404027253,0.397208228,525,203.3513784,0.347826087,0.47826087,0,0,0,0
4416,AATGCTCACTACAGCCTCCAGGG,0,0,0,0,0.042683372,455,173.7385114,0,0.608695652,0,0,0,0
4417,GGGGGGGGGGAGTTCATTCCTGA,0,0,0.00552399,0,0.026676601,412.5,165.8448415,0,2.695652174,0,0,0,0
4418,AAATGAATATAGGAGGCACACAG,0,0,0.065200617,0.416058535,0.403866344,522.5,201.0091654,0.07826087,0,0,1,0,1
4419,AAATATGTAAAAGAGGCACAAGG,0,0,0.247619048,0.749072759,0.727121909,620,208.0341426,0.591304348,-0.630434783,1,0,0,0
4420,ATCACCTCCCATGACTTGGATAG,0,0,0.009722222,0,0.247304309,485,156.0845526,0,-0.086956522,0,0,0,0
4421,CGCTGGGTCTTAGGATGGATGGA,0,0,0.006795137,0,0.236357282,425,203.2278318,0.004347826,-0.391304348,0,0,0,0
4422,GCCTCAGGCTGAGCACCTGAGGA,0,0,0.006636501,0,0.609583333,552.5,194.000472,0.808695652,1.043478261,0,0,0,0
4423,CAAGTAGAAGAAGAGGCACCAAG,0,0,0.009469697,0,0.697447183,552.5,179.9004801,0.386956522,0,0,0,0,0
4424,AAATGAAAACAAGAAACACAAAG,0,0,0.097603486,0,0.041485765,455,180.3296353,0.269565217,-0.282608696,0,0,0,0
4425,GCCACTGCAGCTGCTGGTGGGGG,0,0,0.038147567,0,0.036674888,425,189.1540134,0,-0.152173913,0,0,0,0
4426,CACTGGCTTTCCTTGTTCTCAAG,0,0,0.021442495,0,0.480774398,522.5,207.8123988,0,0.304347826,0,0,0,0
4427,GGCTCTGCAGGTGGAGGTAGAAG,0,0,0.018939394,0,0.169128619,455,177.388536,0,-0.152173913,0,0,0,0
4428,GATGAGTGAGGGTGAGAGTGAGG,0,0,0.091443995,0,0.090669425,357.5,177.5367837,0.273913043,-0.043478261,0,0,0,0
4429,GGCATTGAGGCTGGAAGCGGTGG,0,0,0.177272727,0,0.050674684,485,172.1001039,0.017391304,0.065217391,0,0,0,0
4430,TGGAGGTAGGAATGGGGACTGAG,0,0,0.027627075,0,0.086670755,455,170.5734777,0,0.152173913,0,0,0,0
4431,TGGAGAGAGGAATGTGGAGGAAG,0,0,0.005856209,0.107052935,0.107052935,455,164.7810745,0.186956522,0.304347826,0,0,0,0
4432,TGTGAGTGATGGTGTGTGTGTGA,0,0,0.010532407,0,0.311591569,455,186.9920688,0,-0.586956522,0,0,0,0
4433,GGAATCTCTTCTTCATCATCTGG,0,0,0,0,0.021526687,387.5,159.2810728,0,0.239130435,0,0,0,0
4434,GGAATCCATTCTGAAGCAGCTGA,0,0,0.001974826,0,0.132113333,462.5,174.9129985,0.013043478,-0.108695652,0,0,0,0
4435,TGTGAGTGTGTGTGTGCGTGTGA,0,0,0.041666666,0,4.606746032,635,217.6402196,0,-0.065217391,0,0,0,0
4436,AGGAACAGCAGTGAGAAGAAGGG,0,0,0.460227273,0.119960915,0.119960915,485,161.4341572,0,-0.173913043,0,0,0,0
4437,GAGTGAAAGCAGGAGAAGAACGA,0,0,0.025232919,0,0.218273699,525,204.2431947,0.017391304,-0.086956522,0,0,0,0
4438,TGTGAGGGAGTGTGAGGGTGTGA,0,0,0.001391165,0,0.111580572,455,181.6236866,0.173913043,0.5,0,0,1,0
4439,ATATGAAAACAAGAGGCTCAGAG,0,0,0.037710438,0,0.195213011,552.5,186.1617495,0,-0.847826087,0,0,0,0
4440,TGTGGGTGAGCGTGTGCGGGAGA,0,0,0.008333333,0,0.292400968,455,180.9335964,0,-0.065217391,0,0,0,0
4441,GCGAAAGACCCAGAATTCTTTAG,0,0,0.01954416,0,0.028610794,387.5,155.5867044,0,-0.130434783,0,0,0,0
4442,GGTGTTTGTGTGTGTGTGTGTGG,0,0,0.067878788,0,0.213926133,552.5,191.1798046,0,0.347826087,0,0,0,0
4443,CCTGCCTCCTCTCTCTGCACAGA,0,0,0.000557041,0,0.022309918,412.5,161.726705,0.37826087,0.434782609,0,0,0,1
4444,GGAATCCTTCCTGGTGCACCTGA,0,0,0,0,0.050198999,425,185.2622404,0,1.543478261,0,0,0,0
4445,AGATGAGAAGCAGAGGCTCAGGG,0,0,0.16,0,0.364518519,462.5,188.506583,0,0.152173913,0,0,0,0
4446,GCCCCAGGCTGAGCCCGTGGAGA,0,0,0.007352941,0,0.186915845,455,164.5155615,0,-0.260869565,0,0,1,0
4447,GGGGAGGGGGGGTGTGCTCCAGG,0,0,0,0.120245281,0.11831363,425,199.1688116,0,0.152173913,0,0,0,0
4448,CCCTGCCATCCAGAGACAGGAGA,0,0,0.002703506,0,0.20797875,485,149.1524801,0.026086957,-0.565217391,0,0,0,0
4449,GACGCTTTCCCACCCAGCTTCGA,0,0,0.001856803,0,1.213101161,560,198.3002889,0,0.173913043,0,0,0,0
4450,AAATGAGAGGAAGAGGGAAACAG,0,0,0.004357298,0,0.208575033,492.5,164.7061086,0,0.456521739,0,0,0,0
4451,GGTTCTGCGGTTGGGGGTGGGGG,0,0,0.0875,0,0.220450566,425,197.3612947,0.752173913,1,0,0,0,0
4452,TGATTGGAGAAATGATGAGTAGA,0,0,0,0,0.234785634,552.5,195.5182377,0,-0.391304348,0,0,0,0
4453,CGTGTGTGTGTGTGTACGTGTGA,0,0,0.010822511,0,0.166395667,552.5,196.6634738,0,-0.065217391,0,0,0,1
4454,GCCCCTTTCCAACCCTCCTTAGA,0,0,0,0,0.283840376,462.5,196.0078904,0,-0.369565217,0,0,0,0
4455,GACCCACTGCACCCCACCTCCAG,0,0,0.149029982,0,0.178967784,560,197.3658098,0,-0.173913043,0,0,0,0
4456,GCCCCCCACCGCCCCGCTTCCGA,0,0,0.018239796,0,0.172235,455,184.2067661,0.030434783,0.130434783,0,0,1,0
4457,GGCACCTGGGGTGGAGGTGGTGA,0,0,0.005797774,0,0.299268693,525,205.7009345,0,0.195652174,0,0,0,0
4458,GTGGGGGTAGAGTTTGCTCCAGG,1,0.021780389,0.159801136,0.846960117,0.833979885,620,211.0268027,0,0.043478261,0,0,0,0
4459,CCCTCCTCCAAGCCTGGCCTGAG,0,0,0.051587301,0.296624184,0.291053776,552.5,175.7194389,0,0.282608696,0,0,0,0
4460,GGTGTGGGTGTGTGTGCCTGAGA,0,0,0.004244122,0,0.122948862,552.5,186.1453856,0.013043478,0.065217391,0,0,0,0
4461,AGAGGAGAACAAGAGGCTCAAGA,0,0,0.006944444,0,0.285817,552.5,187.6713303,0.569565217,0.282608696,0,0,0,0
4462,CTGGACCCAGAGGGCAGCAATAG,0,0,0.012345679,0.281815562,0.281815562,552.5,186.9686103,0,0.130434783,0,0,0,0
4463,AATTGAGAATAAGAGACATAGAG,0,0,0.068627451,0,0.077901873,485,165.6438378,0.017391304,0.434782609,0,0,0,0
4464,GGTGAGAGAGTGTGTGCGTAGGA,0,0,0.056966145,0,3.146168023,567.5,182.0792193,0,0.065217391,0,0,0,0
4465,GGTGCTGCGCGTGGAGGTGGAGG,0,0,0.04296875,0,0.687929438,522.5,206.5765799,0,-0.847826087,0,0,0,0
4466,GAGTCCGAGGAGGAGGAGAAGGA,0,0,0.003387062,0,0.155930848,462.5,188.6205172,0.117391304,-0.326086957,0,0,0,0
4467,GCATCTTTCCCACCCACAGATGA,0,0,0.004557292,0,0.040193141,442.5,125.3630669,0,-0.086956522,0,0,0,0
4468,GGTTTGTGAGTGTGTGTGTGTGA,0,0,0.004285277,0,1.144757433,560,197.2519689,0,0.173913043,0,0,0,1
4469,GGGTGGGGAGAGCTTGTTCCAGA,0,0,0.016447368,0,0.243274677,462.5,185.954788,0.034782609,-0.065217391,0,0,0,0
4470,TACATGGATGACCTCCCCAATGA,0,0,0.014648437,0,0.234185328,455,174.0463324,0.008695652,-0.02173913,0,0,0,0
4471,GTGTTTTTAGTCATTGCCTGAGA,0,0,0.003945707,0,0.154229434,552.5,198.7239901,0.1,-0.608695652,0,0,0,0
4472,GGAACTGGGGCTGGAGGGAGAGG,0,0,0.132653061,0,0.09638643,485,159.4008498,0,-0.52173913,0,0,0,0
4473,AGTGAGTGAGTGTGAGTGTGTGA,0,0,0.016885965,0,0.345753086,462.5,185.2068674,0.017391304,0.152173913,0,0,0,0
4474,AAATCAGAAGAAGCTCCACAGAG,0,0,0,0,0.00982664,392.5,174.7770479,0,0.02173913,0,0,0,0
4475,GGCAGCTCGGCTGGATGTGGGGG,0,0,0,0,0.101685739,555,196.4540893,0,-0.456521739,0,0,0,0
4476,GAGTCTGAGCAAGAGAAGATGGA,0,0,0.023550724,0,0.072206123,357.5,163.0609951,0,0.130434783,0,0,0,0
4477,GACATCGAAGCTGAGTGTTGAGG,0,0,0.004403901,0,0.125064555,387.5,152.0718686,0.769565217,-0.326086957,0,0,0,0
4478,AAAAGAGAAGAAAATGAACAAAG,0,0,0.007597341,0,0.060022353,357.5,173.6339468,0,0.434782609,0,0,0,0
4479,GGCTTGTGTGTGTGTGCGTGGGG,0,0,0.034002361,0,0.822304167,622.5,212.5502996,0,-0.282608696,0,0,0,0
4480,GTCACATTAGCCATTACCTGTGA,0,0,0.042989418,0,0.854046185,530,211.0956123,0,-0.543478261,0,0,0,0
4481,AGCACCAGTGCGCAGGGCGGCGG,0,0,0.048582996,0.057471401,0.055531438,357.5,185.9421699,0,0.326086957,0,0,0,0
4482,GCCACCTGCAAAGAATAGGGTGA,0,0,0.006802721,0,0.198201266,425,193.937061,0.013043478,0.065217391,0,0,0,0
4483,GGAATGCAGGAAAGAGGAGTAAG,0,0,0.088524247,0.391755507,0.391755507,522.5,206.7894987,0,2.152173913,0,0,0,0
4484,GGCCCTGCGGCTGACTGTGGAGG,0,0,0,0,0.010324191,392.5,175.1917679,0.995652174,4.347826087,0,0,0,0
4485,CGCGGTGTCTCGGGCTGGATAAG,0,0,0.015371102,0.201603863,0.198201266,425,196.163278,0,-0.586956522,0,0,0,0
4486,GGTGTATGAGTGTGTGCGTCGGA,0,0,0.010822511,0,0.794927861,560,180.1880961,0,0.195652174,0,0,0,0
4487,TGTGAGTGAGTGTGGGTGAGTGG,0,0,0.006666667,0,0.054360238,387.5,153.2588674,0.004347826,-0.260869565,0,0,0,0
4488,GGTACTGAGAATGGAGGTGGAGA,0,0,0.02172309,0,0.687929438,522.5,204.3503629,0.008695652,-0.5,0,0,0,0
4489,GCTTCTTCCCCACCTACCTCTGG,0,0,0.004166667,0.180901806,0.174469742,455,164.2275615,0.365217391,-0.456521739,0,0,0,0
4490,GAACATACAGCAGAGACCGCAGA,0,0,0.003089745,0,0.068980913,455,179.3915452,0.717391304,0.152173913,0,0,0,0
4491,GTAGTGTGTGTGTGTGCGTGCAG,0,0,0.025711662,0.835102675,0.822304167,620,213.1838996,0.17826087,-0.108695652,0,0,0,0
4492,GTCAGCTCGAATGACTTGAGAGA,0,0,0.002456538,0,0.111383028,485,162.2177886,0.117391304,0.173913043,0,0,0,0
4493,GGGAAGAACCCAGCAGCCGGTGA,0,0,0.003030058,0,0.044549938,485,160.6048094,0,-0.413043478,0,0,0,0
4494,AAATGAGAAAAATAGTTACAGGG,0,0,0,0,0.032216187,387.5,166.4344061,NA,0,0,0,0,0
4495,GGCATAGACTGAACAAGTGAAGA,0,0,0.034351613,0,0.100056646,455,190.2503336,0,-0.543478261,0,0,0,0
4496,AAATAAAAAGCAGAGGCACAGAG,0,0,0.089876543,0,0.964154618,530,210.4984155,0,0.173913043,0,0,0,1
4497,GGCCCAGGCTGGGCAGATGAAAG,0,0,0.019716507,0.046613295,0.046613295,387.5,170.1095456,0.02173913,0.086956522,0,0,0,0
4498,AACTGAGATGAAGAGGGAGAGAG,0,0,0.000490196,0,0.115680928,485,162.9781086,0.1,0.130434783,0,0,0,0
4499,TCTTCCGAGCTGAAGAAGAAAAG,0,0,0.031339031,0.795717092,0.782934488,525,212.2019163,1,2.130434783,0,0,0,0
4500,CCCTGTGCCTCTGAGAGGATCAG,0,0,0.11489899,0,0.00937484,392.5,172.9655509,0.02173913,-0.456521739,0,0,0,0
4501,GGCTCAGGGGCTGGAGGCGGGGG,0,0,0.151948052,0,0.178245253,552.5,188.0172658,0.095652174,0.086956522,0,0,0,0
4502,AAATGAGAAGCTGAGGGCCATAG,0,0,0.000387315,0,0.028124788,290,158.8443715,0,-0.326086957,0,0,0,0
4503,TGTGTGTGTGTGTGTGTGTGCAG,0,0,0.026397306,0,0.372455417,552.5,192.9657886,0,0,0,0,0,0
4504,AAATCTCAAGAAAAGGCACAAGA,0,0,0.024733451,0,0.218273699,525,204.2431947,0,0.173913043,0,0,0,0
4505,ACCTCCCCAGGGCCTGGCCCGGG,0,0,0.073863636,0.363326651,0.356503615,455,170.8405799,0.043478261,-0.434782609,0,0,1,0
4506,GATGAGTGAATGGGTGAGTGAGG,0,0,0.096142698,0,0.217271959,455,183.482832,0,-0.130434783,0,0,0,0
4507,AGTGAGTGAGTGAGTGAGTGTGA,0,0,0.020192308,0,0.499277778,462.5,189.9145684,0,0.391304348,0,0,0,0
4508,CTGCTCCCACAGGGCAGTCAGAG,0,0,0.009035589,0,0.4917675,555,185.7620801,0.052173913,-0.108695652,0,0,0,0
4509,AACACCAGGCAGCAGAGCAGAGA,0,0,0.009696861,0,0.098147193,455,170.0011628,0.008695652,-0.434782609,0,0,0,0
4510,GGTGTGTGTGTGTGTGCGTGCGG,0,0,0.218181818,0,3.673734177,635,216.3518996,0.160869565,-0.369565217,0,0,0,0
4511,AGTGAGTGAGTGAGTGAGTGAAG,0,0,0.075384615,0,0.499277778,462.5,189.9145684,0.02173913,-0.086956522,0,0,0,0
4512,AGATGAGAAACTGAGGCACAGGG,0,0,0.099555555,0,0.359810011,460,200.0220794,0,-0.304347826,0,0,0,0
4513,CCTGCCTCATCTCTACTTCCAGG,0,0,0.092628431,0.050519176,0.049707623,485,154.07715,0.373913043,-0.065217391,0,0,0,0
4514,GGAACTGCGTCCTGAGGTGGGAG,0,0,0.051885965,0,0.247382024,425,196.4648426,0.226086957,0.543478261,1,0,1,0
4515,GAATGAGGAGGAGAGGGACAAAG,0,0,0.007269426,0.344442166,0.33831875,455,188.8839883,0,-0.239130435,0,0,0,0
4516,GAGCCGGAGCAGAAGAAGGAGGG,1,0.010409508,0.12132353,0.618961538,0.600485075,560,186.9924161,0.634782609,0.847826087,1,0,1,0
4517,AAATCAGAGAAAGAGGCATAGGG,0,0,0.225641026,0,0.266451348,552.5,178.2121633,NA,-0.695652174,0,0,0,0
4518,CGCACTGCAGCCGGTGGTGGAAG,0,0,0.022556391,0,0.121100973,425,193.3170976,0,-0.086956522,0,0,0,0
4519,GGTGTGTGAGTGAATGTGTGTGA,0,0,0.006118881,0,0.033370636,357.5,175.7870637,0,-0.02173913,0,0,0,0
4520,GGTGTGTGAGTGAATGTGTGTGG,0,0,0.088111888,0,0.033370636,357.5,175.7870637,0,0.086956522,0,0,0,0
4521,GGCACTCAGGGTCGAGGTGGGGG,0,0,0.047039474,0,0.200234551,425,197.987598,0,-0.195652174,0,0,0,0
4522,GGTGAGTCAGTGAGTGAGTGGAG,0,0,0.051545036,0,0.398158228,462.5,186.8147514,0,-0.5,0,0,0,0
4523,GCCTCGCCAGAGCAAGGCCACAG,0,0,0.014592809,0.031834028,0.031834028,425,186.5760734,0.073913043,-0.565217391,0,0,0,0
4524,GGCACTGAGGGTGGAGGTGTCAG,0,0,0.029490741,0,0.688147887,462.5,173.9324994,0,-0.326086957,0,0,0,0
4525,GAACACAAATCATAAAGTGGCGG,0,0,0.002646041,0,0.056695258,387.5,141.877531,0,-0.282608696,0,0,0,0
4526,GCTTCTCCAAATCCTGGACAAGG,0,0,0.132211539,0,0.091080587,455,183.7465823,0,-0.086956522,0,0,0,0
4527,AAACGAAAAGAAAAGGAACAAAG,0,0,0.072264119,0,0.152967414,455,185.4577876,0,-0.195652174,0,0,0,0
4528,CCCAGAATCTCTGGATGGACGGA,0,0,0.002605419,0,0.272825204,552.5,177.0196353,0.026086957,-0.630434783,0,0,0,0
4529,GAGGTGGAGGAATGAGGAGGGAG,0,0,0.023143594,0,0.697447183,552.5,180.9488001,0,-0.130434783,0,0,1,1
4530,TCTGCCTCTGCTCTGCTCCCAGA,0,0,0.008171695,0,0.086270403,455,170.2851981,0,-0.108695652,0,0,1,0
4531,TGGAAGGATGGATGAGAAGTGGA,0,0,0.011234568,0,0.196246288,455,186.7357049,0.256521739,0.173913043,0,0,0,0
4532,TGGATGGAGGCACGAGGGTTTGG,0,0,0.084210526,0,0.018100265,290,147.2992625,0.091304348,0.043478261,0,0,0,0
4533,GCCACAGAAGCAGATGTTTTAGA,0,0,0.002505466,0,0.041920373,455,185.6785685,0,0.02173913,0,0,0,0
4534,AAGTGAGAACAAGAGGCATTAGA,0,0,0.004700855,0,0.188866751,485,145.7946637,0,-0.065217391,0,0,0,0
4535,AAATGGGTAGGACAGGCACACAG,0,0,0.021720969,0,0.177367355,425,198.5847948,0,0.326086957,0,0,0,0
4536,AAAGGAGAAGAAGAAGAACATGA,0,0,0.019063181,0,0.306794992,462.5,184.3332674,0,0.02173913,0,0,0,0
4537,TGTGGCTGAGTGTGTGGGTGAAG,0,0,0.007486631,0.375472992,0.368797917,552.5,195.1395849,0,-0.108695652,0,0,0,0
4538,AAATGAGAGCAAGAGACAGAAAG,0,0,0.008641975,0,0.043620975,485,162.2120574,0.6,-0.282608696,0,0,0,0
4539,GTTGAGCCACAGGGAAGTAACAG,0,0,0.015029522,0.252237445,0.243723101,522.5,201.9186744,0.004347826,-0.043478261,0,0,0,0
4540,TGGATGGAGGAGTGAGGGAGTAG,0,0,0.009440813,0,0.017289489,345,118.1749664,0.995652174,5.282608696,0,0,0,0
4541,TTCTCCCCTAAGCCTAGCCATAG,0,0,0.141414141,0,0.166395667,552.5,197.7117938,0.02173913,-0.347826087,0,0,0,0
4542,GTTGTGTGTGTGTGTGAGTGAAG,0,0,0.016798286,0.372455417,0.372455417,552.5,192.7257886,0.017391304,-0.195652174,0,0,0,0
4543,AAATGAATGGAAGAGTCACACAG,0,0,0,0,0.102694193,555,192.468796,0.2,0.391304348,0,0,0,0
4544,AACTGAGAGAAAGAGGCAGACAG,0,0,0.008641975,0,0.276732817,552.5,178.9724833,0,-0.195652174,0,0,0,0
4545,ACATCCCCAAAACCTGCCCAGGA,0,0,0.011895425,0,0.29571619,455,189.9697885,0,0.347826087,0,0,0,0
4546,GGCTTGTTTTCACTGATCACAGG,0,0,0.16404648,0.034422714,0.033198795,387.5,161.4242536,0.108695652,0.130434783,0,0,0,0
4547,TGGCTGACTGAATGAGGAGTTGA,0,0,0.005602241,0,0.544570536,622.5,208.8836219,0,1.782608696,0,0,0,0
4548,AGTGAGCGAGTGTGTGTATGAGA,0,0,0.013882211,0,0.081603702,485,170.4073749,0,-0.152173913,0,0,0,0
4549,GGCGCTGCGCCTGCAGGTGCTGG,0,0,0.045918367,0,0.090605447,455,164.557879,0.104347826,0.304347826,0,0,0,0
4550,TGGAGAGGGGAGTTGGCTCCTGG,0,0,0.023809524,0.252237445,0.243723101,522.5,202.3333944,0,-0.260869565,0,0,0,0
4551,GAACGAGAAGCAGAGCCACACAG,0,0,0,0,0.151145,455,194.8078904,0.008695652,-0.086956522,0,0,0,0
4552,GGAGAGTGTGTGTGTGTATGTGA,0,0,0.009615385,0,0.071979244,485,168.3027753,0.317391304,0.695652174,0,0,0,0
4553,AACACTGCAGCTGAGTTTTTCAG,0,0,0.030952381,0,0.425868976,522.5,206.5980986,0,0.02173913,0,0,0,0
4554,GGTGTGTGTGCGTGTGAGTGTGA,0,0,0.004713805,0,0.196246288,455,186.7357049,0.013043478,0.217391304,0,0,0,0
4555,GGAGAGAGAGTGTGAGCGAGCGG,0,0,0.103383459,0,0.09001509,455,171.3337977,0.039130435,0.326086957,0,0,0,0
4556,GAGAGCAGAGAGTAGAGCGGAAG,0,0,0.072222222,0.848305879,0.822304167,620,213.4238996,0,-0.260869565,1,0,0,0
4557,GACCCTTTCCCAGGCACCTTTGA,0,0,0,0,0.086676978,425,196.9478948,0.02173913,0.043478261,0,0,0,0
4558,AATGACCACAACGTCCACTACAG,0,0,0.041620215,0.061843976,0.061843976,387.5,152.974832,0,0.282608696,0,0,0,0
4559,TTCACATTAGGCATTACCTGAAG,0,0,0.096296296,0,0.480400979,522.5,209.8956123,0.852173913,0.02173913,0,0,0,0
4560,TGGATGGATGGATGAGTGGTAGG,0,0,0.034666667,0,0.036610572,387.5,162.6006916,0,-0.630434783,0,0,0,0
4561,CTCACCTCCAATGCATTGGGAAG,0,0,0.001175779,0.024782459,0.024341882,357.5,172.3676827,0.047826087,0.152173913,0,0,0,0
4562,GACACCGAAGCATGTTTATTAAG,0,0,0.00345679,0.0040719,0.003952577,295,158.43114,0,-0.347826087,0,0,0,0
4563,AGTGTATGAGTGTGTGTGTGCGA,0,0,0.010606061,0,0.368797917,552.5,195.1395849,0,0.152173913,0,0,0,0
4564,GCCTCCCCAAAGAGTGGCCAGAG,0,0,0,0.300988187,0.300988187,440,200.4614948,0.013043478,-0.086956522,0,0,0,0
4565,GAATAAGAAGAAAAGACACAGAG,0,0,0.207407407,0,0.105393,455,191.1239336,0,-0.52173913,0,0,0,0
4566,GGTGAGTAAGCGTGGGTGTGGGA,0,0,0.001080247,0,0.081930203,357.5,174.6769667,0,0.195652174,0,0,0,0
4567,TGTGTGTGAGTGTGTGTCTGTGA,0,0,0.005611672,0,0.119478333,485,171.5022357,0,-0.369565217,0,0,0,0
4568,GCCCCAGCACAGCCTGGCCAAGA,0,0,0.006545102,0,0.519457564,620,209.1654988,0,0.347826087,0,0,0,0
4569,GGTGTGTGAGAGTGTGTATGTGG,0,0,0.088111888,0,0.062952983,387.5,165.2721519,0.013043478,0.065217391,0,0,0,0
4570,CGTGTGTGGGTGTGTGCGAGAGG,0,0,0.049474335,0.321904489,0.321904489,552.5,183.2038997,0,0.130434783,0,0,0,0
4571,GGGGGGTGTGTGTGTGTGTGCGG,0,0,0.1008,0.36082635,0.348646558,552.5,192.4377886,0.008695652,0.065217391,0,0,0,0
4572,GGCTGTGCGGCTGGATGCGGTGG,0,0,0,0,0.050674684,485,174.3263208,0,-0.282608696,0,0,0,0
4573,AATGTCCACCACACCTTCAATAG,0,0,0.004420271,0.0348909,0.033769908,455,183.992333,0,-0.347826087,0,0,0,0
4574,GGGAGCAGGGAATTTGCTCCAGG,0,0,0.303030303,0.286269799,0.277495246,522.5,206.4411348,0,-0.043478261,0,0,0,0
4575,TGGATGGAGGGATGGGAAGAGGG,0,0,0.2218125,0,0.034164895,290,140.6391837,0.126086957,0.065217391,0,0,0,0
4576,ACCTGTGTCCCTGGAGGAATGGG,0,0,0.127810651,0.050972894,0.049160524,485,171.4965044,0,-0.065217391,0,0,0,0
4577,TTGATGCAGGAAAGGGGAGTTAG,0,0,0.051041667,0.108309217,0.106481213,425,192.8704771,0,0.130434783,0,0,0,0
4578,GACACCTGAGCAGTGTCTTTAAG,0,0,0.040900508,0,0.056056145,455,181.0917065,0.004347826,-0.97826087,0,0,1,0
4579,GACCCCCAGCACTCCCCCTCGGG,0,0,0,0,0.055513037,455,185.3526563,0,-0.043478261,0,0,0,0
4580,GGCAGCGAGGCTGGGGGTGGGGG,0,0,0.230454545,0,0.23197741,522.5,198.8188575,0,-0.282608696,0,0,0,0
4581,AGAGGAGAATAAGAGACACAGAG,0,0,0.105324074,0,0.238119304,552.5,195.8062377,0.004347826,-0.282608696,0,0,0,0
4582,GGGAAGGAGGAACAAGGAGTTAG,0,0,0.073417239,0,0.086676978,425,196.7731748,0,-0.152173913,0,0,0,0
4583,GGTGGGAGAGTGGGGGCGTGGGA,0,0,0.000570652,0,0.101349588,425,191.8221571,0,-0.434782609,0,0,0,0
4584,AGCACTGGGGTTGGAGGTGGGGA,0,0,0.012362637,0,1.562222222,530,211.0700993,0,0.217391304,0,0,0,0
4585,AAATGAGAAGTATATACACATAG,0,0,0.003418803,0,0.012919908,260,171.9751483,NA,NA,0,0,0,0
4586,CACACTGAAGCAAAGTTTTGAAG,0,0,0.028011204,0,0.163296796,455,170.7770955,0,0.02173913,0,0,0,0
4587,GGTGAGTGAGATGGAGCGTGGGG,0,0,0.043566274,0,0.036956946,265,181.5474737,0,-0.108695652,0,0,0,0
4588,ATATCAAAAGGAGAGGCACAAGG,0,0,0.371428571,0.542336973,0.542336973,522.5,209.0584155,0,-0.195652174,0,0,0,0
4589,AAAGACCAATACATTCTCATAGA,0,0,0.00170068,0,0.106601012,455,163.3675981,0,0,0,0,0,0
4590,AACACCAGTGGGTGTAGCTGGAG,0,0,0.007489712,0,0.009528817,260,156.3757101,0.008695652,0.086956522,0,0,0,0
4591,CTCATCCATCGACAGACACTTGG,0,0,0.057416268,0,0.149801193,357.5,166.0929958,0.02173913,-0.043478261,0,0,0,0
4592,GGCTGTGAGGATGGAGGTGGAGG,0,0,0.186136364,0,0.757543103,522.5,207.7081793,0.991304348,0.391304348,0,0,0,0
4593,AATGACCACTCCCTCCTCTAAAG,0,0,0.011755885,0,0.180800032,365,173.9225958,0,-0.217391304,0,0,0,0
4594,GACCCTGAATCACAGTTTTTGGG,0,0,0.112118532,0.308518702,0.308518702,522.5,202.049359,0.130434783,0.456521739,0,0,0,0
4595,GGAATTCCAGCTGCAGCTCCCAG,0,0,0.055886243,0.10030413,0.10030413,552.5,183.0391659,0,-0.195652174,0,0,0,0
4596,GGTGTGTGGGGGTGTGTGTGTGA,0,0,0.003142536,0,0.196246288,455,186.7357049,0,-0.543478261,0,0,0,0
4597,CCCTCTTTCCCAGACACCTCTGA,0,0,0.00021522,0,0.040216897,357.5,160.9238949,0.004347826,1.02173913,0,0,0,0
4598,CAGCCCAGTGAGGAGAGCGGAGA,0,0,0.002740227,0,0.573580538,522.5,208.2990795,0,0,0,0,0,0
4599,AACTCCTGTGAGAAGACCGGAGG,0,0,0.045351707,0,0.152967414,455,185.4577876,0,0.152173913,0,0,0,0
4600,GGAGTCCCTTCAGCAACTCCAAG,0,0,0.064814815,0.025802929,0.024931944,387.5,167.8985404,0.539130435,NA,0,0,0,0
4601,GGCGAGTGAGTGGGAGCGCGCGG,0,0,0.017855734,0,0.051004158,357.5,164.217658,0,0.108695652,1,0,0,0
4602,TGTGTGTGAGTGCGCGCGTGTGA,0,0,0.005437147,0,0.155902215,425,194.2053379,0,0.173913043,0,0,0,0
4603,ATAAAGAACAGTGAGAAGAGAGG,0,0,0.221590909,0.156877149,0.154229434,552.5,196.4977732,0,-0.97826087,0,0,0,0
4604,GGGAAATCCCCAGCACCCTTTGG,0,0,0.108843538,0.055624514,0.055624514,485,165.6805764,0,-0.826086957,0,0,0,1
4605,GAGTCAGAGAAGAAGATGACTAG,0,0,0.006322484,0.13916537,0.134467805,485,154.2985686,0.652173913,-0.47826087,0,0,0,0
4606,GGTCTGTGTGTGTGTGTGTGTAG,0,0,0.013975045,0.359667248,0.353596915,552.5,192.0921886,0.130434783,0.217391304,0,0,0,0
4607,AAATGAGTAAGAGAGGCTCAAAG,0,0,0.033703704,0,0.143338947,455,179.4550296,0,-0.239130435,0,0,0,0
4608,GAGGGGGAGGAGAAGAAGAAAGA,0,0,0.005063657,0,0.760552802,622.5,210.2603596,0,-0.173913043,0,0,0,0
4609,TGTGTGTGTGTGTGTGCGAGTAG,0,0,0.016161616,0,0.321904489,552.5,183.2038997,0.013043478,0.173913043,0,0,0,0
4610,GAGGGGGAGGAGAAGAAGAAAGG,0,0,0.072916667,0,0.760552802,622.5,210.2603596,0,0.02173913,0,0,0,0
4611,GAACACATGGGATAGAATGCAGG,0,0,0.033333333,0,0.186788635,455,184.9242079,0,0.195652174,0,0,0,0
4612,TTCACAGCAGCTGGAGGTGGGAG,0,0,0.091919192,0,0.50455783,620,213.2142356,0,-0.195652174,0,0,0,0
4613,CACATGCATCCAGAGACAAAAGG,0,0,0.155844156,0.65954918,0.638611111,560,187.6260161,0,-0.326086957,0,0,0,0
4614,AAATGGGAAACTGAGGCACAAAG,0,0,0.023045267,0,0.207676548,460,198.4760954,0,-0.304347826,0,0,0,0
4615,GCCCCCTTTCCACCCATCTTCGG,0,0,0.240196079,0.217598685,0.213926133,552.5,191.5945246,0.082608696,-0.717391304,0,0,0,0
4616,GGTGTGTGAGTGTGTAGGGGTGA,0,0,0.000371361,0,0.03135496,417.5,148.8891431,0,0.130434783,0,0,0,0
4617,AGAATCACTTATGCAGCACACAG,0,0,0.065625,0,0.264377816,455,173.4491356,0,-0.608695652,0,0,0,0
4618,GGCTCTTTCTCACTCCCCTTTGA,0,0,0,0,0.035479776,455,185.040653,0,-0.304347826,0,0,0,0
4619,GACTTGTTTTCATTTCTCTTGGA,0,0,0.001984127,0,0.0466435,395,151.7669526,0.008695652,0.130434783,0,0,0,0
4620,GGCCCTGCAACTGGGGGTGGCAG,0,0,0.035686274,0,0.215770049,522.5,195.1678617,0,0.065217391,0,0,0,0
4621,CGCTTTGTCTCTGGCTGGCTGAG,0,0,0.003053019,0.138592742,0.133665,455,172.7166585,0,-0.02173913,0,0,0,0
4622,ATGAACAGCAGTAAACAGAGGGA,0,0,0.025856496,0,0.024349417,357.5,175.105415,0.404347826,0.543478261,0,0,0,0
4623,TTGAAAGCCAGTGAGTAGAATGA,0,0,0.042673319,0,0.288195638,552.5,177.8932353,0.008695652,-0.369565217,0,0,0,0
4624,AAATCATATGAAGAGGCACAAGG,0,0,0.269387755,1.012636909,1.012636909,627.5,212.7687188,0.465217391,0.717391304,0,0,0,0
4625,GGTCTGTGTGTGTGTGCATGCAG,0,0,0.020732209,0,0.180012975,552.5,187.6549664,0,0.282608696,0,0,0,0
4626,ATCTCCCCAAAGCCTGGCACTGG,0,0,0.079693034,0.223900568,0.219695863,485,151.0744001,0,-0.652173913,0,1,0,0
4627,TGCGTGTGAGTGTGTGTGTGTGA,0,0,0.005050505,0,0.601049167,552.5,196.3975689,0,-0.239130435,0,0,0,0
4628,AAATGAGAAGAAAAGAAAAAAGA,0,0,0.012820513,0,0.011018566,320,140.6781426,0,-1.173913043,0,0,0,0
4629,AACAGAGATGAAGAGGTACAGGG,0,0,0.057142857,0.36082635,0.348646558,552.5,192.8525086,0,-0.02173913,0,0,0,0
4630,ATGAAAACCAAAAAGTAGAGAGG,0,0,0.685714286,0,0.087264738,362.5,193.9685113,0,-0.086956522,0,0,0,0
4631,GATTCCTACCAGAAGAAGAATGG,0,0,0.153846154,1.046578546,1.046578546,627.5,213.5290388,0.273913043,0.673913043,0,0,0,0
4632,GGTGTGTGAGTGTGTGTGAGCGA,0,0,0.003367003,0,0.382126866,492.5,167.377569,0.469565217,0.02173913,0,0,0,0
4633,ATATGATAAGAAGAGGCCCAAGG,0,0,0.079158936,0.448587654,0.448587654,560,192.3534859,0,0.130434783,0,0,0,0
4634,TTTATATTAGTGATTACCTGTGG,0,0,0.283730159,0,0.41990681,522.5,209.1699156,0,-0.391304348,0,0,0,0
4635,TCCATCCATGTCCTTCCCATGGG,0,0,0.036011905,0,0.275145253,522.5,202.3697976,0,0.02173913,0,0,0,0
4636,TGCATTGGGGCTGGAGGGGGAGG,0,0,0.136363636,0,0.310333333,552.5,189.3885298,0,-0.173913043,0,0,0,0
4637,AGATGAGAAAAAGAGCCATAAAG,0,0,0,0,0.079007985,485,165.9318378,0,-0.195652174,0,0,0,0
4638,TAACACAAAACATAGAAAGCAAG,0,0,0.075281207,0,0.110039545,485,167.7988192,0,-0.652173913,0,0,0,0
4639,CCTGTCTCCTCTCTACCCAGAAG,0,0,0.005566041,0,0.234114746,485,154.7962326,0,-0.239130435,0,0,0,0
4640,TGTGTGTAAGTGTGAGCGTGTGG,0,0,0.210526316,0,0.402848101,522.5,200.6048415,0,-0.369565217,0,0,0,0
4641,TGGCCTGCGGCTGGAGCTGGAGA,0,0,0.002883506,0,0.601049167,552.5,196.8122889,0,0.195652174,0,0,0,0
4642,GGCACGGGGGCTGGAAGTGAAGG,0,0,0.344387755,0,0.06522685,485,159.8881732,0.039130435,0,0,0,1,0
4643,CCTTCCCCCAAGCCTGGCCTGGG,0,0,0.168367347,0.428215878,0.420174266,552.5,177.5746197,0.117391304,0.239130435,0,0,0,0
4644,AAAAAAGAAGAAGAAGAACAAGA,0,0,0.012587751,0,0.155096519,455,181.8449474,0.008695652,-0.108695652,0,0,0,0
4645,GGCAATGAGGCACGAGGTGGAGG,0,0,0.125112782,0,0.259890517,425,197.5964421,0.047826087,-1.173913043,0,0,0,0
4646,GGACCCCTCCACCCCACCCCCGA,0,0,0.013282248,0,0.08458401,485,170.3955742,0.008695652,0.065217391,0,0,0,0
4647,GGTGAGTGTGAGTGTGGATGTGG,0,0,0.018325792,0,0.036610572,387.5,162.6006916,0.126086957,0.239130435,0,0,0,0
4648,GACCTCCCCCACCCCGCCCACAG,0,0,0.022756299,0,0.20797875,485,146.9262632,0.804347826,0.543478261,0,0,0,0
4649,GGAGCCTCATCTGCAGCACCAGA,0,0,0.032745846,0,0.544570536,620,210.6951188,0.339130435,0.630434783,0,0,0,0
4650,AAACTATAAAAAGAGGCACAAAG,0,0,0.026840959,0.858607543,0.858607543,620,209.6631628,0.786956522,2.391304348,0,0,0,0
4651,GGAATCACTCCTGCACCCCCAGG,0,0,0,0.031347484,0.030340335,485,169.1133236,0,-0.130434783,0,0,0,0
4652,GGCCCAGGCTGAGAGCGTGGTGA,0,0,0.008859613,0,0.025030161,357.5,153.1163769,0.291304348,4.717391304,0,0,0,1
4653,GGTGTGTGTGTGTGTGCATCCAG,0,0,0.016783217,0,0.079068899,485,151.3909664,0.039130435,-0.260869565,0,0,0,0
4654,TCGAGGTATGAATGAGGAGTGGG,0,0,0.135032967,0.57847376,0.569608261,620,211.3287188,0.056521739,-0.5,0,0,0,0
4655,GGCCCTGCAGCAGGAGGTAGCAG,0,0,0.033613445,0,0.149930235,455,175.9025193,0,0.02173913,0,0,0,0
4656,GTCATCTTAGCCTTTCCCTAAAG,0,0,0,0,0.022040629,290,149.0445699,0.030434783,0.391304348,0,0,0,0
4657,ATTTGAGAAGCAGAGGCACATGA,0,0,0.014260249,0,1.46235865,530,213.4019163,0.086956522,-0.152173913,0,0,0,0
4658,GACTTTATTAGATTGTTCTCTGA,0,0,0.008680556,0,0.275626467,522.5,203.8090151,0.060869565,-0.391304348,0,0,0,0
4659,GAGACCAAGGAGAAGGAGAAAGA,0,0,0.002473093,0,0.162635484,552.5,193.6630569,0.008695652,0.152173913,0,0,0,0
4660,AGATTAGAATAGGAGGCACAGAG,0,0,0.036512346,0.658890918,0.648306325,522.5,204.9638431,0,0.282608696,0,0,0,0
4661,GAGTACCAGAAGAAGAAGAGAGA,0,0,0.018080843,0,0.415325641,552.5,173.3991629,0,-0.260869565,0,0,0,0
4662,AGAAGGGAAGAAGAGTCACACAG,0,0,0,0,0.156419304,552.5,199.0119901,0,-0.086956522,0,0,0,0
4663,GCCAGCCATGCAGAGACCCAGAG,0,0,0.011222043,0,0.285817,552.5,187.4966103,0,-0.391304348,0,0,0,0
4664,GAGTTGTTTTCACTTTTTTCTAG,0,0,0.009398496,0,0.031735921,357.5,169.5423246,0,-0.086956522,0,0,0,0
4665,GGGGAGAGAGTGTGTGTGTCTGG,0,0,0.0875,0,0.171185414,485,158.1651082,0,-0.02173913,0,0,0,0
4666,TGGTTGGATAAATGAGCAGTTGG,0,0,0.074533571,0,0.325662758,552.5,188.3887722,0,-0.326086957,0,0,0,0
4667,GAACAAAATGCATAGACTTACAG,0,0,0.048148148,0.075537496,0.072987707,485,145.5686358,0.008695652,0.065217391,0,0,0,0
4668,CGTGCATGAGTGTGTGCGTGTGA,0,0,0.024801587,0,1.46807152,627.5,217.325696,0.982608696,0.065217391,0,0,0,0
4669,TGGAGAGAGGAATGCGGAATTAG,0,0,0.032323232,0,0.076772777,455,171.1706745,0,-0.130434783,0,0,0,0
4670,ACCTGTGTCTTTTGATTGATTGG,0,0,0.023076923,0.133299118,0.130929356,357.5,182.4844847,0.947826087,2.630434783,0,0,0,0
4671,GTCTCACCAAAGCCTGGTCCAGG,0,0,0.123334458,0,0.082703287,485,154.6130828,0,-0.108695652,0,0,0,0
4672,GCCCCTTTCCTCCCAACCTTCAG,0,0,0.003018551,0,0.104700416,327.5,190.1731943,0,0.173913043,0,0,0,0
4673,ACATGAGAAGCTGAGGCTCAGAG,0,0,0.013580247,0,0.08473962,357.5,179.5904826,0,-0.217391304,0,0,0,0
4674,TCATCCACAAAGCCTGGCCTCAG,0,0,0.101111111,0.478676669,0.469687436,552.5,179.1512193,0,-0.195652174,0,0,0,0
4675,CTCTTGCTTTCATTGTTCGCAAG,0,0,0.023148148,0,0.359837588,552.5,185.8288193,0.02173913,0.282608696,0,0,0,0
4676,GCGTCCCCAACCCCGGGCCACAG,0,0,0.001372549,0,0.108461679,327.5,190.5187943,0,-0.760869565,0,0,0,0
4677,CCTGCCTCCGTTCCACTAACCAG,0,0,0.012272628,0.042243646,0.041225727,365,177.1073984,0,-0.282608696,0,0,0,0
4678,GGCCCAGGCTGAGGAGGGGAGGA,0,0,0,0,0.007186647,387.5,161.7492392,0,-0.326086957,0,0,0,0
4679,CCCACACATACAGACACACACAG,0,0,0.056902357,0,0.213651194,522.5,196.926938,0.008695652,0.47826087,0,0,0,0
4680,AAAAGAGGAGCAGAGACACAGGG,0,0,0.13968254,0,0.143492089,455,191.7080734,0,-0.456521739,0,0,1,0
4681,AAAAGGGAAGAACATGCACACAG,0,0,0.005304266,0,0.089775258,425,192.8340739,0.013043478,0.02173913,0,0,0,0
4682,TGAATCCCTTCTGCAGAAATGGA,0,0,0.004166667,0,0.084582907,417.5,130.3282891,0.304347826,0.282608696,0,0,1,0
4683,GACATCGATGTCCTACATCTTGG,0,0,0.013793103,0,0.008312935,345,127.8355341,0,-0.043478261,0,0,0,0
4684,GCCTCCCCAAAGCTTGGGGCTGG,0,0,0.002777778,0,0.005236044,345,114.2518822,0,0.239130435,0,0,0,0
4685,GGCAGTGTGGCTGGAGGTAAAGG,0,0,0.3515625,0,0.20797875,485,146.9262632,0,0.02173913,0,0,0,0
4686,GGCCCAGACTGAGCAAATTTGGA,0,0,0.025925926,0,0.01135084,350,113.0398632,0,-0.108695652,0,0,0,0
4687,AATGGAGAAATAGAGGCACAAGG,0,0,0.126696833,0.709682147,0.687929438,522.5,206.5765799,0.008695652,-0.326086957,0,0,0,0
4688,CCAGGGAGGAGAGGGGAGCCTGG,0,0,0,0.044612589,0.043106678,455,171.5647151,0.02173913,0.086956522,0,0,0,0
4689,GAGACAGAGCAAAAAAAGAAAAG,0,0,0.100702009,0,0.114132886,425,194.617294,0,-0.434782609,0,0,0,0
4690,GGGAAAGACCATGGAACCGTTAG,0,0,0,0,0.009131982,260,176.3262053,0,-0.369565217,0,0,0,0
4691,ATGAAGACCATGGAGTAGAGCAG,0,0,0.024928775,0,0.420190723,432.5,204.6678318,0.07826087,-0.630434783,0,0,0,0
4692,GGTGAGTGGGAGTGGGCTTGGGG,0,0,0.016666667,0,0.025484762,357.5,169.3797811,0,0.282608696,0,0,0,0
4693,TGTGTGTGAGTGTGGGTGTGTGA,0,0,0.000589226,0,0.163368333,455,182.7185474,0,0.065217391,0,0,0,0
4694,TGTGTGTGAGTGTGGGTGTGTGG,0,0,0.008484848,0,0.163368333,455,182.7185474,0,0.304347826,0,0,0,0
4695,AAATTAGAGGAGGAGGGACATGA,0,0,0.000590051,0,0.173969682,455,185.2496881,0.956521739,0.130434783,0,0,0,0
4696,GTGGAGTGTGTGTGTGCGTTTGG,0,0,0.133636364,0,0.420174266,552.5,177.3346197,0,-0.630434783,0,0,0,0
4697,GCCTCTCTGACCCCCACCTTAAG,0,0,0.025165151,0.254211765,0.246762336,522.5,200.149202,0.226086957,0.456521739,0,0,0,0
4698,GTCATCCTGTTCATTACCTCCGA,0,0,0.011083209,0,0.240915158,552.5,170.7277025,0.665217391,0.369565217,0,0,0,0
4699,GCAGAGTGAGTGTGTGTGTTGGG,0,0,0.161538462,0.264757925,0.264757925,485,160.308289,0,-0.934782609,0,0,0,1
4700,TGGATGGAGCACAGAGGAGACAG,0,0,0.01062753,0.106331158,0.104623026,357.5,159.8552427,0,-0.173913043,0,0,0,0
4701,TGGGAGTGTGTGAGTGCGTGTGA,0,0,0.014423077,0,0.350457709,522.5,205.2128991,0.004347826,0.065217391,0,0,0,0
4702,AAATGAGGAGAGGAGGAACACAG,0,0,0.064078646,0,0.506185654,462.5,188.5979715,0,-0.086956522,0,0,0,0
4703,AAATGAGTTAAAGAGGCACAGAG,0,0,0.062222222,0,1.305480952,630,208.3486663,0,-0.543478261,0,0,0,0
4704,GAAATCCCTTCTGTTGAACCCAG,0,0,0.015014878,0.024341882,0.024341882,357.5,172.1276827,0.239130435,0.413043478,0,0,0,0
4705,CACTGTCTCTGTGAATGGATCGA,0,0,0.006510417,0,0.084899764,425,198.7075508,0,-0.434782609,0,0,0,0
4706,AAATAAGTGGAAGAGACACAGGG,0,0,0.247619048,0,0.15035753,552.5,193.5636568,0.313043478,0.108695652,0,0,0,0
4707,GGCTCTCAGGCTGGAGGTGGCGG,0,0,0.284375,0,1.65734355,627.5,214.0434022,0,0.260869565,0,0,0,0
4708,AAGAGGGAGGAAGGAGGAGTCAG,0,0,0.03662579,0,0.581724684,522.5,208.1723595,0,0.130434783,0,0,0,0
4709,AAAGGAGAAGAAGAAGAAGAGGA,0,0,0.002382898,0,0.051461025,387.5,152.3852674,0.865217391,0.02173913,0,0,0,0
4710,GATTTCAAGCAGAAGAGGAAAAG,0,0,0.014557338,0,0.389730931,552.5,194.0143881,0.160869565,0.652173913,0,0,0,1
4711,GACTCCCTGCATCCAGCCTCTAG,0,0,0.015363512,0,0.115264782,425,192.4434976,0,-0.217391304,0,0,0,0
4712,CCCTCACCAAAGGCTGACCACAG,0,0,0.021885522,0.145308048,0.142724794,455,186.9285844,0,0.065217391,0,0,1,0
4713,AATGACCACTACAAGCAAAACAG,0,0,0.002304527,0.003990621,0.00393215,290,146.9443494,0,0.02173913,0,0,0,0
4714,TACATGTTTTCATTTTTCTTGGG,0,0,0.020408163,0,0.186915845,455,166.9817785,0,0.173913043,0,0,0,0
4715,CCACTGAGTAAAGAAGAGGCTGA,0,0,0.012110727,0,0.031708053,327.5,186.2501101,0,0.065217391,0,0,0,0
4716,TGAGTGTGAGTGTGTGTGTGTGA,0,0,0.008417508,0,0.601049167,552.5,196.3975689,0,0.152173913,0,0,0,0
4717,TGTGGTTGAGTGTGTGTGTGTGG,0,0,0.224,0,0.368797917,552.5,195.1395849,0,0.02173913,0,0,0,0
4718,GGTGTGTCAGTGTGTGTGTAAGG,0,0,0.097902098,0,0.25419625,485,156.688152,0.017391304,0.108695652,0,0,0,0
4719,ATGAACTCCAGGGAGAAGAGAGG,0,0,0.198863636,0.158465461,0.154453678,462.5,193.0122929,0,-0.304347826,0,0,0,0
4720,TGGATGGATGAATGAATGGTTGG,0,0,0.053333333,0,0.011345979,442.5,151.5423494,0.152173913,-0.065217391,0,0,0,1
4721,GGGTCAGAGGAGAAAAAGAACAG,0,0,0.070491406,0.228322521,0.224468976,522.5,197.975258,0.008695652,-0.108695652,0,0,0,0
4722,AGAATCCCTTGTCCAGCAGCAGG,0,0,0.011842105,0.113159175,0.113159175,357.5,172.7225958,0,-0.565217391,0,0,0,0
4723,GGGGAGGGTGTGTGTGCGCGGGG,0,0,0.048681542,0,0.205220971,552.5,181.5810389,0,-0.260869565,0,0,1,0
4724,GTCCTCTTAGCCACTACCAGTAG,0,0,0.00497977,0,0.041244131,357.5,169.7091317,0,-0.456521739,0,0,0,0
4725,GAGGGCGAGGAGAAGAAGAAAGA,0,0,0.010127315,0,2.342570281,627.5,213.2463436,0,-0.413043478,1,0,0,0
4726,GAATAAGAATGAGAGGCACATGA,0,0,0.031785301,0,0.73132116,522.5,206.6898599,0.095652174,-0.195652174,0,0,0,0
4727,GAACAAAATTGATAGACTGCTAG,0,0,0.029340278,0,0.246570675,525,202.2324155,0.039130435,-0.543478261,0,0,0,0
4728,GGTGTGTGTATGTGTGTGTGGGG,0,0,0.095030303,0,0.325662758,552.5,187.9740522,0,0.217391304,0,0,0,0
4729,GGTGTGTGTATGTGTGTGTGGGA,0,0,0.006599327,0,0.325662758,552.5,187.9740522,0,-0.239130435,0,0,0,0
4730,GACACCCCCGACCCCACCTCTAG,0,0,0.084903617,0,0.238119304,552.5,192.9464207,0,-0.391304348,0,0,0,0
4731,ATGCACGCCAGAGATTAGAGTGG,0,0,0.028472565,0,0.128847539,425,194.0200972,0,0,0,0,0,0
4732,AAACACAAAACACAGACTTCAGA,0,0,0.030701754,0,0.187783063,455,173.9609431,0.208695652,0.304347826,0,0,0,0
4733,GGCACCTCCAAGGACTGGAGAGG,0,0,0.052941176,0.097956109,0.094473225,387.5,159.5097885,0.008695652,0,0,0,0,0
4734,TGTATGTGAGTGTGTGTGTGAGA,0,0,0.010606061,0,0.609583333,552.5,196.0519689,0.169565217,0.456521739,0,0,0,0
4735,AAGGGAGAGGAAGAGGAACAAGA,0,0,0.008251886,0,0.348646558,552.5,192.8525086,0.252173913,0.565217391,0,0,0,0
4736,CCAGTCTGTAGAGCTCAGGCCAG,0,0,0,0.027696705,0.027251778,455,183.5353877,0,0.369565217,0,0,0,0
4737,TGTGTGGGTGTGTGTGCGTGTGA,0,0,0.008912656,0,0.569608261,620,211.5687188,0,-0.456521739,0,0,0,0
4738,GTGACATCCATTGACTAGAGCAG,0,0,0.026455026,0,0.165123232,455,179.9079324,0,-0.413043478,0,0,0,0
4739,GTTGAGGTAGTGTGTGCCTGTAG,0,0,0.028883607,0,0.211957667,552.5,188.053669,0,0.804347826,0,0,0,0
4740,GGTGGGTGTGTGTGTGTATGTGG,0,0,0.139569231,0,0.069304995,485,167.5424553,0,0,0,0,0,0
4741,GAGTCCCAGAATAAAAAGAAAGA,0,0,0.014978213,0,0.113212556,425,189.9019608,0,-0.065217391,0,0,0,0
4742,ATGAACACCAGCGAGTAGAGCGG,1,0.29448,0.947368421,49.2,49.2,545,215.0838996,0.030434783,-0.391304348,0,0,0,0
4743,GGTGTGTGTGTGTGCGCGTTGGG,0,0,0.041652893,0,0.108114617,455,162.6072781,0.039130435,0.02173913,0,0,0,0
4744,ACTGCATCCTCTCTGCTCACAAG,0,0,0.127141204,0.232310687,0.224468976,522.5,198.215258,0,0.02173913,0,0,0,0
4745,GAGCAAAAAGCACAGACTGGCGG,0,0,0.026352646,0.158042703,0.152423407,455,170.2490955,0,-0.02173913,0,0,0,0
4746,AAATCAGAAGAACAGACCCAGGA,0,0,0.004376019,0,0.019611103,387.5,165.7006003,0,-0.043478261,0,0,0,0
4747,CGTGCGTGTGTGTGTGTGTGAGA,0,0,0.006944444,0,0.372455417,552.5,192.9657886,0,0.195652174,0,0,0,0
4748,AAATGAGAAGCAGAAGGAAAGGG,0,0,0.009490855,0,0.024621439,290,147.0287837,0.004347826,0.260869565,0,0,0,0
4749,ATGATCACGAGGGAGGAGAGAGG,0,0,0.038961039,0.076431537,0.073975905,455,188.9473733,0,-0.239130435,0,0,0,0
4750,GAAGGATATGAAGAGGCACACAG,0,0,0.055555555,0.58761959,0.569608261,620,211.9834388,0,-0.086956522,0,0,0,0
4751,GGGGTGTGAGGGTGTGTGTGAGG,0,0,0.033939394,0,0.316692045,455,190.1674852,0.156521739,0.086956522,0,0,0,0
4752,GGGCCCCTTTCTGCAGCACCAGA,0,0,0.013105937,0,1.286675824,622.5,213.410263,0.286956522,-0.195652174,0,0,0,0
4753,CCCGTGCATACACAGACACACAG,0,0,0.029564652,0,0.308518702,522.5,202.049359,0,-0.347826087,0,0,0,0
4754,TGCCTGGAGGAGTGAGGAGAAGG,0,0,0.055147059,0.332103316,0.320295198,455,172.9446996,0,-0.086956522,0,0,0,0
4755,GACATGTTTTCATTTCTCTAGGG,0,0,0.022675737,0,0.030434884,387.5,149.6933526,0.991304348,0.130434783,0,0,0,0
4756,GGCTTTGTAGCTGGAGGTGGAGG,0,0,0.227789256,0,0.797321429,620,209.9784827,0,-0.065217391,0,0,0,0
4757,AATGGCTATTAAATCCTCAACGA,0,0,0.025390625,0,0.280247265,522.5,203.8526184,0.404347826,0.326086957,0,0,0,0
4758,AAATGACAAAAAGAGTCAGAAGA,0,0,0,0,0.051230178,485,163.788657,0,-0.217391304,0,0,0,0
4759,AATGAGGACTAGCTCCTCAAGGG,0,0,0.022015824,0.10906211,0.10739066,425,197.8154142,0,-0.369565217,0,0,0,0
4760,GTCTCTCTCCCCCCCACCTCCAG,0,0,0.003876484,0.234367362,0.234367362,455,171.7231188,0,-0.173913043,0,0,1,0
4761,AAATAAGAGGAAGAGACACCAGA,0,0,0.009118967,0,0.069386993,485,159.5258738,0,-0.760869565,0,0,0,0
4762,GAGTTGTTTACATTGTTTTTTGA,0,0,0.005739796,0,0.117517089,485,151.1193304,0.013043478,0.282608696,0,0,0,0
4763,CAAGGAGAGGAAGAGACACAAGA,0,0,0.024801587,0,0.166395667,552.5,197.0781938,0.043478261,0.02173913,0,0,0,0
4764,CCCTGTGTCCCTGGTAGTATTAG,0,0,0.016760195,0.011716915,0.011357776,387.5,157.2894828,0.030434783,0.326086957,0,0,0,0
4765,AAAAGGGAACAATAGGCACAGGA,0,0,0.002834467,0,0.308518702,522.5,202.049359,1,0.804347826,0,0,0,0
4766,GACATGTTTTCATTTTTCTTGGG,0,0,0.020408163,0,0.374491005,462.5,168.1817785,0,0.47826087,0,0,0,0
4767,AAAGGAGAAGAAAAGGTAGAAGG,0,0,0.033653846,0,0.074311256,387.5,157.0929685,0.043478261,0.086956522,0,0,0,0
4768,GACATGTTTTCATTTTTCTTGGA,0,0,0.001417234,0,0.374491005,462.5,168.1817785,0,-0.869565217,0,0,0,0
4769,GAATTGTTTTTGTAGTTCTCTGA,0,0,0.008279443,0,0.057395361,327.5,193.0866312,0,-0.086956522,0,0,0,0
4770,GCTTCTGTCCCTCCCACCTACGA,0,0,0.005265778,0,0.21876162,455,171.4351188,0,-0.239130435,0,0,0,0
4771,GTGTCCTTCCCGCCCACCTTTGA,0,0,0.020724926,0,0.41990681,522.5,208.9299156,0.004347826,-0.260869565,0,0,0,0
4772,GGTGAGTGTGTGAGGGTGTGAGG,0,0,0.009692308,0,0.033301367,357.5,170.5477665,0,0.282608696,0,0,0,0
4773,GAATCCAAGCAGAAGAAGAGAAG,1,0.0013,0.14869281,0.971885114,0.941031618,560,180.3512193,0.026086957,-0.413043478,0,0,0,0
4774,GGAGCTGGGACTGGAGGTGGAGG,0,0,0.325,0,1.2395125,620,209.7068466,0.004347826,-0.586956522,0,0,0,0
4775,TGAGAGTGTGTGTGTGTGTGAGA,0,0,0.013888889,0,0.367241041,552.5,193.7261086,0,0.086956522,0,0,0,0
4776,CCACACCATGCAGAGACACATGA,0,0,0.004130356,0,1.2395125,622.5,211.5183436,0.02173913,0.130434783,0,0,0,0
4777,GTGTTGTTTTCATTTGTCTCTGG,0,0,0.017982018,0,0.068319815,455,186.9365525,0,-0.326086957,0,0,0,0
4778,GGCATGGGGGGTGGAGGTGGGAG,0,0,0.015151515,0,0.458313578,522.5,206.7957953,0,0.108695652,0,0,0,0
4779,GGCACAGTGGGTGAAGGTGGTGA,0,0,0.009874132,0,0.068288723,425,196.4449307,0.013043478,-0.347826087,0,0,0,0
4780,GGTGGGTGGGTGGGTGGGTGAAG,0,0,0.001909633,0,0.136842006,455,183.466468,0.008695652,0.086956522,0,0,0,0
4781,GCCTCTCTCCCAGGCACTTTAGG,0,0,0,0,0.01104408,357.5,170.2549807,0,-0.173913043,0,0,0,0
4782,AAATGAGAGGAAGAGACAGAGGA,0,0,0.005787037,0,0.093181573,492.5,168.4037938,0.017391304,0.413043478,0,0,0,0
4783,GTTGTGTGTGTGTGTGTGTGTGA,0,0,0.004499541,0,0.372455417,552.5,192.7257886,0,0.239130435,0,0,0,0
4784,GAGGCCTAGGAGAAAAAGAATGG,0,0,0.130718954,0,0.241196307,522.5,196.7444612,0,-0.108695652,0,0,0,0
4785,GAAACAGAAGCGTAGTTTTTGAG,0,0,0.045205761,0.165157061,0.162503936,425,199.670595,0,-0.52173913,0,0,0,0
4786,AAAAGAAAAGAAGGAGCACAAGG,0,0,0.209150327,0,0.039020901,425,190.097013,0.052173913,0.347826087,0,0,0,0
4787,AAGTGAAAAGCAGAGGCAAATGG,0,0,0.104761905,0,0.186411847,455,179.3107356,0.269565217,-0.608695652,0,0,0,1
4788,GGCAGTGTGGCTGGTGGTGGTGG,0,0,0.105,0,0.75437037,530,201.8048415,0,0,0,0,0,0
4789,AGTGAGTGAGTGAGTGAATGAAG,0,0,0.052189349,0,0.046238115,387.5,163.2912351,0.030434783,0.065217391,0,0,0,0
4790,GGAACAGCCCCTGGAGGTGGAAG,0,0,0.041942387,0,0.458191993,620,207.9344992,0,0,0,0,0,0
4791,ATGAAAACCAGTAAGAAGTGAGG,0,0,0.419580419,0.019395648,0.019068295,387.5,159.8782696,0.008695652,0.152173913,0,0,0,0
4792,ATGAAAACCAGTAAGAAGTGAGA,0,0,0.029137529,0,0.019068295,387.5,159.8782696,0.243478261,-0.086956522,0,0,0,0
4793,GGTGGGTGTGTGGGTGGGTGGGA,0,0,0.000460358,0,0.136842006,455,183.466468,0.008695652,-0.369565217,0,0,0,0
4794,CCCATCCAGCTGGAGAGACAGAG,0,0,0.002097959,0,0.087674721,357.5,180.3079244,0,0.717391304,0,0,0,0
4795,CCCTTCAATCCACAGACACCTGG,0,0,0.045672031,0,0.17451794,455,169.3062987,0.030434783,-0.086956522,0,0,0,0
4796,GCCTCTCATCCACTCACCTTCAG,0,0,0.091496913,0,0.084871631,525,198.1180372,0,-0.456521739,0,0,0,0
4797,CTCTTCCAGCCTGAGACACACAG,0,0,0.030949223,0,0.43009247,522.5,206.4105192,0,-0.586956522,0,0,0,0
4798,TGTGAGTGAGGATGTGTGTGAGA,0,0,0.012098765,0,0.166452825,357.5,184.2677048,0.004347826,-0.217391304,0,0,0,0
4799,TCTGCCCCACAGGCCAGGAAGGG,0,0,0.12244898,0.047944355,0.046239667,455,181.8974821,0,-0.130434783,0,0,1,0
4800,TGTGAGAGAGTGAGTGTGTGAGA,0,0,0.01963141,0,0.161125676,455,186.3313876,0,-0.891304348,0,0,0,0
4801,AAAAGAGAGGAAGAGACAAAGAG,0,0,0.035273369,0,0.052414635,485,166.3301938,0,0.434782609,0,0,0,0
4802,TGGAAGTATGAATGAGAAGTGGG,0,0,0.142222222,0.241506693,0.241506693,552.5,190.5826078,0,-0.413043478,0,0,0,0
4803,TTAAACACCAGTGAGTGTAGCAG,0,0,0.022875817,0.122148702,0.117805637,485,172.2625557,0.434782609,0.826086957,0,0,0,0
4804,CCAGGCTCAGCTCCACTCACAAG,0,0,0.027210884,0.132691231,0.128428059,522.5,201.784715,0,-0.173913043,0,0,0,0
4805,CATGAGTGTGTGTGTGCATGTGG,0,0,0.251056635,0,0.189613667,552.5,189.5768864,0,0.282608696,0,0,0,1
4806,GAGTCTTTCCCACCCTCCGTGGG,0,0,0,0,0.08458401,485,170.3955742,0.017391304,0.195652174,0,0,0,0
4807,GACACCAAAACTGAGTTATTAGA,0,0,0.014403292,0,0.086787471,455,178.685649,0,-0.086956522,0,0,0,0
4808,GGGTGGGGGGCGTCTTCTCCCAG,0,0,0,0.035326439,0.034514337,365,185.2423058,0.052173913,-0.173913043,0,0,0,0
4809,GATTTGTTTTCAAGGTTCTGGGA,0,0,0,0,0.037538988,357.5,160.3958949,0.030434783,-0.195652174,0,0,0,0
4810,GACTTGTTTACATTGTTTTAGGG,0,0,0.275510204,0.211885669,0.211885669,492.5,152.8473304,0,-0.152173913,0,0,0,0
4811,ACCTCTTTCCCACACAGCTCTAG,0,0,0.00043672,0.040774781,0.040009058,387.5,149.4371044,0,-0.130434783,0,0,0,0
4812,CTCAACCTTACAGAGACACATAG,0,0,0.043771044,1.296862648,1.257112069,620,209.5801266,0,-0.869565217,0,0,0,0
4813,AAATGAAAGGAAGAGGAAAAAGA,0,0,0.009259259,0,0.076074608,485,161.1229278,0.3,0.260869565,0,0,0,0
4814,TGTGCCCCAAAGCCTGGCCAGGG,0,0,0.298913044,1.286675824,1.286675824,625,217.5584,0,-0.065217391,0,0,0,0
4815,TAATTGTTTTCATGTTTCTCAGA,0,0,0,0,0.059184026,425,192.8257938,0.060869565,-0.52173913,0,0,0,0
4816,AAAGAAGAAGAAGAGGAAGAAGA,0,0,0.002194252,0,0.19201875,485,165.303969,0,0.217391304,0,0,0,0
4817,AAAGAAGAAGAAGAGGAAGAAGG,0,0,0.031597222,0,0.19201875,485,165.303969,0.008695652,-0.239130435,0,0,0,0
4818,GGTGAGTGAGTCAGTGAGTGAGG,0,0,0.171040724,0,0.177880621,365,182.1984679,0,0.02173913,0,0,0,0
4819,ATATGAGAAGAAGAAATACATGG,0,0,0.31942959,0,0.028099353,412.5,166.4784415,0,-0.782608696,0,0,0,0
4820,GAAACCAAATCATAGACTGAGAG,0,0,0.044346979,0,0.60809025,552.5,174.9087437,0,0.173913043,0,0,0,0
4821,GACCCACTGCACCCGGCCTGTGG,0,0,0.001690676,0,0.062097478,455,162.1096141,0,-0.47826087,0,0,0,0
4822,AAAAGAAAAGAAAATGCACAGAG,0,0,0.016280016,0,0.101349588,425,192.2368771,0,-0.086956522,0,0,0,0
4823,TGTGCGTGATTGTGTGCGCGTGA,0,0,0.007782567,0,0.485227553,552.5,182.1719436,0.143478261,-0.130434783,0,0,0,0
4824,GGCACTTCGGTTGGGGGTGGGGG,0,0,0.114285714,0,0.27147665,432.5,197.5797139,0.126086957,0.043478261,0,0,0,0
4825,GGGATGGAGGAAGGAGGAGGCGG,0,0,0.044034249,0.5977,0.577438983,462.5,173.7630795,0.047826087,0.02173913,0,0,0,0
4826,CCCTCTCTCCCTGGAGGGATAAG,0,0,0.025854701,0.15993614,0.15479763,552.5,193.2483369,0.147826087,-0.065217391,0,0,0,0
4827,TGAATGCCTTCTGCAGTGCCTGA,0,0,0.006481481,0,0.072284392,485,171.0045717,0,-0.391304348,0,0,0,0
4828,ATGAAGACAAGTGAATAGATTGA,0,0,0.019607843,0,0.062097478,455,162.1096141,0,0.02173913,0,0,0,0
4829,ATTAACCTCAGTGAGCAGAGGGA,0,0,0.0088614,0,0.174113559,552.5,195.9005764,0,-0.217391304,0,0,0,0
4830,GGGAGGGGGCAGCTTTCTCCTGA,0,0,0,0,0.092152171,455,186.5469172,0,-0.130434783,0,0,0,0
4831,GCCTGTTTCCCCTCCAGCTTTGA,0,0,0.000451496,0,0.11019029,357.5,179.7101479,0,-0.326086957,0,0,0,0
4832,GTGAACTACACTGAGTAGAGCAG,0,0,0.031597222,0,0.542336973,522.5,207.4869185,0.008695652,0.108695652,0,0,0,0
4833,GTCACCTGGATTGACTAGTGCAG,0,0,0.021164021,0.157900163,0.152827065,455,175.162319,0,0.065217391,0,0,0,1
4834,CCCGCCTCCGCTCACCTGACCAG,0,0,0.002501202,0.012218739,0.012218739,357.5,167.4024605,0,-0.391304348,0,0,1,0
4835,AAAGGATAAGAAGAGGGATAGGG,0,0,0.009696186,0,0.131148806,485,164.2091082,0,-0.826086957,0,0,0,1
4836,CCTTGGGTCACTGGATGGAAAAG,0,0,0.049107143,0,0.362744077,552.5,174.7566797,0,-0.434782609,0,0,0,0
4837,CCCTTCCCAAAGGCAGGCCAAAG,0,0,0.009303562,0.161348581,0.155902215,425,194.2053379,0,-0.282608696,0,0,0,0
4838,GTCTGGCTTTCATAGTTCTCCAG,0,0,0.051358025,0.152972547,0.152972547,522.5,203.6493146,0.017391304,-0.913043478,0,0,0,0
4839,CCTCCCCTCCACCTCGCCTCAAG,0,0,0.073357584,0,0.220835918,525,206.7928154,0,-0.130434783,0,0,0,0
4840,CACCCCCGCCACCCCACCACTGG,0,0,0.149659864,0,0.090617958,485,168.0637572,0,-0.108695652,0,0,0,0
4841,GCCTCCTACCCACCCATCTGCAG,0,0,0.015527827,0.151102465,0.14600196,485,156.190488,0,1.347826087,0,0,0,0
4842,CCCTCTGTCCCACCCAGCCTGAG,0,0,0.001767667,0.138537471,0.138537471,485,165.0827082,0,0.239130435,0,0,0,0
4843,GGTGAGAGAGAGTGGGAGTGGGG,0,0,0.0153125,0,0.055958329,357.5,175.3936029,0.069565217,0.217391304,0,0,0,0
4844,CCCATCCATCCAGGGGCTAAAAG,0,0,0.004985755,0.002127112,0.002064779,320,134.1010562,0.139130435,-0.152173913,0,0,0,0
4845,TAAGGAGAGGAAGAGACACAGAG,0,0,0.108024691,0,0.166395667,552.5,197.0781938,0,0.152173913,0,0,0,0
4846,GGTGTGTGTGTGTCTGTGTGTAG,0,0,0.011313131,0,0.05268594,455,181.3266039,0,0.52173913,0,0,0,0
4847,AGGATGGAGAAATGGGCAGTAGG,0,0,0.142745098,0.153185533,0.150462235,455,179.0151309,0.104347826,0.152173913,1,0,0,0
4848,GGCACCTCCAAGGACTTGGTGAG,0,0,0.010162963,0.132110445,0.132110445,387.5,153.1201886,0,-0.630434783,0,0,0,1
4849,GACTCCACAAAGCCAGGCCCAGG,0,0,0.071770335,0.127663522,0.127663522,455,165.2321977,0,-0.217391304,0,0,0,0
4850,TGCGAGTGTGTGTGTGTGTGTGG,0,0,0.12,0.373887938,0.367241041,552.5,193.7261086,0.069565217,-0.043478261,0,0,0,0
4851,GAACCACTGCACCCTGCCTCAGA,0,0,0.002306416,0,0.146830007,522.5,198.7192141,0,-0.086956522,0,0,0,0
4852,CAAAACAAAGCAAATACTGCAGA,0,0,0.004131207,0,0.155902215,425,194.6200579,0.008695652,-0.304347826,0,0,0,0
4853,ATGAACAGGAGTGAGCAGTGAGG,0,0,0.142857143,0.048934825,0.047362622,485,164.1039769,0.108695652,0,0,0,0,0
4854,AGTGAGTGAATGTGTGAGTCTGG,0,0,0.168,0,0.247304309,485,156.0845526,0,-0.260869565,0,0,0,0
4855,GGAGAGAGAGAGTGTGCATGAGA,0,0,0.022536058,0,0.115989594,455,184.6354022,0,-0.282608696,0,0,0,0
4856,TGGATGGTGGATTGGTGAGTGGA,0,0,0,0,0.030955848,357.5,176.8886351,0,-0.043478261,0,0,0,0
4857,GCCTCCTTCCCACAGGCCTTGGA,0,0,0.000212461,0,0.005945117,392.5,174.2793839,0,-0.52173913,0,0,0,0
4858,AGCAGTGTGGCTGGATGTGGTGG,0,0,0,0,0.272333333,552.5,197.5234372,0.017391304,-0.891304348,0,0,0,0
4859,GGGGTGTGAGTGTGTATGTGAGA,0,0,0.005892256,0,0.098146003,485,179.109143,0,-0.413043478,0,0,0,0
4860,GGGGCTGGGGCTGGAGCTGGAGG,0,0,0.047268908,0,0.570616297,552.5,193.712472,0.1,-0.130434783,0,0,0,0
4861,ATGAAGAAAAGTGAGTACAGTAG,0,0,0.034391534,0.10890785,0.10890785,552.5,184.9310854,0.839130435,3.413043478,0,0,0,0
4862,TTATGAGAGAAAGAGGCACAAAG,0,0,0.117321362,0.805112123,0.805112123,620,210.0084832,0,0,0,0,0,0
4863,GGAGTCCCTTCAGCCTCACCTGG,0,0,0,0,0.034090618,357.5,179.1148521,0.3,0.391304348,0,0,0,0
4864,CCCTGTGTGGCTGGGAGGATGGA,0,0,0.012701419,0,0.035406129,455,178.7530358,0.295652174,0.413043478,0,0,0,0
4865,TGGATGGAGGAATGGAAAGATGG,0,0,0.34125,0,0.009657223,345,129.5808415,0,-0.130434783,0,0,0,0
4866,TGGATGGAGGAATGGAAAGATGA,0,0,0.023697917,0,0.009657223,345,129.5808415,0,-0.369565217,0,0,0,0
4867,TAAAACAAAGCACAGACTGGGAG,0,0,0.010138866,0,0.26991206,455,171.6894795,0.004347826,-0.043478261,0,0,0,0
4868,GCCTCTCCCTCACCCACCATGGG,0,0,0.18487395,0.29784987,0.29784987,552.5,177.9772659,0,-0.043478261,0,0,0,0
4869,CCACTGAGTAGAGGGGTGGCGGG,0,0,0,0.175512882,0.170568858,462.5,186.9011043,0.869565217,0.086956522,0,0,0,0
4870,CGTTCTGCGGCGGGAGGTGGCGG,0,0,0.15625,0,0.694060843,522.5,210.0822996,0.208695652,-0.52173913,0,0,0,0
4871,GACACCCTCCTCCCCACCCCCAG,0,0,0.018531445,0,0.047610675,387.5,164.0598905,0.991304348,-0.065217391,0,0,0,0
4872,TGGCTGTAAGGATGAGGAGTTGA,0,0,0.005852341,0,0.316132585,522.5,205.7533551,0,-0.108695652,0,0,0,0
4873,TAATGAGAAGATGAGGCTTATGA,0,0,0.00534188,0,0.050805063,387.5,155.3125663,0,-0.260869565,0,0,0,0
4874,GACATGTTTTCATTGCTCTTGGG,0,0,0.095238095,0,0.240344974,492.5,165.1003742,0.073913043,-0.5,0,0,0,0
4875,GAGCCCGATCTGAAGAAGGAGAG,0,0,0.010323446,0.169128619,0.169128619,455,177.388536,0,0.152173913,0,0,0,0
4876,CACGTGTTTTCATTTCTCTCTGG,0,0,0.042517007,0,0.072985333,455,186.8309525,0,-0.413043478,0,0,0,0
4877,CCCTCTTTCCCTCTCACCTCTGG,0,0,0.015873016,0,0.051128458,357.5,162.707115,0,-0.347826087,0,0,0,0
4878,AAGATCACCAGTGAGTAGGTGGG,0,0,0.080769231,0,0.219695863,485,149.7860801,0,0.347826087,0,0,0,0
4879,GACACTGAAGCACAGATTTTTAG,0,0,0.092149566,0.113356027,0.113356027,462.5,191.8262696,0,0.130434783,0,0,0,0
4880,CTTGGCTATCAGGGCAGTAAAGA,0,0,0.013203125,0,0.544570536,622.5,208.4689019,0,-0.086956522,0,0,0,0
4881,GACTGCTTTTCATTGTTTCCTGG,0,0,0.077384684,0.058108731,0.056147255,485,159.9543628,0.095652174,-0.239130435,0,0,0,0
4882,CATGTCCACTACAGCCCCAAGGA,0,0,0,0,0.090827917,455,185.2863843,0,-0.456521739,0,0,0,0
4883,TTGATGGAGGAACAAGCAGTGGA,0,0,0.006156769,0,0.035150404,357.5,176.8353837,0,-0.282608696,0,0,0,0
4884,GACCACAAACCATGGACTGTGGA,0,0,0.001666667,0,0.089336971,455,164.903479,0,-0.586956522,0,0,0,0
4885,GACATCGATGTCACCTCCAATGA,0,0,0.001320795,0,0.005645158,290,143.635469,0.247826087,-0.434782609,0,0,0,0
4886,TCCATCCACTCTGAGACACAAGA,0,0,0.020110608,0,0.396115165,522.5,202.5323828,0,0.217391304,0,0,0,0
4887,CCCTCTCTCCCTCCCTCCTTTAG,0,0,0,0,0.091513804,455,191.8122929,0.047826087,0.217391304,0,0,0,0
4888,GAGTCCCAGGAGAAGAAAAACAG,0,0,0.047987892,0,0.347045353,560,187.6017495,0.352173913,0.217391304,0,0,0,0
4889,GGCACTGGGGTTGGGGGAGGGGA,0,0,0.005952381,0,0.041709922,357.5,170.2397445,0,-0.5,0,0,0,0
4890,CCTGCCTGGGCTCTCCTCCCCAG,0,0,0.005821764,0.076247286,0.073797574,455,167.1853812,0,-0.347826087,0,0,0,0
4891,GAGTTCTTTTCATTATTTTCAGG,0,0,0.206264324,0,0.049613002,455,177.2556611,0.613043478,0.456521739,0,0,0,0
4892,AGATGAGAATAAGGTGCACAGGG,0,0,0.043333333,0,0.055282442,425,188.1220574,0,0.239130435,0,0,0,0
4893,CCCATCCAAAAAGAAACACAGAG,0,0,0.147276688,0.114246521,0.114246521,427.5,189.8113779,0,2.652173913,0,0,0,0
4894,CTCTGTTTTTCTGGATGTATTGA,0,0,0.021043771,0,0.129506134,552.5,187.1937056,0,-0.065217391,0,0,0,0
4895,AGCGAGTGAGTGTGAGCATGTGA,0,0,0.010735974,0,0.082004963,455,179.0416451,0.295652174,0.152173913,0,0,0,0
4896,TGGTGGGGGGAGTTTTTCCCTAG,0,0,0,0.021307887,0.020550273,442.5,155.5021298,0,-0.108695652,0,0,0,0
4897,AAATGAAGGGAAGAGGGACAGGA,0,0,0.001997095,0,0.229867816,555,188.7711108,0,0.086956522,0,0,0,0
4898,GCCCTCTTCCCACCTACCTTAAG,0,0,0.006469928,0.239677905,0.23197741,525,201.0450744,0,0.043478261,0,0,0,0
4899,GACCTCGAATCAAAGTTTTTCAG,0,0,0.043672014,0.509948268,0.509948268,522.5,202.547023,0,-0.47826087,0,0,0,0
4900,CTTGCCTCACAAGGAAATAATGA,0,0,0.010922496,0,0.049606302,357.5,173.9075861,0.013043478,0.152173913,0,0,0,0
4901,TTTCCCTCCGTTCTACTCACTGG,0,0,0.148087207,0,0.794051205,522.5,211.8563163,0,-0.608695652,0,0,0,0
4902,AGTGAGTGTGTGAGTGCATGTGA,0,0,0.017973373,0,0.073380489,455,180.3175658,0.013043478,0.130434783,0,0,0,0
4903,GGCCCAGAATGGGGACGTGGCAG,0,0,0,0,0.026722935,357.5,158.7473346,0.130434783,-0.456521739,0,0,0,0
4904,GGCTTTTCCACACCCACCTTTGG,0,0,0.383662714,0,1.257112069,620,209.5801266,0.060869565,0.304347826,0,0,1,0
4905,GCCTCCCCACTCCCTGTCCACGG,0,0,0.013574661,0.134214734,0.132157803,392.5,179.2759684,0.152173913,-0.108695652,0,0,0,0
4906,GAATGAGAAGAAGCAGCAGATGG,0,0,0.025210084,0,0.021038118,357.5,162.6057938,0.073913043,0.282608696,0,0,0,0
4907,ATATAAGCAGAAGAGTCACATGG,0,0,0,0,0.258544304,552.5,197.2834372,0.117391304,-0.173913043,0,0,0,0
4908,CCCAACCAGCCAGATACACAGAG,0,0,0.011463845,0,0.460920296,530,200.9448781,0.039130435,-0.043478261,0,0,0,0
4909,TTTATGAAGGAATGAGGAGACAG,0,0,0.046401515,0.469687436,0.469687436,552.5,178.9112193,0.008695652,0.043478261,0,0,0,0
4910,GTCTTGTTCTCCTTGTTCTTTGA,0,0,0.00368053,0,0.209660993,455,170.1465193,0.017391304,0.065217391,0,0,0,0
4911,GGCTCACACTGAGCACCTAAAGA,0,0,0.006419234,0,0.131148806,485,164.2091082,0,-0.304347826,0,0,0,0
4912,TGTGAGTGAGTGTGAGAGGGAGA,0,0,0.004690546,0,0.054360238,387.5,153.2588674,0,-0.173913043,0,0,0,0
4913,GGTGTGTGTGAGTGTGCATGTGG,0,0,0.113286713,0,0.099907201,455,182.2984827,0.017391304,0.260869565,0,0,0,0
4914,TGTGTGGGAGTGTGTGTGTGAGA,0,0,0.006932066,0,0.416345417,552.5,194.5423881,0.095652174,0.239130435,0,0,0,0
4915,ATGAACAGCAGGAAGTGGAGAGA,0,0,0.00363607,0,0.104879914,357.5,177.898651,0,-0.217391304,0,0,0,0
4916,GCCTCCCGAAGGCCTGCACAGGG,0,0,0.052941177,0.060897375,0.059919104,387.5,163.460655,0,0.065217391,0,0,0,0
4917,CCAGGGAGTAGCGCCAAGGCAGA,0,0,0.003189793,0,0.032447696,357.5,178.7001321,0,0.065217391,0,0,0,0
4918,AACTGGGTAGAAGAGGCAAAGAG,0,0,0.014577259,0,0.297519338,552.5,183.0381991,0,-0.173913043,0,0,0,0
4919,GAAGGAGAAGAAGAGGAAGAAAG,0,0,0.00945216,0,0.202836708,485,166.592289,0,0.173913043,0,0,0,0
4920,CCAACACATCCAGAGATACATGG,0,0,0.375555556,0,0.34522286,552.5,194.6115849,0.926086957,3.173913043,0,0,0,0
4921,GAATTCTCTCCATTGTTCTCTGA,0,0,0.021885522,0,0.749905063,620,208.7944626,0.617391304,-0.630434783,0,0,0,0
4922,ACCTCCCCACACCCTGGCCCTGG,0,0,0.036096257,0.322084166,0.316035637,455,169.3545632,0,-1.5,0,0,0,0
4923,GCCTCCTCACAGCCTGTGCAAAG,0,0,0.002340535,0.070167332,0.06791296,485,165.4156384,0.095652174,-0.282608696,0,0,0,1
4924,GAACACAGAGAATAGAATGATAG,0,0,0.033271605,0,0.133935682,387.5,151.7463883,0,-0.152173913,0,0,0,0
4925,GCCCAAGACCCAGCATCCGCGGG,0,0,0.008543493,0.687682923,0.687682923,555,180.4208001,0.217391304,-0.195652174,0,0,0,0
4926,GGGGAGGGAGTGGGTGCGGGCGG,0,0,0.019181586,0,0.129984477,455,176.0414987,0.126086957,-0.130434783,0,0,0,0
4927,GGTGGGTGTGTGTGTGGGGGTGG,0,0,0.006352941,0,0.111383028,485,162.2177886,0,-0.195652174,0,0,1,0
4928,GACTAATTTTCATTGTTCATAGG,0,0,0.042857143,0.125827144,0.125827144,485,148.2400961,NA,-0.108695652,0,0,0,1
4929,GGTGAGTGAGTATATACCTGCAG,0,0,0.086419753,0,0.003373263,290,157.1329557,0.086956522,-0.152173913,0,0,0,0
4930,CCCATCCATCCTGATAGAGAAGG,0,0,0.00035014,0.022166286,0.021826573,290,145.542767,0.495652174,-0.043478261,0,0,1,0
4931,CCCCCCCTCCACCCCACTTCAGG,0,0,0.360787172,0,0.053377333,485,176.2482408,0.017391304,-0.347826087,0,0,0,0
4932,CTAGGGAGCAGAGCTGAGGCAGG,0,0,0.076723277,0,0.24614019,522.5,199.5048781,0.02173913,0.217391304,0,0,0,0
4933,GCCTCCCCAAACTCTGTCCTTGG,0,0,0.055588235,0.043043463,0.041724123,290,143.860868,0,-0.760869565,0,0,0,1
4934,AGTGAGTGAATGTGTTTGTGTGA,0,0,0,0,0.096565315,485,175.9337266,0,-0.369565217,0,0,0,0
4935,AACATCTCTGTCCTCCACATGGG,0,0,0.102857143,0.42388108,0.416345417,552.5,192.7308912,0.02173913,0.217391304,0,0,0,0
4936,AACACCTCTGAGAAAAGCGGGGG,0,0,0.175426383,0.099747223,0.096689837,425,190.0106601,0,-0.108695652,0,0,0,0
4937,GGCACTGGGTCTGGAGGTAGGGA,0,0,0.025908801,0,0.81662,560,181.5604467,0,-0.02173913,0,0,0,0
4938,ATGAAGACCTGAGAGTACAGTGG,0,0,0.168067227,0.080768628,0.080768628,455,179.2828458,0,-0.130434783,0,0,0,0
4939,GTGATCGATTTCCTCCCCAGAGG,0,0,0.052139037,0.633355972,0.633355972,552.5,176.3026637,0,-0.173913043,0,0,1,0
4940,GGGATGGAGGTATGGGGAGGTAG,0,0,0.008752486,0.105723716,0.103738294,357.5,161.6252948,0,-0.717391304,0,0,0,0
4941,TGTGGGTGAGTGTGTGTGTTGAG,0,0,0.060977778,0,0.268517165,485,159.787969,0,-0.434782609,1,0,0,0
4942,AACTTGTTTTGCTTGTTCTCAGG,0,0,0.059210526,0.789671233,0.768613333,432.5,206.4538158,0,0.02173913,0,0,0,0
4943,GCCTCTGCTGCAGGAGGTGGGAG,0,0,0.048733489,0,0.43009247,522.5,206.4105192,0.1,-0.065217391,0,0,0,0
4944,ATGAAGACAAGAGATTAGAGTGA,0,0,0.003401361,0,0.069735193,425,191.5311136,0,0.108695652,0,0,0,0
4945,CCTGTGAGTATAAAGGAGGCAGA,0,0,0.006091194,0,0.045146351,327.5,191.3034111,0.291304348,0.130434783,0,0,0,0
4946,CCCATCCCTCCACACATACATGA,0,0,0.001594896,0,0.057129709,357.5,171.4077299,0,-0.260869565,0,0,0,0
4947,GAATGAGAAGATAAGGCACAAAG,0,0,0.07977208,0,0.566146479,432.5,203.184579,0,-0.217391304,0,0,0,0
4948,GAACACAAAGAAGAGAATGGCAG,0,0,0.001392441,0,0.049335128,290,145.3468848,0.713043478,-0.326086957,0,0,0,0
4949,TGCCTGGAGCAATGAGGAGGGGG,0,0,0.009582113,0.621681207,0.599576987,552.5,175.6690637,0.034782609,0,0,0,0,0
4950,TGGAGTAAGGGATGAGGAGTAGG,0,0,0.277333333,0,0.313028173,525,207.5124315,0,-0.586956522,0,0,0,0
4951,TGGATGGGAGAATGAAGAATGGA,0,0,0.023384354,0,0.047362622,485,164.1039769,0.213043478,-0.086956522,0,0,0,0
4952,GGCACTGGAGCAGGAGGTGAAGA,0,0,0.021524235,0,0.1884295,455,167.2867023,NA,0.086956522,0,0,0,0
4953,GCCTCTTTCCTTCCTACCGTGGG,0,0,0.001709402,0,0.03146428,260,160.2987943,0,-0.108695652,0,0,0,0
4954,CGCATCTATCCAGACACACAAAG,0,0,0.039964866,0.560038003,0.544262285,530,203.5697976,0,-0.52173913,0,0,0,0
4955,GCCTCTTTCCCTCCAGGCTTTGG,0,0,0.000837942,0.011738107,0.011394133,315,159.002341,0.004347826,-0.173913043,0,0,0,0
4956,GGCACTGGGGCAGGAAGTGGGAG,0,0,0.133333333,0,0.226140084,462.5,192.2956567,0,-0.217391304,0,0,0,0
4957,GGGTCCGAGAAGCAGAAGAAGGA,0,0,0.010136452,0,1.003276,530,205.668943,0,-0.152173913,0,0,0,0
4958,TGGATGGATGAATGTGCAGATGG,0,0,0.014117647,0,0.037612163,387.5,142.9094871,0,-0.391304348,0,0,0,0
4959,GGGTGGAGGAAGATGGCTCCAAG,0,0,0.008376068,0.091867193,0.08905134,425,188.1187407,0,-0.173913043,0,0,0,0
4960,GCCTCTTACACACTGACCTTGAG,0,0,0.006590946,0,0.050198999,425,185.2622404,0.2,-0.086956522,0,0,0,0
4961,GAAAATAAAGCACAGACGGCAAG,0,0,0.053349749,0,0.068980913,455,181.6177622,0.995652174,-0.043478261,0,0,0,0
4962,GAAATCTCTTCTGCAGCAGGGAG,0,0,0.001310594,0.150052274,0.150052274,485,148.6912193,0.017391304,0.891304348,0,0,0,0
4963,TGCTCCCCAGTGCCTGGCCATAG,0,0,0.030829789,0.743261097,0.73132116,522.5,207.7381799,0,0,0,0,0,0
4964,TGTGAGTCAGTGAGTGAGTGGGG,0,0,0.198816568,0,0.23590875,455,185.6147514,0,0.02173913,0,1,0,0
4965,GACTTGTTTGCATGGCTCTCTAG,0,0,0,0.060035391,0.060035391,462.5,186.480653,0,-0.630434783,0,0,0,0
4966,GCTATGGAGAAATGAGGAGTCAG,0,0,0.080118915,1.299248042,1.299248042,622.5,213.4402636,0.260869565,-0.065217391,0,0,0,0
4967,AAATGAATGGCAGAGGCACAGGA,0,0,0.007936508,0,0.302236647,525,203.5271382,0,0.152173913,0,0,0,0
4968,GCAGAGAGTAGAGCGGAAGGAAG,0,0,0.004819988,0.139315909,0.136699648,485,155.3507468,0,-0.217391304,0,0,0,0
4969,GAGTCCCAGAAGAAGAAGAGAGA,0,0,0.031641476,0,0.779954255,560,175.8874829,0,-0.282608696,0,0,0,0
4970,AAGCACCACTACATCCTCACTAG,0,0,0.015597148,0,1.377791534,560,181.8608001,0,-0.673913043,0,0,0,0
4971,TGTGAGTGTGAGTGTGGGTGTGA,0,0,0.001838235,0,0.206712756,455,188.0240249,0.039130435,-0.108695652,0,0,0,0
4972,AGATGAGAAAGAGAGGTACACAG,0,0,0.058719342,0,0.311591569,455,186.7520688,0,-0.152173913,0,0,0,0
4973,AGTGTGTGTGTGTGTGTGTGAAG,0,0,0.023757576,0,0.372455417,552.5,192.9657886,0,0.913043478,0,0,0,0
4974,TGTGAGTGTGAGTGTGGGTGTGG,0,0,0.026470588,0,0.206712756,455,188.0240249,0.108695652,-0.065217391,0,0,0,0
4975,GAGTGAGAGCAGAAGAGAAAGAG,0,0,0.017647059,0,0.068624422,485,169.7162517,0,0.369565217,0,0,0,0
4976,GGGGAAGACCCAGCACCCTTGGG,0,0,0.277777778,0.175969231,0.170716418,492.5,171.4899742,0.008695652,0.347826087,0,0,0,0
4977,ATATGAGAAGCAGATGCCCAAGA,0,0,0.000549715,0,0.04615898,357.5,173.0995614,0.004347826,-0.173913043,0,0,0,0
4978,GCCATTCTGCCACCCACCTTTAG,0,0,0.033436214,0.561010401,0.544570536,620,210.6951188,0,0.043478261,0,0,0,0
4979,CCAGTGAGCTGACAGGAGGCAGA,0,0,0.008335318,0,0.042343846,425,189.109978,0,-0.043478261,0,0,0,0
4980,CAAGTTAGTAGAGAAGAGGCAAG,0,0,0.041407539,0,0.036314742,425,191.3278098,0,-0.739130435,0,0,0,0
4981,TGTGTGTGTGTGTGCGCGTGGGA,0,0,0.004132231,0,0.24614019,522.5,199.7448781,0,-0.5,0,0,0,0
4982,GGCCCTGAGGCAGCAGGTGGCAG,0,0,0.020392157,0,0.104883434,425,195.8712979,0.1,-0.02173913,0,0,0,0
4983,CTTGCCACACAGAGAAGCAAGGG,0,0,0.065934066,0.020523922,0.019864519,357.5,167.6871438,0,-0.217391304,0,0,0,1
4984,CACCTGTTTTCAGTGCTCTCAGA,0,0,0.005581943,0,0.105393,455,191.5386536,0.008695652,-0.02173913,0,0,0,0
4985,GACTTCTATTCATTGTACACAGG,0,0,0.083116883,0.112182628,0.11028925,485,162.580088,0,-0.369565217,0,0,0,0
4986,GGGACAGACACAGCATCGGTTGG,0,0,0.057777778,0.552303382,0.53674554,560,188.6966103,0,-0.086956522,0,0,0,0
4987,AGATGAGGAGATGAGACACAGAG,0,0,0.050699588,0,0.127203797,455,190.8556567,0,0.043478261,0,0,0,0
4988,GATATGTTTTCATTTTTCTTGGG,0,0,0.014030612,0,0.174469742,455,166.4537785,0,0.043478261,0,0,0,0
4989,CCTACTGGGGCTGGAGGTGGTAG,0,0,0.056662088,0,1.345833333,622.5,215.332183,0,0.108695652,0,0,0,0
4990,AATTGAGAAGAAAAGAAACACAG,0,0,0.078833585,0,0.037982503,387.5,170.8981425,0,-0.02173913,0,0,0,0
4991,CCCGCCTCCTCCCTCCTCACCAG,0,0,0.023325359,0.179987759,0.179987759,425,191.7571416,0.008695652,-0.195652174,0,0,0,0
4992,GAATTCAAAGCATAGATTGCAGG,0,0,0.135757576,0,1.144757433,560,197.2519689,0,-0.217391304,0,0,0,0
4993,AAATGAGATGATGAGGCATCAGG,0,0,0.020979021,0,0.056494796,387.5,139.6385193,0.060869565,-0.152173913,0,0,0,1
4994,TGGTTGGGGGAAGGAGGGGTCAG,0,0,0.012624799,0.118001201,0.114018038,455,180.3039292,0,-0.086956522,0,0,0,0
4995,AAATGAGATGAAGATGGAAAGAG,0,0,0.000560224,0,0.028412066,387.5,149.2990871,0.056521739,0.173913043,0,0,0,0
4996,GACCCCTTCCTCCCGACCTCAGA,0,0,0.000868056,0,0.024999565,357.5,179.091288,0,-0.847826087,0,0,0,0
4997,TGTGTGTGAGTGTGTGCGGCAGG,0,0,0.038961039,0.223900568,0.219695863,485,150.0260801,0.091304348,-0.043478261,0,0,1,0
4998,GACAGAGAAGAAGAGATTTTAGG,0,0,0.37987013,0,0.082628968,455,192.6071864,0,0.434782609,0,0,0,0
4999,GGCACTGGGGGTGGGGGAGGAGG,0,0,0.069642857,0,0.041709922,357.5,170.2397445,0,0.065217391,0,0,0,0
5000,GGGAGGGAGGAATGGGGAGCCAG,0,0,0.009378422,0,0.186915845,455,166.5670585,0,0.195652174,0,0,0,0
5001,AGAGAGTGAGTGAGTGTGTGAAG,0,0,0.053846154,0,0.232606028,455,188.1865684,0,-0.434782609,0,0,0,0
5002,GAACAAGAAGCATTGACTGGTAG,0,0,0.005331283,0.039940895,0.038592679,455,166.2540506,0,-0.586956522,0,0,0,0
5003,AGATGGCAAGAATAGGCACAAGA,0,0,0.008184524,0,0.228792914,522.5,205.2915147,0,0.043478261,0,0,0,0
5004,GCCTCCAGCCCACCCACCTCCAG,0,0,0.013748597,0.268059698,0.259011269,555,174.7934183,0.082608696,0.130434783,0,0,0,0
5005,GACTTGTTTTGATTTTTATTGGA,0,0,0.000400641,0,0.017393037,290,136.2019615,0,-0.130434783,0,0,0,0
5006,TCCACTGAGGCTGGGGGTGGTGG,0,0,0.2925,0,0.402848101,522.5,201.6531615,0,-0.565217391,0,0,0,0
5007,AATTTATTTTCATTGTTCTTGGG,0,0,0.185625,0,0.416048168,552.5,179.7484161,0,0.282608696,0,0,0,0
5008,GAAGACCAAGATTAGACTGCAAG,0,0,0.014178241,0,0.254561754,425,201.997035,0,-0.5,0,0,0,0
5009,TGTGTGTGAGTGTGTGAGAGAGA,0,0,0.003367003,0,0.202836708,485,166.177569,0,-0.086956522,0,0,0,0
5010,TGAATGGAGGAATTATGTGTGGG,0,0,0,0,0.007841878,387.5,164.3210562,0,-0.217391304,0,0,0,0
5011,GGCTCAGAGTGAGTATGTGATGG,0,0,0.111746032,0.023537615,0.023537615,455,185.4390091,0.026086957,-0.543478261,0,0,0,0
5012,AAATGATAAGATGAGGCACAGAG,0,0,0.049382716,0,2.128228,537.5,211.5007188,0.026086957,-0.173913043,0,0,0,0
5013,AAATGTATAGAAGAAGCACAGGG,0,0,0.288115246,0,0.158440571,525,197.7239967,0.395652174,NA,0,0,0,0
5014,ATATGAGAAACTGAGGCACAGAG,0,0,0.023464272,0,0.359810011,460,200.0220794,0,0.065217391,0,0,0,0
5015,TGTTTGTGTGTGTGTGCGTGTGG,0,0,0.079338843,0.860350791,0.833979885,620,213.0782996,0,-0.456521739,0,0,0,0
5016,TGTTTGTGTGTGTGTGCGTGTGA,0,0,0.005509642,0,0.833979885,620,213.0782996,0,0.260869565,0,0,0,0
5017,AAAAGAGAAAAGGAGTCACAGGG,0,0,0,0,0.117154697,455,188.3301372,0,-0.043478261,0,0,1,0
5018,CCACTGAGGAGAGCAGAGTCTGA,0,0,0.014280222,0,0.081669315,455,169.4115981,0,0.347826087,0,0,0,0
5019,AATAACCACAACATCCAAAAAGA,0,0,0.015384615,0,0.104467922,485,166.9252192,0.034782609,-0.586956522,0,0,0,0
5020,TGAGAGCGAGTGTGTGAGTGTGA,0,0,0.015914352,0,0.410516581,552.5,195.3027081,0,0.195652174,0,0,0,0
5021,TGTGAGAGAGTGTGTGAGTGTGG,0,0,0.408333334,0,0.881154321,560,197.0307081,0,-0.086956522,0,0,0,0
5022,AAATGAAAAGAAGTGCCAGAGAG,0,0,0,0,0.008288053,387.5,157.1412087,0,0.173913043,0,0,0,0
5023,AACGTGTTTTCATTTTTCTTGGG,0,0,0.024107143,0,0.186915845,455,166.9817785,0,0.086956522,0,0,0,0
5024,GACACCTTCCATGACTCGGGAAG,0,0,0.011291269,0.56142625,0.56142625,552.5,189.8823356,0.073913043,0.02173913,0,0,0,0
5025,CCTGCCTCAGCCCGACTCACTGA,0,0,0,0,0.108688707,432.5,197.0849346,0,-0.02173913,0,0,0,0
5026,GACACCGAAGAGGATTTCTTAGG,0,0,0.033163265,0.019882487,0.019577774,260,165.623461,0,0.326086957,0,0,0,0
5027,TTCATCTTCATCAATACCTGAAG,0,0,0.085596708,0,0.126035717,522.5,198.6092986,0,-0.086956522,0,0,0,0
5028,ACCTGTGTATGTGCATGGATGGA,0,0,0.006377551,0,0.075949862,425,197.3709513,0,-0.52173913,0,0,0,0
5029,AGATGAGAAGTGGAGGCTCAGAG,0,0,0.023045267,0,0.08473962,357.5,179.5904826,0,-0.956521739,0,0,0,0
5030,GATGAGTGAGTGGCTGAGTGTGA,0,0,0.003065775,0,0.035150404,357.5,176.8353837,0,-0.47826087,0,0,0,0
5031,AAGTGAGGAGAGGAGACACAGGA,0,0,0.022476566,0,0.125422944,455,190.5676567,0.039130435,0.043478261,0,0,0,0
5032,ACAGCGAGTAGAGCTGTGGCAAG,0,0,0.004938272,0.166325226,0.163368333,455,182.7185474,0.126086957,-0.173913043,0,0,0,0
5033,AAATGAGCAGGAGAGTCACGCAG,0,0,0,0,0.059836201,387.5,155.4440735,0,-0.260869565,0,0,1,0
5034,GGGATGGAGGAATAGGGAGGTGG,0,0,0.082289002,0,0.027850461,357.5,156.2161939,0,-0.847826087,0,0,0,0
5035,TGGTGGGCTGAGTTTGCTTCTGA,0,0,0.010519395,0,0.321904489,552.5,181.3924028,0.086956522,-0.326086957,0,0,0,0
5036,CTCCTCTTAATCATTATCTGCAG,0,0,0.028467683,0,0.56142625,552.5,192.3485525,0,0.130434783,0,0,0,0
5037,AGCAATACGGATGGAGGTGGAGG,0,0,0.385714285,0,0.542336973,522.5,209.2984155,0,0.217391304,0,0,0,0
5038,AGTGACCACTAGGTCGTCAATGA,0,0,0.002477394,0,0.04922787,357.5,184.4561531,0,-0.47826087,0,0,0,0
5039,AGGAACACCAGTGATCAGTGGAG,0,0,0.011168091,0.023837952,0.02299038,387.5,156.7165526,0.065217391,0.260869565,0,0,0,0
5040,AAATGAGAAGAAACTGCAGAAGG,0,0,0.003532182,0,0.006644418,295,153.1064733,0,-0.304347826,0,0,0,0
5041,CCTGTGTGTGGAGCGGAGGTCAG,0,0,0.013344227,0.424608265,0.409511082,552.5,174.1594829,0,-0.086956522,0,0,0,0
5042,TATGAGTGAGTGTGGGTGTGTGA,0,0,0.001371083,0,0.163368333,455,183.7668674,0,-0.369565217,0,0,0,0
5043,GGGAAAGACTCAGCCTCAGGCGA,0,0,0.001693808,0,0.02886304,387.5,137.4403088,0,0.130434783,0,0,0,0
5044,GGCTGTTTCTCTGGGTGGATGGG,0,0,0.235916824,0.284757314,0.275145253,522.5,202.3697976,0,0.086956522,0,1,0,0
5045,AAAGGAGAAAAAGAAGGACATGG,0,0,0.032295271,0,0.142843894,455,178.1415309,0.234782609,1.369565217,0,0,0,0
5046,TGTGAGCAGGTGTGTGCGTGTGG,0,0,0.458333334,0,0.569608261,622.5,209.7572219,0.008695652,0.413043478,0,0,0,0
5047,GCCTCCCCAAATGCTGGCGTGAG,0,0,0.001019814,0,0.034137919,290,134.0989792,0.656521739,-0.260869565,0,0,1,0
5048,GAGTTCTTTCCATTGTTCTGTGG,0,0,0.010695187,0.37611713,0.362744077,552.5,174.7566797,0.182608696,0.391304348,0,0,0,0
5049,GACATCCACACAGAGACACACAG,0,0,0.137725077,0,0.805112123,620,210.0084832,0,-0.043478261,0,0,0,0
5050,TACTTGTATTCATTTTTCCCTGG,0,0,0.031527094,0.141195423,0.141195423,455,171.1451615,0,0.086956522,0,0,0,0
5051,TGGATGGGGAATTGTGGAGTGAG,0,0,0.011829904,0.168337656,0.165757769,425,189.1853246,0,0.043478261,0,0,0,0
5052,GGGTGGGGTGAATTTCCTTCTAG,0,0,0,0.023682858,0.02330241,387.5,159.4876934,0,-0.02173913,0,0,0,0
5053,GAGTCCTTGGAGAAGAATAAGAG,0,0,0.016460905,0.182252811,0.176397299,552.5,183.3019325,0,0.173913043,0,0,0,0
5054,GGGAATGGGGCTGGACGTGGTGG,0,0,0,0,0.254924684,552.5,196.9954372,0,-0.608695652,0,0,0,0
5055,TGGGGAAAGGAATGAGGAGTAGG,0,0,0.4,0,0.539222871,625,212.8689152,0.947826087,-0.260869565,0,0,0,0
5056,TTCTTCTTAGTTTTTACCTGTGG,0,0,0.102797203,0,0.286208544,425,201.110979,0,0.065217391,0,0,0,0
5057,AAATGAGAAGAAATGGACCAAAG,0,0,0.011345362,0,0.005678142,290,151.6520505,0,0.043478261,0,0,0,0
5058,TGGAGGGAGGTAGGAGGAGCAAG,0,0,0.00121077,0.141811796,0.141811796,357.5,165.0446758,0,0,0,0,1,0
5059,AAAAAAGATGTAGAGGCACAAGG,0,0,0.076190476,0.470062865,0.462858836,522.5,206.8482159,0.117391304,0.369565217,0,0,0,0
5060,TACACCTAAGCAAAGTTTTGTAG,0,0,0.02413273,0.187878165,0.184349937,455,170.1798987,0,-0.217391304,0,0,0,0
5061,GGAACGGCGGTCGGAGGTGGGGG,0,0,0.144360902,0,0.23304828,425,202.9398318,0.034782609,-0.065217391,0,0,1,0
5062,TGTGTGTGTTTGTGTGCGTGTAG,0,0,0.045959596,0,0.805112123,620,208.9601632,0,-0.043478261,0,0,0,0
5063,CAGATGGAGGAAGGAGGAGATGG,0,0,0.106426182,0.275077841,0.26991206,455,172.3230795,0,0.130434783,0,0,0,0
5064,AATCCCCACTGCATCCTCAATAG,0,0,0.044607843,1.446502058,1.411646586,530,212.0079963,0,0.086956522,0,0,0,0
5065,TATTGAGAAGATGAGGCAGAAGG,0,0,0.029411765,0,0.255580574,455,180.2078996,0,0.239130435,0,0,1,0
5066,GGTGTGTGAGTGTATGTGTGTGG,0,0,0.127272727,0,0.170568858,462.5,186.4863843,0,-0.152173913,0,0,0,0
5067,CCAGAAAGTAGAGGGGAGGGAGG,0,0,0,0,0.059518236,455,167.3489114,0,-0.217391304,0,0,1,0
5068,GGTGTGTGTGTGTGTGTATGTAG,0,0,0.018275058,0,0.069304995,485,167.5424553,0,-0.217391304,0,0,0,0
5069,AAAGGAGAAAAAGAGACAGAAGA,0,0,0.005063657,0,0.079007985,485,165.2982378,0,0.304347826,0,0,0,1
5070,TGCATGGAGGAAGGAGGTGTTGG,0,0,0.050167224,0.242907926,0.235656943,462.5,184.9493462,0.552173913,-0.391304348,0,0,0,0
5071,CTGTCCCCACAGGGCTGTCAGAG,0,0,0,0,0.08458401,485,169.7619742,0.934782609,0.282608696,0,0,0,0
5072,GGCACTGAGGCTTGAGGTCAGGG,0,0,0.081950431,0,0.076412446,387.5,138.7152626,0,0.02173913,0,0,0,0
5073,GGCACTGCCCCTGCTGGTGGTAG,0,0,0.004786325,0,0.030671588,425,184.402277,0,-0.130434783,0,0,0,1
5074,ATAAAGAACAGTAAGTAGAGTGA,0,0,0.015625,0,0.330292552,522.5,204.2868785,0.108695652,0.260869565,0,0,0,0
5075,AAATAAGAAGAAGAGTAACAAGA,0,0,0,0,0.196898279,492.5,180.837143,0,-0.043478261,0,0,1,0
5076,GGACTCCCTGCTGCTGCCCCCAG,0,0,0.001742919,0.075260983,0.072720528,455,173.7043087,0,-0.239130435,0,0,1,0
5077,AATGACCTCCACATGGTCAAAGG,0,0,0.001758242,0,0.057947838,455,179.6129992,0,-0.434782609,0,0,0,0
5078,AATGAACATTACTTCATCAAGAG,0,0,0.063194444,0.035778719,0.03520396,455,186.6664892,0.004347826,-0.239130435,0,0,0,0
5079,TGGGTGTGAGTGTGGGCGTGGAG,0,0,0.002356902,0,0.397208228,522.5,203.1766584,0,-0.086956522,0,0,0,1
5080,CCCTGTGTCTCTTGGAGGCTGGG,0,0,0.036677116,0.007670066,0.007670066,290,147.4572321,0,-0.086956522,0,0,0,0
5081,ATTAATACCAGGGAGCAGAGCAG,0,0,0.040123457,0.077183557,0.075880881,455,191.8814897,0,-0.195652174,0,0,0,0
5082,ATGAACACCACTCACTAGAATAG,0,0,0.011961723,0,0.034342375,260,152.1259743,0,-0.130434783,0,0,0,0
5083,GTCACCTCCTAAGACGTGGGAGA,0,0,0.002262443,0,0.040957013,387.5,168.2176262,0,-0.608695652,0,0,0,0
5084,GACCTCCGCCTCCCCGGCTCAAG,0,0,0.002189822,0,0.321188687,455,187.5956683,0,0.217391304,0,0,0,0
5085,GGTGGTTGTGTGTGTGTGTGAGA,0,0,0.009333333,0,0.213926133,552.5,191.1798046,0,-0.130434783,0,0,0,0
5086,GGGTGGGGAGAGCTGTCTCCCAG,0,0,0,0.01510905,0.014877494,357.5,174.2454516,0.095652174,-0.086956522,0,0,0,0
5087,CTCTGTGGCTCAGGCTGGATGGA,0,0,0.01010101,0,0.198201266,425,193.937061,0,0.130434783,0,0,0,0
5088,TCCTCCCCATCGCCTGGCAACGG,0,0,0.151260504,0.269301292,0.269301292,455,177.2301799,0,-0.47826087,0,0,1,0
5089,GTCACTGCGGCTGTGGGTGAGGG,0,0,0.103409091,0,0.027850461,357.5,155.9761939,0,-0.565217391,0,0,0,0
5090,AAATAAGAAGAAGAAGAAAAAAG,0,0,0.042294844,0,0.048855403,387.5,151.9705474,0,1.847826087,0,0,0,0
5091,GGGAAAGGCTTAGCATCCTTGAG,0,0,0.036705584,0.238013175,0.230366165,455,174.130363,0,-0.173913043,0,0,0,1
5092,ACATCAGAGGAAGAGTCACAAAG,0,0,0,0.163489192,0.15797057,552.5,196.4234738,0.169565217,-0.043478261,0,0,0,0
5093,AAATTAGAAGAAGAAACACGGGA,0,0,0.014994233,0,0.030434884,387.5,149.2786326,0.034782609,-0.695652174,0,0,0,0
5094,AAATGAGAGGGAGAGGAAGAGGA,0,0,0.001755401,0,0.05883842,387.5,157.2760249,0,-0.391304348,0,0,0,0
5095,GCCACTGAGGCCCGAGGTGGGGA,0,0,0.012465374,0,0.272415361,425,198.6447621,0.195652174,0.173913043,0,0,1,0
5096,AATTGAAAAGATGAGGCACTTGG,0,0,0.14117647,0,0.21876162,455,171.4351188,0,-0.065217391,0,0,0,0
5097,GACCCAATCTGAGCACCTGACAG,0,0,0.022121669,0,0.416345417,552.5,192.4908912,0,0.565217391,0,0,0,0
5098,GAACCAGAAGCATAGAATGCAAG,0,0,0.039651416,0.239135105,0.239135105,555,192.7564041,0,-0.043478261,0,0,0,0
5099,GGGGTCCCATCTCCAGCACCCAG,0,0,0.038715616,0.339014192,0.333568181,522.5,204.3392991,0,0.391304348,0,0,0,0
5100,GACACCGAAGCAGGGAGCTTTGA,0,0,0.001485443,0,0.002523619,345,143.8629451,0.97826087,0.739130435,0,0,0,0
5101,GGTGAGTGTGTGTGTGTGTGAAG,0,0,0.072592593,0,1.773597222,567.5,196.6541086,0,-0.586956522,0,0,0,0
5102,CTGAACACCAGTGACTGCAGAGG,0,0,0.019644221,0.033200661,0.032020193,387.5,158.5835341,0,0.260869565,0,0,0,0
5103,AAACAGAATGGATAGACTGCTAG,0,0,0.0175,0,0.293524998,522.5,207.2241519,0.017391304,0,0,0,0,0
5104,CCTGCCTCTTCTCTAGTCCCTGA,0,0,0.00157148,0,0.043620975,485,162.2120574,0.013043478,-0.391304348,0,0,0,0
5105,CACCCCCGCCACCCCCCCCCCGG,0,0,0,0,0.090617958,485,168.0637572,0.686956522,0.195652174,0,0,0,0
5106,CCTGCACCCGCCCTTCTCACTGA,0,0,0.008399906,0,0.077952761,425,193.1077132,0,0.391304348,0,0,0,0
5107,GAGCCCCTGCGCCCGGCCTCAGG,0,0,0.010059524,0,0.134695296,425,194.2751144,0,0.086956522,0,0,0,0
5108,CACATCCATACACAGACTCAGAG,0,0,0.034402505,0.112613191,0.110611179,455,179.0456098,0.430434783,1.847826087,0,0,0,0
5109,AAATCTCTAGAAGAGGCACAAGA,0,0,0.011483388,0,0.539222871,625,210.6426982,0,0.217391304,0,0,0,0
5110,TGAGTGTGTGTGTGTGCGTGCAG,0,0,0.04040404,0,0.822304167,620,213.4238996,0,-0.282608696,0,0,0,0
5111,TGTGAGTCTGTGTGTGTGTGGGG,0,0,0.172307692,0,0.372455417,552.5,191.1542916,0,0.260869565,0,0,0,0
5112,TGTGTGTGAGTGTGTGGGTGTGG,0,0,0.021390374,0,1.290123457,560,198.1255689,0,0.130434783,0,0,0,0
5113,GCGATCGAAACAGAGTTTTTTGA,0,0,0.016203704,0,1.2395125,620,212.1519436,0,-0.282608696,0,0,0,0
5114,GCGACCCAAAAGCCTGTCCAGAG,0,0,0.010030864,0,0.570616297,552.5,193.712472,0,-0.847826087,0,0,0,0
5115,TACATGTTTTCATTCTTCTCAGG,0,0,0.12987013,0,0.844444444,530,205.3193784,0,-0.847826087,0,0,0,1
5116,GAAACAGAAGCAGAGCTTTAAGA,0,0,0.020957341,0,0.067743736,485,162.4599902,0,-0.02173913,0,1,0,1
5117,GGAACTGGGGTTGGGGGTGGGGG,0,0,0.111428572,0,0.220450566,425,195.1350778,0,0.108695652,0,0,0,1
5118,TCCATCCATCCATCTACACAAAG,0,0,0.002380952,0,0.02322943,362.5,183.8544732,0,0.02173913,0,0,0,0
5119,GAGTCTGAGCAGGAGGAGAGTGA,0,0,0.006184539,0,0.025242791,387.5,153.4886696,0,0.02173913,0,0,0,0
5120,GGTGTATGTGTGTGTGCCTGTGA,0,0,0.007215007,0,0.10890785,552.5,186.7425824,0,0,0,0,0,0
5121,AACACCAGTAACCAGAGAGGAGA,0,0,0.014586806,0,0.046914397,357.5,171.5695093,0,-0.5,0,0,0,0
5122,CCTGCTTTCTCACCCACCTTGGG,0,0,0.288865546,1.299248042,1.299248042,620,212.8066636,0.182608696,0.304347826,0,0,0,0
5123,AATGAACATCAAATCCTCAAGGA,0,0,0.021494709,0,0.228631299,522.5,200.7463988,0,0.043478261,0,0,0,0
5124,TGTGAGTGTGTTTGTGTGTGTGA,0,0,0.007478632,0,0.183248065,455,186.5380081,0,0.108695652,0,0,0,0
5125,GGCGACTGAGTGTCTGAGTGTGG,0,0,0.058441559,0,0.051438206,455,184.2607203,0,-1.02173913,0,0,0,0
5126,GAATTCTTTCCATTTTTCTCCAG,0,0,0.011672278,0.221326411,0.221326411,522.5,197.687258,0,0.434782609,0,0,0,0
5127,ATGGCCCCACAGAGCAGCAAGAG,0,0,0.051282051,0.12278324,0.118417614,455,183.7493462,0,-0.173913043,0,0,0,0
5128,GCCTCTTTCACTCCCACCACCAG,0,0,0.00194538,0.086548617,0.085158277,387.5,138.6065633,0.043478261,-0.239130435,0,0,0,0
5129,GACTTGGGTTCATTCTTCTTTAG,0,0,0.009150327,0.11670528,0.114735571,455,162.3723807,0.634782609,0.804347826,0,0,0,1
5130,GACAGCGATGACCTACCCAGTGG,0,0,0.018823529,0.098205585,0.098205585,357.5,160.3369748,0,-0.152173913,0,0,0,0
5131,GGCGCTGGGGCTGGCGGTGCCGA,0,0,0.003261248,0,0.176947,455,163.8819615,0.647826087,0.869565217,1,0,1,0
5132,AGATGAGAAGAGAATGCACAGAG,0,0,0.019753086,0,0.07670389,327.5,187.5375574,0,-0.326086957,0,0,0,0
5133,AAATCAGAAAAATAGGAACAAAG,0,0,0.026617284,0,0.206270847,455,182.434512,0.008695652,-0.391304348,0,0,0,0
5134,AACACCTGTGACAAGAGCAGAGG,0,0,0.114536199,0.061576337,0.061576337,357.5,168.8533983,0.056521739,-0.173913043,0,0,0,0
5135,GTCCCCCTCCACCCTCCCTGGGG,0,0,0,0,0.032149525,387.5,150.3269526,0,-0.282608696,0,0,0,0
5136,GGGGAGTGCACGTGTGCGTGTGA,0,0,0.012345679,0,0.420324886,525,203.4903995,0,0,0,0,0,0
5137,GTGTACACCTGTGTGTAGAGTAG,0,0,0.077639136,0.209819018,0.206277769,522.5,201.6954789,0,0.02173913,0,0,0,0
5138,GGGGAATGAGTGTGTGTGTGGGG,0,0,0.233333334,0.723651235,0.723651235,560,197.0999049,0,-0.347826087,0,0,0,0
5139,GACTCTGAAGCAGAGTTTGCTGA,0,0,0.000932622,0,0.125827144,485,148.6548161,0.152173913,0.391304348,0,0,0,0
5140,GTCATCTTTGTCTTTACCCAAGG,0,0,0.046551724,0,0.04443798,387.5,137.8552992,0.169565217,0,0,0,0,0
5141,CCTGTCTCTGGTCTACTGACTGA,0,0,0.001288931,0,0.099907201,455,182.2984827,0.2,0.173913043,0,0,0,0
5142,GGTCCTGCTGCTGGAGGGGGAGG,0,0,0.043137255,0,0.186959075,552.5,188.4152864,0,0.717391304,0,0,0,0
5143,GGTGTGTGAGTGGGTGTGGGTGA,0,0,0.000768555,0,0.070548661,387.5,156.6782485,0,0.108695652,0,0,0,0
5144,CACCACCTCCACCTCCCCTCAAG,0,0,0,0,0.040577667,455,188.9840695,0,-0.152173913,0,0,0,0
5145,AAAGGGGAAAATGAGGCACAGGG,0,0,0.138888889,0,0.374191978,522.5,203.8325791,0.056521739,0.152173913,0,0,0,0
5146,AAAGGAGGGGAAGAGACACAGGG,0,0,0.305555556,0,0.15797057,552.5,193.9783768,0,-0.152173913,0,0,0,0
5147,GGGAGGGAGGAAGGAGGAGGAGG,0,0,0.028181919,0,0.26991206,455,171.2747595,0,-0.02173913,0,0,0,0
5148,AATGACCACTAGAGAATCAACGA,0,0,0,0,0.004409678,295,168.3492674,0.656521739,-0.152173913,0,0,0,0
5149,TACAACGAAGCAGTGTTTTTCAG,0,0,0.079012345,0,0.443035994,530,207.4724954,0,-0.804347826,0,0,0,0
5150,TGGATGGATGGATGACGAATGGA,0,0,0,0,0.026286255,387.5,160.9737101,0.143478261,0.326086957,0,0,0,0
5151,GGGGAGGGGGTGTGTGTGTGCAG,0,0,0.023723069,0.246444397,0.238125599,552.5,191.3429278,0.626086957,0.282608696,0,0,0,0
5152,CACATACACACAGAGACACATGG,0,0,0.54025974,0,0.464697762,620,208.2224992,0.056521739,-0.195652174,0,0,0,1
5153,AGTGAGTGTCTGTGTGAGTGTGG,0,0,0.1008,0.349240153,0.343031439,552.5,189.2623722,0,-0.260869565,0,0,0,1
5154,TGTGAGTGTATGTGTGTGTGAGA,0,0,0.018148148,0,0.343031439,552.5,189.2623722,0,-0.173913043,0,0,0,0
5155,GGGTGGGGGGTGCCTGCTCCAGG,0,0,0.06940428,0.075912152,0.074243753,335,193.0314111,0,-0.804347826,0,0,0,1
5156,GCCTGGTTTTTATTGTTCTCAGA,0,0,0.010744811,0,1.483122363,530,212.6415963,0,-0.239130435,0,0,0,0
5157,GAACACAGCACATAAACTGCAGG,0,0,0.368104575,0.209053472,0.205849587,525,192.9416447,0.013043478,0.086956522,0,0,0,0
5158,TGGATGGAGGAGCCAGGATTCAG,0,0,0.042235218,0,0.012197961,295,159.5973944,0,-0.826086957,0,0,0,0
5159,AAGATGGAAGAATGAGGAGAGGA,0,0,0.021248283,0,0.426140229,552.5,177.8626197,0,-0.304347826,0,0,1,0
5160,CACCCCCTCCTCCCCGCCTGGGG,0,0,0.012928248,0,0.828110169,462.5,177.0323164,0.013043478,0,0,0,1,0
5161,GGTATGAAAGAATGAGGAGTAGA,0,0,0.021350932,0,0.561633746,620,212.3290388,0,-0.195652174,0,0,0,0
5162,CGTGTGTGTGTGTGTGCATGAGG,0,0,0.107892108,0,0.189613667,552.5,188.5285664,0.791304348,1.413043478,0,0,0,0
5163,GACCCTCCAGAGCCTGGCCACGG,0,0,0.242763773,0,0.760552802,620,211.3086796,0,-0.760869565,0,0,0,0
5164,GAAAGCAAAGCATGAACTGCAGA,0,0,0.018493292,0,0.057131627,425,191.1918738,0.008695652,-0.217391304,0,0,1,0
5165,GCCCCCTTCCCATCCACCTGAAG,0,0,0.018838908,0.1573856,0.154587634,455,169.9034955,0.030434783,-0.108695652,0,0,0,0
5166,GAAGGAGAAGAGGAGGCAGAGGA,0,0,0.003918306,0,0.259209507,455,179.8622996,0,-0.130434783,0,0,0,0
5167,GAGTCCCAGAAGAAAAGGAAAGA,0,0,0.006872357,0,0.092860578,455,176.6319501,0.269565217,0.260869565,0,0,0,0
5168,GAGTCCCAGAAGAAAAGGAAAGG,0,0,0.098961938,0,0.092860578,455,176.6319501,0,1.108695652,0,0,0,0
5169,GACATCTAAGCTGAGTTTTAAGA,0,0,0.004734848,0,0.221867769,455,170.6747988,0.2,-0.130434783,0,0,0,0
5170,GCCCCCCCAAATCCTGGGCACGG,0,0,0.033182504,0.303848756,0.303848756,462.5,186.3869663,0.713043478,2.826086957,0,0,0,0
5171,GGGTGGGGAGGGTGTGCTCCGAG,0,0,0,0.125491014,0.122606163,432.5,198.5709513,0,-0.086956522,0,0,0,0
5172,GGTGTGTGTGTGCGTGTGTGTAG,0,0,0.020839979,0,0.136842006,455,183.466468,0.4,0.260869565,0,0,0,0
5173,CCCAGCCATGCAGAGGCAAAAAG,0,0,0.005318139,0.077627933,0.075007581,485,164.8835178,1,-0.217391304,0,0,1,0
5174,GTCATATCAGTCATTAGCTCTAG,0,0,0.006069094,0,0.14600196,485,156.190488,0.026086957,0,0,0,0,0
5175,GGGTGGTGTGTGTTTGCTTCAAG,0,0,0.011220688,0.109665994,0.109665994,455,175.8789552,0.02173913,0.086956522,0,0,0,0
5176,GCCATCCAGCCAAGGACACACAG,0,0,0.063123994,0.053868812,0.052959633,425,194.1017145,0,-0.347826087,0,0,0,0
5177,AAATAAGAAGAAGAAGAATAGGA,0,0,0.012200436,0,0.048855403,387.5,151.9705474,0.108695652,-0.173913043,0,0,0,0
5178,GTGGAGTGAGGGCGTGCGTGCGG,0,0,0.100478469,0,0.302995647,425,202.7025958,0,0.043478261,0,0,0,0
5179,GTCATCCATCTCCTCCCCACTGG,0,0,0.018181818,0,0.438724268,552.5,174.4474829,0.317391304,-0.565217391,0,0,0,0
5180,AAATGAGAAGGAGTGGCATCAGG,0,0,0.036363636,0,0.015541087,290,133.4451318,0.039130435,-0.565217391,0,0,0,0
5181,GGCCCAGACTGAGCAAAAGAAGG,0,0,0.622222222,0.030110291,0.030110291,450,156.7021298,0.07826087,-0.282608696,0,0,0,0
5182,AAGTGAGAAGAGTTGGCACAGGA,0,0,0.004903978,0,0.04002163,362.5,189.8173944,0,0,0,0,0,0
5183,ACGAACACCAATGACTAGTGCAG,0,0,0.032634033,0.076918972,0.074184075,357.5,167.7748948,0,0.173913043,0,0,0,0
5184,AATAACGACCACATCCTCCAGGG,0,0,0.04673428,0.313735196,0.313735196,552.5,180.2034828,0,-0.239130435,0,0,0,0
5185,AAATGATTAGAAGAAGCACTAGA,0,0,0.009603841,0,0.114735571,455,162.3723807,0,-0.195652174,0,0,0,0
5186,GTCTCCCTCCACCCCGCCACCAG,0,0,0.043097643,0,1.055555556,560,188.5384001,0,-0.086956522,0,0,0,0
5187,CCTCTCCCACAGGGCAGTAAAGG,0,0,0.288770053,2.372034956,2.31990232,627.5,217.99808,0.034782609,0,0,0,0,0
5188,GCCACAGCGGCTGGAGCTGTCAG,0,0,0.025620915,0,0.162452885,485,159.050305,0.004347826,-0.130434783,0,0,0,0
5189,AATTGGGAAGAAGAGCCATAGGA,0,0,0,0,0.051173326,485,168.8495902,0.017391304,-0.130434783,0,0,0,0
5190,TGTGTGTGAGTATGTGTGTGTGA,0,0,0.010998878,0,0.299915,455,189.2094685,0,-0.173913043,0,0,0,0
5191,GCCTCTAGGCAACCCACCTTAAG,0,0,0.077237654,0,0.302236647,525,203.5271382,0,-0.391304348,0,0,0,0
5192,GCCTCATGCCCAGCCACCCTTAG,0,0,0.006198382,0.112765395,0.110862182,455,174.0668786,0,-0.717391304,0,0,0,0
5193,TTGATGGAGTAATGGGGAGATAG,0,0,0.0490116,0.172149493,0.172149493,455,162.6236421,0.008695652,0.217391304,0,0,0,0
5194,CCCTTCCAAGAAGAGACACAGAG,0,0,0.04468294,0.432927898,0.426292988,525,203.1447995,0,-0.304347826,0,0,0,0
5195,AGCACTGTGGCTGGAGGCTGGGA,0,0,0.015625,0,0.103262324,485,159.9288498,0.091304348,0.282608696,0,0,0,0
5196,GGGTGAGGGGAGTTTGCAGGAGG,0,0,0.004901961,0.024231341,0.023413405,442.5,124.1050829,0,-0.086956522,0,0,0,0
5197,ATCACCATCAAGGACTAGGGCAG,0,0,0.089322917,0.496733714,0.480774398,522.5,206.0009018,0.373913043,0.02173913,0,0,0,0
5198,TGTGAGTGAGTGTGCATGTGGGA,0,0,0.008838384,0,0.028099353,412.5,166.7184415,0,-0.586956522,0,0,1,0
5199,TGTTTGAGAGTGTGTGCGTGGAG,0,0,0.029996939,0.932255747,0.932255747,620,214.6548992,0,-0.260869565,0,0,0,0
5200,AAAAACTACTACATCCTCACTAG,0,0,0.030776515,0,0.44463744,552.5,178.2776193,0,-0.630434783,0,0,0,0
5201,AAATGAGAAAAGGAGCCAAAAAG,0,0,0,0,0.035125237,387.5,158.4557373,0.017391304,-0.456521739,0,0,0,0
5202,GGTGTGTGTGTGTGTGCGTGGAG,0,0,0.056565657,3.673734177,3.673734177,635,216.3518996,0,0.173913043,0,0,0,0
5203,GGTGTGGGTGTGTGTGTGTGTGA,0,0,0.004159239,0,0.241506693,552.5,190.5826078,1,-0.195652174,0,0,1,0
5204,GGTGTGGGTGTGTGTGTGTGTGG,0,0,0.059893048,0,0.241506693,552.5,190.5826078,0,-0.608695652,0,0,0,0
5205,GGCACTGAGCCTGGTGCTGGGGA,0,0,0.000849673,0,0.135959851,455,175.915314,0,0.130434783,0,0,0,0
5206,AAATGGGAAAAAGAAGCACAGGA,0,0,0.043572984,0,0.399055958,530,199.415258,0,-0.043478261,0,0,0,0
5207,GGCATTGCTGCTGGTGCTGGTAG,0,0,0.004140754,0,0.094763973,455,178.758767,0,-0.260869565,0,0,0,0
5208,TGGAGAGGGGAAAGAGGAGTGAG,0,0,0.084239316,0.329686141,0.319580819,522.5,203.5265585,0.530434783,0.543478261,0,0,0,0
5209,GTCATCTTCATCAACACCTGAAG,0,0,0.023344557,0,0.030671588,425,184.402277,0,-0.043478261,0,0,0,0
5210,TGTGTGTGAGTGAGTGTGTGAGA,0,0,0.008158508,0,0.23590875,455,187.4262484,0,-0.173913043,0,0,0,0
5211,CATGTAGCACAGGGCAGTAAGAG,0,0,0.061002179,0,0.539222871,622.5,213.5025152,0.030434783,-0.5,0,0,0,0
5212,GCTGATGGAGTGTGTGTGTGTGA,0,0,0.008798391,0,0.251888977,552.5,193.8047241,0,-0.391304348,0,0,0,0
5213,GCCTCTCCCAAGCCTGGACCTGG,0,0,0.064935065,0.047001109,0.045414573,485,150.8933024,0,0.195652174,0,0,0,0
5214,AAATGAGAAAAAGGGGCCCCTGG,0,0,0.018855219,0,0.016046989,387.5,140.0081457,0.265217391,0.391304348,0,1,0,0
5215,GGTGAGTGTGGGTGTGTGGGGGG,0,0,0.028,0,0.05883842,387.5,157.2760249,0,0.282608696,0,0,0,0
5216,GGTGCCTGAGAGTGTGCCTGTGA,0,0,0.008455087,0,0.098926116,455,184.472279,0,-0.195652174,0,0,0,0
5217,GGCTTGTTTTAATTTTTCTCAAG,0,0,0.022222222,0.455082126,0.442262911,432.5,199.7228947,0.060869565,0.130434783,0,0,0,0
5218,GAAAGAGAAGAAGAGACACAAAG,0,0,0.12345679,0.558632479,0.541956882,560,202.2379741,0.056521739,0.543478261,0,0,0,0
5219,GGTGAGTGTGTATGTTTGTGTGA,0,0,0,0,0.027171265,387.5,169.2495822,0.152173913,0.195652174,0,0,0,0
5220,GAGATGTTTTCATTCTTTTCAGA,0,0,0.002898887,0,0.082004963,455,178.1680451,0.008695652,0.239130435,0,0,0,0
5221,GCCCCCCTCCACCCGCGCTCCGG,0,0,0,0,0.028099353,412.5,166.4784415,0.043478261,-0.086956522,0,0,0,0
5222,TGGATGGAGGAATGGATGGTGGA,0,0,0.004513889,0,0.004539126,370,141.2951082,0,-0.347826087,0,0,0,0
5223,AAGAACTCAAGTCAGTAGAGGAG,0,0,0.034637877,0.23873204,0.231061934,522.5,203.1177183,0.086956522,0,0,0,0,0
5224,CCCTCCCCTTGGCCTGGCCAGAG,0,0,0.06372549,0.45413253,0.446837229,525,204.0183995,0,0.173913043,0,0,0,0
5225,GAACACAAAGTGTGGACTGTGAG,0,0,0.008065844,0.024273697,0.024273697,260,156.4770313,0,-0.282608696,0,0,0,0
5226,GCCAGTGCGGCTGGAGCTGGGGG,0,0,0.097737557,0,1.213101161,560,197.8855689,0.582608696,-0.152173913,0,0,0,0
5227,GTATGACAAGAGGAGGCACAGGG,0,0,0.361111111,0.496733714,0.480774398,522.5,208.8607188,0,0.02173913,0,0,0,0
5228,CCTGTGAATACAGAGGAGGCTGA,0,0,0.007352941,0,0.116657239,425,197.7029147,0,-0.173913043,0,0,0,0
5229,CCTTGTGTGCCTGGATTGATGGG,0,0,0.056746032,0.332321069,0.32110348,552.5,188.7343722,0,0.152173913,0,0,0,0
5230,TGGGTGCAGGAAGGAGGAGAGGA,0,0,0.004378609,0,0.17451794,455,169.3062987,0,1.586956522,0,0,0,0
5231,AGTGAGTGAGTGAGTTCGTGTGA,0,0,0,0,0.209737313,462.5,193.6122536,0.043478261,0.239130435,0,0,1,0
5232,AATGGCCAGTTCCTCCTCAAGAG,0,0,0.00748538,0,0.17912637,425,198.2224954,0,0.326086957,0,0,0,0
5233,GGCACTGCTGCTTGAGAGGGTGG,0,0,0.049777778,0,0.025528453,387.5,159.3314548,0,-0.260869565,0,0,0,0
5234,GGGAAACACCCAGCACCCTCTGA,0,0,0.001929012,0,0.023195422,417.5,131.6427934,0,-0.130434783,0,0,0,0
5235,ATGATCACCACGGAATAGAGTGA,0,0,0.005092946,0,0.104700416,327.5,189.7584743,0,0.02173913,0,0,0,0
5236,TGTGTGTGAGTGTGTGTGTTAGA,0,0,0.008249158,0,0.268517165,485,159.787969,0.004347826,0.02173913,0,0,0,0
5237,AAATTAGGAGATGAGGAACATGA,0,0,0.002376543,0,0.28472943,455,186.1096515,0,-0.086956522,0,0,0,0
5238,AGTATGGAGGAGTGAGGAGATGG,0,0,0.203125,0.344815405,0.338339998,455,173.8182996,0,-0.543478261,0,0,0,0
5239,AAATAAAAAGAATAGGCAAACAG,0,0,0.028888889,0,0.125155157,455,175.2811787,0.065217391,-0.260869565,0,0,0,0
5240,CCCCACCATCCAAAGACACCAAG,0,0,0.009598245,0,0.25551675,455,170.4011595,0,-0.086956522,0,0,0,0
5241,AAAGGATAAGAAGAGGAAGAGGA,0,0,0.001446759,0,0.131148806,485,164.2091082,0.034782609,-0.02173913,0,0,0,0
5242,TGTGAGGGTGTGTGTGAGTGAAG,0,0,0.042701525,0,0.25438705,552.5,191.8709278,0,-0.47826087,0,0,0,0
5243,CCCTCTTTCCCTCCTCCCTTCAG,0,0,0,0.035908784,0.035908784,357.5,179.9884521,0.026086957,3.086956522,0,0,0,0
5244,AACTTGTTTCCTTTGCTCTCAGG,0,0,0.106666667,0.123402948,0.123402948,455,189.2037372,0.013043478,0.217391304,0,0,0,0
5245,GCCGCACCCAAGCCTGGCCCCAG,0,0,0.019540644,0.248482175,0.244064714,552.5,175.4430357,0,-0.760869565,0,0,1,0
5246,GGAGTGTGAGTGTGTGTGAGCAG,0,0,0.008978676,0,0.189330488,485,165.649569,0,-0.326086957,0,0,0,0
5247,GGTGTGTGAGTGTGGTGGTGTGG,0,0,0,0,0.026676601,412.5,165.4301215,0,-0.239130435,0,0,0,0
5248,AAATGAGACAAAAATGCACAGGG,0,0,0.07032967,0,0.07966379,425,186.5421411,0.1,-0.130434783,0,0,1,0
5249,AAGTCCCAGAAGATGAAGAAGGA,0,0,0.019861111,0,0.140887716,522.5,200.1858981,0,-0.065217391,0,0,0,0
5250,GGTGTGTGTGTGTGTACATGTGG,0,0,0.151048951,0,0.030962232,485,171.2401405,0,-0.456521739,0,0,0,0
5251,GAGTGGGGGGTCTTTGCTCTCAG,0,0,0.010720501,0,0.190444928,357.5,167.8762159,0,0,0,0,0,0
5252,GGCACAGTGGCTGGAAGAGGAGA,0,0,0.035108024,0,0.030658184,485,171.6024399,0,-0.391304348,0,0,0,0
5253,AAATGAGGAGATAAGGCCCAAAG,0,0,0.011142767,0,0.053393411,357.5,173.4614288,0.008695652,-0.086956522,0,0,0,0
5254,CCTGCCACAGCTCTGCTCTCCAG,0,0,0.068055555,0.052955831,0.052955831,455,167.9020173,0.82173913,2.782608696,0,0,0,0
5255,GGCACAGAGGTTGGAGGAGGGAG,0,0,0.029958848,0,0.098926116,455,182.6607821,0,0.152173913,0,0,0,0
5256,GTGTCAGAGCAGAAGGATAAAAG,0,0,0.022446689,0,0.032293287,485,174.4622568,0.508695652,0.52173913,0,0,0,0
5257,GGCACCCTCCTCCCCTCCTCAAG,0,0,0,0,0.143492089,455,194.5678904,0,1.108695652,0,0,0,1
5258,GACTCATTGCCACCCACTTTAAG,0,0,0.065031265,0.116792581,0.114716268,552.5,187.7909024,0,-0.043478261,0,0,0,0
5259,CGTGCGTGTGTGTGTGTGTGTGA,0,0,0.006944444,0,0.372455417,552.5,192.9657886,0,-0.173913043,0,0,0,0
5260,GGTGAGTGTGGGTTTGGGTGGGG,0,0,0.003764706,0,0.026551897,357.5,176.3848402,0,-0.173913043,0,0,0,0
5261,CTAACCCCACCTGGCAGTAAAGA,0,0,0.006868132,0,0.385203768,425,203.8522158,0.013043478,-0.782608696,0,0,0,0
5262,GGTGATTTTGTGTGTGCGTGTGG,0,0,0.25,0,0.857563492,627.5,211.5544187,0.030434783,-0.760869565,0,1,1,0
5263,GGTGATTTTGTGTGTGCGTGTGA,0,0,0.017361111,0,0.857563492,627.5,211.5544187,0,-0.043478261,0,0,0,0
5264,GCCTTCCTAAAGCCCAGCCAAGA,0,0,0.010545799,0,0.065950602,455,183.3164156,0,-0.282608696,0,0,0,0
5265,AATAACCAGTATATGCTCAAAGA,0,0,0.001041667,0,0.115264782,425,192.4434976,0,-0.52173913,0,0,0,0
5266,GTTTCTCCACAGCCTGGCCAGAG,0,0,0.050154321,0,0.749905063,620,211.6542796,0,0.02173913,0,0,0,0
5267,AAATGAGAAGGAGAAGCAGAAAG,0,0,0.019825708,0,0.12520519,365,169.2148948,0,0.52173913,0,0,0,0
5268,AACACAGGTGAGCAGAGAGGTGA,0,0,0.019349845,0,0.047113964,455,180.1081814,0.986956522,-0.130434783,0,0,0,1
5269,AAAGTGTTTCCATTGTTCTCCAG,0,0,0.067407407,1.299248042,1.299248042,620,212.8066636,0.256521739,-0.086956522,1,0,0,0
5270,GACCCACTGCACCTGGCCTCAAG,0,0,0.005464433,0,0.021118991,425,187.6080294,0,-0.739130435,0,0,0,0
5271,GGTGCTCCGGCTGGAGCTGGAGA,0,0,0.004826963,0,0.389730931,552.5,194.4291081,0,-0.456521739,0,0,0,0
5272,CCCTGGGTCCTTGGGTGGATGGG,0,0,0.060952381,0,0.118576413,425,191.9851743,0,-0.304347826,0,0,0,0
5273,TGTGCGTGAGTGTGTGTGTGTGA,0,0,0.016203704,0,1.290123457,560,198.1255689,0.069565217,-0.043478261,0,0,0,0
5274,CCCTCCCCAAAGAATGGCCAAGA,0,0,0.00667735,0,0.17145493,432.5,199.2614948,0,-0.108695652,0,0,0,0
5275,TGTGAGTGTGTGTGCGGGTGCGA,0,0,0.000668449,0,0.099818052,455,180.047087,0.034782609,0.065217391,0,0,0,0
5276,CCAGTGAGTAGAGCAGAGTGAAG,0,0,0.009568969,0,0.08542269,395,138.3073786,0,-0.108695652,0,0,0,0
5277,TGGATGGATGGATGAAGGGTAGG,0,0,0.138666667,0,0.016355892,387.5,166.2983768,0.004347826,-0.260869565,0,0,0,0
5278,CCCATCCTTCCTCAGACCCAGGG,0,0,0.011457214,0,0.053393411,357.5,173.4614288,0,-0.413043478,0,0,1,0
5279,GAACATAAAGAATAGAATGATGG,0,0,0.1625,0,0.081031088,387.5,153.0602213,0.134782609,0.108695652,0,0,0,0
5280,AGTGAGTGAGCATGTGTGTGTGA,0,0,0.018148148,0,0.166452825,357.5,184.2677048,0,-0.304347826,0,0,0,1
5281,AAATACAACTACATCCTCCACAG,0,0,0.010449321,0.341956428,0.335877203,552.5,184.6672193,0.130434783,0.543478261,0,0,0,0
5282,AGATGAGAAGCAGAGGGGCAAAG,0,0,0.00195207,0,0.066310475,387.5,166.3204719,0.1,-0.217391304,0,0,0,0
5283,AAATGCAAACAAGAGGCAAAAGA,0,0,0.005411255,0,0.180199171,552.5,179.2910988,0,-0.456521739,0,0,0,0
5284,AATGAGCACATCATCCTGAAAAG,0,0,0.004558405,0,0.091110952,455,180.7688626,0.043478261,0.130434783,0,0,0,0
5285,TACAGAGATGAAGAGGCACATGA,0,0,0.008503401,0,0.822304167,620,213.8386196,0,0.043478261,0,0,0,0
5286,CTTACCCTACAGGCCATTAATAG,0,0,0.021875,0.087709362,0.086229035,455,182.6012873,0.017391304,0.065217391,0,0,0,0
5287,TGGATGGATGAATGGGCAGATAG,0,0,0.011895425,0,0.037612163,387.5,142.9094871,0,0.108695652,0,0,0,0
5288,GGCCCTGGGGCTGGACCTGGGGA,0,0,0,0,0.099539557,485,176.9520461,0.065217391,0,0,0,0,0
5289,CTCATCTTATTCTTTCCCTGTGG,0,0,0,0,0.097066953,455,187.4205172,0,-0.630434783,0,0,0,0
5290,GGCTCTGCGGGAGGGGGTGGGGG,0,0,0.082727273,0,0.104700416,327.5,190.1731943,0.913043478,2.347826087,0,0,0,0
5291,CTTGCCAGAAAGGGCAGTACAAG,0,0,0.024621212,0.401065533,0.394296494,552.5,171.5876659,0,-0.260869565,0,0,0,0
5292,AAATGAGGAGCAGAGGGAAAAGG,0,0,0.007394958,0,0.09629856,387.5,158.1359883,0.408695652,-0.086956522,0,0,0,0
5293,AAATAAGAAGAAGAAGAAGAAAG,0,0,0.012335996,0,0.048855403,387.5,151.9705474,0,0.47826087,0,0,0,0
5294,AACTGAATAGAAGATGCACAGGA,0,0,0.001822157,0,0.27129322,522.5,198.9819807,0,-0.130434783,0,0,0,0
5295,GAGTCAGACCAGAGGAAGGAAGG,0,0,0.0875,0.026527258,0.02607954,455,171.0670511,0,0.130434783,0,0,0,0
5296,GACACAGAAGGAGAGATCTTAGA,0,0,0.006280921,0,0.017015292,387.5,168.4721731,0.030434783,-0.652173913,0,0,0,0
5297,GGGCAAGACTCAGCCTCCCTGAG,0,0,0.010528866,0,0.123105465,455,168.3796421,0,0.130434783,0,0,0,0
5298,GGGTGGGGGGAGTAAGCTAAAGA,0,0,0.005333274,0,0.007159489,290,125.4681939,0,-0.260869565,0,0,0,0
5299,TGGATGGATGAATGTGTAGATAG,0,0,0.003888889,0,0.037612163,387.5,142.9094871,0.726086957,2.913043478,0,0,0,0
5300,AAATGAGAAGAAAAAGCCCCGGG,0,0,0.037609449,0,0.011570503,290,132.9327247,0,0.239130435,0,0,0,0
5301,GGTGAGTGAGTGTTTGCCAGGAG,0,0,0.009406232,0,0.022322598,395,152.5894821,0,-0.108695652,0,0,0,0
5302,CCCACCAATCCAGAGACAAATAG,0,0,0.083333333,0,0.677902985,560,185.9804993,0,0.02173913,0,0,0,0
5303,GGCGCTGGGGGTGGGGGTGGGGG,0,0,0.065290179,0,0.212805723,425,194.7894778,0,-0.782608696,0,0,1,0
5304,GGTGTGTGTCTGTGTGAGTGGGG,0,0,0.040727273,0,0.325662758,552.5,187.9740522,0.082608696,0.239130435,0,0,0,0
5305,CCTGCCTCCTCTCTATTCTCCGG,0,0,0.134615385,0.136810364,0.13334681,492.5,167.3718378,0,0,0,0,0,0
5306,CCCTTCCCAAAGCCTGAACAGGG,0,0,0.228438228,0.123883065,0.119478333,485,171.5022357,0,0.02173913,1,0,1,0
5307,CCCATCCATCCAGGGACATTTAG,0,0,0.033504274,0.049781259,0.049781259,395,140.8752155,0.873913043,4.739130435,0,0,0,0
5308,GCCCCTGGGGCTGCAGGTGGTGA,0,0,0.004674947,0,0.223971519,522.5,203.3473984,0,-0.130434783,0,0,0,0
5309,CCTGCCTCCACTCTCCTCAAAGA,0,0,0.008838384,0,0.289721221,462.5,164.0636421,0.056521739,0.239130435,0,0,0,1
5310,GGCCCCGTCCACCTCGTCTCCAG,0,0,0.033402082,0,0.062035467,455,183.9515235,0.126086957,-0.065217391,0,0,0,0
5311,GGGAAAGAGGCAGCATTCGCAGG,0,0,0.010213244,0.133547406,0.129256726,485,152.1247722,0,-0.130434783,0,0,0,0
5312,GACCACAGAGCAAAGCCTGCAGG,0,0,0,0.100349515,0.098655853,455,188.7844366,0,-0.130434783,0,0,0,0
5313,AGGAGGCAGGAATGAGGAGTGAG,0,0,0.114074074,0,1.737215529,627.5,216.7284992,NA,-0.152173913,0,0,0,0
5314,TGGGTGGATGAATGAAGGGTGGA,0,0,0.009259259,0,0.030962232,485,171.6548605,0,0.02173913,0,0,0,0
5315,AAATCAAAAGATGAGGCCCACAG,0,0,0.012933568,0,0.099003011,455,182.3890655,0,4.652173913,0,0,0,0
5316,GACTCGCTTTCCTTGTTGTCCAG,0,0,0.006254061,0.100702634,0.099003011,455,182.3890655,0.008695652,-0.043478261,0,0,1,0
5317,GGCTCCTTACCACCCACCTGGGG,0,0,0.095658817,0.257814838,0.257814838,552.5,176.0766357,0.152173913,-0.695652174,0,0,0,1
5318,GGGGTGTGTGTGTGTGTGTGCAG,0,0,0.013198653,0.36082635,0.348646558,552.5,192.4377886,0,-0.173913043,0,0,0,0
5319,CACACAGAAGCAGATTTTATAGA,0,0,0.001880004,0,0.085423231,455,172.4589945,0,-0.108695652,0,0,0,0
5320,GGCACTGGGGCTGGTGGAGTCGG,0,0,0.06,0,0.032925581,387.5,139.3322283,0,-0.065217391,0,0,0,0
5321,GGTGGGTGCGTGTGGGGGTGTGA,0,0,8.40E-05,0,0.094763973,455,178.758767,0.069565217,-0.065217391,0,0,0,0
5322,TGTGAGAAAGTGTGTGTGTGTGA,0,0,0.028356481,0,0.416345417,552.5,192.7308912,0.008695652,-0.282608696,0,0,0,0
5323,TTCTTGTTTTGATTGTTTTCAAG,0,0,0.03030303,0,0.172235,455,187.306583,0.026086957,-0.086956522,0,0,0,0
5324,GGTGTGTGAGTGGGTGCCAGCAG,0,0,0.00334609,0,0.035915682,387.5,152.2410262,0,-0.239130435,0,0,0,0
5325,CCTGTCTCCTCTCCACTCACTGG,0,0,0.147727273,0.376241126,0.366716034,530,202.4807589,0.556521739,-0.065217391,0,0,0,0
5326,GCTGCCTCCGATCTACCCTCCAG,0,0,0.067479835,0.112574373,0.112574373,387.5,161.2358053,0.082608696,-0.304347826,0,0,0,0
5327,CCTTCCTCCGCCTTACCCACAGG,0,0,0.170222347,0.112081968,0.11019029,357.5,180.1248679,0.2,-0.739130435,0,0,0,0
5328,AAAGGAGAAAATGAGGGACAAAG,0,0,0.002965384,0,0.262235805,455,184.6324521,0,0.065217391,0,1,0,0
5329,GGGTGGGGTGTGTTTGTTCCCAG,0,0,0.019854384,0.348882289,0.348882289,462.5,189.2240249,0.043478261,-0.065217391,0,0,0,0
5330,TGGATGGTGGAAGGAGGGGCGGG,0,0,0.0040655,0,0.047545522,387.5,144.0399293,0,-0.282608696,0,0,1,0
5331,TACAGGGAAGAAGAGTTTTTGAG,0,0,0.058333333,0.48824426,0.480400979,522.5,209.8956123,0.630434783,1.369565217,0,0,0,0
5332,TTCTCTTTCCCACCCACCAGGGA,0,0,0.003183091,0,0.219695863,485,151.0744001,0,0.260869565,0,0,0,0
5333,AACCCCCTCCCCCCCACCCCCAG,0,0,0.025747126,0,0.050292967,387.5,164.9334905,0,-0.130434783,0,0,1,0
5334,CCCTTCCATCCAAACACACCTGG,0,0,0.036409871,0,0.068478489,357.5,157.482458,0,-0.195652174,0,0,0,0
5335,GACATCAGTGTCTTCCTCATTGG,0,0,0.239555556,0.14797256,0.145595491,455,183.2315706,0.152173913,-0.086956522,0,0,0,0
5336,GACATGTTTTCATATCTCTCAAG,0,0,0.007278632,0,0.010324191,392.5,175.1917679,0,-0.391304348,0,0,0,0
5337,GATTTGCATTCAGTGTTCTCAAG,0,0,0.025573671,0.378963491,0.372875724,522.5,203.6896817,0,0.130434783,0,0,0,1
5338,TGGGTGGAGGGATGGAGAGTTGG,0,0,0.2640625,0,0.03845588,357.5,180.6008688,0.086956522,-0.173913043,0,0,0,0
5339,CTCATCCATACAGAGACATCAGA,0,0,0.00573921,0,0.20233989,485,146.0826637,0.013043478,-0.086956522,0,0,0,0
5340,GTGATGGGGGAATGAGGAGCTGG,0,0,0.04057971,0,0.697447183,552.5,178.7225831,0.017391304,-0.282608696,0,0,0,0
5341,GCCTCTTTCTCAGCCAGCTGTGA,0,0,9.25E-05,0,0.081869645,387.5,146.585232,0,-0.195652174,0,0,0,0
5342,GGCACATACTCAGCACTTGATAG,0,0,0.01336675,0,0.219371873,455,188.7270244,0,0.369565217,0,0,0,0
5343,CCCTCCCCATAGGGTGGCCACGG,0,0,0,0.08119996,0.079829497,425,193.0697584,0.204347826,0.5,0,0,0,0
5344,TGGATGGATGAATGAATAGGTAG,0,0,0.006100218,0,0.02413915,417.5,139.8280828,0,-0.130434783,0,0,0,0
5345,TGAATGGAGCAATGATGAGAGGA,0,0,0,0,0.103127242,485,159.2542378,0,-0.347826087,0,1,0,0
5346,GGTGTGTGAGTGTGTGAGTGTGA,0,0,0.011784512,0,3.890957447,567.5,199.3255689,0.034782609,0.086956522,0,0,0,0
5347,TGTGTGTGAGGGTGTGTGTGTAG,0,0,0.017598204,0.344442166,0.33831875,455,190.6954852,0,-0.173913043,0,0,0,0
5348,GCCCCACACTGAGCAGCTGATGA,0,0,0.001196485,0,0.071611412,485,178.3022822,0,0.108695652,0,0,0,0
5349,GAGTGGGGGGTGATTGCTTCAGA,0,0,0.005777109,0,0.107124019,357.5,172.4825958,0.556521739,-0.086956522,0,0,0,0
5350,GGATGCTCTTCTGCAGCAGCTGG,0,0,0.041363636,0.34064625,0.34064625,552.5,183.9068993,0,0.108695652,1,0,0,0
5351,GGGATGGAGGAATGAATAGGCAG,0,0,0.010940608,0,0.046184952,417.5,143.7878631,0,1.891304348,0,0,0,0
5352,GGTGAGGGATTGTGTGTGTGTAG,0,0,0.057824982,0.681696229,0.681696229,560,192.0389717,0.143478261,0.347826087,0,0,0,0
5353,GCCCCCCCCAACCCCGCCCCCGG,0,0,0.187848933,0,0.45934875,552.5,180.1204467,0,-0.760869565,0,0,1,0
5354,CCCAGCATTCCTGAGACACAGGA,0,0,0.004761905,0,0.458669828,522.5,204.7125818,0,0.02173913,0,0,1,0
5355,TAATTGTTTTTGTTGTTCTCTAG,0,0,0.049931413,0,0.385203768,425,204.7258158,0,-0.543478261,0,0,0,0
5356,CTCACCTCCAGTGACTGGGAAAG,0,0,0.019914216,0.151879219,0.149027027,387.5,154.8462053,0,-0.130434783,0,0,0,0
5357,AAGAGAGAGAAAGAGGCACATGG,0,0,0.181069959,0.769129564,0.757342138,620,208.8468832,0.173913043,-0.086956522,0,0,0,0
5358,ATCATCTATGTCATCCCCATAGA,0,0,0.00999001,0,0.397317959,522.5,207.0774987,0,-0.108695652,0,0,0,0
5359,GCCTCTCCAGACCCTGGACACAG,0,0,0.038126362,0.080768628,0.080768628,455,179.2828458,0,-0.02173913,0,0,1,0
5360,GGTCCTGCTGGTGGAGGTGGAGG,0,0,0.032352941,0,0.456378813,522.5,207.6085359,0,-0.239130435,0,0,0,0
5361,ATTGCCCCATGGGGCACTAACAG,0,0,0.03731898,0,0.311591569,455,186.9920688,0,-0.130434783,0,0,0,0
5362,AAATGACAAGAAGAGGAAATAGA,0,0,0.005729167,0,0.051919986,417.5,127.9451083,0,-0.173913043,0,0,0,0
5363,ATCATCCATCCAGTGAAACAGGG,0,0,0.226262626,0.092471861,0.090827917,455,186.3347043,0.02173913,0.043478261,0,0,0,0
5364,CCCCTCCATCCAGAGTCAAGGGA,0,0,0,0,0.035772345,417.5,133.1523742,0.056521739,-0.782608696,0,0,0,0
5365,GGGGAGAGCGTGTGTGTGTGTGG,0,0,0.116666667,0,0.238125599,552.5,191.3429278,0,0.152173913,0,0,0,0
5366,TGGATGGAAGAATGAATAGATGG,0,0,0.090401786,0,0.02413915,417.5,139.8280828,0,-0.065217391,0,0,0,0
5367,GAGTCAGACCAGGAGAAGAAGAG,0,0,0.084541063,0.372849549,0.363865223,530,205.1549151,0.008695652,-0.02173913,0,0,0,0
5368,TGAATGAATGAATGAGGAGGAGG,0,0,0.070588235,0,0.271673476,552.5,175.1914389,0.213043478,0.130434783,0,0,1,0
5369,AGTGTGTGTGTGTGTGCATGCGA,0,0,0.009440559,0,0.189613667,552.5,188.5285664,0,0.152173913,0,0,0,0
5370,CCCTATGTCACTGGTTAGATGAG,0,0,0.035950617,0.142843894,0.142843894,455,177.7268109,0.160869565,0.326086957,0,0,0,0
5371,GGCACTGAGGCCTGATGTGGTAG,0,0,0,0,0.044701169,357.5,181.5963362,0,-0.326086957,0,0,0,0
5372,TACTTGATTTACTTGTTCTCCAG,0,0,0.044773392,0.275687211,0.266829791,425,202.870635,0.030434783,-0.239130435,0,0,0,0
5373,GGCATCCATTCTGCAGCCCGTGG,0,0,0.003121248,0,0.127597274,485,153.0112498,0.008695652,0.065217391,0,0,0,0
5374,GGTGTGTGTGTGTGTGAGGGGGG,0,0,0.025454545,0,0.111383028,485,162.2177886,0,-0.934782609,0,0,0,1
5375,CAGTCAGAGGAGAAAAAGAAAGG,0,0,0.242763772,0,0.224468976,522.5,198.215258,0,-0.130434783,0,0,0,0
5376,TGTGTGTGTGTGTGTGGGTGTGA,0,0,0.000891266,0,0.372455417,552.5,192.9657886,0.026086957,0.239130435,0,0,0,0
5377,GGGAGGGAGGGAAGAGGAGTAGG,0,0,0.275478261,0.322857199,0.322857199,425,202.1822758,0.017391304,0.239130435,0,0,0,0
5378,CCTCCCTCCCCTCTATTCAGAGG,0,0,0.003832845,0.106484582,0.104591523,485,158.9086378,0,0,0,0,0,0
5379,GGTGCCAAGCAGAAGAAGAAAAG,0,0,0.064814815,0.905329387,0.878799588,622.5,215.1752192,0,0.130434783,0,0,0,0
5380,TGGATGAAGGAGGGAGGAGTGAG,0,0,0.048845947,0,0.330772786,432.5,200.8013982,0.043478261,2.02173913,0,0,0,0
5381,TGTGTGTGTGTGTGTGGGTGTGG,0,0,0.012834225,0,0.372455417,552.5,192.9657886,0,0.369565217,0,0,0,0
5382,CTCCTCCATACAGAGACAGAGGG,0,0,0.034759358,0,0.45934875,552.5,182.3466636,0.47826087,0.934782609,0,0,0,0
5383,GACATGATTTCATGGTGCTCAGA,0,0,0,0,0.058894431,455,183.3179235,0,-0.108695652,0,0,0,0
5384,TGTGTGTGCTTGTGTGCGTGTGA,0,0,0.011724387,0,0.805112123,620,208.9601632,0,-0.152173913,0,0,0,0
5385,TGGATAGAGAAATGAGGATGAGG,0,0,0.109803921,0,0.110019113,485,144.5366797,0,-0.065217391,0,0,0,0
5386,AGAGGAGAAGAGGAGGCAGAGGA,0,0,0.003134645,0,0.245385,455,179.6222996,0.086956522,-0.5,0,0,0,0
5387,TGTAGTGGGGCTGGAGGTGGGGG,0,0,0.265178571,0,1.345833333,620,214.283863,0.77826087,1.369565217,0,0,0,0
5388,CACATACATCAAGAGACAGAGAG,0,0,0.016414141,0,0.167467781,455,180.1959324,0.026086957,0.652173913,0,0,0,0
5389,GTTGCCAGACAGGGCACTAAGGA,0,0,0.007193095,0,0.416345417,552.5,192.7308912,0,0,0,0,0,0
5390,GGTTTATTCTCATTGTTCTCTAG,0,0,0.131623931,0.505237118,0.497494021,620,212.6862356,0.960869565,4.760869565,0,0,0,0
5391,GCCTCCCGATATCCTGGCCCAGG,0,0,0.04958277,0.284032028,0.284032028,455,166.2547462,0,-0.130434783,0,0,0,0
5392,TATGACCACTGCATTCTCATCAG,0,0,0.006740741,0,0.103738294,357.5,161.6252948,0,-0.173913043,0,0,0,0
5393,CCCTTCATGCCAGAGACACACGG,0,0,0.126623377,0.561010401,0.544570536,622.5,208.8836219,0.008695652,0.086956522,0,0,0,1
5394,TGTGTGTGAGTGTGTGTGCGTGG,0,0,0.046812957,0,0.202836708,485,166.177569,0.004347826,0.130434783,0,0,0,0
5395,GCTGCCCCAGAGGCTGGCCAGGG,0,0,0.032552083,0.511018119,0.502808992,522.5,203.307343,0,-0.152173913,0,0,0,0
5396,GACACCCACGCAGGGTCTTTGGA,0,0,0.008986928,0,0.034250305,455,180.2317431,0,-0.347826087,0,0,1,0
5397,GAAGCCCTCCACCCCCCCCCGGA,0,0,0,0,0.08458401,485,169.7619742,0.739130435,0.282608696,0,0,0,0
5398,GGCCCAGACTGAGCTCAGCAAGG,0,0,0.02789272,0.008436547,0.008312935,345,127.8355341,0.017391304,-0.260869565,0,0,0,0
5399,GGGTGGGTGGTGAGTGCTCCGGA,0,0,0,0,0.043682208,327.5,188.7315941,0,-0.413043478,0,0,0,0
5400,GAGCCACTACACCCGGCCTCTAG,0,0,0.00515873,0,0.146830007,522.5,198.7192141,0,-0.108695652,0,0,0,0
5401,GGGAAAGACTCAGCATTTGCTGA,0,0,0.001782531,0,0.041463696,417.5,130.6612193,0.039130435,0.173913043,0,0,0,0
5402,GGGTCGGGGGAGATAGATCCCAG,0,0,0.038101664,0.060022353,0.060022353,357.5,173.2192268,0.713043478,-0.652173913,0,0,0,0
5403,AAAGAGGCAGAAGAGGCACACAG,0,0,0.042989418,0.801231413,0.789491758,622.5,212.152279,0,-0.52173913,0,0,0,0
5404,GGTGAGTGAATGTGAAGGTGTAG,0,0,0.008240645,0,0.022309918,412.5,161.726705,0,0.260869565,0,0,0,0
5405,GAGACAGAGCACAAGAAAAAGAG,0,0,0.042016807,0.090760303,0.087696665,455,183.4009823,0,0.02173913,0,0,0,0
5406,GGCACATGGGCTGGGGGTGGGGG,0,0,0.206938775,0,0.158440571,525,197.7239967,0,-0.434782609,0,0,1,0
5407,GCCTCCTTCCACCCCACGTTTGA,0,0,0.00166135,0,0.048671649,357.5,178.0444986,0.104347826,0.065217391,1,0,1,0
5408,GCCTCCCCTATGCCTGGTCTTAG,0,0,0.018461538,0,0.039653529,387.5,146.4492027,0,-0.260869565,0,0,0,0
5409,GGCAGTGCGGCAGGCGGAGGAGG,0,0,0.087272727,0,0.038847448,357.5,170.5652247,0.1,-0.543478261,1,0,1,0
5410,GGCATCGAGGCTGGAGGAGGGGG,0,0,0.250688705,0,0.178245253,552.5,187.6025458,0,0.369565217,0,0,0,0
5411,GGTGTGTTAGTGTGTGAGAGAGA,0,0,0.002104377,0,0.182296282,485,163.077752,0,-0.260869565,0,0,0,0
5412,GAGTATGAGGAGAAAAAGAAAGA,0,0,0.013486876,0,0.213651194,522.5,196.926938,0.443478261,2.108695652,0,0,0,0
5413,CCCATCCAACCACAGATCCAGGG,0,0,0.034753551,0.025528453,0.025528453,387.5,159.3314548,0,-0.304347826,0,0,0,0
5414,GGGTTGGGAGAGTTTACGCCAGG,0,0,0.064285714,0.031493772,0.030962232,485,171.2401405,0.060869565,0.217391304,0,0,0,0
5415,CTCGCCCCTCAGGGCAGTAGTGG,0,0,0.196638656,0.869431632,0.841830628,560,178.7746197,0,-0.065217391,0,0,0,0
5416,GCCCCCCTCCCCGCCACCTCTGG,0,0,0.042857143,0,0.055531438,357.5,185.9421699,0.673913043,0.130434783,0,0,0,0
5417,AACTCCAGTGTTTAGAGAGGTGA,0,0,0.002816053,0,0.080449006,357.5,178.9568826,0,-0.369565217,0,0,0,0
5418,AACAGGAGTGAGGAGAGTGGGGG,0,0,0.050310559,0.070165135,0.068980913,455,181.2030422,0.447826087,0.326086957,0,0,1,0
5419,AAATGGGGAGAGGAGGCAAAAGG,0,0,0.162131519,0,0.140941068,455,175.8500987,0,-0.326086957,0,0,0,0
5420,GATTTTTTTTCATTCTTTTCTGA,0,0,0.005580357,0,0.049613002,455,177.2556611,0,-0.608695652,0,0,0,0
5421,GGACTCCTTTCTCCAGCACTAGG,0,0,0.039009288,0.260141488,0.25551675,455,168.5896626,0.234782609,0.608695652,0,0,0,0
5422,TGTGTGAGAGTGTGTGTGTGTAG,0,0,0.038496072,0,0.416345417,552.5,194.5423881,0.02173913,0.195652174,0,0,0,0
5423,GGGTGCGGGGACTTTGGTGCTGG,0,0,0.002654137,0.055193853,0.054262311,387.5,157.9638045,0,0.195652174,0,0,0,1
5424,GCCTCTCCAAAACCTGACAAAGA,0,0,0.024074074,0,0.054262311,387.5,157.9638045,0.62173913,-0.195652174,0,0,0,0
5425,CCTGCCTCTCCTCTGGTCACTGA,0,0,0.002430556,0,0.035406129,455,178.7530358,0,0.282608696,0,0,0,0
5426,TGGATGGAGGGATGAGTGGATGG,0,0,0.0365625,0,0.024986266,320,129.422872,0,0.239130435,0,0,0,0
5427,TCCTCCCCAACCCCTGCCCATGG,0,0,0.04982699,0.169465546,0.166452825,357.5,184.2677048,0,-0.391304348,0,0,0,0
5428,CACTGGTTTTCATGGGTCTCCAG,0,0,0,0,0.040577667,455,188.9840695,NA,NA,0,0,0,0
5429,TAATTGTTTTCATTGTTCTCTAG,0,0,0.224691358,0,5.383333333,635,221.072,0,-0.173913043,0,0,0,0
5430,GGAATGCAGGAATGGGGAGTGAG,0,0,0.083114432,0.280770712,0.27129322,522.5,202.0817976,0,-0.239130435,0,0,0,0
5431,GAGTAGGAGCAGATGAAGAGAGG,0,0,0.11652661,0,0.059518236,455,167.3489114,0,1.5,0,0,0,0
5432,GCTGACTCCACTCTACACACCAG,0,0,0.06733226,0,0.56142625,552.5,191.9338325,0,-0.260869565,0,0,1,0
5433,GGTGAATGGGTCTGTGCCTGCAG,0,0,0.043572985,0,0.053582662,455,180.3148019,0.991304348,-0.195652174,0,0,0,0
5434,GGAGATTTAGTGTGTGCGTCCAG,0,0,0.033068783,0.408379077,0.393858933,552.5,176.6485991,0,-0.260869565,0,0,0,0
5435,GGGTGGGGTGGGAGTGCTCCAGG,0,0,0,0,0.02551665,327.5,187.8716308,0,-0.130434783,0,0,0,0
5436,GGTGTGTGTGTGTGTGAGAGTGA,0,0,0.002020202,0,0.111383028,485,162.2177886,0.626086957,0.826086957,0,0,0,0
5437,AAATGAGAAGGAAAGGAAGAAGG,0,0,0.035,0,0.035554092,290,151.7364848,0.034782609,0.130434783,0,0,0,0
5438,AAGAGAGAAAAAGAGGCTCACAG,0,0,0.035208047,0.281815562,0.281815562,552.5,187.3833303,0,0.043478261,0,0,0,0
5439,TGTGTGAGAGTGTGTGTGTGAGA,0,0,0.010311448,0,0.416345417,552.5,194.5423881,0.047826087,0.760869565,0,0,1,0
5440,AAAGAAAACTACAGCCTCAAAGA,0,0,0,0,0.086854993,522.5,202.8636506,0,-0.086956522,0,0,0,0
5441,TGCATGGTGAACTGAGGAGTGAG,0,0,0.010496326,0.639230037,0.639230037,522.5,202.8643462,0.22173913,-0.086956522,0,0,0,0
5442,CCCTGTGTCTTTTCATGGCTTGA,0,0,0.000568397,0,0.013759896,260,161.0834112,0,-0.086956522,0,0,0,0
5443,TGGGACCAGGAATGAGGAGTGGG,0,0,0.146484375,0.539222871,0.539222871,625,212.8689152,0,0.108695652,0,0,0,0
5444,GGTGAGTGTGTGTGGGCAGGTGG,0,0,0.005192308,0,0.014464324,387.5,144.8618649,0,-0.239130435,0,1,0,0
5445,CACATGCACACAGAGACACACAG,0,0,0.075420875,0,0.464697762,620,208.2224992,0,-0.108695652,0,0,0,0
5446,AATGACCACAACTTCTTCAGTAG,0,0,0.015686274,0.037172681,0.03657553,387.5,150.2829172,0,0.173913043,0,0,0,0
5447,TGAAAGGGGGAAGGAGGAGTCAG,0,0,0.018599034,0.554851378,0.545938102,522.5,204.7845425,0,0.043478261,0,0,0,0
5448,GCCCCCCTCCACCCCCCGCCAAG,0,0,0,0,0.01681386,417.5,145.5002409,0.865217391,2.456521739,0,0,0,0
5449,TGAACTGAGGCTGGAGGTGACAG,0,0,0.136921296,0,0.687682923,552.5,178.4345831,0,-0.086956522,1,0,0,0
5450,ACCATGCATTCATAGACACAGGA,0,0,0.009803922,0,0.324139902,522.5,202.922959,0.12173913,0.02173913,0,0,0,0
5451,CTCACACATTCAGAGACACAAAG,0,0,0.205981382,0,0.760552802,620,210.8939596,0,-0.108695652,0,0,0,0
5452,GAGGAAGAGAAGAAGAAGAAAGA,0,0,0.019959373,0,0.760552802,622.5,210.2603596,0,-0.565217391,0,0,0,0
5453,CACTGTGTGTCTGGAGGGTTTGG,0,0,0.083916084,0.054346972,0.052414635,485,166.9637938,0,0,0,0,0,0
5454,TGGAAGGAGGAGGGAGGAGGGAG,0,0,0.004309937,0,0.125714241,357.5,163.5586591,0.030434783,-0.891304348,0,0,1,0
5455,AAATGAGAAAAGAAGGCTCAGAG,0,0,0.080658436,0,0.046914397,357.5,171.5695093,0,-0.086956522,0,0,0,0
5456,GGTGAGTGGGTGAGGGAGTGAGA,0,0,0.000747863,0,0.033301367,357.5,170.5477665,0,0.043478261,0,0,0,0
5457,CACATTCACACAGAGACACACAG,0,0,0.14006734,0,0.464697762,620,208.2224992,0.004347826,-0.108695652,0,0,0,0
5458,GGCACTGCAGCTGATAGTGGTGA,0,0,0.006696429,0,0.005728027,392.5,172.1055875,0,-0.913043478,0,0,0,0
5459,AATGAACACCACATCCTGAAAGA,0,0,0.004585538,0,0.324731052,560,188.1989463,0.008695652,0.195652174,0,0,0,0
5460,GGCATTGCGGGGGTAGGTGGTGA,0,0,0.001473064,0,0.058210306,327.5,192.3263112,0.013043478,-0.413043478,0,0,0,0
5461,CCCACTTTCCCACCCATCTTAAG,0,0,0.041152263,1.290123457,1.290123457,560,198.5402889,0,-0.043478261,0,0,0,0
5462,TTCACTGAGGCTGCAGGTGGCAG,0,0,0.045959596,0,0.223971519,522.5,204.2209984,0,0,0,0,0,0
5463,ACTTTTGTCTCTGGAGGGATCAG,0,0,0.018509615,0.268520667,0.268520667,552.5,200.0952541,0,-0.043478261,0,0,0,0
5464,TGGGAGTGAGTGTGTGAGTGGGA,0,0,0.016203704,0,1.272061728,560,198.8858889,0.165217391,0.02173913,0,0,0,0
5465,AAATGAGAAGAAGAATCAATAGG,0,0,0,0,0.007901364,320,119.8189527,0,-0.173913043,0,0,0,0
5466,AACACTGAAGCAGAGATTTGTGG,0,0,0.13407181,0,0.072576354,485,162.9879902,0.2,0.456521739,0,0,0,0
5467,GACGTGTTTACAGTGTTCTCTGA,0,0,0.009704969,0,0.952477215,530,205.035343,0.213043478,0.391304348,0,0,0,0
5468,ATGGGCTCACAGGGCAGTAATGG,0,0,0.24375,0,0.919204167,620,215.0004992,0.043478261,0.108695652,0,0,0,0
5469,AGATGATGTGAAGAGGCACAGGG,0,0,0.201142857,0,0.569608261,622.5,209.5172219,0,0.152173913,0,0,0,0
5470,CACTGTGTGTTTGTATGGATTGG,0,0,0.036940837,0.075949862,0.075949862,425,197.1309513,0,0,0,0,0,0
5471,TGTGCTTGAGTGTGTGTGTGTGA,0,0,0.010802469,0,0.368797917,552.5,195.1395849,0.013043478,-0.347826087,0,0,0,0
5472,CACTTATTTGCATTGTTATCTAG,0,0,0.04985755,0.17929419,0.172919285,552.5,186.9989463,0,-0.195652174,0,0,0,0
5473,GATTTCTTTTCATTCTTGTCAAG,0,0,0.004419192,0.049613002,0.049613002,455,177.2556611,0,-0.043478261,0,0,0,0
5474,CTGAACACAAGTGAGAAGAGAGA,0,0,0.046382189,0,0.331135655,560,199.1517938,0,-0.217391304,0,0,0,0
5475,ATGGTCACCTTTGAGTAGAGAGG,0,0,0.077128754,0.708556299,0.697697198,522.5,205.8162599,0,-0.347826087,0,0,0,0
5476,GACTACCCCAAGCCTGGGCACAG,0,0,0.008209075,0,0.189613667,552.5,188.2885664,0,0.282608696,0,0,0,0
5477,GCCCCAGACTGATCATCTGATGA,0,0,0.001044205,0,0.040576305,387.5,171.1861425,0.247826087,0.52173913,0,0,0,0
5478,AAAGGAGAGGAAAAGGCACCGGA,0,0,0.006070319,0,0.156120734,455,167.7296992,0.07826087,-0.173913043,0,0,0,0
5479,AAATGAAAAGAAAGGGCACTAGA,0,0,0.017948718,0,0.024686557,357.5,158.5407141,0,0.043478261,0,0,0,0
5480,GACTTTTTTTCATTTGTTTCAAG,0,0,0.005494505,0,0.008216393,387.5,160.4952353,0,0.130434783,0,0,0,0
5481,GCCTCCTCACGCCCTGGCCAGGG,0,0,0.093198529,0.230912487,0.224145821,460,197.8788986,0,-0.195652174,0,0,1,0
5482,GGTGTGTGGTTGTGTGTGTGAGG,0,0,0.091919192,0,0.325662758,552.5,187.9740522,0.073913043,0.02173913,0,0,0,0
5483,GACCCCTCAAAGCCTGGCCAGAG,0,0,0.09912854,1.696339869,1.65734355,627.5,216.9032192,0,-0.326086957,0,0,0,0
5484,GGCTGGTTTTCATTGCTCTTAGA,0,0,0.007111111,0,0.119960915,485,163.2456542,0.004347826,0,0,0,0,0
5485,GGTGACTGCATGTGTGGGTGCAG,0,0,0.005545653,0,0.187530741,552.5,187.4763882,0.030434783,-0.108695652,0,0,0,0
5486,GTCATCTCAGGCCTTACCTGTAG,0,0,0.021832359,0,0.521189655,432.5,201.5707788,0,-0.108695652,0,0,0,0
5487,GGCACTTGGGCTTGAGATGGCAG,0,0,0.026666667,0,0.145595491,455,183.2315706,0,-0.130434783,0,0,0,0
5488,CCCATTCCTACAGACACACACAG,0,0,0.024386724,0.213651194,0.213651194,522.5,195.115441,0.004347826,-0.304347826,0,0,0,0
5489,CTCCTCCCTCCAGAGAAACACAG,0,0,0.016636958,0.609583333,0.609583333,552.5,194.000472,0.026086957,NA,0,0,0,0
5490,AATGACCACATCCTCCTGAACAG,0,0,0.001919328,0.054595142,0.052921728,357.5,173.0555261,0.008695652,0.108695652,0,0,0,0
5491,TGAAAGGAAGAATGAGGTGTAAG,0,0,0.03125,0.186959075,0.186959075,552.5,188.0005664,0,0.282608696,0,0,0,0
5492,ATAAACACCTATGAGTAAAGTGA,0,0,0.031815611,0,0.156407637,455,182.0268466,0.004347826,0.02173913,0,0,0,0
5493,CTTTGAGAGGAAGAGGCACACGG,0,0,0.293353705,0.848305879,0.822304167,622.5,214.4722196,0.77826087,3.130434783,0,0,0,0
5494,AAATGAGAAGAGGGTGCACCAGG,0,0,0.010942761,0,0.01118244,260,148.5000934,0.8,1.152173913,0,0,0,0
5495,GGTGTGAGTGTGTGTGTGTGTGG,0,0,0.089090909,0.241506693,0.241506693,552.5,190.5826078,0.013043478,-0.173913043,0,0,0,0
5496,GGTGTGAGTGTGTGTGTGTGTGA,0,0,0.006186869,0,0.241506693,552.5,190.5826078,0,-0.065217391,0,0,0,0
5497,TGTGAGAGAGTGAGTGTGTGTGA,0,0,0.01963141,0,0.161125676,455,186.3313876,0,0.934782609,0,0,0,0
5498,ACCATCCCTCCTGCAGCACCAGG,1,0.015675947,0.142417582,0,1.299248042,622.5,213.4402636,0.408695652,0.608695652,0,0,0,0
5499,TGTGTGTGTGTGTGTGCGTAAGA,0,0,0.014204545,0,0.426140229,552.5,176.8142997,0,-0.086956522,0,0,0,0
5500,AAAAGAGAGGGAGAGGCAGAGAG,0,0,0.006687243,0,0.169128619,455,177.388536,1,0.02173913,0,0,0,0
5501,TGAATGGAGGAATGAGCAAATGA,0,0,0.004923845,0,0.078950813,417.5,129.8002891,0.391304348,0.869565217,0,0,0,0
5502,CCAGGGAGGACAGCGGATGCAAG,0,0,0.029347443,0.101622346,0.099907201,455,182.2984827,0.208695652,0.413043478,0,0,0,0
5503,CTTGCCCCTCAGCTCTGTAACAG,0,0,0,0.008400181,0.008271443,357.5,176.8132886,0.230434783,0.52173913,0,0,0,0
5504,AATGAGTGTGTGTGTGTGTGTGG,0,0,0.213230769,0,0.372455417,552.5,194.0141086,0.026086957,-0.173913043,0,0,0,0
5505,AATGAGTGTGTGTGTGTGTGTGA,0,0,0.014807692,0,0.372455417,552.5,194.0141086,0.043478261,-0.02173913,0,0,0,0
5506,GACATGTTTCCATTTTTCTTTGG,0,0,0.010884354,0,0.162968187,455,161.9900421,0.443478261,-0.326086957,0,0,0,0
5507,CCAGCAAGTAGAGCTGAGACCAG,0,0,0.026455026,0,0.076772777,455,171.1706745,0,-0.434782609,0,0,0,0
5508,CTCTGTGTCTCTGTATGTCTAGG,0,0,0.033437827,0,0.014565495,387.5,151.1494821,0,0.434782609,0,0,0,0
5509,GCCTTTCTCCCTCCCACCTGGGA,0,0,0.001787173,0,0.221867769,455,170.6747988,0.204347826,-0.086956522,0,0,0,0
5510,CCCTTCCACCCAGTGGCACAGGA,0,0,0.00418385,0,0.023537615,455,185.4390091,0,0.086956522,0,0,0,0
5511,AGACCCTAAGCATAGACTGCAGA,0,0,0.0109375,0,0.932255747,620,215.2884992,0.069565217,-0.195652174,0,0,0,0
5512,TGCCCTGCGGCTGGAAGGGGAAG,0,0,0.030501089,0,0.053377333,485,175.6146408,0,-0.217391304,0,0,0,0
5513,GGCAGGCAGGCTGGAGGTGGGGG,0,0,0.153214286,0,0.539222871,625,210.6426982,0,-0.652173913,0,0,1,0
5514,GGCACTGAGACTGGGGGTGGGGG,0,0,0.394333333,0,0.627808835,530,198.101425,0,-0.239130435,0,0,0,0
5515,GGGACTGCGGCAGGAGGGGCCAG,0,0,0.014814815,0,0.062777859,387.5,148.3949663,0.173913043,-0.043478261,0,0,0,0
5516,GGTGTGTGAGAGTGCGTGTGGGG,0,0,0.034710744,0,0.086078568,357.5,176.4884637,0,-0.173913043,0,0,0,0
5517,GACTTGTTTACAATTTTGTCTGA,0,0,0.000784929,0,0.025554997,357.5,165.0785882,0.12173913,0.065217391,0,0,0,0
5518,GGTGAGTGTTTGGGTGTGTGCGG,0,0,0.059347826,0,0.114442385,455,179.7630516,0,-0.456521739,0,0,0,0
5519,GGATTCCCTTCTGGAGCCTCTGA,0,0,0,0,0.014565495,387.5,150.5158821,0,-0.608695652,0,0,0,0
5520,TGGATTGAGGCACGAGGAGGTGG,0,0,0.037151703,0,0.081452029,357.5,164.5470118,0,-0.130434783,0,0,0,0
5521,TCCATCCATCCACAGACTCAAAG,0,0,0.054580897,0.262511475,0.254177778,462.5,185.4773462,0.043478261,0.02173913,0,0,0,0
5522,TGGAGTGCGGAATGATGAGTAGG,0,0,0,0.153823133,0.148881024,552.5,195.7374532,0,2.891304348,0,0,0,0
5523,CCACTGAGTTGAGGGAAGGCAAG,0,0,0,0.035479776,0.035479776,455,184.407053,0,0.086956522,0,0,0,0
5524,TGGATGGGGGGCTGGGGAGTAGA,0,0,0.005662159,0,0.099886603,327.5,187.9469773,0,-0.934782609,0,0,0,0
5525,CCCATCTAAGCAGAGACACTAAG,0,0,0.045640432,0,0.240915158,552.5,170.7277025,0.165217391,-0.130434783,0,0,0,0
5526,CGGGTGGAGGAAGGAGGAGGAAG,0,0,0.006393862,0.275077841,0.26991206,455,171.6894795,0.069565217,0.304347826,0,0,0,0
5527,AACACCAGTAAATGGAGCAGGAG,0,0,0.075281207,0.030428257,0.030428257,357.5,164.1049785,0,0.108695652,0,1,0,0
5528,AAATGAGAGAAAGAGCCACATGG,0,0,0,0.252264048,0.246185396,560,194.1600573,0.082608696,-0.543478261,0,0,0,0
5529,AGATGAGAAGACCAGTCACAGAG,0,0,0,0,0.04922787,357.5,184.4561531,NA,NA,0,0,0,0
5530,GGCAAAGCTGCTGGAGGCGGAGA,0,0,0.007860922,0,0.10890785,552.5,186.7425824,0.013043478,0.173913043,0,0,0,0
5531,AAATGAGAAGAAAAAGAAAACAG,0,0,0.045047763,0,0.017168463,290,143.7595469,0,0.152173913,0,0,0,0
5532,GCCTCCTTCCCACTCCCCCTCAG,0,0,0,0.007467575,0.00734154,387.5,157.7384055,0,-0.108695652,0,0,0,0
5533,GGTGTGTATGTGTGTGTGTGAGA,0,0,0.007070707,0,0.353596915,552.5,189.8659716,0,-0.456521739,0,0,0,0
5534,TGGATGGATGAATGAATAATGGG,0,0,0.095238095,0,0.018234609,417.5,146.2176828,0.195652174,-0.152173913,0,0,0,0
5535,TGGATGGATGAATGAATAATGGA,0,0,0.006613757,0,0.018234609,417.5,146.2176828,0,0.065217391,0,0,0,0
5536,AAATGGGGAGAAGAGGAAGAAGA,0,0,0.002121914,0,0.11028925,485,162.580088,0,-0.086956522,0,0,0,0
5537,ATGAACTCAAGTGAGTTTAGTAG,0,0,0.008641975,0.046549663,0.045054092,485,166.4475945,NA,-0.108695652,0,0,0,0
5538,CCCTCCTCCTTTCTACTCACCAG,0,0,0.01010101,0,0.687929438,522.5,206.5765799,0.013043478,0.239130435,0,0,0,0
5539,GGTGTGAGAGGGTGTGGGTGAGA,0,0,0.000519905,0,0.219371873,455,188.3123044,0.273913043,0.108695652,0,0,1,0
5540,CCCATCCTTCAAGATTCACATGA,0,0,0,0,0.034919707,357.5,178.3746519,0,0.108695652,0,0,0,0
5541,GAAGACAAACCAGAGACTGGGAG,0,0,0.000795681,0,0.235330927,455,166.6977431,0,-0.02173913,0,0,0,0
5542,TGCTTGGAGGAAAGAGGAATAGG,0,0,0.121032813,0.19375862,0.190314023,455,177.5510795,0.665217391,0.260869565,0,0,0,0
5543,CCTGTCTCCTTTGTACTCACCGA,0,0,0.001506543,0,0.270008816,425,197.1905393,0.356521739,-0.326086957,0,0,0,0
5544,AAATGAGAAGAAAATGCATGGGA,0,0,0.003232062,0,0.018595452,290,127.608058,0,-0.282608696,1,0,1,0
5545,GCCTCCCCCCACCCAGCCTCGGG,0,0,0.13968254,0,0.402848101,522.5,200.7795615,0,0.065217391,0,0,0,0
5546,AAATGAGAAGAGTAGGCATCAGA,0,0,0.001578283,0,0.034137919,290,134.0989792,0,-0.391304348,0,0,0,0
5547,CCCCGGGTCTGTGGATGGAGGGG,0,0,0.016312407,0.225708031,0.221695444,455,173.1727324,0,0.173913043,0,0,0,1
5548,GATTCTAAGCACAAGAAGAATGG,0,0,0.24579832,0,0.286796351,522.5,206.7867348,0,-0.434782609,0,0,0,0
5549,CCCAGCCATCCACTGACCCAGGA,0,0,0.001901049,0,0.016988688,357.5,171.3498415,0.204347826,0.434782609,0,0,0,0
5550,GGTGTGTACGTGTGTGTGTGAGA,0,0,0.006734007,0,0.353596915,552.5,189.8659716,0,-0.173913043,0,0,0,0
5551,GGTGGGTTAGTGTGTGTGTGAAG,0,0,0.054444444,0,1.144757433,560,195.025752,0,-0.195652174,0,0,0,0
5552,GGTGTGTGGGTGGGTGCCTGTAG,0,0,0.007807544,0,0.069665021,455,179.0292458,0.060869565,-0.326086957,0,0,0,0
5553,GGAATCCCTACTTCAGCATCAGG,0,0,0.118681319,0.307823318,0.300030323,462.5,175.1609431,0,-0.130434783,0,0,0,0
5554,TGGAATGAGGAAAGGGGAGTGGG,0,0,0.15,0,0.089775258,425,192.4193539,0.87826087,4.782608696,0,0,0,0
5555,AACAGAAGTGAGAAGAGCGAGGG,0,0,0.361607143,0.154587634,0.154587634,455,169.4887755,0,-0.02173913,0,0,0,0
5556,GAAACTGAGGCTGGAGGAGGTGA,0,0,0.022067901,0,0.305988667,552.5,189.9088498,0.013043478,-0.065217391,0,0,0,0
5557,GAATACAAAGGACAGACTGCAGA,0,0,0.010964912,0,0.573968354,432.5,203.7969958,0,-0.108695652,0,0,0,0
5558,GGGCCTGCGCCTGGGGGTGGCGG,0,0,0.045882353,0,0.365828778,522.5,198.599642,0.013043478,-0.086956522,0,0,0,0
5559,AATGAACACTTCATACTGAAAGG,0,0,0.008465608,0.026512199,0.026512199,357.5,171.5535774,0,0,0,0,0,0
5560,TGTGAGTGTGTGTATGAGTGTGA,0,0,0.014583333,0,0.055495857,455,182.6149239,0,-0.913043478,0,0,0,0
5561,GGCTGTGCGGCTGGGGGTGGGGA,0,0,0.017234848,0,0.75437037,530,204.0310584,0.969565217,0.304347826,0,0,0,0
5562,GGTGTGTGTGTTTGTGCATGCAG,0,0,0.015061861,0,0.088566384,455,180.8124659,0.008695652,-0.304347826,0,0,0,0
5563,CCTGCCCCACAGGGAGCTAACAG,0,0,0.002234512,0.028099353,0.028099353,412.5,166.4784415,0,2.391304348,0,0,0,0
5564,GACAAATAAGCAGAGTTTTGGAG,0,0,0.013872216,0,0.272825204,555,176.6049153,0.026086957,0.086956522,0,0,0,0
5565,GCCACTTTTCCACCCATGTTGGA,0,0,0.001800412,0,0.069304995,485,167.9571753,0.017391304,-0.043478261,0,0,0,0
5566,GGCCCTGGACCTGGAGGTGGGAG,0,0,0.01512605,0,0.768095474,622.5,206.2750663,0,0.02173913,0,0,0,0
5567,CTTTCCCCACCCTGCAGTAAAGA,0,0,0.001604278,0,0.151190526,362.5,194.8808953,0,-0.565217391,0,0,0,0
5568,AAATGAGAATATGAGGGAGAAGA,0,0,0.000138293,0,0.07862335,387.5,154.7580521,0.17826087,-0.065217391,0,0,0,0
5569,CAAGAGAGTAGAGCAGGGGCTGA,0,0,0.004194191,0,0.163368333,455,182.4785474,0,-0.239130435,0,0,0,0
5570,AATTATCACTAATTCCTCAAAAG,0,0,0.018759019,0,0.164811294,425,199.324995,0,-0.391304348,0,0,0,0
5571,TCTGAGTGAGTGTGGGTGTGAGG,0,0,0.016153846,0,0.163368333,455,183.7668674,0,0,0,0,0,0
5572,GAGCCAGAGCAGAAGAACCAAAG,0,0,0.015347135,0.059141775,0.059141775,485,160.3690828,0,-0.565217391,0,0,0,0
5573,GCCTCTTTCCCCTGCTCCTTTAG,0,0,0,0.006462393,0.006367706,295,173.0569685,0,-0.565217391,0,0,0,0
5574,AAAAGAGAAGGCCAGGCACAGGG,0,0,0.034296267,0,0.151190526,362.5,194.8808953,0,-0.217391304,0,0,0,0
5575,AGTGAGTGAATGAGTGAGTGAGG,0,0,0.271384615,0,0.217271959,455,183.722832,0.017391304,0.065217391,0,0,0,0
5576,GGGCTGGAGGAAAGAGGAGGTGA,0,0,0.002864219,0,0.26991206,455,171.6894795,0.339130435,0.086956522,0,0,0,0
5577,AGTGAGTGAATGAGTGAGTGAGA,0,0,0.018846154,0,0.217271959,455,183.722832,0.2,-0.065217391,0,0,0,0
5578,GGCTGCCTCCACACCGCCTCCAG,0,0,0.038290598,0,0.553689759,522.5,207.2987595,0,-0.043478261,0,0,0,1
5579,ATATCATAAGAAGAGGAACATGA,0,0,0.010582011,0,0.416345417,552.5,194.3023881,0,-0.47826087,0,0,0,0
5580,GGACACAAAGGAGAGACTTCCAG,0,0,0.009017713,0.111073291,0.107124019,357.5,172.4825958,0,-0.5,0,0,0,0
5581,CACATGTTTACATTGTTCTAGGA,0,0,0.010123097,0,0.642348856,552.5,176.1970637,0,-0.5,0,0,0,0
5582,GGAATGCCTTTTGATGCACCCAG,0,0,0.002792023,0.019183372,0.019183372,327.5,185.3377261,0,0.326086957,0,0,0,0
5583,AAATGTGAAAAAGCAGCACACAG,0,0,0.034858388,0,0.031834028,425,186.5760734,0,-0.347826087,1,0,0,0
5584,GGTGTGTGGATGTGTGGGTGTGG,0,0,0.013309566,0,0.325662758,552.5,187.9740522,0,0.369565217,0,0,0,0
5585,AGGGACAGCAGCGAGTAGAGAGA,0,0,0.022203947,0,0.703915663,522.5,207.2704826,0,-0.173913043,0,0,0,0
5586,GGGTGGGGGAAGCTTGTGCCTGA,0,0,0.007959714,0,0.036711469,387.5,158.2994987,0.865217391,0.130434783,0,0,1,0
5587,GACTTCCCTGTTCTCCCCATTAG,0,0,0.026175214,0,0.458669828,522.5,205.1273018,0,-0.152173913,0,0,0,0
5588,ACCTCCCCCAAACCTGGCCAGGA,0,0,0.033333333,0,0.846167111,530,208.7241192,0,-0.130434783,0,0,0,0
5589,GGAGAGAAAGTGTGAGCGTGTGA,0,0,0.025127924,0,0.27129322,522.5,198.9819807,0.060869565,-0.065217391,0,0,0,0
5590,AAGTGAGAAGAAAAGGATCAAAG,0,0,0.034124723,0,0.045590781,387.5,162.7632351,0,-0.304347826,0,0,0,0
5591,GGCCAAGGCTGAGCACCTGCAGG,0,0,0.022408964,0.25419625,0.25419625,485,156.688152,0,-0.304347826,0,0,0,0
5592,TGTGTGTGCGTGTGTGTGTGCAG,0,0,0.025140292,0.379196691,0.372455417,552.5,192.9657886,0,-0.260869565,0,0,0,0
5593,TGTAAGCAAGTGTGTGCGTGTGA,0,0,0.04296875,0,0.932255747,620,212.8434022,0,-0.02173913,0,0,1,0
5594,AAAGGAGAAGCAGAGGGAGATGA,0,0,0.000127655,0,0.106570406,387.5,160.3622053,1,7.304347826,0,0,0,0
5595,GGTGTGTGAGGGTGTGTGTTAGG,0,0,0.047515152,0,0.141078919,387.5,153.5578853,0.017391304,0.413043478,0,0,0,0
5596,TGGAGGGAGGAAGGAGGAAGGGG,0,0,0.02104494,0,0.080487776,387.5,140.5267596,0.017391304,0.043478261,0,0,1,0
5597,GCCTCCTCACAGCCTGGGCCAGG,0,0,0.008207071,0,0.077282113,485,149.2641496,0.595652174,2.586956522,0,0,0,0
5598,GGGTTGGAGGAGTTGCCTCCTAG,0,0,0,0.068139834,0.065950602,455,183.3164156,0.02173913,-0.02173913,0,0,0,0
5599,GGGATGGAGGTAGTAGGAGTTAG,0,0,0.005308085,0,0.048105723,327.5,191.8314111,0,-0.108695652,0,1,0,0
5600,AAAAGAAAAGAAGTGGCCCAAAG,0,0,0.012541642,0,0.029982619,455,178.8807013,0,-0.173913043,0,0,0,0
5601,CCTGTGTCCTCTCTCCTCACTGA,0,0,0.004896264,0,0.213651194,522.5,196.926938,0.369565217,0.369565217,0,0,0,0
5602,CTCTCCCCAAAGCCTGGGAAGAG,0,0,0.00962001,0.103262324,0.103262324,485,162.7886668,0,-0.217391304,0,0,1,0
5603,GATATCCATGTCCTCACCCTGGA,0,0,0.006791038,0,0.057770879,485,168.2523934,0,0.108695652,0,0,0,0
5604,TGTGAGAGAGTGTGTGTGTTAGA,0,0,0.019849537,0,0.183397224,485,158.6931082,0,0.065217391,0,0,0,0
5605,TGTGCGTGTGTGTGTGCGTGCGA,0,0,0.020833333,0,1.632770745,627.5,215.1518996,0,0.130434783,0,0,0,0
5606,GGTGTGTGTGTGTGTTCGTGTAG,0,0,0,0.303919026,0.295814519,560,197.8634738,0,-0.717391304,0,0,0,0
5607,GGACTCTCCTCTGCAGAACCAGA,0,0,0.008578431,0,0.241506693,552.5,190.9973278,0,0.413043478,0,0,0,0
5608,GACACCCTCCAGCCCGCGGCCAG,0,0,0.003234423,0,0.04809546,387.5,154.4389663,0,-0.369565217,0,0,0,0
5609,GCCTCTTTCTCACCCAAGGTGGA,0,0,0.001016703,0,0.031321497,442.5,137.0508193,0,-0.086956522,0,0,1,0
5610,GACCCCGCGCACCCCGCCCCTGG,0,0,0.08036318,0,0.197596385,555,179.009222,0.017391304,-0.369565217,1,0,1,0
5611,AGTGAAGGAGTGTGTGTGTGGGA,0,0,0.017156863,0,0.251888977,552.5,194.0447241,0,0.260869565,0,0,0,0
5612,CCATTGAGTGGAGCGGTGGGGAG,0,0,0.000410789,0.238352117,0.234114746,485,155.2109526,0,-0.347826087,0,0,0,0
5613,TGGGAGGAGGAGTGAGGAATGGG,0,0,0.161210317,0.245385,0.245385,455,178.5739796,0.008695652,-0.282608696,0,0,0,0
5614,GCCTCTCCAGGGTCTGGCCAGGA,0,0,0.016300154,0,0.163355334,425,196.6928753,0,0.195652174,0,0,0,0
5615,TGTGAGTGTGTGTGAGTGTGAGA,0,0,0.01125731,0,0.099818052,455,180.047087,0,-0.586956522,0,0,1,0
5616,CCCATCCATGCAGAAATACTGGA,0,0,0.007116921,0,0.056695258,387.5,141.877531,0.595652174,0,0,0,0,0
5617,GAAGGAGAAGAAGAGGAAAAAGG,0,0,0.125,0.202836708,0.202836708,485,166.592289,0.013043478,-0.130434783,0,0,0,0
5618,TGGAAGGAGGGATGAGGTGACAG,0,0,0.023697917,0,0.071821995,387.5,149.1206631,0.108695652,0.413043478,0,0,0,0
5619,GACTCCTAAGCAGAGTTTTGAGA,0,0,0.004456328,0,0.954393122,560,180.0056193,0.956521739,0.543478261,0,0,0,0
5620,TGTGAGTCTGTGTGTGTGTGGGA,0,0,0.011965812,0,0.372455417,552.5,191.1542916,0.02173913,-0.086956522,0,0,0,0
5621,GGGTGGGATGGGTGTGCTCCCAG,0,0,0,0.068965967,0.068965967,425,194.2711343,0.043478261,-0.130434783,0,0,0,0
5622,TGAACTGCAGCTGGAGGTAGAGA,0,0,0.027636054,0,0.317397827,552.5,183.9642197,0,-0.195652174,0,0,0,0
5623,GCAGACAAAGCAAAGAATGCTGG,0,0,0.126923077,0.23590875,0.23590875,455,187.6009684,0.004347826,-0.695652174,0,0,0,0
5624,GGGAGGGAGGAAGGAGGAGAGGG,0,0,0.089829868,0,0.26991206,455,171.2747595,0,6.065217391,0,0,0,0
5625,AAATGAGCAGAAGAGTGAGAAGA,0,0,0,0,0.029843878,417.5,147.0776461,0,0.108695652,0,0,0,0
5626,TGGATGGAGCAATGAGAGGTCAG,0,0,0.038716049,0.185720751,0.185720751,492.5,168.9988192,0.017391304,0,0,0,0,0
5627,AAAGGAGAAGTAGAGGTCCAGAG,0,0,0.004431782,0,0.062952983,387.5,165.6868719,0,NA,0,0,0,0
5628,TGTGGGTGAGTGTGTGTGGGGGA,0,0,0.005833333,0,0.202836708,485,166.177569,0,-0.5,0,0,0,0
5629,CCAGTGGGTAGAGAGGGGCCAAG,0,0,0.005067017,0.018551746,0.018551746,387.5,153.4435236,0.8,0.065217391,0,0,0,0
5630,GGTGAGTGTGGGTGTGTGTGAGG,0,0,0.112,0,0.348882289,462.5,189.2240249,0,0.086956522,0,0,0,0
5631,TCTGGGTGAGTGTGTGGGTGTGG,0,0,0.029321267,0,0.609583333,552.5,196.6855689,0.047826087,-0.369565217,0,0,0,0
5632,GCCCCCCGCCACCGCCCCTCCGA,0,0,0,0,0.038523101,455,186.9325725,0,-0.5,0,0,0,0
5633,CCCTGTGTCCCTGAATACATTGA,0,0,0.012345679,0,0.01413439,387.5,156.1596346,0,0.086956522,0,0,0,0
5634,GGTGAGTGTGTGTGTGTGTGTGA,0,0,0.019444444,0,1.773597222,567.5,196.6541086,0.086956522,0.239130435,0,0,0,0
5635,GAGTTGTGTTCATTTTTCTGTGG,0,0,0.003081232,0,0.174469742,455,164.2275615,0.026086957,-0.282608696,0,0,0,0
5636,GGCAGTGCCAGTGGAGGTGGGGA,0,0,0.005235043,0,0.426292988,525,202.7300795,0,-0.260869565,0,0,0,0
5637,GGAATCCATTCTGAAGTACATAG,0,0,0.013762346,0.035957508,0.035957508,387.5,146.3372874,0.004347826,0.152173913,0,0,0,0
5638,CACTTGTATTTATTGGTCTCTGG,0,0,0.060862215,0,0.151145,455,192.5816734,0.017391304,-0.108695652,0,0,0,0
5639,GCCCCTCCCAAGCCTGCCCAGGG,0,0,0.080785255,0.217598685,0.213926133,552.5,191.5945246,0.156521739,-0.108695652,0,0,1,0
5640,TGGATGGAGGTGTGGGGAGTGAG,0,0,0.03744856,0.177576184,0.177576184,335,192.2467943,NA,0.065217391,0,0,0,0
5641,TACCACCTCCTCCCTGCCTCCGA,0,0,0.000814001,0,0.223580696,425,197.4745747,0.013043478,0.130434783,0,0,0,0
5642,GGTGGGGTAGTGTGTGCGGGAGG,0,0,0.066176471,0.334696097,0.323398339,552.5,181.6806823,0,-0.173913043,0,0,0,1
5643,GGTGGGTGGGTGTGTGTGAGAGG,0,0,0.064,0,0.111383028,485,162.2177886,0,-0.326086957,0,0,0,0
5644,GGTGAAGGTGTGTGTGCTTGCAG,0,0,0.061002179,0,0.074384061,552.5,185.6477216,0,-0.456521739,0,0,0,0
5645,CTTTGAGAAGAAGAGGCACGGGA,0,0,0.023367636,0,0.687682923,555,181.2944001,0,-0.304347826,0,0,0,0
5646,GATTAAAAGCAGAAGAAGAAAAG,0,0,0.068783069,0,0.531673751,622.5,213.2145152,0,-0.152173913,0,0,0,0
5647,ACCTCTGTCCCACCTTCCTTCAG,0,0,0,0.049848983,0.049848983,455,185.3213717,0,0.413043478,0,0,0,0
5648,TGTGAGTGTGTGGGTGTGTGAGA,0,0,0.005072464,0,0.144140246,455,184.754788,1,5.913043478,0,0,0,0
5649,GAGAACGAGAAGAAGATGAAAGA,0,0,0.002183589,0,0.532999604,552.5,191.0602325,0,-0.5,0,0,1,0
5650,AAATAATAATAAGAGGCTCAAGA,0,0,0.013971561,0,0.185328808,552.5,185.1134295,0,0.02173913,0,0,0,0
5651,AAATGAGGACAAAAGGCAGAGAG,0,0,0.008774929,0.165965944,0.160633704,455,170.8611261,0,-0.239130435,0,0,0,0
5652,CTCAGTGTCTCTGTATGGGTTAG,0,0,0.011223345,0.077053427,0.07431375,455,175.6992154,0,0.5,0,0,1,0
5653,AAATCAGAAAACGAGGCAGAGGA,0,0,0.001675195,0,0.214556568,455,174.4558432,0,-0.260869565,0,0,0,0
5654,GAATTCAAAGCATGGATTGCTAG,0,0,0.016424991,0,0.086229035,455,184.4127843,0,0.217391304,0,0,0,0
5655,AAATGAGGAGCTAAGGCACATGA,0,0,0.006267806,0,0.137899051,362.5,192.6546783,0,1.630434783,0,0,0,0
5656,CAGTATGAGCAAAAGAAGAAAGA,0,0,0.024565382,0,0.425868976,522.5,208.4095956,0.252173913,-0.065217391,0,0,0,0
5657,GAGCCACTTCACCCAGCCTCTGA,0,0,0.00626929,0,0.146830007,522.5,198.7192141,0,0.282608696,0,0,0,0
5658,AGTGAGTAAGTGAGTGCTTGTGA,0,0,0.028846154,0,0.120099,455,181.1775292,0,0.152173913,0,0,0,0
5659,GCCTCCCCGGAGCCTGGGCCAGG,0,0,0.011223345,0.06798777,0.065803424,485,147.68755,0.004347826,-0.065217391,0,0,0,0
5660,GCCACCCAGCCAGAGGCACAGGG,0,0,0.108695652,0.166395667,0.166395667,552.5,196.6634738,0,1.086956522,0,0,0,0
5661,GCCTCATACCCACCTCCCTTTGA,0,0,0,0,0.039900114,455,182.8187516,0.047826087,0.652173913,0,0,0,0
5662,GGTGTGTGCGTGTGTGCACGTGG,0,0,0.039684453,0,0.056704087,485,157.7805664,0.013043478,0.282608696,0,0,0,0
5663,GGCTCTGAGGCTGGTTGTGGAGG,0,0,0,0,0.069289873,455,183.7311356,0,-0.52173913,0,0,0,0
5664,ACTGTCTCCGCTGTACTCCCTAG,0,0,0.004654697,0.203890405,0.203890405,455,177.6643595,0.034782609,-0.065217391,0,1,0,0
5665,CCCAGTGTCTTTGGATGGCAAGG,0,0,0.017051914,0,0.115428206,387.5,144.2107164,0,-0.043478261,0,0,0,0
5666,TGGATGGGAGAATGAAAAGTTGA,0,0,0.030555555,0,0.057887649,485,173.8658657,0.043478261,0.413043478,0,0,0,0
5667,GAGATGGGAGAATGAGGAGTTAG,0,0,0.098922334,0,0.833979885,620,211.9004027,0,-1.02173913,0,0,0,0
5668,TCCTCCGCAAAGCCTGCCCTGAG,0,0,0.017224145,0,0.183397224,485,158.6931082,0.4,1.239130435,0,0,0,0
5669,GGGAAAGACCCAGCTTCTCAGGA,0,0,0.002251385,0,0.00900388,345,111.6840453,0,-0.217391304,0,0,0,0
5670,ATGAATGCCAGTGACTGGAGGAG,0,0,0.008178673,0,0.06099962,455,179.8377026,0,-0.260869565,0,0,0,0
5671,GAGTGGGTGCAGCAGAAGAACAG,0,0,0.007017544,0.329686141,0.319580819,522.5,203.5265585,0,-0.456521739,0,0,0,0
5672,GGGTGGGGGGTGGGTGATCCAAG,0,0,0,0.01681765,0.01681765,260,170.8453,0,0.565217391,0,0,0,0
5673,AGAACTGCGGCTGGTGCTGGAAG,0,0,0.00951634,0,0.161081177,455,183.4788674,0,-0.326086957,0,0,0,0
5674,GCATCTCTCCCACCCACGCTGAG,0,0,0.00568185,0.06702346,0.065831932,485,160.117486,0.052173913,0.260869565,0,0,1,0
5675,AATGAGTGAATGTGTGAGTGAGA,0,0,0.023034188,0,0.56142625,552.5,192.9821525,0.126086957,0.173913043,0,0,0,0
5676,GTACACACAGCAAATACTGCCGG,0,0,0.030826317,0.158578648,0.155902215,425,192.1538409,0,-1.065217391,0,0,0,0
5677,GAAGACACTGCATAAACTGCTGG,0,0,0.121008404,0.242054876,0.234278012,522.5,197.0597811,0,-0.043478261,0,0,0,0
5678,GCCTCTTGCCCTCCCTCCTTGGA,0,0,0,0,0.226140084,462.5,192.2956567,0.152173913,-0.043478261,0,0,0,1
5679,AACTTGTTTGCATTGTCCCCTGG,0,0,0.087626775,0.186812608,0.186812608,485,162.4741526,0,-0.586956522,0,0,0,0
5680,AAATTATAAGAAGAGAAACATGG,0,0,0.08,0,0.067985517,485,177.2539622,0,-0.065217391,0,0,0,0
5681,GGAGTGAGTGGAGCGGAGCCCGG,0,0,0.158181779,0,0.485227553,552.5,183.2202636,0.565217391,0.782608696,0,0,0,0
5682,GGGAGGGAGGAATGGGGACTTGG,0,0,0.178374813,0.141195423,0.141195423,455,172.9566585,0.013043478,-0.804347826,0,0,1,0
5683,GACATTGAAGCAGTGGTTTTAGA,0,0,0.007575758,0,0.022183273,455,187.1980855,1,-0.086956522,0,0,0,0
5684,GTCACCTCCTGTGACCAGAGTGG,0,0,0.273109244,0,0.03962298,387.5,159.941754,0.008695652,-0.347826087,0,0,0,0
5685,AACATCAGTCAGTAGAGCTAAAG,0,0,0.041245791,0,0.191548429,485,145.0343437,0,-0.195652174,0,0,0,0
5686,CTCAACCCTCAAGAGACACATGG,0,0,0.146103896,0,0.794051205,522.5,208.3417793,0,-0.02173913,0,0,0,0
5687,AAATGTGGATTAGAGGCACATAG,0,0,0.033950617,0,0.40355266,522.5,203.0923789,0,-0.304347826,0,0,0,0
5688,CCTGTGTGCGTGTGTGCGTGTGA,0,0,0.007135721,0,0.833979885,620,213.7118996,0,0.043478261,0,0,0,0
5689,TGTGAATGTGTGTGTGAGTGTGG,0,0,0.28,0,0.225335527,552.5,192.4681246,0,-0.52173913,0,0,0,0
5690,CCAGTCATTGGAGCGGAGGCAGG,0,0,0.236742424,1.35209387,1.35209387,627.5,210.5224626,0.047826087,-0.391304348,0,0,0,0
5691,TCCAGCCTTCCATAGACACAAGA,0,0,0.005714286,0,0.581724684,522.5,205.3125425,0,-0.217391304,0,0,0,0
5692,GATGTGTGAGTATGTGTGTGTGG,0,0,0.134017094,0,0.299915,455,188.9694685,0,0.173913043,0,0,0,0
5693,TAAAGAGAAGGAGAGGCAGAGGG,0,0,0.038690476,0,0.292400968,455,181.3483164,0,-0.434782609,0,0,0,0
5694,GAGTCCAAGGAGCAGGAGAAAGA,0,0,0.001093367,0,0.059906683,455,185.0373364,0.07826087,0.043478261,0,0,0,0
5695,AGGTTGGAGGGAGGAGGAGTGAG,0,0,0.027975406,0,0.322857199,425,202.5969958,0.534782609,-0.304347826,0,0,0,0
5696,GCTCTCCCTCCTGCAGCACCCAG,0,0,0.023848815,0,1.2395125,622.5,212.5666636,0.02173913,-0.304347826,0,0,0,0
5697,GGCACTGGAACTGGAGCTGGCAG,0,0,0.023529412,0,0.309968168,555,186.1625552,0.756521739,1.913043478,0,0,0,0
5698,GCTGAGGGAGTGAGTGAGTGAAG,0,0,0.034110686,0,0.161125676,455,186.0913876,0,-0.347826087,0,0,0,0
5699,AGGGAGTGACTGTGTGCGTGTGG,1,0.001048126,0.18,2.48975671,2.426724895,627.5,214.8802636,0.265217391,0.173913043,0,0,0,0
5700,GGGGAGTGTGTGTGTGCGGCCAG,0,0,0.008333333,0,0.125295966,485,146.8266198,0.17826087,0.347826087,0,0,0,0
5701,GTGAAGAACAGTGAGTAGAACAG,0,0,0.078993055,0,0.421955546,552.5,177.1765991,0,-0.152173913,0,0,0,0
5702,AACATCAGATAGGAGAGCGGAAG,0,0,0.032471454,0.306652251,0.297252948,522.5,199.4608427,0.139130435,0.02173913,0,0,0,0
5703,TGGATGAATGAATGATGAGTGGG,0,0,0,0.19679349,0.191811376,560,196.768613,0,-0.326086957,0,0,0,0
5704,GGCAAGGTGGCTGGAAGTGGAGG,0,0,0.285714285,0,0.148881024,552.5,195.7374532,0.086956522,0.108695652,0,0,0,0
5705,ATGAACACCAGTGTCTTGAAGAG,0,0,0.004713805,0.008750487,0.008750487,290,135.2300828,0,-0.260869565,0,0,0,0
5706,GACACAGAAGAAGTGTTTGTTGA,0,0,0.006448413,0,0.023689272,357.5,168.7967477,0,-0.673913043,0,0,1,0
5707,GTCACCTCCACTGTATAGGGAGG,0,0,0.047407407,0.053778153,0.053778153,335,188.3237101,0.582608696,0.760869565,0,0,0,0
5708,AGAGAGTGTGTGTGTGTGTGAGA,0,0,0.0125,0,0.367241041,552.5,193.7261086,0,-0.173913043,1,0,0,0
5709,GGATTCCCTTCTGCCTCCCCAAG,0,0,0,0,0.013580815,387.5,161.4076193,0,-0.630434783,0,0,1,0
5710,CATGCCTTCCCTCTACTCCCGAG,0,0,0.013653779,0,0.45934875,552.5,180.1204467,0.347826087,0.630434783,0,0,0,0
5711,ACATGCGAAGAAGAGAGACAGGG,0,0,0.021008403,0,0.063433242,485,178.899479,0,0.891304348,0,0,0,0
5712,AGATGAGAAGCAGAGGGACTAAG,0,0,0.002928105,0,0.149027027,387.5,154.6062053,0.065217391,-0.108695652,0,0,0,0
5713,GGGTGGGGGGAACCTGCACCTGG,0,0,0.140350877,0.007589843,0.007589843,295,164.9220611,0,-0.065217391,0,0,0,0
5714,GAGTCTCAGCAGAGCAAGAAAAG,0,0,0.021064815,0.023607645,0.023607645,425,189.184629,0,-0.108695652,0,0,0,0
5715,GGAAATGCAGCTGGAGCTGGGGA,0,0,0.005202081,0,0.348646558,552.5,192.4377886,0,-0.173913043,0,0,1,0
5716,AAATGAGAAGAAGAGGAAATAGA,0,0,0.008333333,0,0.117321346,425,131.5282891,0,-0.326086957,0,0,0,0
5717,TCCACCGAAGCAGTGTTTTCCAG,0,0,0.009876543,0,0.10391963,455,170.1832154,0,-0.086956522,0,0,0,0
5718,GATTTGTTTTCATTGTAATAAGA,0,0,0.006855413,0,0.04912495,417.5,135.1249557,0,-0.239130435,0,0,0,0
5719,CAAGGAGGAGCAGAGGCACAAAG,0,0,0.040740741,0.807015306,0.794051205,522.5,208.9964993,0,-0.304347826,0,0,0,0
5720,GGGTGGGGGGTGCATGCCCCTGG,0,0,0.064446831,0.008694969,0.008561713,260,166.4080778,0.052173913,0.217391304,0,0,0,0
5721,TGTGAGTGAATGTGGGTGTGTGA,0,0,0.001512346,0,0.150462235,455,179.0151309,1,-0.347826087,0,0,0,0
5722,TGGGTGTGAGTGTGTGAGTGTGA,0,0,0.005892256,0,0.601049167,552.5,196.3975689,0.030434783,0.152173913,0,0,0,0
5723,CCCATCCTCCCATAGACACTAGG,0,0,0.071208791,0,0.148215887,455,165.5034822,0,-0.065217391,0,0,0,0
5724,GGGCAAGACCCAGCCTGGGTGGG,0,0,0.000754954,0.031460889,0.030398918,387.5,157.7099341,0,-0.326086957,0,0,0,0
5725,GACACTGAAGCAGCATTTATTAG,0,0,0.013872216,0.011635524,0.011439144,357.5,160.8198098,0,0.108695652,0,0,0,0
5726,GGGACAGACCCAGCGCCCCTTAG,0,0,0.025180928,0.022588801,0.02182631,387.5,155.6682326,0.356521739,-0.652173913,0,0,0,0
5727,TGGTTAGGGGAATGAGGAGCTGA,0,0,0.002946128,0,0.39945125,552.5,176.3029991,0,-0.239130435,0,0,0,0
5728,GAAATGTCTTCATTCTTCTCCAG,0,0,0.029180696,0.397208228,0.397208228,522.5,200.4915615,0,0.173913043,0,0,0,0
5729,AGTGCGTGAGTGAGTGAGTGAGG,0,0,0.145384615,0,0.23590875,455,187.4262484,0,-0.608695652,0,0,0,0
5730,CCCTGTTTCTCTGGAGTTATTGG,0,0,0.032967033,0,0.012682985,442.5,153.118949,NA,NA,0,0,0,1
5731,GGCAATGATGCGGGAGGTGGGGG,0,0,0.099047619,0,0.410318103,522.5,203.1359822,0,-0.043478261,0,0,0,0
5732,GCCACCCCAGAGCCACGCCATGG,0,0,0,0.063815973,0.063815973,455,181.8392161,0,0.47826087,0,0,0,0
5733,AAAAGAGAAAAAGTGTCACATGA,0,0,0,0,0.035479776,455,184.407053,0,-0.086956522,0,0,0,0
5734,AGGGAGTGTGTGTGTGTGTGAGA,0,0,0.00875,0,0.367241041,552.5,193.7261086,0,-0.391304348,0,0,0,0
5735,CCTACCTCCCCTGAACTCACAGA,0,0,0.00211039,0,0.075982292,425,192.1961584,0,0.326086957,0,0,0,0
5736,ATGACCACAAGTGAGTCTAGGGA,0,0,0.003501401,0,0.069304995,485,167.5424553,0.013043478,0.369565217,0,0,0,0
5737,GAAACTGGGGCTGGAGGTAGAGG,0,0,0.336734694,0,0.4917675,552.5,184.5841831,0,-0.326086957,0,0,0,0
5738,TTAATCCGTTCTGCAGCACTAAG,0,0,0.031818182,0,0.697447183,552.5,178.7225831,0,-0.543478261,0,0,0,0
5739,GGTGAGTGTGTGAGTGGGGGTGG,0,0,0.006108597,0,0.041027871,387.5,154.0067881,0.069565217,0.065217391,0,0,0,0
5740,AAATGAGAAAAAGAGAAAGAAAG,0,0,0.014115226,0,0.027486212,417.5,145.1857267,0,-0.565217391,0,0,0,0
5741,GCCTCTTCCCCACCCATCCACAG,0,0,0.018773946,0,0.076017549,417.5,127.2284721,0.004347826,-0.304347826,0,0,0,0
5742,TACCCCCTCCTCCCCACCCCAGA,0,0,0.005894489,0,0.050292967,387.5,164.9334905,0.873913043,3.826086957,0,0,0,0
5743,GAATGGGAAAATGAGGCACAGAG,0,0,0.057613169,0,0.392225327,522.5,204.7061791,0.7,0.913043478,0,0,0,0
5744,GTGAACAGCAGGGAGTAGACAGG,0,0,0.137755102,0,0.343144014,455,171.2464827,0.013043478,-0.173913043,0,0,0,0
5745,GCCTCCGTCCCAGCCCCCTTAAG,0,0,0,0.039994869,0.039352381,455,188.2430888,0,0.152173913,0,0,0,0
5746,GCCTCCCCGATCCCTGGCCAGGG,0,0,0.108597285,0.395749506,0.387051714,432.5,202.4940355,0.239130435,-0.673913043,0,0,0,0
5747,GGATGGGTGGAGTGTGCTTCCAG,0,0,0,0,0.073273358,455,173.1849985,0,-0.565217391,0,0,0,1
5748,GACATGTTTTCAGTTTTCTTGGG,0,0,0.005323869,0,0.068478489,357.5,157.482458,0,-0.47826087,0,0,0,0
5749,CATGCTCCACAGAACAGTAACAG,0,0,0.141025641,0.052439572,0.052439572,425,196.0355108,0,-0.173913043,0,0,0,0
5750,AAAAGAAAAGAAGAGACACAGAG,0,0,0.12345679,0,0.34930266,560,199.8547933,0.039130435,0.260869565,0,0,0,0
5751,GGACCAGGCTGAGCACATGGAGG,0,0,0.4536122,0,0.250637503,485,157.448472,0.052173913,1.02173913,0,0,0,0
5752,GGCCCCCTCCGGCCCGCCCCTGG,0,0,0.063754789,0,0.136188675,357.5,174.2658159,0.008695652,0.195652174,0,0,0,0
5753,GCAGAGTGAGTGTGGGGGTGAAG,0,0,0.000377074,0,0.161081177,455,183.2388674,0,-0.369565217,0,0,0,0
5754,GGTGTGTGTGTGTGTGCGGGGGG,0,0,0.054545455,0.606440299,0.606440299,560,184.4038997,0.043478261,0.586956522,0,0,0,1
5755,GGAGAGTGTGTGTATGCGTAAGA,0,0,0.020926339,0,0.059266981,455,165.9354351,0,0.065217391,0,0,0,0
5756,TGGATGGAGCCAGGAGGACTAAG,0,0,0.004850908,0,0.089151706,357.5,167.7308594,0.004347826,0.108695652,0,0,0,0
5757,GGGAAGCACCCGGCATCTGTAGG,0,0,0.227997449,0.059896822,0.059896822,455,181.8914015,0.12173913,-0.434782609,0,0,0,0
5758,GGCGAGTGTGTCTGAGCGTGTGG,0,0,0.078814684,0,0.11940556,425,192.7890976,0.252173913,-0.02173913,0,0,0,0
5759,GGCATCCCCTCTGCAGGACACAG,0,0,0.003016591,0.15878521,0.153139514,485,156.5885087,0.008695652,0.369565217,0,0,0,0
5760,AAATGAAAAGAAAATGAACAGAG,0,0,0.015954416,0,0.039019591,357.5,172.124366,0,-0.282608696,0,0,0,0
5761,GGAATCACTGCTGGAGCAGCTGG,0,0,0,0.044379631,0.044379631,455,169.4378982,0,-0.217391304,0,0,1,0
5762,ACAGTGAGCAGAGCAGAGACAAG,0,0,0.160884867,0,0.086270403,455,170.2851981,0.991304348,1.173913043,0,0,0,0
5763,GAGCCAGAACAGCAGAAGAAGGA,0,0,0.005646996,0,0.204674188,522.5,203.0813151,0.02173913,-0.195652174,0,0,0,0
5764,TGTGTGTGTGTGTGTGCGTGTGG,0,0,0.218181818,1.632770745,1.632770745,627.5,215.1518996,0,0.043478261,0,0,0,0
5765,TGTGTGTGTGTGTGTGCGTGTGA,0,0,0.015151515,0,1.632770745,627.5,215.1518996,0,-0.586956522,0,0,0,0
5766,TGTGGGTGAGGGTGTGTGTGTGA,0,0,0.009333333,0,0.33831875,455,190.6954852,0.056521739,-0.152173913,0,0,0,0
5767,AAATGAGAAACAGAGGCACAGAG,0,0,0.096790123,0,2.668116758,537.5,210.3781799,0,2.173913043,0,0,0,0
5768,GGGATGGGGGAATGGGGAGCTAG,0,0,0.010746108,0,0.186915845,455,164.7555615,0,-0.391304348,0,0,1,0
5769,GGTGTGAGGGTGTGTGTGTGTGA,0,0,0.006874299,0,0.241506693,552.5,190.5826078,0,0.304347826,0,0,0,0
5770,GACATGTTTTCATTTCTCTTAGA,0,0,0.000944822,0,0.030434884,387.5,149.6933526,0.269565217,0.369565217,0,0,0,0
5771,GGGAAAGACCCAGGCTCCGAGGA,0,0,0,0,0.042353579,365,157.4161939,0,0.152173913,0,0,1,0
5772,GAATCCTAAGCAGAGGTTTTGAG,0,0,0.028282828,0,0.174113559,552.5,198.1267933,0,0.130434783,0,0,0,0
5773,TGGTAGGAGGAGTTTCCTCCAAG,0,0,0,0.272333333,0.272333333,552.5,197.5234372,0,0.086956522,0,0,0,0
5774,GACATCGAGGACCTCCTGATGGG,0,0,0.028888889,0,0.036610572,387.5,162.6006916,0.113043478,-0.826086957,0,0,0,1
5775,AAAGGAAAAGAAGAGACAAATGG,0,0,0.267857143,0,0.058591155,485,167.9067934,0.052173913,0.456521739,0,0,0,0
5776,AAATGAGTAGAAGAGAAGCAAGA,0,0,0.005555556,0,0.018569524,442.5,152.4023128,0,0.434782609,0,0,0,0
5777,CCAGGGAGAAGGGCGCAGGCTGG,0,0,0,0.076431537,0.073975905,455,188.9473733,0,0.195652174,0,1,0,1
5778,TGCACTTTCTCACCCACCTTTGA,0,0,0.021651172,0,1.317695783,620,213.0946636,0,-0.239130435,0,0,0,0
5779,TGCTCTGAGGCTGGGGGTGGGGG,0,0,0.268863636,0,0.402848101,522.5,201.0195615,0.12173913,0.369565217,0,0,0,0
5780,AGTGTGTGAGAGTGTGCATGTGG,0,0,0.16993007,0,0.172235,455,186.258263,0,0.043478261,0,0,0,0
5781,GGACGTGCTGCTGGAGGTGGAAG,0,0,0.025376906,0,0.822304167,622.5,212.5502996,0,-0.043478261,0,0,0,0
5782,GACCTTCTCCACCCCACCACCAG,0,0,0.043771044,0,0.049272081,485,168.0892702,0,-0.239130435,0,0,0,0
5783,AACACCAGTAAATATAACGGAGA,0,0,0.008065844,0,0.063816741,357.5,171.2990305,0,-0.391304348,0,0,0,0
5784,CCCTGGTTCTCCGGATGGTTCAG,0,0,0.043184885,0.097915329,0.096262749,455,176.5667348,0,-0.369565217,0,0,0,0
5785,CCCTGCCTTCTAGAGACACACAG,0,0,0.013923854,0.769333658,0.757543103,522.5,207.7081793,0,-0.413043478,0,0,0,0
5786,GCCTCTTTCCCACCTAATCTCAG,0,0,0.001430396,0.008436547,0.008312935,345,127.8355341,0,-0.52173913,0,0,0,1
5787,GAATCCAAAGCATGGACTGTAGA,0,0,0.003888889,0,0.09837725,455,168.2612954,0,-0.173913043,0,0,0,0
5788,GGGAGGGAGAAATGGGGAGTTAG,0,0,0.096285131,0,0.371023101,522.5,198.712922,0.013043478,0.130434783,0,0,0,0
5789,TAATGAGAAGAAGTGAGACACAG,0,0,0.008133624,0,0.015622402,387.5,169.2862784,0.791304348,-0.282608696,0,0,0,0
5790,GAGCCACCCCACCCAGCCTCAGA,0,0,0.007164903,0,0.240310978,522.5,199.5791775,0,0.086956522,0,0,0,0
5791,GACTTGTTGCAATTGTTTTCAAG,0,0,0.041269841,0,0.087580097,457.5,178.5950662,0.526086957,-0.043478261,0,0,0,0
5792,CGTGTGTGTGTGTGTGCGTAGGG,0,0,0.146103896,0,0.426140229,552.5,176.8142997,0,-0.065217391,0,0,0,0
5793,AAACGACAATAAAAGGCACAGAG,0,0,0.086499183,0,0.348294667,522.5,201.4521622,0,-0.673913043,0,0,0,0
5794,CCCATCCTTCCACAGGCCCACAG,0,0,0.001713686,0.01897074,0.018665989,387.5,163.8891033,0,-0.391304348,0,0,0,0
5795,GGTATTTCTTCTGCAGCATCAGG,0,0,0.24579832,0.206883639,0.203205708,552.5,183.7548353,0,2.934782609,0,0,0,0
5796,AAGTCCGGGCAAAAGAGGAAAGG,0,0,0.108705882,0,0.299915,455,187.3979715,0,0.043478261,0,0,0,0
5797,CCAGGGAGGAGCGTGGAGGCAGG,0,0,0.076457811,0.064083778,0.064083778,425,194.5966146,0,-0.282608696,0,1,0,0
5798,GGTGTGTGAGGGAGTGTGTGTGA,0,0,0.003263403,0,0.124300022,357.5,181.1961647,0.439130435,-0.217391304,0,0,0,0
5799,TGTGAGTGAATGAGTGAGTGAGA,0,0,0.020940171,0,0.217271959,455,183.722832,0.665217391,-0.543478261,0,0,0,0
5800,CCCTTCCAACCCAAGACACACAG,0,0,0.037214248,0.166445786,0.166445786,425,197.1511987,0.004347826,0.065217391,0,0,1,0
5801,ATGAAGACCAGAAAGAAGAGAAG,0,0,0.087024087,0,0.028347543,357.5,182.9101691,0,-0.326086957,0,0,0,0
5802,CCCTGAGTCACTGCCTGGATGGA,0,0,0.006029685,0,0.031834028,425,186.5760734,0,-0.369565217,0,0,0,0
5803,AAATGAGAAGAAGAGGATTTCAG,0,0,0.016752137,0,0.012934678,400,104.9049558,0,-0.282608696,0,0,0,0
5804,TGTGAGTGTGTGTGTGTGTGTGA,0,0,0.019444444,0,0.788265432,560,195.4541086,0,-0.086956522,0,0,0,0
5805,AAGTGACAGGAAGATGCACAGAG,0,0,0.0103738,0.165760157,0.165760157,522.5,198.1220173,0,-0.02173913,0,0,0,0
5806,AGGATGGAGGAGAGAGGAGCGAG,0,0,0.011784512,0,0.132796733,357.5,164.8469791,0.713043478,0,0,0,0,0
5807,TGGATGGTGGGAGGAGGAGGTGA,0,0,0.000890574,0,0.134631452,357.5,163.2331789,0,0.391304348,0,0,0,0
5808,GGCTCTGTGGCAGCAGGTGGAGA,0,0,0.013257576,0,0.104883434,425,195.8712979,0,-0.173913043,0,0,0,0
5809,TGTGAGTGTGTGTGTGTGTGAAG,0,0,0.072592593,0,0.788265432,560,195.4541086,0,0.760869565,0,0,0,0
5810,CCTGTCTTCCCTCTACTAACTGA,0,0,0.008328477,0,0.271345253,552.5,184.3967933,0,-0.217391304,0,0,0,0
5811,TGTGTGCGTGTGTGTGCGTGTGG,0,0,0.15,0,0.569608261,620,211.5687188,0,0.260869565,0,0,0,0
5812,ATGGAAACCAGTGAGTAGAAAAG,0,0,0.141059028,0.845399471,0.845399471,560,180.6028161,0,-0.326086957,0,0,0,0
5813,GACTTGTTTTCTTAATTCACTGG,0,0,0.055488862,0.008578641,0.008447167,260,154.8896934,0,-0.52173913,0,0,0,0
5814,GGTGTGTGAGTGTATTTGTGTAG,0,0,0,0,0.014831394,387.5,167.9979584,0,0.02173913,0,0,0,0
5815,TGGGGGTGAGGGTGTGCGTGCGG,0,0,0.144,0.795717092,0.782934488,522.5,211.1535963,0,-0.173913043,0,0,0,0
5816,ATCAACACCAGTGCAAAGAGGGG,0,0,0.070517718,0.01035441,0.010179652,392.5,175.5373679,0,0.782608696,0,0,0,0
5817,TGGATGGTGGATGGATGAGTGGA,0,0,0,0,0.044701169,357.5,181.5963362,0,-0.239130435,0,0,0,0
5818,ATTGAAACCAGTGTGTAGAGGGA,0,0,0.010747354,0,0.1271669,522.5,204.3732314,0,0.173913043,0,0,0,0
5819,CCCTCTTTCTCTCCCACCTCTAG,0,0,0.005281574,0,0.316035637,455,169.3545632,0,0.130434783,0,0,0,0
5820,GCCTCCCACAAGCCTGGCATGGA,0,0,0.006632653,0,0.120640838,485,144.2548028,0.02173913,0.02173913,0,0,0,0
5821,GAGCCCCAGAAGAAGAAGAGAGA,0,0,0.020473896,0,0.415325641,552.5,173.8138829,0,-0.326086957,0,0,0,0
5822,GGTCAGTGAGGGTGTGGGTGAGA,0,0,0.000865052,0,0.635340376,462.5,192.3102052,0,0,0,0,0,0
5823,GGTACTGCGCCTGGGGGTTGTGG,0,0,0.119166667,0,0.121381988,455,168.7252421,0,-0.304347826,0,0,1,0
5824,AAAGGAAAAGAAAAGGTACAAGG,0,0,0.269230769,0,0.152967414,455,185.4577876,0,-0.47826087,0,0,0,0
5825,TGGATGGAGGGAAGAAAAGTGGG,0,0,0.42,0,0.019413663,290,165.1960588,0,-1.02173913,0,0,0,0
5826,CCCTGTCTCTCTGCATGCATTGA,0,0,0.009743481,0,0.056145231,462.5,180.9543013,0,0.347826087,0,0,0,0
5827,GTCACCGAACCACAGATTTTTAG,0,0,0.028869235,0.09537146,0.092152171,455,187.1805172,0,-0.086956522,0,0,0,0
5828,CCCTTCCAAGCAGAGACTCAGAG,0,0,0.029788627,0.171583808,0.16579195,552.5,183.9515499,0,-0.347826087,0,0,0,0
5829,GGCACTAGGGCTGGGGTTGGAGG,0,0,0.104464286,0,0.100825818,455,178.5238696,0,0.02173913,0,0,0,0
5830,CCCTGTGGGTCTGGAAGGCTGAG,0,0,0.02213708,0.048934825,0.047362622,485,164.1039769,0,-0.586956522,0,0,0,0
5831,AGTGAGTGTGGGCGTGCGTGTGA,0,0,0.011842105,0,0.197265749,425,199.5108154,0.052173913,0.304347826,0,0,0,0
5832,GAACACAAAACAAAGAATGAGAG,0,0,0.039088319,0,0.081869645,387.5,146.585232,0.995652174,-0.152173913,0,0,0,0
5833,AGTGTGTGAGTGTGAGTGTGAGA,0,0,0.006140351,0,0.163368333,455,182.7185474,0.008695652,0.152173913,0,0,0,0
5834,GGCTATTTCCCACCAACCTTGAG,0,0,0.022902129,0.819967794,0.79687011,530,204.6646584,0,-0.326086957,0,0,0,0
5835,TAGTTTGGGGAGTTTGCTCCGGA,0,0,0.011752137,0,0.789491758,620,215.885696,0,0.043478261,0,0,0,0
5836,GAAACAGAAGCAGAGTGTTTAGG,0,0,0.094677871,0,0.723651235,560,197.0999049,0.004347826,0.260869565,0,0,0,0
5837,GCCTGCCTAAGGTCTGGCCAAGG,0,0,0.238875,0,0.293169181,425,199.0824588,0.2,0.47826087,0,0,0,0
5838,AAGAGAGAAGAAGAGGGAGAAGA,0,0,0.000148593,0,0.189330488,485,166.064289,0,-0.043478261,0,0,0,0
5839,TCTGTGTGAGTGTGTGCGCGTGA,0,0,0.004822763,0,0.526848592,552.5,186.9236801,0.07826087,0.304347826,0,0,0,0
5840,AGGATGGAGGAATGGAGGGTGGA,0,0,0.018055555,0,0.014305125,387.5,162.2812193,0.1,-0.043478261,0,0,1,0
5841,TCCCCGTGCCCACCCACCTTCAG,0,0,0.070297749,0.838642996,0.82579023,620,213.440599,0.186956522,0.152173913,0,0,0,0
5842,AGATGGGAAGGAGAGGCCCATGA,0,0,0.004913076,0,0.104202175,455,185.520599,0,0.043478261,0,0,0,0
5843,CCTACCTCACAGGGGAGTAAAGG,0,0,0.031339286,0,0.275145253,522.5,201.4961976,0.152173913,-0.086956522,0,0,0,0
5844,GGCACTTTGGGAGGAGGTGGGAG,0,0,0.025925926,0,0.243372227,425,199.7708181,0.02173913,0.086956522,0,0,0,0
5845,GGGTGGGGAGACTCAGCTCCAGG,0,0,0.056296203,0.016384823,0.016384823,327.5,181.677913,0,0.043478261,0,0,0,0
5846,AAATGACAGGAAATGGCACATAG,0,0,0.058499525,0,0.032845321,425,191.7185337,0,-0.5,0,0,0,0
5847,GACATCGCTGTACTCTCCCTTAG,0,0,0.005052419,0.039404147,0.038138151,387.5,160.3476568,0,-0.108695652,0,0,0,0
5848,CTGGGCCCCCAGGGCAGAAAGGG,0,0,0.114285714,0.186959075,0.186959075,552.5,188.0005664,0.069565217,0.434782609,0,0,0,0
5849,GGTGTGTGAGCATGTGTGTGTGA,0,0,0.007332585,0,0.158024834,357.5,182.9793848,0.143478261,-0.434782609,0,0,0,0
5850,GTCACATCTAATTACTAGGGTGA,0,0,0.016927083,0,0.363865223,530,205.1549151,0,0.086956522,0,0,0,0
5851,TGCGGGGAGGAAGGAGGAGTAAG,0,0,0.010405054,0.554851378,0.545938102,525,207.0107595,0,-0.326086957,0,0,0,0
5852,CACCCCCACCACCTGGCCTCTGA,0,0,0.001455026,0,0.060024367,425,190.2539768,0,-0.195652174,0,0,0,0
5853,AGATGAGAACAATAGACACAGAG,0,0,0.024888889,0,0.092152171,455,187.1805172,0,-0.130434783,0,0,0,0
5854,TAGTGGAGGGAGCTTGCTCCTGG,1,0.0016,0.668016194,0.397317959,0.397317959,522.5,207.0774987,0,0.369565217,0,0,0,0
5855,GTGGAGTGTGTGTGTGTGTGAGA,0,0,0.006186869,0,0.367241041,552.5,193.4861086,0.62173913,1.043478261,0,0,0,0
5856,CTGTCCCCACATGGCAGTAATGA,0,0,0.004856255,0,1.296361181,530,211.2822996,0.013043478,0.02173913,0,0,0,0
5857,AAAGAAGTAGAAGAGGCAGAGGG,0,0,0.029017857,0,0.49875,552.5,183.1902631,0,-0.195652174,0,0,0,0
5858,TGTGTGTGAGTGTGTGTGTGTAG,0,0,0.043995511,1.290123457,1.290123457,560,198.1255689,0.92173913,1.760869565,0,0,0,0
5859,CCAGTCAGTAGATGGGAGGAAGA,0,0,0,0,0.021867301,357.5,159.1379109,0,-0.304347826,0,0,0,0
5860,GGTAGTGGGGGTGGAGGTGGTGG,0,0,0.066294643,0,0.7469375,522.5,208.0537793,0.091304348,0.304347826,0,0,0,0
5861,GGCACTAACGCTGGAGGTGGGGA,0,0,0.024305555,0,0.968125397,630,210.9572219,0.017391304,-0.326086957,0,0,0,0
5862,TAAAGATATGAAGAGGCACATGG,0,0,0.163265306,0.58761959,0.569608261,620,211.9834388,0,0.173913043,0,0,0,0
5863,TGTGTGTGAGTGTGTGTGTGAGG,0,0,0.16969697,0,1.290123457,560,198.1255689,0,-0.347826087,0,0,0,0
5864,TGTGTGTGAGTGTGTGTGTGAGA,0,0,0.011784512,0,1.290123457,560,198.1255689,0.291304348,-0.108695652,0,0,0,0
5865,GTCATCTCTGTCTTCCCCATTAG,0,0,0.032323232,0.39072347,0.378170105,522.5,203.9776817,0,-0.304347826,0,0,0,0
5866,GGCCCTTCGGCTGGAGGTGGCAG,0,0,0.052287582,0,3.90873494,635,218.3432192,0.004347826,0.152173913,0,0,0,0
5867,CCCACCCAGCAACAGACACAAAG,0,0,0.050682261,0,0.17912637,425,198.2224954,0,0.108695652,0,0,0,0
5868,GGCACTGGGTCTGAAGGTGGAGG,0,0,0.391741072,0,0.349042972,530,200.669262,0.013043478,0,0,0,0,0
5869,GGGTGAATGGAGTTGGCTCCTGG,0,0,0.03125,0.158440571,0.158440571,525,197.7239967,0.291304348,1.239130435,0,0,0,0
5870,CGCTTGCATCCAGAGAGACAGAG,0,0,0.003375615,0,0.368797917,552.5,195.3143049,0,-0.543478261,0,0,0,0
5871,GGGAAGGAGGGATGAGTAGTGAG,0,0,0.020148953,0.344442166,0.33831875,455,190.6954852,0,0.260869565,0,0,0,0
5872,CCCTGCTCAAGGCCTGGCCAGGG,0,0,0.226339286,0.551191454,0.542336973,522.5,209.2984155,0.030434783,-1.304347826,0,0,0,0
5873,CAATCCCAGCAGAAGAGGAAGGA,0,0,0.004513524,0,0.410516581,552.5,195.3027081,0,0.173913043,0,0,0,0
5874,GGGACTGGGGCTGGGGTTGGGGA,0,0,0.003627232,0,0.152925168,455,180.3790504,0.095652174,-0.065217391,0,0,0,0
5875,AAAAACAGTGAGTAGAGGAGCAG,0,0,0.012228101,0,0.09638643,485,161.2123468,0.02173913,0.043478261,0,0,0,0
5876,TACATGTTCTCATTGTTCACCGA,0,0,0.008721437,0,0.321904489,552.5,183.6186197,0.008695652,0.130434783,0,0,0,0
5877,AACTGTGAAGAAGAAGCAGAGAG,0,0,0.009337068,0,0.079735182,455,171.9309945,0,0.02173913,0,0,0,0
5878,GTTGAATGTGTGTGTGTGTGGGG,0,0,0.178181818,0.225335527,0.225335527,552.5,192.2281246,0.743478261,0.869565217,0,0,0,0
5879,CCCTCTGTCTCTGTATGGGGAAG,0,0,0.003594771,0,0.030988834,387.5,138.3868955,0,-0.043478261,0,0,0,0
5880,ATGTACACAAGTGAGTAGATTAG,0,0,0.098989899,0.853783598,0.853783598,560,178.4290197,0,0.065217391,0,0,0,0
5881,GGAGCTGGAGCTGGAGGTGGAGG,0,0,0.223852041,0,0.822304167,620,210.7388027,0,-0.304347826,0,0,0,0
5882,CGAATCCATCCAGACATACACAG,0,0,0.019893622,0.161081177,0.161081177,455,183.2388674,0,-0.304347826,0,0,0,0
5883,AAGGCCAGTGAGAAGATCGGAGA,0,0,0.00375601,0,0.220828507,455,187.3129684,0.008695652,0.173913043,1,1,1,0
5884,GAATACAAAGCATCTACTTCTGG,0,0,0.016326531,0,0.019916085,357.5,161.7321938,0,0.086956522,0,0,0,0
5885,GGCAACCATGTCCTTCCCATTGA,0,0,0.001273148,0,0.275145253,522.5,201.0814776,0.726086957,1.391304348,0,0,0,0
5886,GACCCCATCCACCCAGCAGCCAG,0,0,0.005816714,0,0.016987468,387.5,146.4384644,0.165217391,0.652173913,0,0,0,0
5887,CTTGCAACACAGGGTAGAAAGGA,0,0,0.002149471,0,0.032626724,455,175.4004803,0,0.130434783,0,0,0,0
5888,AAAGGAGAAGCAAAGGCACATAG,0,0,0.05982906,0,0.573968354,432.5,203.7969958,0,-0.195652174,0,0,0,0
5889,CATTGGGTCTGTGGATGGATGGG,0,0,0.071428571,0,0.473675365,522.5,210.4159323,0.008695652,-0.608695652,0,0,0,0
5890,GACATGTTTTCATTTCTCTGGGA,0,0,0.000185259,0,0.030434884,387.5,149.6933526,0,-0.086956522,0,0,0,0
5891,GACATGTTTTCATTTCTCTGGGG,0,0,0.002667734,0,0.030434884,387.5,149.6933526,0.195652174,0.195652174,0,0,0,0
5892,CTTTCCCCACAAGACAGTAAGAG,0,0,0.065993266,0.206348444,0.206348444,432.5,200.1711149,0,0.02173913,0,0,0,0
5893,GCCCAGTTTTCATTGTTCTGTGG,0,0,0.01495304,0.697447183,0.697447183,552.5,179.6604801,0.92173913,2.391304348,0,0,0,0
5894,AACTGTATCTCTGGATGTATGAG,0,0,0.125701459,0.219771774,0.211957667,552.5,191.1534859,0.343478261,-0.195652174,0,0,0,0
5895,AATAGAAAAGAAGAGGCAAAAGA,0,0,0.010004002,0,0.335877203,552.5,184.6672193,0.065217391,0.260869565,0,0,0,0
5896,GACTCAGAGAAGAAGAAGTAAGA,0,0,0.011574074,0,0.27401531,552.5,181.1462796,0.395652174,0.369565217,0,0,0,0
5897,TCCATCCAGCCTGGGACACAGAG,0,0,0.024965706,0,0.067328526,425,195.8849346,0.1,-0.47826087,0,0,0,0
5898,AAATGAGAATAAGTTACACAGGA,0,0,0.004298942,0,0.008634228,392.5,171.0736315,0,-0.02173913,0,0,0,0
5899,TTCTCCCCAGAGGCTGGCCACAG,0,0,0.017855321,0,0.535768434,522.5,204.468943,0.043478261,0.239130435,0,0,0,0
5900,AGTTACAATTACATCCTCAAAAG,0,0,0.049494949,0.57847376,0.569608261,620,211.7434388,0.126086957,0.282608696,0,0,0,0
5901,GTCCCCCCCGACCCCGCCCCCGA,0,0,0.005418166,0,0.45934875,552.5,180.1204467,0,-0.239130435,0,0,0,0
5902,GGCCCAAACTAAGCATCTGATGA,0,0,0.005027652,0,0.035913554,387.5,172.3121985,0.039130435,-0.47826087,0,0,0,0
5903,TGTGAGTGTGTGAGTGCGTGTGA,0,0,0.028846154,0,0.703080282,530,206.9408991,0.291304348,0.173913043,0,0,0,0
5904,AAGAGAGAATAAGAGGCATATAG,0,0,0.028292181,0,0.452917868,552.5,182.0586636,0.1,-0.260869565,0,0,0,0
5905,TCCTCTTCCCCACCCACCCCTGA,0,0,0.001741553,0,0.219695863,485,148.2145832,0,0.043478261,0,0,0,0
5906,GTCACTTCAGCTGGAGGGGGAGA,0,0,0.005411255,0,0.129506134,552.5,187.1937056,0.030434783,-0.086956522,0,0,0,0
5907,GGTGTGTGTGTATGTGGGTGGAG,0,0,0.003105565,0,0.173969682,455,185.2496881,0,-0.152173913,0,0,0,0
5908,CACATCAATCCCAAGACACATAG,0,0,0.034351613,0,0.186059692,425,199.3613982,0,-0.108695652,0,0,0,0
5909,GTCACCTACAACCACTCGGGCGA,0,0,0.003177448,0,0.104879914,357.5,177.898651,0,-0.065217391,0,0,0,0
5910,AAAGCAGGAGAAGAGGCACAGAG,0,0,0.093364197,2.426564496,2.426564496,627.5,215.138263,0.02173913,-0.217391304,0,0,0,0
5911,GGAGAGTGAGTGTCTGGGAGGGA,0,0,0.000357286,0,0.028210243,387.5,155.2987044,1,2.47826087,0,0,0,0
5912,GGAACCCCTTCAGAGGCACCTGG,0,0,0.182,0.028567679,0.02810876,327.5,184.3493733,0,-0.304347826,0,0,0,0
5913,GGAGAGAGAGTGTGTGCTAGGGA,0,0,0.008267196,0,0.065831932,485,160.117486,0,-0.173913043,0,0,0,0
5914,GAACAAAAAGCAGAGACTCAGAG,0,0,0.014076295,0,0.04622953,387.5,140.0290956,0,0.456521739,0,0,0,0
5915,TGGGTGGAGGGATGAGGTGGTGG,0,0,0.035845588,0,0.071821995,387.5,149.5353831,0,0.173913043,0,0,0,0
5916,GACAGTGAAGCAAAGTTATTAGG,0,0,0.342857143,0.070165135,0.068980913,455,181.2030422,0.056521739,-0.02173913,0,0,0,0
5917,CCCTATGGCTGTGGATGCATCAG,0,0,0.019615912,0,0.163514241,455,183.1584461,0,-0.391304348,0,0,0,0
5918,ACCCTTCATCCAGTGACACAGGA,0,0,0.012138189,0,0.135502769,522.5,204.9012314,0,-0.086956522,0,0,0,0
5919,GACTTGGTTTCATTGTTAAAAGA,0,0,0.003142283,0,0.026431993,442.5,123.5078861,0,-0.369565217,0,0,0,0
5920,CCAGAGAGAAGTGCGGAGGGAAG,0,0,0.002360203,0.198479073,0.198479073,455,169.0981993,0,-0.391304348,0,1,0,0
5921,GACACCTAAGCAGAATCTTTGGA,0,0,0.026363486,0,0.198365461,462.5,182.8236866,0.891304348,-0.586956522,0,0,0,0
5922,CCTGCCCCTGCTCCACTCGCCAG,0,0,0.016710069,0.029441861,0.029441861,455,170.4698543,0,0.043478261,0,0,0,0
5923,GGGATGCAAGAATGAGGAGGAGG,0,0,0.074602667,0.296624184,0.291053776,552.5,175.7194389,0,0.065217391,0,0,0,0
5924,TGTGAGTGTGTGTATGTGTGAGA,0,0,0.014583333,0,0.055495857,455,182.6149239,0.260869565,0.086956522,0,0,0,0
5925,CCTGCCTCCACTGCGCTCACCAG,0,0,0.006127946,0.019133775,0.018573078,362.5,178.8627368,0,-0.673913043,0,0,0,0
5926,AAAAAAGAAGAAGAAGCATAAGA,0,0,0.012449424,0,0.133665,455,172.0830585,0,-0.065217391,0,0,0,0
5927,GCCTTCCCAGAGCCCGGACAGAG,0,0,0.013460165,0.073968949,0.072720528,455,173.2895887,0,-0.326086957,0,0,0,0
5928,AAGACTGGGGCTGGAGGTGGGGG,0,0,0.24478022,0,1.345833333,622.5,215.332183,0,-0.347826087,0,0,0,0
5929,GAGGAAGAGCAGAAGAAGAGGGA,0,0,0.017611211,0,0.39945125,555,178.1144961,0,0.043478261,0,0,0,0
5930,GGCACCGAGGCCGGAGGTGCTGG,0,0,0.239917977,0,0.186579128,455,169.4604987,0,-0.173913043,0,0,1,0
5931,AAAAGAAAAGAAAAGGCAAAAGA,0,0,0.013082156,0,0.131830099,455,175.6958987,0.017391304,0.065217391,0,0,0,0
5932,GCCATCTCTGTCATTAACTGTGG,0,0,0.24,0,0.372455417,552.5,190.9142916,0,0.043478261,0,0,0,0
5933,CACATACATGCAGAGACACGCAG,0,0,0.052067516,0,0.388621058,552.5,175.0446797,0,-0.239130435,0,0,0,0
5934,TGTGTGAGTGTGTGTGCGTGTGG,0,0,0.190909091,0,0.569608261,620,211.5687188,0.27826087,0.543478261,0,0,0,1
5935,ACCTTTTCCCCACCCACCTGCAG,0,0,0.026203208,0.710795455,0.697447183,552.5,177.6742631,0.030434783,-0.260869565,0,0,0,0
5936,TGAGAGAGAATGTGTGCGTGTGA,0,0,0.040509259,0,0.887386413,620,211.2970828,0,-0.043478261,0,0,0,0
5937,GGGTTGGGGGAAGGAGGAGTTGA,0,0,0.008086536,0,0.581724684,522.5,205.7272625,0.039130435,0.130434783,0,0,0,0
5938,AAGTGAGAAGATGAGTCACGAGG,0,0,0,0,0.055090774,387.5,156.5298737,0.052173913,0.434782609,0,0,0,0
5939,ATGAACACAAGTGAATATAGGAG,0,0,0.139433551,0.087993875,0.085766182,462.5,176.8098648,0,-0.108695652,0,0,0,0
5940,GAGACCAAGCAACAGAAGAACGG,0,0,0.093567251,0,0.186059692,425,198.7277982,0,-0.673913043,0,0,0,0
5941,TGTGGGTGTGTGTGTGCATGCAG,0,0,0.077538461,0,0.189613667,552.5,188.5285664,0,-0.065217391,0,0,0,0
5942,GGTGAGTGTGTGAGGGCCTGAGG,0,0,0.00989011,0,0.017770456,357.5,166.1105443,0.052173913,0.239130435,0,0,0,0
5943,GACTGATTTTGATTGCTCTCCAG,0,0,0.027654321,0,0.082628968,455,192.6071864,0,0,0,0,0,0
5944,GGCAGTGAGGCTGGGGGAGGAAG,0,0,0.043814815,0,0.078958228,455,175.1815082,0.004347826,-0.347826087,0,0,0,0
5945,GCCAACCCTGAGCCTGGCCAGGA,0,0,0.006298816,0,0.768095474,620,208.0865632,0,-0.543478261,0,0,0,0
5946,CCCTCCCCAAGGCCTGGGGAGGG,0,0,0.007738095,0.05731059,0.05731059,387.5,156.7985831,0.069565217,0.347826087,0,0,0,0
5947,GACCCACTCCAACCCCCATCAGG,0,0,0,0,0.015083826,387.5,166.9861564,0,0.086956522,0,0,0,0
5948,GGCCCTGAGGCTGGTGGAGGGGA,0,0,0.002124183,0,0.078958228,455,175.5962282,0.582608696,-0.869565217,0,0,1,0
5949,GGTGAGTGTGGGTGTGGGTATGA,0,0,0.000919118,0,0.077890861,387.5,150.8864249,0.791304348,3.804347826,0,0,0,0
5950,TACTTGTTTTCAGTTTTCTGGAG,0,0,0.000568343,0,0.072336432,357.5,158.356058,0.173913043,-0.217391304,0,0,0,0
5951,GGCACTGGGGCAGCAGGCGGCGG,0,0,0.094460642,0,0.020557153,357.5,171.3215647,0,-0.391304348,0,0,0,0
5952,AAATGAAAAGACAAGGCACAAAG,0,0,0.062977958,0,0.330772786,432.5,200.8013982,0,-0.413043478,0,0,0,0
5953,CCCTGTGCCTCTGGCTGCACTGA,0,0,0.000819887,0,0.032925581,387.5,139.3322283,0.065217391,0.086956522,0,0,0,0
5954,AACTTGTTTTCAAGGTTCACAAG,0,0,0,0,0.03037967,357.5,167.3134949,0,0.065217391,0,0,0,0
5955,GTCCTGTTTTCATAGTTCTCTAG,0,0,0.075526507,0.443035994,0.443035994,530,207.6472154,0,0.065217391,0,0,0,0
5956,GTTTTGTTTTCATTTTTCTAAGA,0,0,0.002480159,0,0.184299023,455,167.0873785,0,0.043478261,0,0,0,0
5957,AAATGAGAAAAAGAGGGGAAGGG,0,0,0.009411765,0,0.031321497,442.5,137.0508193,0.056521739,0.108695652,0,0,0,0
5958,GGGTCCCAGCAGACGCAGAATGG,0,0,0,0.027230449,0.026311278,455,187.6492087,0.091304348,0.304347826,0,0,0,0
5959,CCCAGTGCCTCTGGAGAGATAGA,0,0,0.010683761,0,0.099539557,485,176.9520461,0,-0.173913043,0,0,0,0
5960,GGGGTGGGAGTGTGTGTGTGCAG,0,0,0.012939856,0.403345986,0.389730931,552.5,194.0143881,0.443478261,-0.217391304,0,0,0,0
5961,ACATGAGGAGAGAAGGCACAAGA,0,0,0.026675485,0,0.272415361,425,198.6447621,0,-0.043478261,0,0,0,0
5962,CACATCCGTCCTGAGACACAGAG,0,0,0.046090535,1.384888889,1.384888889,530,209.3440826,0.02173913,0.152173913,0,0,0,0
5963,AAACAGCACCACATCCTCAACAG,0,0,0.026143791,0.761576737,0.749905063,620,211.0206796,0,2.217391304,0,0,0,0
5964,AAAAGAAAAGAAAAAGCACATGG,0,0,0.413703943,0,0.101349588,425,192.2368771,0,0.173913043,0,0,0,0
5965,AAATGAGAAACAGAGTCTCAGGA,0,0,0,0,0.023520768,387.5,165.2664207,0.669565217,3.130434783,0,0,0,0
5966,GAGCCACTGCACCCTGCCTCAGA,0,0,0.001330625,0,0.146830007,522.5,198.7192141,0,-0.652173913,0,0,0,0
5967,CTCACTTCCAATTACTAGGTTAG,0,0,0.036111111,0,0.163296796,455,170.7770955,0.873913043,-0.086956522,0,0,0,0
5968,TGCACCGCGGCTGGGGCTGGAGG,0,0,0.139037433,0,0.098837842,455,182.2208834,0.230434783,0.586956522,0,0,0,1
5969,AAAGGAGACAAAGAGGCAAAGGG,0,0,0.142857143,0,0.280662086,552.5,178.6268833,0,0.02173913,0,0,0,0
5970,AAGGACACCAGTGAGGAAAGAGG,0,0,0.126735321,0.054343439,0.053377333,485,175.3746408,0.043478261,5.282608696,0,0,0,0
5971,CCCTGGGTCTGAGGAAGGATGGG,0,0,0.103896104,0,0.040653452,357.5,186.179406,0,0.391304348,0,0,0,0
5972,GAGTGGTTTCCATTGTTCTCAGG,0,0,0.170666667,2.366805761,2.309774297,627.5,213.5919436,0,0.260869565,0,0,0,0
5973,GAGACGAAGAAGAAGAAGAAGAG,0,0,0.053497942,0,0.519457564,620,209.1654988,0.091304348,0.239130435,0,0,0,0
5974,GAAACGGAAACTGAGTTTTTTGA,0,0,0.00936214,0,0.386734172,522.5,204.1781791,0,-0.673913043,0,0,0,0
5975,AAATGAGAACCTGAGGCCCAGAG,0,0,0.002633745,0,0.067280336,392.5,174.8387461,0,-0.413043478,0,0,0,0
5976,GCCTCTATCCCCACCACCTGAAG,0,0,0.004051891,0.082914747,0.081515342,357.5,162.4637983,0,-0.608695652,0,0,0,0
5977,TTCTTCCCAAAGCATGGCCAGGG,0,0,0.202479339,0,0.223971519,522.5,206.0324954,0,-0.739130435,0,0,0,0
5978,GTCATTTTAGTGTTTATCTGTAG,0,0,0.014979424,0,0.063452348,357.5,179.2124839,0.034782609,0.130434783,0,0,0,1
5979,GACATGTTTTCATTTGTCTTTGG,0,0,0.007064364,0,0.030434884,387.5,149.6933526,0,-0.152173913,0,0,0,0
5980,GAGCCACTGCACCCCGCCTGGGA,0,0,0.001174081,0,0.240647808,552.5,175.7886357,0.026086957,0.304347826,0,0,0,0
5981,GACATGTTTTCATAGTGCTTTAG,0,0,0.002697375,0.038560766,0.037875241,387.5,148.5635044,0.056521739,0.304347826,0,0,0,0
5982,GGGTCGGGGGAGTTTGCTCAGAG,0,0,0.101851852,5.659285714,5.659285714,567.5,183.1740801,0,3.608695652,0,0,1,0
5983,GGCACTGGGGTTGGAGGTGGGGG,0,0,0.197802198,0,3.176204819,537.5,212.2700993,0.034782609,-0.086956522,0,0,0,0
5984,GATGTGTGCGTGTGTGAGTGAAG,0,0,0.021272555,0.372455417,0.372455417,552.5,192.7257886,0,-0.717391304,0,0,0,0
5985,TGGATGGAGGAATGAGTAGATGG,0,0,0.140625,0,0.918781627,500,163.476289,0,0.608695652,0,0,0,0
5986,GCCCTGTCTTCATTGTTCTTAGG,0,0,0.152521009,0,0.697447183,552.5,177.8489831,0,-0.02173913,0,0,0,0
5987,TGCAGGGAGGAATGAGAAGAGAG,0,0,0.033504273,0,0.250637503,485,159.259969,0,-0.369565217,0,0,0,0
5988,TGAGTGTGAGTGTGAGCGTGAGG,0,0,0.15037594,0.411084498,0.397208228,522.5,203.1766584,0,0.282608696,0,0,0,0
5989,TGAGTGTGAGTGTGAGCGTGAGA,0,0,0.010442774,0,0.397208228,522.5,203.1766584,1,2.239130435,0,0,0,0
5990,ACGGTGGGGGAATGAGGAGTTGG,0,0,0.317307692,1.38618677,1.364942529,620,214.986583,0,-0.413043478,0,0,0,0
5991,AACCCCTTCCACCCTCCCTCCAG,0,0,0,0,0.049848983,455,185.3213717,0,-0.130434783,0,0,0,0
5992,ACCTGCCCAAGGCCTGGGCAGGG,0,0,0.0468,0.178584677,0.172235,455,186.258263,0,0.391304348,0,0,0,0
5993,AGTGTGTGTGTGTGTGCTTGTGA,0,0,0.009090909,0,0.189613667,552.5,188.5285664,0,-0.217391304,0,0,0,0
5994,GGTGTGTGTGTGTGAGCGAGTGG,0,0,0.036090226,0,0.07753416,455,168.9968781,0.073913043,-0.369565217,0,0,0,1
5995,CCCTATTCCCCATCCACCTTCAG,0,0,0.074074074,0,0.581724684,522.5,205.3125425,1,-0.586956522,0,0,1,0
5996,CCCTGTGTCTCTCTGAGGATGGG,0,0,0.066347688,0.003468588,0.003468588,330,166.5660474,0.17826087,0.282608696,0,0,0,0
5997,ATGAACATCAGTGAGCTGTGGGA,0,0,0.002908357,0,0.029843878,417.5,147.0776461,0,-0.543478261,0,0,0,0
5998,GTCTCCCTCCACCCCACCCCCAG,0,0,0.041611517,0,0.085785,485,170.0499742,0,-1.02173913,0,0,1,0
5999,GGTGAGTGTGTGTGGGTTTGTAG,0,0,0.002419753,0,0.017678619,387.5,154.6237537,0.152173913,0.326086957,0,0,1,0
6000,CGAGTGCGGAGAGGGGAGGCTGG,0,0,0,0.093466227,0.093466227,522.5,200.9778542,0.286956522,0.282608696,0,1,0,0
6001,AAAGGAGAAGATGAGGAAGAGAG,0,0,0.00315072,0,0.094473225,387.5,158.8761885,0,-0.152173913,0,0,0,0
6002,AGTGTGTGAGTGTATGTGTGTGA,0,0,0.007954545,0,0.090827917,455,185.2863843,0,-0.065217391,0,0,0,0
6003,GGCTCTTTGCCCCCCACCATGGG,0,0,0.032379084,0.155457617,0.149930235,455,176.5361193,0,-0.217391304,0,0,0,0
6004,GACCCCCACCCACCCACCTCTGG,0,0,0.228571428,0,0.064106328,357.5,184.865573,0,-0.347826087,0,2,0,0
6005,GACTCCTTCGCACCCACTTTCAG,0,0,0.04285277,0.176049046,0.172919285,552.5,186.7589463,0.095652174,-0.304347826,0,0,0,0
6006,GACGCCGAAGCCGAGTCTCTCAG,0,0,0.008303382,0,0.094473225,387.5,158.8761885,0,0,0,0,0,0
6007,GAACACATAGCATAGGAGGCAAG,0,0,0.003323837,0,0.018569524,442.5,152.4023128,0.230434783,0.304347826,0,0,0,0
6008,GGGTTGGAGGTATGAGCAGTTAG,0,0,0.011425157,0,0.33831875,455,191.1102052,0.382608696,-0.173913043,0,0,0,0
6009,CTTGCCTACCCCCTACTCACGAG,0,0,0.058054226,0,0.648306325,522.5,203.1523462,0.017391304,-0.130434783,0,0,0,0
6010,TGGAGGGAGGAATGGGGGGAAGG,0,0,0.0936,0,0.034681612,387.5,141.1437252,0,0.086956522,0,0,0,0
6011,TGTGTGTGAGTGTGTTTGTGTAG,0,0,0,0,0.104848333,485,179.637143,0.252173913,-1.108695652,0,0,0,0
6012,ATAAATACTAGTGAGAAGAGTGG,0,0,0.553977273,0,0.094234184,552.5,195.6378098,0,-0.065217391,0,0,0,0
6013,CTGGTCCCACAGAGCACTAATGG,0,0,0.069107363,0.22854304,0.220828507,455,186.8982484,0.091304348,0.065217391,0,0,0,0
6014,GACTTCTTTTCATTTGTTTCAAG,0,0,0.005619381,0,0.008216393,387.5,160.4952353,0.013043478,-0.173913043,0,0,0,0
6015,TTCATCGTAGACATTTCCTGCAG,0,0,0,0,0.103232035,455,193.2983096,0,0.413043478,0,0,0,0
6016,GACTGCAAGCTGAAGAAGAAAGA,0,0,0.004930966,0,0.510158313,522.5,208.7704155,0,0.152173913,0,0,0,0
6017,ATAAATACCAGTGAGTGGAATAG,0,0,0.029871323,0,0.151635689,485,158.762305,0.134782609,0.02173913,0,0,0,0
6018,TGGATGAATGAATGAGGATCTGG,0,0,0.032323232,0,0.082397692,485,144.971439,0.230434783,0.108695652,0,0,0,0
6019,AGTGAGTGTATGTGTGAGTGGGA,0,0,0.016333333,0,0.343031439,552.5,189.2623722,0.539130435,2.608695652,0,0,0,0
6020,GACAATGAAGCTGAGTTTTGAAG,0,0,0.008092126,0,0.196530015,455,171.2719956,0.017391304,-0.195652174,0,0,0,0
6021,CCTGCACATCCAGAGACACAGAG,0,0,0.103443287,0.778438874,0.778438874,625,214.724096,0,-0.5,0,0,0,0
6022,GGAAAAGACCCCTCATCCTTTGA,0,0,0.002741228,0,0.093634499,357.5,170.7085791,0,-0.108695652,0,0,0,0
6023,GGTCCCTGAGTGTGTGAGTGAGG,0,0,0.084224599,0.356135327,0.350124604,555,194.2659849,0,0.260869565,0,0,1,1
6024,TCCTCCTCCCCACCCACCTTCAG,1,0.17451641,0.235690235,1.576817558,1.538821954,627.5,215.514199,0,-0.086956522,0,0,0,0
6025,GGTGTGGTAGTGTGTGCCTGGAG,0,0,0.016504918,0,0.201225633,552.5,187.005349,0,0.108695652,0,0,0,0
6026,ACCTGACCCAAGCCTGGCCACGG,0,0,0.286530612,0.520512228,0.50455783,620,212.1659156,0,-0.130434783,0,0,0,0
6027,GTCACCTCCAGTGAACAGGCAGA,0,0,0.002865961,0,0.015263278,290,144.3368689,0.382608696,-0.130434783,0,0,0,0
6028,TGGGTGGGGGAAGGAGGAGAGAG,0,0,0.017436594,0.260141488,0.25551675,455,168.5896626,0.017391304,-0.065217391,0,0,0,0
6029,TCCTCCCCCAGGCCTGGCCTTGG,0,0,0.222857143,0.241034293,0.236507827,455,171.872536,0.552173913,-0.195652174,1,0,0,0
6030,TTGGGGGGGCAGTTTGCTCCTGG,1,0.0719,0.159090909,1.317695783,1.317695783,620,213.0946636,0.443478261,0.217391304,0,0,0,0
6031,GTCTCCACCAGTGACCAGGGAGG,0,0,0.241287879,0.098005097,0.098005097,455,192.4247096,0,-0.130434783,0,0,0,0
6032,GGCACTGGGGGTGGTGGGGGCGG,0,0,0.010714286,0,0.041709922,357.5,170.2397445,0,-0.891304348,0,0,0,0
6033,GGCACTGCTGCTTGAGTTTGTGG,0,0,0.026666667,0,0.041027871,387.5,154.0067881,0.495652174,-0.630434783,0,0,0,1
6034,CCCTGAGTCACTGCATGGAGGAG,0,0,0.014565826,0,0.052040787,455,163.645495,0,-0.130434783,1,0,1,0
6035,GGGTGGGGGGAGTTCGGTGGGGG,0,0,0.000117962,0.018220116,0.017686193,320,116.1212675,0,-0.152173913,0,0,1,0
6036,CATTCCCTACAGGGCAGTTAGGG,0,0,0.144970414,0.517137097,0.49875,552.5,184.2385831,0,0.304347826,0,0,0,0
6037,GCCTCCAGGAAGCCTGGCCTGGA,0,0,0.013392857,0,0.261579976,555,172.619622,0,-0.304347826,0,0,0,0
6038,GGGAGGGAGAAATGAGGAGTTAG,0,0,0.148130971,0,2.461181435,627.5,214.1199436,0.017391304,0.065217391,0,0,0,0
6039,GGCACTGGAGCTGCAGGAGGTAG,0,0,0.030612245,0,0.02552931,455,175.0778848,0.008695652,0.152173913,0,0,0,0
6040,GCCACTGCAGCTAGAGGTGGAGG,0,0,0.410819949,0,0.665582667,530,206.7008991,0,0.130434783,0,0,0,0
6041,TCCACTTCCCCACTCACCTTCAG,0,0,0.090534979,0.227816524,0.223971519,522.5,203.5873984,0,-0.391304348,0,0,0,0
6042,ATGAACATCAGTGAGTAAATAGA,0,0,0.029447115,0,0.243021596,492.5,154.7392498,0.013043478,-0.282608696,0,0,0,0
6043,GCTGTCTCCCCTCTACTGACTGA,0,0,0.002151954,0,0.285817,552.5,187.4966103,0,-0.608695652,0,0,0,0
6044,CCAGTGTGTAGAGATGAGTCCAG,0,0,0.003780864,0.012913942,0.012913942,357.5,160.222613,0.134782609,0,0,0,0,0
6045,AAATCAGAGGATGAGGCAAAAGA,0,0,0.005196523,0,0.142338831,455,175.4877993,0,-1,0,0,0,0
6046,TCTGAATGAGTGAGTGCGTGAGA,0,0,0.033284023,0,0.351943434,522.5,207.6746955,0,-0.347826087,0,0,0,0
6047,AAAAAAAAAGAAGAGGCATAGAG,0,0,0.049382716,0,0.34064625,552.5,183.9068993,0.004347826,-0.282608696,0,0,0,0
6048,GAGCCATTCCACCCGGCCTCTGA,0,0,0.001309834,0,0.164132398,522.5,200.2958136,0,0.217391304,0,0,0,0
6049,AATGAGCACTTCCTCCTCCAAGA,0,0,0.000465354,0,0.061528511,357.5,170.9366118,0,-0.173913043,0,0,0,0
6050,ATGAACACCAGTGTTCATAGCAG,0,0,0.00877915,0,0.001756701,325,150.6420346,0,-0.217391304,0,0,0,0
6051,AAATGAGAAGGAGAGGCCAGGAG,0,0,0.010519763,0,0.020443309,345,119.6609832,0.426086957,-0.413043478,0,0,0,0
6052,GAACAGAAAGCATAGCATGTGAG,0,0,0,0,0.025112337,417.5,142.0018791,0.004347826,-0.52173913,0,0,0,0
6053,GAAAGCCCTAATGCAGCACCTGA,0,0,0.024175824,0,0.73132116,522.5,206.4498599,0.586956522,-0.065217391,0,0,0,0
6054,AATTTGTTTTCATTGTTGTAAAG,0,0,0.010694444,0.137365486,0.134785853,485,156.1110668,0,0.173913043,0,0,0,0
6055,TGTGAGTGGGTGTGTGAGCGTGA,0,0,0.005959983,0,0.123933228,485,163.5061086,0,-0.239130435,0,0,0,0
6056,GAAAACACAGCATGGACCGCGGA,0,0,0.005012531,0,0.043898418,455,178.1640651,0.126086957,0.413043478,0,0,0,0
6057,GGTGGGTGAGTGAGTGAGTGGAG,0,0,0.060307692,0.443021127,0.443021127,462.5,188.6262484,0,-0.5,0,0,0,0
6058,GGCACTGGGGGTGGCTGTGGTGG,0,0,0,0,0.034919707,357.5,178.3746519,0.004347826,-0.304347826,0,0,0,0
6059,GACCTCCTCCTCCCAGCCTCAAG,0,0,0.0112809,0,0.418675556,432.5,198.6745747,0,-0.434782609,0,0,0,0
6060,AATTCAGAAGAAAAGGCAGAGAG,0,0,0.016591252,0.19375862,0.190314023,455,177.1363595,0,0.130434783,0,0,0,0
6061,TTCACCGAATCAGAGATTTTAGG,0,0,0.537190082,0,0.250819,552.5,196.6798377,0.226086957,0.152173913,0,0,0,0
6062,TGGATGGAGAAGTGAGTGGTAAG,0,0,0.017475994,0,0.046671945,387.5,160.0827188,0.37826087,0.434782609,0,0,0,0
6063,CCCTCTGCCTGTGGCTGGATTGG,0,0,0.053571429,0.216280102,0.212805723,425,194.3747578,0.008695652,0.347826087,0,0,0,0
6064,GGGATGCCTTCCCCAGCACCCAG,0,0,0.031599466,0,0.162503936,425,199.670595,0,0.173913043,0,0,0,0
6065,CCCTCTGGCTCAGGATGGAGAAG,0,0,0.021089325,0.324843,0.324843,455,169.9581627,0.030434783,0.108695652,0,0,0,1
6066,AATGAACAGTGTATCCTCAAGGA,0,0,0.013971561,0,0.137774561,425,199.5080515,0.87826087,-0.195652174,0,0,0,0
6067,GGCCCTGACTGAGCAGATGAGGA,0,0,0.007122507,0,0.112770207,492.5,180.339479,0.008695652,0.152173913,0,0,0,0
6068,TCCATCCATCCTGGGAGACAAAG,0,0,0.002372307,0,0.044687335,357.5,178.8586038,0,0.52173913,0,0,0,0
6069,AGTCTGTGAGTGTGTGTGTGAGA,0,0,0.005614973,0,0.609583333,552.5,196.0519689,0,-0.608695652,0,0,0,0
6070,TGAATGGAAAAATGAAGAGTAAG,0,0,0.116666667,0.145916752,0.143454022,552.5,192.4320573,0.008695652,-0.108695652,0,0,0,0
6071,AAATGAGAAGTAAAGGCAGATGA,0,0,0.002465483,0,0.180800032,365,173.9225958,0.073913043,-0.065217391,0,0,0,0
6072,CCCTCCCAGCTAGAGACACATGG,0,0,0.121212121,0.470062865,0.462858836,522.5,206.8482159,0.013043478,0.304347826,0,0,0,1
6073,GGCAATGCGGCTGGGCATGGTGG,0,0,0,0,0.026676601,412.5,165.4301215,0.269565217,0.826086957,0,0,0,1
6074,TGGATGGAAGAATAAGTAGGAAG,0,0,0.005514706,0,0.02091124,387.5,145.477324,0,-0.195652174,0,0,0,0
6075,ATCTTATTAGTCAGTACCTGTGA,0,0,0,0,0.135502769,522.5,204.9012314,0.013043478,-0.239130435,0,0,1,0
6076,AGTGGGTGAGTGGGTGCCTGAGG,0,0,0.080496894,0,0.120099,455,182.9890262,0.304347826,0.195652174,0,0,0,0
6077,TGGCAGGGGGAATGAGGAGAGGA,0,0,0.005055147,0,0.66025,552.5,176.8006631,0,0.239130435,0,0,0,0
6078,CCTGCCTCAGCACTACTGCCTAG,0,0,0.004904215,0,0.026553909,387.5,151.352786,0,-0.282608696,0,0,0,0
6079,TGTGTGTGAGTATGTGTGTGTGG,0,0,0.158383839,0,0.299915,455,189.2094685,0,-0.239130435,0,0,0,0
6080,AACATCAATGTCCACCCCATAGA,0,0,0.038690476,0,0.302593584,530,206.3776346,0.956521739,6.543478261,0,0,1,0
6081,GGGGAATGAGTGTGAGCGAGGGA,0,0,0.005743525,0,0.079735182,455,171.9309945,0,0.543478261,0,0,0,0
6082,GCCTCCAGAAAGACTGGGCACAG,0,0,0.006410256,0.0765818,0.074121341,455,178.7943484,0,0,0,0,0,0
6083,AGATGAGGAGATGAGGCACCTGG,0,0,0.044444444,0.343144014,0.343144014,455,171.0064827,0,-0.02173913,0,0,0,0
6084,GGCTCCCCAATCCCTGTCCAGGG,0,0,0.028329727,0.166452825,0.166452825,357.5,184.0277048,NA,-0.586956522,0,0,1,0
6085,AAATGCAAAGAAGAAGCAAATGG,0,0,0.183346066,0,0.052435807,455,170.0758137,0,-0.195652174,0,0,0,0
6086,AGTGTGTGCATGTGTGCGTGTGA,0,0,0.012121212,0,0.805112123,620,208.9601632,0,-0.282608696,0,0,0,0
6087,TATCAGAAAGCACAGACTGCGGG,0,0,0.278637771,0.347016225,0.347016225,522.5,207.3866955,0,-0.413043478,0,0,1,0
6088,TCATCCCCAAAGCCTGGAAATGG,0,0,0.2,0.101816651,0.101816651,485,162.5006668,0.417391304,-0.239130435,0,0,1,1
6089,TGGATGGATGGATGAGTGGTGGG,0,0,0.034666667,0,0.036610572,387.5,162.6006916,0,-0.97826087,0,0,0,0
6090,GGCCCTGCAGCTGGAGAGGGAGG,0,0,0.070588235,0,0.069304995,485,167.9571753,0,-0.608695652,0,0,0,0
6091,TGTGAGTGGGTGTGTGCGGGGGG,0,0,0.166666667,0,0.688669492,560,185.6922197,0.052173913,-0.717391304,0,0,1,0
6092,TGGATGGATGGATGAGTGGTGGA,0,0,0.002407407,0,0.036610572,387.5,162.6006916,0,0.260869565,0,0,0,0
6093,AAAAGAGAAGAGATGGCACAAAG,0,0,0.043895747,0,0.040589889,362.5,189.4717944,0.343478261,-0.02173913,0,0,0,0
6094,GACAGAGATGGAGAGTTTTTAAG,0,0,0.021666667,0.280029596,0.280029596,522.5,205.9358319,0.017391304,-0.434782609,0,0,0,0
6095,GGTACTGCTGCTGGTGGTGGTAG,0,0,0.019012346,0,0.48007121,530,201.7051981,0,-0.152173913,0,0,0,0
6096,TAGATGGGAGAATGAGCAGTTGG,0,0,0.093859082,0,0.372455417,552.5,190.9142916,0,-0.108695652,0,0,0,0
6097,GATGTGTAAGTGTGTGGGTGGGG,0,0,0.018099547,0.609583333,0.609583333,552.5,193.585752,0,-0.195652174,0,0,0,1
6098,GGGTGGGGGAAGGTCACTCCGGG,0,0,0.066403162,0.022425813,0.022425813,357.5,173.2134956,0,-0.217391304,1,0,1,0
6099,TGAGAGTGAGTGTGAGCGTAGAG,0,0,0.100511696,0,0.184299023,455,167.3273785,0,-0.065217391,0,0,0,0
6100,CACCCCCTCCCTCCCACCTCTAG,0,0,0.03988604,0,0.07436334,357.5,187.96539,0,-0.239130435,0,0,0,0
6101,ATCACCTTAGTCCTTACTTGTAG,0,0,0.031578947,0,0.120099,455,182.9890262,0.039130435,-0.130434783,0,0,0,0
6102,GAGTCCAAGAAGAAGAAATAAAG,0,0,0.083760684,0.058378574,0.058378574,485,155.6537496,0.008695652,0.326086957,0,0,0,0
6103,GGTGAGTGGGTGTGTGTGCGCGG,0,0,0.085823755,0,0.208575033,492.5,164.7061086,0.052173913,0.065217391,0,0,0,0
6104,GGTGTGTGTGTGTGTGAATGAGG,0,0,0.070489511,0,0.069304995,485,167.5424553,0,-0.543478261,0,0,0,0
6105,GGAACCCAAGCTGCAGCACCAGA,0,0,0.020957341,0,0.734333036,622.5,205.8603463,0,-0.195652174,0,0,0,0
6106,AATGACCTCTATAATCTCAAGAG,0,0,0.002469136,0.027233779,0.026816403,327.5,182.5378764,0.008695652,3.152173913,0,0,0,0
6107,GACTTTTAATCATGGTTCTCAGA,0,0,0,0,0.075179117,522.5,198.715234,0,-0.956521739,0,0,0,0
6108,GAAGACCAAGGATAGACTGCTGG,0,0,0.0546875,0,0.964154618,530,210.9131355,0.360869565,0.326086957,0,0,0,0
6109,GGGACTGCTACAGGAGGTGGGGG,0,0,0.199111111,0,0.390569552,522.5,202.0043828,0,-0.782608696,0,0,0,0
6110,CCCGTGAGTAGAAGGGGGGCAGA,0,0,0,0,0.032903448,357.5,176.5473837,0,0.173913043,0,0,0,0
6111,AAATCAGAGGAAGAGGAGCATGG,0,0,0.097777778,0,0.069304995,485,167.5424553,0,-0.260869565,0,0,0,0
6112,CTTGCTCCAAGGGGCAGGAACAG,0,0,0.045205761,0.091110952,0.091110952,455,180.7688626,0.356521739,-0.347826087,0,0,0,0
6113,CATGCCCTACAAGGCAGTTATGA,0,0,0.025839634,0,0.245385,455,177.3960827,0,-0.869565217,0,0,0,0
6114,GCCTCCCAAAAGCCCAGACAAGA,0,0,0.006628788,0,0.012926318,387.5,159.1814023,0.004347826,-0.173913043,0,0,0,0
6115,GATGAGTGTGTATGTGAGTGTGA,0,0,0.015356125,0,0.183248065,455,186.2980081,0,-0.065217391,0,0,0,0
6116,ACCATCCATAAAGAGACATACAG,0,0,0.077777778,0,0.269301292,455,177.2301799,0,0.239130435,0,0,0,0
6117,GAGACCTTCCAGAAGAAGAAGAG,0,0,0.016280016,0.561010401,0.544570536,622.5,208.8836219,0,0.347826087,0,0,0,0
6118,AAAAATAAAGAAGAGGCACAGGG,0,0,0.29478458,0.539222871,0.539222871,625,212.8689152,0,0.02173913,0,0,0,0
6119,AATGACCTCACCATTCTCAAGGG,0,0,0.009795918,0,0.186982849,425,190.6713413,0,-0.086956522,0,0,0,0
6120,TGTATGGAGGAATTCAGAGTAGA,0,0,0.002525253,0,0.010179652,392.5,175.5373679,0.013043478,0.02173913,0,0,0,0
6121,GGTGTGTGAGTGAGTGAGTGCAG,0,0,0.03045843,0,0.443021127,462.5,188.6262484,0,-0.52173913,0,0,0,0
6122,GTGTGGGGGGACTTTGCTTTTAG,0,0,0.012093789,0.108090364,0.108090364,387.5,143.3582997,0,0.043478261,0,0,0,0
6123,GTTGCCTCACATGGCAGAAAGGA,0,0,0.013209541,0,0.104283172,455,183.6773855,0,-0.304347826,0,0,0,0
6124,GACTCAGAGCAGAGCAAGAAAGA,0,0,0.003156566,0,0.035806336,425,191.0398098,0,-0.043478261,0,0,0,0
6125,CACTAGTTTTCATAATTCTCCAG,0,0,0.053947505,0,0.060024367,425,192.0654738,0,-0.152173913,0,0,0,0
6126,GCCCCTCTCCCATCCCCCTTCAG,0,0,0,0.068338689,0.068338689,455,189.1554728,0.086956522,-0.260869565,0,0,0,0
6127,AGGAAGGAGGAAGGAGGAGGGAG,0,0,0.005967604,0,0.26991206,455,171.2747595,1,3.673913043,0,0,0,0
6128,CATTCCCAGCAGAGGAAGAAGGA,0,0,0.007957176,0,0.150830932,522.5,204.6496346,0.013043478,-0.086956522,0,0,0,0
6129,GACTTGTTCATATTGTTTTCTAG,0,0,0.04057481,0,0.087580097,457.5,178.5950662,0.413043478,0.130434783,0,0,0,0
6130,GGGGAGGGGAAGTTTGCTCCTGG,1,0.00151,0.505555556,0,2.342570281,627.5,213.2463436,0,0.043478261,0,0,0,0
6131,AAATGGGAAGAAAAGTAACACGA,0,0,0,0,0.022182528,387.5,169.6401585,0,-0.195652174,0,0,0,0
6132,TACTTGTTTTCATTGTCTTTAGA,0,0,0.009453781,0,0.052629364,417.5,135.6529557,0.004347826,0.043478261,0,0,0,0
6133,CCAGTGAGTAGAGAACAGGAAGA,0,0,0,0,0.003909308,325,138.927768,0,-0.152173913,0,0,0,0
6134,GAGATGGAGGAGTGAGAAGTAGA,0,0,0.03788692,0,0.299915,455,190.2577885,0,0.260869565,0,0,0,0
6135,AAAGGAGAAAAAGATGCAGATGG,0,0,0.010416667,0,0.123105465,455,168.3796421,0,0.413043478,0,0,0,0
6136,AAATGAGAAGAGAATGCAGATGG,0,0,0.011904762,0,0.021939957,260,157.0295575,0,-0.108695652,0,0,1,0
6137,CTGAACAGAAGTGAGGAGAGCAG,0,0,0.042386185,0,0.166395667,552.5,194.8519768,0,0,0,0,0,0
6138,GTCATCTGAGACCTTACCTATGG,0,0,0.108552632,0,0.134631452,357.5,163.2331789,0.086956522,-0.260869565,0,0,0,0
6139,TGCATGCAGGGATGAGGAGAAGG,0,0,0.096679688,0,0.246773779,455,172.9211356,0,-0.260869565,0,0,0,0
6140,GAATGAAAAAAAGAGACACAAGG,0,0,0.933333333,0.171309377,0.171309377,552.5,194.5366569,0,0.130434783,0,0,0,0
6141,TGGATTCAGAAATGAGGAGCTGG,0,0,0.038888889,0.246882982,0.238549379,552.5,172.9014989,0,-0.369565217,0,0,0,0
6142,GTCTCTTTCCCATCTACTTTCAG,0,0,0.007070707,0,0.032186532,357.5,169.8303246,0,-0.217391304,0,0,0,0
6143,CCCTGTGTCTTTGGCTCCATTGG,0,0,0.009402362,0.01555845,0.015320006,290,152.3534504,0.030434783,-0.217391304,0,0,0,0
6144,TGGAGGGAGGATGGAGGAGATGG,0,0,0.031304348,0,0.125714241,357.5,163.5586591,0.643478261,-0.5,0,0,0,0
6145,GGGCGGGGGGTGTTCACTCCAGA,0,0,0.003770739,0,0.03845588,357.5,180.6008688,0.426086957,0.086956522,0,0,0,0
6146,GGGAGGGAGAGATGAGGAGTGGA,0,0,0.02579066,0,0.73132116,522.5,206.6898599,0,-0.586956522,0,0,0,0
6147,CCCTGAGTCACTGGCTGGAGGGG,0,0,0.035752483,0,0.093603563,455,161.0776581,0.313043478,-0.347826087,0,0,0,0
6148,TGTGAGTGTGTGTGAGTGTGTGG,0,0,0.162105263,0,0.099818052,455,180.047087,0.17826087,0.434782609,0,0,1,0
6149,GGAGAGAGAGTGTGAGCGAGTGA,0,0,0.007179407,0,0.09001509,455,171.3337977,0.460869565,0.782608696,0,0,0,0
6150,TGTATGGAGGAAGGAAGAGTGGA,0,0,0.009057971,0,0.195150231,462.5,193.0842536,0,-0.47826087,0,0,0,0
6151,TGTGAGTGTGTGTGAGTGTGTGA,0,0,0.01125731,0,0.099818052,455,180.047087,0,0.065217391,0,0,0,0
6152,TGCACCGCGGGTGGAGGTGTCAG,0,0,0.041245791,0,0.234185328,455,174.0463324,0.334782609,0.565217391,0,0,0,0
6153,CCCTATGTCTCTTCATGGTTTGA,0,0,0.004166667,0,0.027303248,357.5,166.0251749,0,0.5,0,0,0,0
6154,CTCTCTGTCTCTGGAGGGGTTGA,0,0,0.006438874,0,0.085785,485,169.6352542,0,-0.043478261,0,0,0,0
6155,AGTGAGTGAGTGTGAGAGAGGAG,0,0,0.018011696,0,0.054360238,387.5,153.2588674,0.008695652,-0.108695652,0,0,0,0
6156,GAGTGTGAGCAGAAGAGGATAGG,0,0,0.058991597,0.153788731,0.153788731,485,158.001985,0.22173913,0.5,0,0,0,0
6157,AAAGGAGAAGAAGAGTCCCAGGG,0,0,0,0,0.106223549,492.5,176.8146408,0,0.652173913,0,0,0,0
6158,TGGGTGGAGGGATGAGGATGGGG,0,0,0.047794118,0.117517405,0.115428206,387.5,144.2107164,0.67826087,0.304347826,0,0,1,0
6159,AATTGAGAAATAGAGGAACATGG,0,0,0.094600302,0,0.291673374,455,186.4640688,0,0.086956522,0,0,0,0
6160,AAATGAGCACAAGATCCACATGG,0,0,0,0,0.057947838,455,179.6129992,0,-0.391304348,0,0,0,0
6161,CGCGAGTGAGTGTGTGCGCGGGG,1,0.009389466,0.084447572,0,1.111338983,560,189.1240001,0,-0.5,1,0,1,0
6162,CCCATTGTCTCTGGCTGGGTCAG,0,0,0.003787879,0.133665,0.133665,455,172.0830585,0,0.043478261,0,0,1,0
6163,GGTGTGATAGTGTGTGCTTGCAG,0,0,0.034371493,0,0.201225633,552.5,187.005349,0,-0.043478261,0,0,0,0
6164,GATTTGTTTTAATTTTTCTGTAG,0,0,0.001123366,0,0.096830707,357.5,161.0972948,0.004347826,-1.239130435,0,0,0,0
6165,CTCATCCATTGATAGACACAGAG,0,0,0.016636958,0,0.283021289,425,198.2388593,0,-0.913043478,0,1,0,1
6166,GACATGTATTCATTGTTCATCAG,0,0,0.008465608,0,0.20797875,485,147.3409832,0,0.02173913,0,0,0,0
6167,GGCCTGGGGGAGTCTGCTCCAGA,0,0,0.001481362,0,0.210193223,525,204.8708954,0.991304348,-0.347826087,0,0,0,1
6168,TGGAGGGAGGAAGGTGGGGTCAG,0,0,0.003462802,0,0.030556834,357.5,168.7820046,0.67826087,0,0,0,0,0
6169,GGAATCCCTTCTTCACTCCCCGA,0,0,0,0,0.006554634,345,146.0028092,0.008695652,-0.217391304,0,0,0,0
6170,GGTGAGAGTGTGTGTGTGAGTGA,0,0,0.004861111,0,0.076074608,485,161.1229278,0.208695652,0.173913043,0,0,0,0
6171,GGCTGCTCAAAGCCAGGCCACGG,0,0,0.196338673,0.279868777,0.275145253,522.5,201.0814776,0,0.304347826,0,0,0,0
6172,TGGATGCAGGAATTGGGAGTGGG,0,0,0.119166667,0,0.07288292,432.5,192.170613,0,-0.347826087,0,0,0,1
6173,AAAAAAGAAGAAGAAGAACAGGG,0,0,0.181263617,0,0.155096519,455,181.8449474,0,0.239130435,0,0,0,0
6174,TGTGTGTGTGTGTGTGCATGCAG,0,0,0.039160839,0,0.189613667,552.5,188.5285664,0,0.043478261,0,0,0,0
6175,AAGCCCAAGCAGAAGGAGAAAGA,0,0,0.007777149,0,0.186003667,552.5,198.6547933,0.365217391,1.673913043,0,0,0,0
6176,GACTCAGAGCAAAAGAATAAAAG,0,0,0.057613169,0.091080587,0.091080587,455,183.7465823,0.382608696,0.152173913,0,0,0,0
6177,TGGATGGATGAATCAGTAGAAGA,0,0,0.002232143,0,0.02091124,387.5,145.477324,0,0.434782609,0,0,0,0
6178,GTTAATGCAGCTGGAGGTGGAGG,0,0,0.160714286,0,0.822304167,620,213.1838996,0,0.239130435,0,0,0,0
6179,GCTGGGTGAGTGTGAGCGAGAGG,0,0,0.082452285,0,0.133665,455,172.7166585,0.008695652,-0.97826087,0,0,0,0
6180,GGGCAAGAGCCAGCATCTTTGGA,0,0,0.006502601,0,0.059728305,485,158.1952864,0,-0.543478261,0,0,0,0
6181,TCAGTGAGAAGAGCTGAGGGAGA,0,0,0.000541883,0,0.114205581,455,163.8955981,0,-0.065217391,0,0,0,0
6182,TTCATCCATCCATATACACACAG,0,0,0.01010101,0.161348581,0.155902215,425,195.2536579,0,-0.282608696,0,0,0,0
6183,TGTGACTGTGTGTGTGTGTGTGG,0,0,0.190909091,0.229413998,0.225335527,552.5,192.4681246,0,1.391304348,0,0,0,0
6184,GGCACTGCCCCAGGAGGAGGTGA,0,0,0.007977208,0,0.077638572,455,177.1090495,0.191304348,0.413043478,0,0,0,0
6185,CTTGGCCCACAGGGCTATAAAAG,0,0,0,0,0.196898279,492.5,180.837143,0,0,0,0,0,0
6186,CCCATCCCTCCCGAGGCACAAGA,0,0,0.001506169,0,0.226140084,462.5,192.2956567,0.026086957,0.239130435,0,0,0,0
6187,TGTGAGTGTGTGAGTGAGTGTGA,0,0,0.013461538,0,0.144140246,455,184.754788,0,-0.913043478,0,0,0,0
6188,ACTTCCTTCCCACCCACCTTCAG,1,0.056499305,0.145833333,1.481577778,1.447518519,627.5,218.086016,0,-0.195652174,0,0,0,0
6189,AAATAATAAGAAGAGGAAGAAAG,0,0,0.007489712,0,0.12450836,485,163.7943882,0.256521739,-0.173913043,0,0,0,0
6190,GGTGCCTGAGGGTGTGAGTGCAG,0,0,0.016498316,0,0.194319155,455,188.9095012,0,0.065217391,0,0,0,0
6191,CAGTGGTTTTCATTGCTCTCAGA,0,0,0.010582011,0,0.268520667,552.5,200.0952541,0.117391304,-0.630434783,0,0,0,0
6192,GAGAGAGAGAAGAAGAAGAAGGA,0,0,0.015967498,0,0.760552802,622.5,210.2603596,0.056521739,0.217391304,0,0,0,0
6193,GGTGCGGGAGCGTGTGTGTGCAG,0,0,0.023723069,0.219371873,0.219371873,455,188.3123044,0.139130435,0.086956522,0,0,0,1
6194,GTCTCTTTTTTATTGTTCTCTGA,0,0,0.01036001,0,0.480400979,522.5,209.6556123,0.430434783,0.108695652,0,0,0,0
6195,TGTGAGTGTGAGTGTGTGTGTAG,0,0,0.054444444,0,0.206712756,455,188.0240249,0,-0.652173913,0,0,0,0
6196,AGGAAAAGCAGTGAGTATAGCAG,0,0,0.086666667,0.191149887,0.187751667,552.5,188.6508658,0,-0.239130435,0,0,0,1
6197,GGCACCGGGGGTGGCGGTGGGGG,0,0,0.039846517,0,0.128747462,425,193.8770938,0.008695652,0,0,0,1,0
6198,GGGTGGGAGGAGGGGGCTCCAGG,0,0,0,0.021421692,0.021093391,362.5,180.7546563,0.047826087,0.260869565,0,0,0,0
6199,TGGATGGAGGGATGGGTAGATAG,0,0,0.015403646,0,0.034164895,290,140.6391837,0.243478261,0.065217391,0,0,0,0
6200,CTTGCCTCACAGGGCAGCTGGGG,0,0,0.143382353,0.026885761,0.026431993,442.5,123.5078861,0,0.217391304,0,0,0,1
6201,GAGGCAGACCAGAAGAAGATTGA,0,0,0.013020833,0,0.244064714,552.5,175.4430357,0.947826087,2.304347826,0,0,0,0
6202,TCCTCCTTCCCACAGACCTTTGG,0,0,0.015909091,0.037583379,0.036314742,425,191.5678098,0,-0.260869565,0,0,0,0
6203,GTACACAAAGTACAGAGTGCTAG,0,0,0.002694244,0.130929356,0.130929356,357.5,182.2444847,0.243478261,-0.130434783,0,0,0,0
6204,GTTGTGTGAGTGTGTGTGTGAGA,0,0,0.007499235,0,1.213101161,560,197.8855689,0,-0.326086957,0,1,0,0
6205,GGCCCTGGGGCGGGAAGTGGCAG,0,0,0.029411765,0,0.127203797,455,190.2220567,1,4.52173913,0,0,1,0
6206,TGAGTGTGAGTGTGTGTGTGCAG,0,0,0.031425365,0.611927885,0.601049167,552.5,196.3975689,0.034782609,-0.369565217,0,0,0,0
6207,GAGACCTCCAAGGACAAGGGCAG,0,0,0.04985755,0.129804532,0.125422944,455,193.4274737,0.408695652,-0.130434783,0,0,0,0
6208,ATGAAGACAAGAGAGCAGAGCAG,0,0,0.059259259,0,0.044755422,455,188.4497093,0,-0.5,0,0,0,0
6209,AGTGAGTGTGTGCTTGCGTGTGG,0,0,0.113684211,0,0.052959633,425,194.1017145,0,-0.130434783,0,0,0,0
6210,GAACACAAAGCAGGGAGTTCTGA,0,0,0.000331534,0,0.009545153,290,146.3273838,0,-0.52173913,0,0,0,0
6211,TACTTGATATTATTGTTCTCAGA,0,0,0.017361111,0,0.33136789,522.5,206.6269551,0,-0.47826087,0,0,0,0
6212,AGTGTGTGGGTGTGTGTGTGGGG,0,0,0.101818182,0,0.372455417,552.5,192.9657886,0,-0.913043478,0,0,0,0
6213,TGTGAGAGTGTGTTTGCGTGTGA,0,0,0.009722222,0,0.093466227,522.5,201.2178542,0.039130435,0.173913043,0,0,0,0
6214,GGTGATTGTGAGTGTGCATGAGG,0,0,0.207692308,0,0.060443857,455,181.8008187,0.065217391,0.065217391,0,0,0,0
6215,ACAGTGAGTGGAGCAGAAGCAAG,0,0,0.093849506,0.079422881,0.076598956,455,174.5779087,0.034782609,0.173913043,0,0,0,0
6216,GAGGAGGAGAAGAAGAAGAAAAG,0,0,0.040123457,0,0.760552802,622.5,210.2603596,0.013043478,-0.282608696,0,0,0,0
6217,GTCAGCTTAGTCTTTACTCGAAG,0,0,0.008827586,0,0.035915682,387.5,152.2410262,NA,NA,0,0,0,0
6218,GGCCCTGAGTGAGGCCGTGAGGA,0,0,0,0,0.021118991,425,187.6080294,0.547826087,-0.282608696,0,0,0,0
6219,TGGACAGAGGAATGAAGAGTGAG,0,0,0.259259259,0,0.29290963,560,200.0372701,0,-0.326086957,0,0,0,0
6220,GGCCTTGGAGCTGGAGGTGGGGA,0,0,0.00644576,0,0.797321429,620,209.9784827,0.086956522,-0.260869565,0,0,0,0
6221,GTCAGCTTGGTCATTACCCAAGA,0,0,0.007662835,0,0.127075016,485,146.0662998,0,-0.304347826,0,0,0,0
6222,AAACATAAAGCATAAAATGCAAG,0,0,0.095163399,0.100626762,0.098837842,455,182.2208834,0,-0.043478261,0,0,0,0
6223,GGTGAGTGTGTGTGAATGTGTGA,0,0,0.01125731,0,0.014800608,412.5,162.7586611,0,0.065217391,0,0,0,0
6224,GTGAAAACCAGTGCCTAGAGGAG,0,0,0.014069264,0,0.036314742,425,191.5678098,0.030434783,-0.391304348,0,0,0,0
6225,ACATGAGAACTAGAGGCAGATGA,0,0,0.000839438,0,0.254938556,455,176.9901799,0,-0.239130435,0,0,0,0
6226,GGGAGGAAGGAATGAGAAGTTAG,0,0,0.148130971,0,0.416345417,552.5,194.5423881,0.956521739,5.413043478,0,0,0,0
6227,CCCTGTGGCTTTGCAGGGATCAG,0,0,0.008678501,0,0.019414315,357.5,180.9424888,0,-0.239130435,0,0,0,0
6228,AACACTGAGGCTGGCGGTGGGAG,0,0,0.035,0,0.402848101,522.5,201.6531615,0,-0.304347826,0,0,0,0
6229,GGGCAAGACTCAGCATTGGTTAG,0,0,0.005358623,0.108117457,0.104467922,485,166.9252192,0.02173913,0.217391304,0,0,0,0
6230,GACAGCGGTGAGTAGAGGGGTGA,0,0,0.003921569,0,0.211957667,552.5,190.1051659,0,-0.108695652,0,0,0,0
6231,GCCTCCCCCAGGCCTGGACAGAG,0,0,0.051851852,0.182226121,0.177612802,462.5,184.7868027,0,0.282608696,0,0,0,0
6232,ATGAATACCAGAAAGTAGAAGGG,0,0,0.642857143,0.074728607,0.072206123,357.5,163.0609951,0.004347826,-0.282608696,0,0,0,0
6233,AAATAGTCAGAAGAGGCACAGGG,0,0,0.151603499,0,0.539222871,625,210.6426982,0,-0.260869565,0,0,0,0
6234,GGTGAGCGAGTGTGGGTGAGGAG,0,0,0.001188272,0,0.033368241,387.5,150.8756866,0,0.043478261,0,0,0,0
6235,CTTGCCCCCCAGGAAAGTGAAGA,0,0,0.002480159,0,0.010995838,357.5,158.6460135,0,-0.52173913,0,0,0,0
6236,ACATGTGAAGATGAGTCACAGGA,0,0,0,0,0.076958297,455,192.1694897,0.043478261,-0.260869565,0,0,0,0
6237,CACTTGTTTTCATGGTTCTATGA,0,0,0,0,0.222321469,462.5,171.6232154,0.047826087,-1.086956522,0,0,0,0
6238,GACTTCTTCCACCCCACCTCTAG,0,0,0.107239057,0,0.176585759,552.5,197.3664733,0,-0.239130435,0,0,0,0
6239,GAACCCCTCGGCCCCGCCGCTGG,0,0,0.054768519,0,0.251369416,455,176.7021799,0.530434783,0.47826087,0,0,1,0
6240,AGGAGGGATGAATGAGAAGTCAG,0,0,0.082594239,0.379196691,0.372455417,552.5,192.9657886,0,-0.152173913,0,0,0,0
6241,GGGTCGGGGGAGTGGGCTCCAGG,0,0,0,0.112401185,0.112401185,432.5,193.2654738,0.208695652,-0.673913043,0,0,1,1
6242,TGGATGGAGGAGAGAGCAGCTAG,0,0,0.002772826,0,0.041724123,290,143.860868,0.47826087,0.260869565,0,0,0,0
6243,GGCACTGGGGAGGGAGGGGGCAG,0,0,0.020833333,0,0.076571946,357.5,176.7306656,0,-0.108695652,0,0,0,1
6244,ATTGACTACTACATCTTCCATGA,0,0,0.00261233,0,0.058591155,485,168.5403934,0,-0.391304348,0,0,0,0
6245,GACTTGTTTTCTTTTTCCTTAGG,0,0,0.010084034,0.029807876,0.028894225,290,139.153167,0,0.108695652,0,0,0,0
6246,GTCACCCAAGTAGAGCTTTTGGA,0,0,0.007122507,0,0.098005097,455,193.0583096,0,-0.217391304,0,0,0,1
6247,GACACCGAAGCAGAGGATACAGG,0,0,0.004795205,0.011519626,0.01135084,350,113.0398632,0.004347826,-0.217391304,0,1,0,0
6248,GCCTATTTCCCACCAAACTATGA,0,0,0.002314815,0,0.068124595,387.5,145.5809474,0.052173913,0.347826087,0,0,0,0
6249,GCACCTGCGGCTGGAGGTGGCAG,0,0,0.054901961,0,2.287423687,630,218.7584,0.169565217,0.391304348,0,0,0,0
6250,AAATGTGAAACTGAGGCACAGGA,0,0,0.006172839,0,0.207676548,460,198.4760954,0,0.02173913,0,0,0,0
6251,CTAAGAGAATAAGAGGCACACAG,0,0,0.062530062,1.317695783,1.317695783,620,213.0946636,0,-1.195652174,0,0,0,0
6252,GTTGACTGAGCGTGTGCCTGTAG,0,0,0.035710642,0,0.104202175,455,185.520599,0.104347826,0.195652174,0,0,0,0
6253,GGTGAGGGAGTGAGTGGGTGAGG,0,0,0.023955283,0,0.286445647,462.5,187.5313876,0.826086957,1.043478261,0,0,1,0
6254,CCCTAAGTCTCTGCATGGGTAGG,0,0,0.120714286,0,0.042683372,455,173.7385114,0,-0.217391304,0,0,0,0
6255,GGGGTGGAAGTGTGTGCGTGAGA,0,0,0.007427213,0,0.878799588,620,211.9006822,0,-0.652173913,0,0,0,0
6256,TGTGAGCGTGTGTGTGTGTGTGG,0,0,0.1925,0,0.25438705,552.5,191.8709278,0,0.434782609,0,0,0,0
6257,AGCAGCAGTGAGGAGAGCAGAGG,0,0,0.089440994,0.200132056,0.19301625,455,177.4243595,0.2,0,0,0,0,0
6258,GGAAAAGACCCAGAATGAGTGGG,0,0,0.00831448,0,0.01755304,387.5,160.623371,NA,0.260869565,0,0,0,0
6259,GGTGAGTGAGCAGGTGGGTGAGA,0,0,0.000663067,0,0.055532106,295,174.7683842,0.004347826,-0.217391304,0,0,0,0
6260,GTGTCCCCACAGCCTGGCCTTAG,0,0,0.023569024,0.633355972,0.633355972,552.5,176.3026637,0.008695652,0.130434783,0,0,0,0
6261,CACTCCCCACACCCTGGCCAAAG,0,0,0.023767083,0.669826867,0.648306325,522.5,206.2521631,0.1,-0.347826087,0,0,1,0
6262,GACTTGTTTTTACTGTTGTGAGG,0,0,0.001905216,0.025116065,0.025116065,290,140.9096625,0,0.282608696,0,0,0,0
6263,CAGTCATAGCAGAAGATGAAGGA,0,0,0.00350934,0,0.251888977,552.5,194.0447241,0,-0.173913043,0,0,0,0
6264,GAAAGAGAGGAACAGGCACAGAG,0,0,0.034654538,0.355433782,0.355433782,522.5,204.8672991,0.043478261,0,0,0,0,0
6265,AAAACCCAAGCAGATTTTTTGAG,0,0,0.019861111,0,0.27129322,522.5,202.0817976,0,-0.065217391,0,0,0,0
6266,CCAGGGATTAGAGGGGAGGGAGG,0,0,0,0,0.09837725,455,166.0350785,0,-0.369565217,0,0,0,0
6267,ATTAACCACAGTGATTAGAGCAG,0,0,0.005266204,0.27129322,0.27129322,522.5,198.9819807,0,0.108695652,0,0,0,0
6268,AGTGAGTGAGTGTGTGTGACTGA,0,0,0.003571429,0,0.084582907,417.5,130.3282891,0.008695652,0.347826087,0,0,0,0
6269,TATATGGGTGAATGAGGAGTAAG,0,0,0.042899652,0.835102675,0.822304167,620,211.3724027,0.42173913,0,0,0,0,0
6270,AAGAACAGCAGAGAGGAGAGAGA,0,0,0.010460693,0,0.127203797,455,190.8556567,0,-0.260869565,0,0,0,0
6271,TGGTTGGAGGACTGAGGTCTGAG,0,0,0.009731312,0,0.04809546,387.5,154.4389663,0.786956522,0.065217391,0,0,0,0
6272,GGAGAAGGAGTGTGTGTGTGCAG,0,0,0.050835149,0.244024321,0.235787213,552.5,193.5167241,0.091304348,0.586956522,0,0,0,0
6273,TGGAGGGAGGCCTGAGGAGGGGA,0,0,0.000825593,0,0.180287865,357.5,166.8278959,0,-0.608695652,0,0,0,0
6274,AAATGGGAAGAACAGACACTAGA,0,0,0.012531328,0,0.025242791,387.5,153.4886696,0,-0.217391304,0,0,0,0
6275,CCTGGCTCCCCTCCACTCCCTGG,0,0,0.014187192,0.067247453,0.064977497,455,170.532759,0.704347826,3.326086957,1,0,1,0
6276,ACCTTCACCAAGCCTGGCCAGGA,0,0,0.017045454,0,0.569608261,620,211.5687188,0,-0.260869565,0,0,0,0
6277,CCCATGCTTCCACAGACACAGGG,0,0,0.090225564,0.610228395,0.595524096,530,206.0148785,0.17826087,0.152173913,0,0,0,0
6278,AGATGAGCTGATGAGGCACAGAG,0,0,0.017777778,0,0.43009247,522.5,204.1843022,0.02173913,-0.195652174,0,0,0,0
6279,GACATCCCAGTTCTCCCCATGGA,0,0,0.010230655,0,0.267928704,525,202.0411214,0.008695652,-1.043478261,0,0,0,0
6280,AAATAAGAAGAAAAGGGAGAAGG,0,0,0.005882353,0,0.070548661,387.5,156.6782485,0.008695652,0.02173913,1,0,1,0
6281,GGACTGTGAGTGTGTGCGTGAGG,0,0,0.137509549,2.287423687,2.287423687,630,217.71008,1,-0.086956522,1,0,0,0
6282,AAATTAGAAGAATAAGCACTGAG,0,0,0.013176471,0,0.068478489,357.5,157.067738,0,-0.108695652,0,0,0,0
6283,AGATGAGAAACAGAGGCCCAAAG,0,0,0.014748971,0,0.158628435,455,182.3148466,0,-0.391304348,0,0,0,0
6284,GAGTCAAAGGAGAAGAGGAAAGA,0,0,0.004425381,0,0.20962929,552.5,189.0529877,0,-0.369565217,0,0,0,0
6285,CTTGCCACACAAGGCAGGAAGAG,0,0,0.060493827,0.190471547,0.185392306,462.5,184.8773855,0.382608696,-0.108695652,0,0,0,0
6286,TGCCCAGGATGAGCACGAGAAAG,0,0,0.108641975,0.196604032,0.189613667,552.5,186.7170694,0,0.065217391,0,0,0,1
6287,GAAAACAAACCACAGACTGGGAG,0,0,0.004055546,0,0.235330927,455,166.6977431,0.017391304,-0.195652174,0,0,0,0
6288,TAGATGTAGAAAAGAGGAGTTGA,0,0,0.021696252,0,0.348294667,522.5,202.0857622,0.969565217,1.52173913,0,0,0,0
6289,GGCTCCCCAAAGCAAGACCAGGG,0,0,0.131563692,0,0.024341882,357.5,172.1276827,0,0.326086957,0,0,0,0
6290,AAATGAGAAGAAAAGTTACCAGA,0,0,0,0,0.014586482,320,134.2885426,0,0.108695652,0,0,0,0
6291,GACATGTTTTCATTTTTCTTAGG,0,0,0.020408163,0,0.374491005,462.5,168.1817785,0.004347826,-0.586956522,0,0,0,0
6292,AAATGAGATGAGAAGTCACAGAG,0,0,0,0,0.027312414,357.5,180.7363728,0,-0.02173913,0,0,0,0
6293,AGTGAGTGTGAGTGTGTGTGAGA,0,0,0.013125,0,0.206712756,455,188.0240249,0,0.130434783,0,0,0,0
6294,AATGTGTGAGTGTGTGTGTGAGA,0,0,0.008974359,0,0.609583333,552.5,196.6855689,0.034782609,-0.217391304,0,0,0,0
6295,TGGATGGATGAATGAGTTGACGG,0,0,0.0375,0,0.027507403,417.5,131.6931754,0.134782609,0.195652174,0,0,0,0
6296,TCCATCTTAGTTATTACCCGTGA,0,0,0.008841733,0,0.259209507,455,180.4958996,0,-0.195652174,0,0,0,0
6297,TACTTATTTTCATGGTCCTCAGA,0,0,0,0,0.05495089,455,184.7887203,0,-0.108695652,0,0,0,0
6298,AAAAGAGAAGGAGGGTCACAGGA,0,0,0,0,0.021380321,357.5,183.1687058,0,-0.065217391,0,0,0,0
6299,AGGGAGTGAGTGTGGGTGTGGAG,0,0,0.002722222,0,0.161081177,455,183.4788674,0,0.043478261,0,0,0,0
6300,ATTAAAAGCAGTGTGTAGAGGGA,0,0,0.011054422,0,0.1271669,522.5,202.1470144,0.2,0.108695652,0,0,0,0
6301,GTAATCTTAGTCTATAACTGAAG,0,0,0.019473251,0,0.032903448,357.5,176.5473837,0,-0.152173913,0,0,0,0
6302,GGTGAGTCAGTGAGTGAGTAAGA,0,0,0.012943787,0,0.093392989,387.5,148.4771515,0,-0.369565217,0,0,0,0
6303,TGGATGGAGGATGGATGAATGGA,0,0,0,0,0.014080868,290,153.9481532,0,-0.304347826,0,0,0,0
6304,TTCCCTTCCAATGCCTAGGGAGG,0,0,0.070228091,0,0.135502769,522.5,204.9012314,0,-0.02173913,0,0,0,0
6305,TGTGTCTGTGTGTGTGCGTGTAG,0,0,0.038567493,0,0.50455783,620,212.1659156,0,-0.369565217,0,0,0,0
6306,GGGCAGGGCCCAGCATCGGTGGG,0,0,0.02464986,0.184472162,0.178245253,552.5,188.0172658,0.008695652,-0.065217391,0,0,1,0
6307,GGCCCTGCAGCTGGAGGCCGTGA,0,0,0.003027073,0,0.059728305,485,158.1952864,0.730434783,0.043478261,0,0,1,0
6308,GATATGTTTTCATTTCTCTCGGG,0,0,0.031179138,0,0.068319815,455,186.3029525,0,-0.347826087,0,0,0,0
6309,CTTGCCTCTGGTCTACTCTCCAG,0,0,0.02776159,0,0.169128619,455,178.022136,0,-0.239130435,0,0,0,0
6310,GTTTCCCCAATGCCTGGGCAGGA,0,0,0.001780627,0,0.16982371,455,186.778583,0,0.195652174,0,0,0,0
6311,ATGAACAACAGGGGATAGAGGAG,0,0,0.037007988,0,0.026816403,327.5,182.5378764,0.017391304,-0.282608696,0,0,0,0
6312,TGGAGGAAGGCATGAGGGGTCAG,0,0,0.026548148,0.113597483,0.111680226,455,183.8750822,0,-0.326086957,0,0,0,0
6313,ATGAACATCAGTGAGGATAAAAG,0,0,0.049078526,0.021131343,0.021131343,417.5,136.2508239,0,-0.130434783,0,0,0,0
6314,GCTGTGTGTGTGTGAGCGTGAGG,0,0,0.087449393,0,0.24614019,522.5,199.5048781,0,0.108695652,0,0,0,0
6315,CCCATACAGACACAGACACACAG,0,0,0.054382871,0,0.179838034,522.5,198.9631787,0,0.043478261,0,0,0,0
6316,GGCTCTGGGGCTGGAGTGGGCAG,0,0,0.008838384,0,0.113428797,485,168.8171387,0.313043478,0.02173913,0,0,0,0
6317,GGGTGGGGGGTGTTTTCTGAGGG,0,0,0,0.017940047,0.017940047,320,127.7958905,0.12173913,-0.195652174,0,0,1,0
6318,GTCCTTTTAGTCATTACTTCAGA,0,0,0.006270365,0,0.078292445,485,153.9794828,0,-1,0,0,0,0
6319,GGTGTGTGGGTGTGTATGTGGGG,0,0,0.113131313,0,0.060818669,485,175.6773627,0.004347826,0.043478261,0,0,0,0
6320,GATTTCTTTCCATTGTCCTCCGA,0,0,0.012254902,0,0.317950254,552.5,190.9081685,0.030434783,0.282608696,0,0,0,0
6321,GTGGAGTGAGTGTGGGTGTGGGA,0,0,0.000515572,0,0.161081177,455,183.2388674,0.008695652,0.152173913,0,0,0,0
6322,TGGATTTAGGAAAGAGGCGTGAG,0,0,0.013024013,0,0.047113964,455,180.1081814,0.008695652,0,0,0,0,0
6323,GGTGAGTGAGGGGGTGACTGAGG,0,0,0.023188406,0,0.022122546,290,157.0611514,0.343478261,0,0,0,0,0
6324,GTCATCATAGTCAGTACCAATGA,0,0,0,0,0.020093709,387.5,137.2920347,0.213043478,0.456521739,0,0,0,0
6325,GGCCTCCCTTCTGCAGCTCAAGA,0,0,0.00262605,0,0.127597274,485,155.2374668,0,-0.347826087,0,0,0,0
6326,ATAAGAGAAACAGAGGCACAAAG,0,0,0.033520389,0.73132116,0.73132116,522.5,206.8645799,0.856521739,0.782608696,0,0,0,0
6327,GACCCACTCCACCCAGTGTCTGG,0,0,0.012839506,0,0.018391345,387.5,156.7975501,0,-0.239130435,0,0,0,0
6328,CTATGAGAAGAAAAGGCAGAGGA,0,0,0.004995005,0,0.203890405,455,178.7126795,0,0.130434783,0,0,0,0
6329,CAATGAGAAGAGAAGGCAGAAGA,0,0,0.004960317,0,0.100314079,357.5,171.2365791,0,0.347826087,0,0,0,0
6330,GGTGAGGGTGTGTGTGCCTGAGA,0,0,0.011671335,0,0.230233128,560,188.6337056,0,-0.02173913,0,0,0,0
6331,CTCATCCATCCACTGCCACAGAG,0,0,0,0.015429259,0.01490844,357.5,180.5330689,0,-0.173913043,0,0,0,0
6332,TAATGGGAAAAAGTGGCACATGA,0,0,0.024691358,0,0.12479805,522.5,200.7830949,0,-0.260869565,0,0,0,0
6333,AAATGGGAAGAAATGTCACAAAG,0,0,0,0,0.008584926,357.5,178.9870849,0,-0.173913043,0,0,0,0
6334,GTGTGGGAGGAGAAGAAGAACAG,0,0,0.021997755,0.784601902,0.760552802,620,210.8939596,0,0.239130435,0,0,0,0
6335,GTCACCATTCTCATTACCTGGGG,0,0,0.21,0,0.501549463,620,206.5769824,0.017391304,-0.173913043,0,0,0,0
6336,GGTGAGTGAGTGAGTGAAAGTGA,0,0,0.00443787,0,0.01255604,345,132.5432352,0.039130435,-0.173913043,0,0,0,0
6337,GACACAGATGTAGAGCTTTTAAG,0,0,0.02962963,0.051310566,0.0504863,455,189.9357261,0.026086957,0.217391304,0,0,0,0
6338,AATGACCCGGACATCCACAATGA,0,0,0.004913076,0,0.309968168,555,186.1625552,0,-0.108695652,0,0,0,0
6339,AAAGGAGAAGCACAGGAACAAGG,0,0,0.049122807,0,0.124300022,357.5,181.6108847,0.060869565,0.282608696,0,0,0,0
6340,ACTTGAGTGTCTGGATGGATCAG,0,0,0.095627572,0.513225057,0.497494021,620,212.9262356,0.57826087,0.195652174,0,0,0,0
6341,GTTGCCCCACTGGGGAGAAAAGG,0,0,0.009364549,0.047860694,0.04615898,357.5,173.3395614,0,-0.282608696,0,0,0,0
6342,GACTGTGAGCAGAAAAAGAACAG,0,0,0.052287582,0.240310978,0.240310978,522.5,201.3906744,0,-0.47826087,0,0,0,0
6343,GAGGACGAGAAGGAGAAGAAGGA,0,0,0.014018288,0,0.509948268,522.5,202.547023,0,-0.086956522,0,0,0,0
6344,CTGGCCTCACAGGGCAGGGAGAG,0,0,0.013165509,0.06702346,0.065831932,485,160.117486,0,-0.47826087,0,0,0,0
6345,TCCACCCAAAAGCCTGGCTAGAG,0,0,0.037037037,0,0.526848592,552.5,184.4785831,0,-0.130434783,0,0,0,0
6346,TAATGAGAACAAGAGCAACAGAG,0,0,0,0,0.096565315,485,175.9337266,0.017391304,-0.782608696,0,0,0,0
6347,CCTGCTTCCACTCTAAACACAAG,0,0,0.119835391,0.054543376,0.052790978,485,174.1477426,0,-0.304347826,0,0,0,0
6348,CACACTGCTGCTGCAGGTGGAAG,0,0,0.035816036,0,0.136846598,522.5,203.361035,0,0.260869565,0,0,0,0
6349,AACCCCCCCCCCCCCGCCTCCAG,0,0,0.093333333,0,1.562222222,530,211.0700993,0.086956522,0.347826087,0,0,0,0
6350,GTCATCTTGGTCAGAATCTGAGA,0,0,0,0,0.012821457,357.5,168.4079024,0,-0.369565217,0,0,0,0
6351,TAGCCCCTCCTCCCCACCTCCAG,0,0,0.03988604,0,0.14902897,455,195.1534904,0,0.02173913,0,0,0,0
6352,GCCACTGTGGCTGGTGGAGGGAG,0,0,0.020940171,0,0.083169333,455,176.2298282,0.113043478,-0.260869565,0,0,0,0
6353,CACTTGGTTTCATTGATCTTTAG,0,0,0.029708853,0,0.081933305,485,162.3907934,0,0.347826087,0,0,0,0
6354,GCCAGTGTGGCTGGGGGTGGGGG,0,0,0.23625,0,0.402848101,522.5,200.3648415,0.456521739,0.456521739,0,0,0,0
6355,CATGGCCACCACATCCTCCAAGA,0,0,0.004729064,0,0.485227553,552.5,182.1719436,0.013043478,0.217391304,0,0,0,0
6356,TGGATGCAGGTTTGAGGGGTTGG,0,0,0.028205128,0,0.052298639,357.5,177.4473018,0,-0.239130435,0,0,0,0
6357,AAATGAAAAGAAGACTCATATGA,0,0,0,0,0.01490737,387.5,154.5733718,0.295652174,0.02173913,0,0,0,0
6358,GGGATGGAGGAACTAGGTGTGGG,0,0,0.100686499,0,0.017894751,357.5,172.6381615,0,-0.260869565,0,0,0,0
6359,GAATTCCCTGATGCAGCACCAAG,0,0,0.052350427,0.73132116,0.73132116,522.5,206.8645799,0,-0.173913043,0,0,0,0
6360,GGTGAGTGTGTGTGAGTGTGTAG,0,0,0.04202729,0,0.168469286,462.5,181.247087,0.130434783,-0.804347826,0,0,0,0
6361,GCCTATTTCCCACCTACTTCTGA,0,0,0.000154607,0,0.034681612,387.5,141.1437252,0,-0.434782609,0,0,0,0
6362,TGTGTGTGAGTGTGTGTGTCTGA,0,0,0.005050505,0,0.268517165,485,159.787969,0,-0.130434783,0,0,0,0
6363,TGTGTGTGAGCGTGTGTGTGGGG,0,0,0.113131313,0,0.33831875,455,190.6954852,0,0.5,0,0,0,0
6364,GGACACAAAGGAGAGACTGAGGG,0,0,0.026086957,0.149801193,0.149801193,357.5,166.0929958,0,-0.347826087,0,0,0,0
6365,GGGGGGGGGGCGCTGGCTCCTGA,0,0,0.000685307,0,0.082355815,327.5,188.3899742,0,0.043478261,0,0,0,0
6366,GAAATGTTTTCATTTTTCTTGGG,0,0,0.017687075,0,0.174469742,455,166.4537785,0.004347826,-0.217391304,0,0,0,0
6367,GAAGTGTTTACAGTGTTCTCTGA,0,0,0.008410973,0,0.502808992,522.5,203.307343,0.004347826,0.130434783,0,0,0,0
6368,CCCATCCACCCTGACACCCAAAG,0,0,0.004144004,0.022591897,0.022591897,357.5,167.8937643,0,0.086956522,0,0,0,0
6369,CACGTGTTTTCATTCTCCTCTAG,0,0,0.02228164,0.166325226,0.163368333,455,183.1332674,0,0.086956522,0,0,0,0
6370,CCATTGGGTAGAGCGTAGGGTAG,0,0,0,0.078967394,0.077563529,485,161.5171934,0.004347826,0.130434783,0,0,0,0
6371,GACATGTTTTCATTGGTCTTGGG,0,0,0.049450549,0,0.240344974,492.5,165.1003742,0.913043478,1.695652174,0,0,0,0
6372,TAGATGGATGGATGAGTAGTTAG,0,0,0.019012346,0,0.206712756,455,187.7840249,0.608695652,0.673913043,0,0,0,0
6373,TGGAGGGAGGAAAGAGGAAGGGG,0,0,0.055850032,0,0.080487776,387.5,140.5267596,0,-0.173913043,0,0,0,0
6374,GGGATGGAAGAATGAGGAGATGA,0,0,0.024019798,0,0.911667232,560,179.3026197,0.02173913,0.173913043,0,0,0,0
6375,GGATGATGAGAAGAGGCACACAG,0,0,0.08691358,0,0.932255747,620,213.4770022,0,-0.304347826,0,0,0,0
6376,AGTATGGAGGAAGGAGGAATCAG,0,0,0.024154589,0.201035939,0.201035939,455,178.4246795,0.334782609,0.065217391,0,0,0,0
6377,TCCAGTGTCGCTGGATGAATAGA,0,0,0.011446886,0,0.285817,552.5,187.9113303,0.065217391,0.347826087,1,0,1,0
6378,GGAATCCTTTCTACAACATCTGG,0,0,0.372781065,0,0.029998911,387.5,158.5644367,0,-0.086956522,0,0,0,0
6379,TGTGATTGCGTGTGTGTGTGTGA,0,0,0.012345679,0,0.225335527,552.5,192.4681246,0,-0.282608696,0,0,0,0
6380,TGGGTGGATGAATGAGTGGTGGA,0,0,0.002314815,0,0.069304995,485,167.9571753,0,-0.02173913,0,0,0,0
6381,GGTGTCTGTGTGTGTGTGTGTGA,0,0,0.004820937,0,0.213926133,552.5,191.1798046,0.026086957,-0.043478261,0,0,0,0
6382,GGTCAGATAGTGTGTGTGTGTGA,0,0,0.009382659,0,0.395264636,552.5,191.8572912,0,0.108695652,0,0,0,0
6383,GACTCTTTTTCCCCCACCTTAGG,0,0,0.157613285,0,0.396115165,522.5,202.2923828,0,-0.086956522,0,0,0,0
6384,GCCGCCCTCGGCCCCGCCTCGGA,0,0,0.006896219,0,0.73132116,522.5,206.8645799,0.026086957,-0.217391304,0,0,1,0
6385,CCTTGTGTCACTTCATGGATAAG,0,0,0.019642857,0,0.07491854,425,192.5417584,0.017391304,-0.217391304,0,0,0,0
6386,GAGGAAGAGGAGAAGAAGAAGAG,0,0,0.033436214,0,0.760552802,622.5,210.2603596,0,-0.086956522,0,0,0,0
6387,CATTTGTGTTCATAGTTCTCAAG,0,0,0.057796884,0,0.220835918,522.5,203.9329984,0,0.108695652,0,0,0,0
6388,AACTGAGATGCAGAGGCTCAGGG,0,0,0.051428571,0,0.103762287,455,183.0588027,0.013043478,-0.086956522,0,0,0,0
6389,GGAATACTTTATGCAACACCAAG,0,0,0.157986111,0,0.082628968,455,190.7956894,NA,-0.195652174,0,0,0,0
6390,CTCAGCTTCCTCATTACCTGGGA,0,0,0.007256236,0,0.805112123,620,208.9601632,0.004347826,-0.5,0,0,0,0
6391,GCCTGCTTCCCACCTGCCTTTGG,0,0,0.006993007,0.0412246,0.039900114,455,184.6302485,0,-0.52173913,0,0,0,0
6392,GGCTGTGGGGGTGGAGGTGGAAG,0,0,0.015909091,0,0.757543103,522.5,207.7081793,0,0.130434783,0,0,0,0
6393,CCAGCTTCCGCTCTCCTCAGAGG,0,0,0.01064062,0.109445593,0.105554194,455,165.5413945,0,0.543478261,0,0,0,0
6394,GGCACGGAGGCTGGAAGTGGGGG,0,0,0.371428571,0,0.29290963,560,198.2257732,0,-0.043478261,0,0,0,0
6395,GTGAGGGAGGAAGGAGGAGTTGA,0,0,0.007057341,0,0.581724684,522.5,208.1723595,0,-0.47826087,0,0,0,0
6396,ATGAACACCCGGGATGAGAGGAG,0,0,0.002136752,0.028510336,0.028510336,357.5,174.9967157,0,-0.5,0,0,1,0
6397,AAAAGAAAATAAGAGGCATAAGG,0,0,0.178571429,0.313735196,0.313735196,552.5,180.2034828,0,0.347826087,0,0,0,0
6398,AAATGAGAACAAATGGCACAAAG,0,0,0.051054131,0,0.128869072,432.5,194.2697584,0,-0.195652174,0,0,0,0
6399,GGAACTTCGGCTGGGCGTGGTGG,0,0,0,0,0.046662434,455,184.7933717,0,-0.673913043,0,0,0,0
6400,TGTGAGTGTGTGAGTGTGTGGGG,0,0,0.193846154,0,0.144140246,455,184.754788,0,-0.173913043,0,0,0,0
6401,GGCACAGACAGAGAAGGTGAAGG,0,0,0.038866397,0.035479776,0.035479776,455,184.407053,0,0.152173913,0,0,0,0
6402,CAAGGAGAAATAGAGGCACAGAG,0,0,0.03988604,0,0.73132116,522.5,207.1045799,0,-0.086956522,0,0,0,0
6403,ATGAGCACCAGAGATCAGAGAGA,0,0,0.003809524,0,0.032447696,357.5,178.7001321,1,4.5,0,0,0,0
6404,AATGAGCACGATATGCTCAAGGA,0,0,0.000467415,0,0.105116388,425,190.4991576,0,-0.543478261,0,0,0,0
6405,CCCTCCCCAACACCTGGCCACAG,0,0,0.069135802,0,0.768613333,432.5,206.4538158,0,-0.217391304,0,0,0,0
6406,GGGCAAGGGGAGGTTGCTCCTGG,1,0.001265251,0.14629156,0.334982304,0.334982304,525,205.7527755,0,-0.043478261,0,0,0,0
6407,ATGGACACCAATGAAGAGAGCAG,0,0,0.052790347,0,0.03845588,357.5,180.6008688,0,-0.282608696,0,0,0,0
6408,GGAACTGCAGCAGGTGGTGGTGG,0,0,0.089142857,0,0.11940556,425,192.7890976,0.052173913,-0.173913043,0,0,0,0
6409,CCCGAGAGCAGCGCGGAGGCAGG,0,0,0.05205321,0.424071175,0.424071175,522.5,205.7077992,0.086956522,0.152173913,0,0,0,0
6410,GATGTGTGTGTGTGTGTGTGGGG,0,0,0.086153846,0.372455417,0.372455417,552.5,192.7257886,0,0.086956522,0,0,0,0
6411,AAAACCAGAGTGTAGAGAGGTAG,0,0,0.034567901,0.103762287,0.103762287,455,183.0588027,0.065217391,0.304347826,0,0,0,0
6412,TACCCCCTCCACCCCGCTCCAGG,0,0,0.177339902,0,0.220915254,492.5,164.2286668,0,0.152173913,0,0,0,0
6413,TGATTGGAGAAATGAGGTGTGGA,0,0,0.015467172,0,0.281815562,552.5,187.3833303,0,-0.217391304,0,0,0,0
6414,GTCATCTTTCTTATTACCAGTAG,0,0,0.00957265,0,0.124776277,455,171.7843828,0.02173913,-0.195652174,0,0,0,0
6415,AGGTGGGGAGAGATTGCCCCAGA,0,0,0.011921115,0,0.073380489,455,180.3175658,0,-0.086956522,0,0,0,0
6416,AGAGGAGAAGAAGATGCCCAAAG,0,0,0.003527337,0,0.083169333,455,178.4560451,0,0.217391304,0,0,0,0
6417,GGAATCCCTTCTACAGCCCTAGA,0,0,0.003663004,0,0.08045186,395,148.3397463,0.12173913,0.304347826,0,0,1,0
6418,AGCCCTGATGCTGGAGGTGGGGG,0,0,0.110117647,0,0.833979885,620,211.2668027,0,-0.413043478,0,0,1,0
6419,GCCTCCTGCCCACAGACCTTTGG,0,0,0.011666667,0.034564634,0.034564634,425,188.4679928,0.043478261,-0.043478261,0,0,0,0
6420,TCCATGGAGTAATGGGGAGTTGA,0,0,0.009765625,0,0.365828778,522.5,199.233242,0.008695652,-0.02173913,0,0,0,0
6421,GAGTCCAAGCATAAGAAAAACAG,0,0,0.069033531,0.190471547,0.185392306,462.5,184.8773855,0,-0.217391304,0,0,0,0
6422,GGGCGGGGGGAGGTTTCTGCAGG,0,0,0,0.033198795,0.033198795,387.5,160.7906536,0.030434783,-0.152173913,0,0,0,0
6423,GAATTCAGGCAGAAGAAGAAGGA,0,0,0.024305555,0,0.878799588,620,211.9006822,0,1.108695652,0,0,0,0
6424,GTCCCCTGCAATGCCTGGGGTAG,0,0,0.002224419,0,0.086229035,455,182.6012873,0.173913043,0.413043478,0,0,0,0
6425,GGCCTCCTCCGCGCCGCCTCCGG,0,0,0.045123967,0,0.307297816,425,201.9422758,0,-0.630434783,1,0,1,0
6426,GGGATGTGGGAATGAGAAGTGGA,0,0,0.025979603,0,0.416345417,552.5,192.7308912,0.017391304,-0.043478261,0,0,0,0
6427,GGCAGTGCGGCTGGAGCTGCGGG,0,0,0.060504202,0,0.505863184,492.5,160.987969,0.008695652,-0.630434783,0,0,0,0
6428,CAATGAGAAACTGAGGCACAGGG,0,0,0.106666667,0,0.359810011,460,200.2620794,0.543478261,2.108695652,0,0,0,0
6429,GGCCGCCTGCACCCCGGCTCCAG,0,0,0.00453159,0,0.372455417,552.5,192.7257886,0,-0.413043478,0,0,0,0
6430,GGTGAGTGGGTGGGTGAGGGAAG,0,0,0.005260333,0,0.041027871,387.5,154.0067881,0.091304348,-0.717391304,0,0,0,0
6431,TCCTTGTTATCCTTGTTCTCCAG,0,0,0.049777221,0.444369398,0.43009247,522.5,207.2841192,0,0.043478261,0,0,0,0
6432,GGTGTATGAGTGTGTGTGAGAGA,0,0,0.003367003,0,0.11028925,485,164.391585,0,-1.108695652,0,0,0,0
6433,TAATGAGAAGAAGAGGAATCAAG,0,0,0.012691013,0,0.084582907,417.5,130.3282891,0,-0.239130435,0,0,0,0
6434,GTTGAGTGAGTGAGTGGGTGAGA,0,0,0.001799671,0,0.469470149,462.5,189.6745684,0,0.152173913,0,0,0,0
6435,TGGATGGGTGACTGATGAGTGGG,0,0,0,0,0.070574714,455,187.1358764,0,0.565217391,0,0,0,0
6436,TGGATGGAGGAATGGATAGATGG,0,0,0.09140625,0,0.009657223,345,129.5808415,0,0,0,0,0,0
6437,ATGAGCACCACTGTGTAGTGGAG,0,0,0.022974359,0.04052371,0.039155821,357.5,169.2944117,0.043478261,-0.239130435,0,0,0,0
6438,GGGATGGGGGAATCAGGTGTAGA,0,0,0.010438233,0,0.046239667,455,179.0376651,0,0.282608696,0,0,0,0
6439,GACCACAAAGCTTAGAAGGCGGG,0,0,0.022222222,0.057960373,0.057960373,387.5,164.5464552,0,0.086956522,0,0,0,0
6440,TGTGAGTGTGTGTTTGTGTGAGA,0,0,0.005185185,0,0.055495857,455,182.6149239,0.186956522,-0.043478261,0,0,0,0
6441,GGAAGTGCGGCAGGAGGTAGAAG,0,0,0.077037037,0,0.24194961,455,178.9195796,0.047826087,0.717391304,0,0,1,0
6442,CATGCCTCAAAGGGCAATAAAGA,0,0,0.038618827,0,0.383454129,552.5,190.5989717,0,-0.304347826,0,0,0,0
6443,TGAATGAACGAATGAGGGGTAGA,0,0,0.011217949,0,0.127693048,552.5,186.9057056,0,-0.347826087,0,0,0,0
6444,AGTGTGTGTGTGTGTGCATGTGG,0,0,0.135944056,0,0.189613667,552.5,188.5285664,0,2.043478261,0,0,0,0
6445,AGTGTGTGTGTGTGTGCATGTGA,0,0,0.009440559,0,0.189613667,552.5,188.5285664,0.004347826,0.043478261,0,0,0,0
6446,TGTGTGGGAGTGTGTGTGTGGGG,0,0,0.099821747,0,0.416345417,552.5,194.5423881,0,-0.347826087,0,0,0,0
6447,CCCTGAGACTCAGGATGGAGGGG,0,0,0.097882353,0.193097176,0.186579128,455,169.4604987,0,-0.065217391,0,0,0,0
6448,GCCATCCCTCCAGAGGCCCAAGA,0,0,0.000995381,0,0.053377333,485,173.3884239,0,-0.065217391,0,0,0,0
6449,TGTGTGGGAGTGTGTGTGTGGGA,0,0,0.006932066,0,0.416345417,552.5,194.5423881,0,-0.434782609,0,0,0,0
6450,GGAATGAAGGAATGAAGAGTGAG,0,0,0.185990338,0.183399615,0.183399615,552.5,199.0003933,0,0.130434783,0,0,0,0
6451,GGCGAGTGAGGGCGTGAGTGCGA,0,0,0.004385965,0,0.122559821,357.5,181.9564847,0,-0.217391304,0,0,0,0
6452,CGTGTGTGCGTGTGTGTGTGTGG,0,0,0.069264069,0,0.372455417,552.5,192.9657886,0.030434783,0.369565217,0,0,0,0
6453,CGTGTGTGCGTGTGTGTGTGTGA,0,0,0.004810005,0,0.372455417,552.5,192.9657886,0,-0.108695652,0,0,0,0
6454,AAATGAGAAGGAAAGCCAGAAGA,0,0,0,0,0.015883906,290,155.4341699,0,-0.195652174,0,0,0,0
6455,CGTGCGTGCGTGTTTGCGTGTGG,0,0,0.054421769,0,0.136846598,522.5,202.312715,0,0.152173913,1,0,1,0
6456,TGGATGGAGGTATTGGGGGTTGA,0,0,0.001481481,0,0.005929041,260,161.7003768,0,-0.086956522,0,0,0,0
6457,GTTGAGTGTGTGAGTGTGTGGGA,0,0,0.008566434,0,0.144140246,455,184.514788,0,-0.086956522,0,0,0,0
6458,TGGTTGGAGGAGTGAGTGGTTAG,0,0,0.011915451,0,0.055806968,387.5,164.2008552,0.013043478,-0.217391304,0,0,0,0
6459,CTAGTGAGAAAAGCTGAGGCAGA,0,0,0.008374562,0,0.136607805,425,194.5631144,0,-0.434782609,0,0,0,0
6460,AATAACCACTACATACCAAATGA,0,0,0.005279035,0,0.030398918,387.5,157.7099341,0,-0.043478261,0,0,0,0
6461,CCCTGTCTCTCTCTATAGATAGA,0,0,0.005003249,0,0.021693728,357.5,174.6922029,0.026086957,-0.52173913,0,0,0,0
6462,GCCCCCCTCCCCCACGGCTCTGA,0,0,0.000449346,0,0.050409494,357.5,180.1046206,0,-0.282608696,0,0,1,0
6463,GTGTCCCAGCAGCAGCAGAAAGA,0,0,0,0,0.068338689,455,189.7890728,0.069565217,0.086956522,0,0,0,0
6464,GGTTGTTGAGAGTGTGCGTGAGG,0,0,0.130909091,0.465446863,0.458313578,525,209.0220123,0,-0.369565217,0,0,0,1
6465,AACACTGCGGCTGCAGCTGGAGG,0,0,0.076793795,0,0.090827917,455,186.3347043,0,0.043478261,0,0,1,0
6466,GAGTCTCAGCTGAAGAAGGATGA,0,0,0.005115327,0,0.108589077,455,178.0527516,0,0.260869565,0,0,0,0
6467,GGTGAGTGTGTGTGGGTGTGTAG,0,0,0.00362963,0,0.168469286,462.5,181.247087,0,0.217391304,0,0,0,0
6468,ATATGAGCAGAAGAAGCAAAAAG,0,0,0.032594856,0,0.133665,455,170.9051615,0.013043478,0.130434783,0,0,0,0
6469,ACTTGAGAGGCAGAGGCACAAGA,0,0,0.010270775,0,0.478372972,522.5,208.2421359,0.1,0.260869565,0,0,0,0
6470,TGGTTGGAGCCATGAGGAGGAGA,0,0,0.001247772,0,0.337490089,455,169.9669799,1,3.391304348,0,0,0,0
6471,GCCTTCCCAATGCCTGGCAGAGA,0,0,0.004456328,0,0.115428206,387.5,143.7959964,0,-0.608695652,0,0,0,1
6472,AAATGAAAGGAAAAGCCACAGGG,0,0,0,0,0.039742653,455,186.0692924,0,-0.456521739,0,0,0,0
6473,GACCAGAAAGCACAGACTGGTAG,0,0,0.002579979,0.158042703,0.152423407,455,170.2490955,0,-0.239130435,0,0,0,0
6474,GGACCAGACTGAGGAGGGGACAG,0,0,0,0.007841878,0.007841878,387.5,164.3210562,0.065217391,-0.260869565,0,0,0,0
6475,CCTGCCTCCTCTTTAATCCCAGA,0,0,0.008171695,0,0.027628997,387.5,156.6725172,0,-0.239130435,0,0,0,0
6476,GAGAGCGAGCAGAAGCAGGATAG,0,0,0,0,0.085785,485,169.0016542,0,-0.260869565,0,0,0,0
6477,GGCACAGGGGCTGGGGGCGGGAG,0,0,0.040238095,0,0.047769728,455,174.6838442,0,0.065217391,0,0,0,0
6478,GAGCCCCTGCACCCAGCCTCAAG,0,0,0.017832647,0,0.48007121,530,201.7051981,0,-0.586956522,0,0,0,0
6479,TGAATGGATGAGTGAGTAGTTGG,0,0,0.072222222,0.177526564,0.171534106,455,186.0100081,0.039130435,0.173913043,0,0,0,0
6480,TGTATGTGAGTGTGTGTGTGTAG,0,0,0.03959596,0,0.609583333,552.5,196.0519689,0,-0.369565217,0,0,0,0
6481,GAGTCCCAGAAGCAGAAGAGAGA,0,0,0.006661363,0,0.152592743,455,165.1881623,0,0.043478261,0,0,0,0
6482,GCCCGCCTCCACCACGCCGCGGG,0,0,0.04125,0,0.07431375,455,175.2844954,0,-0.065217391,0,0,0,0
6483,GAGTCAGAGAACAAGAAAAAGAG,0,0,0.076470588,0,0.080768628,455,179.2828458,0.043478261,-0.130434783,0,0,0,0
6484,GCCCTGTTTTCATTTTTTTCAGG,0,0,0.046690105,0.084674661,0.083169333,455,178.4560451,0,-0.282608696,0,0,0,0
6485,GGCAGTGTGGCTGTGGGTGGCAG,0,0,0.023592593,0,0.057131627,425,188.9656568,1,2.847826087,0,0,0,0
6486,GCTGAGTCAGTGTCTGTGTGGGG,0,0,0.085207101,0,0.090827917,455,183.2348873,0.12173913,0.152173913,0,0,0,0
6487,GGAATGGCGGAGTTTGCTCCTGA,0,0,0.004578755,0,1.286675824,622.5,213.410263,0,-0.826086957,0,0,0,0
6488,GACATCTTTGTGCTCCCCACAGG,0,0,0.009894867,0,0.210633958,455,168.8633019,0,-0.260869565,0,0,0,0
6489,AAATGAGCTGGAGAGGCAGATAG,0,0,0.005416667,0,0.152827065,455,175.162319,0,-0.086956522,0,0,0,0
6490,ACCATCCCTGCAGAGCCACAGGG,0,0,0,0,0.250819,552.5,193.8200207,0,-0.02173913,0,0,0,0
6491,GGCACTGGGGCCGGAGGACGCAG,0,0,0.047186933,0,0.043459753,387.5,152.2127494,0,-0.47826087,0,0,0,0
6492,AAATGAGGAAATGAGGCACAGAG,0,0,0.05914952,0,1.099554023,530,204.5923462,0,0.086956522,0,0,0,0
6493,CTCTTATTTTCATTGTTTTCTGA,0,0,0.023191094,0,0.187751667,552.5,191.7506827,0,-0.173913043,0,0,0,0
6494,GAGTCCAAACACAATAAGAAGAG,0,0,0.012605042,0.077481169,0.075106267,425,190.9339168,0.7,0.847826087,0,0,0,0
6495,GTGACCCAGCACAAGAAGAAAGA,0,0,0.008753501,0,0.480774398,522.5,207.9871188,0,-0.347826087,0,0,0,0
6496,TGTTTGTGAGTGTGTGAGTGTGG,0,0,0.061707989,0,0.609583333,552.5,196.0519689,0,0,0,0,0,0
6497,GGTGACTGCATGTGTGCATGCGA,0,0,0.017482517,0,0.10030413,552.5,183.0391659,0,0.195652174,0,0,0,0
6498,AAGTGAGGAGCTGAGGCACACAG,0,0,0.015491541,0,0.385203768,425,201.6259989,0.008695652,0.130434783,0,0,0,0
6499,ACCTGTGTGGATGGATGGATGGA,0,0,0.016121032,0,0.446837229,525,204.0183995,0,-0.043478261,0,0,0,0
6500,GCTGTGTGAATGTGTGCTTGGGG,0,0,0.156643357,0.290990158,0.285817,552.5,187.2566103,0.313043478,0.02173913,0,0,0,0
6501,GCTGCCTCCCCTCCTCTCACAGG,0,0,0.020869565,0.057213706,0.055282442,425,188.3620574,0,0.304347826,0,0,0,0
6502,TGTGAGTGCGTGTGTGCAGGGGA,0,0,0.006868132,0,0.06309328,485,159.0688864,0,0.086956522,0,0,0,0
6503,CAAGCAGAAGAAGAGGCAAAAGA,0,0,0.012527332,0,0.526848592,552.5,186.2900801,0.343478261,-0.043478261,0,0,0,0
6504,TTCATGAAGGAATGAGGACTTAG,0,0,0.028445373,0,0.335877203,552.5,185.3008193,0,-0.108695652,0,0,0,0
6505,GACACCTTCCCACCCTCCTTTGG,0,0,0,0.161883734,0.156419304,552.5,199.0119901,0.013043478,0.108695652,0,0,1,0
6506,CAATGAGAAAAATTGGCACAAAG,0,0,0.033185185,0,0.079829497,425,193.0697584,0.226086957,-0.282608696,0,0,0,0
6507,AGCAGCAGAGAGTAGAGTGGCAG,0,0,0.074285714,0,0.189613667,552.5,188.2885664,0,0.260869565,0,0,0,0
6508,GACTCCTTCCACCTCGTCTCCAG,0,0,0.057670782,0,0.058894431,455,183.3179235,0,-0.434782609,0,0,0,0
6509,GGGTGGGGGGTCTCTGATCCTGG,0,0,0.021719457,0.021380578,0.021380578,260,172.6285201,0.060869565,-0.02173913,0,0,0,0
6510,GACAAAGAAGCAATGTTTTTTGA,0,0,0.018140589,0,0.049912363,425,194.9871908,0,0.282608696,0,0,0,0
6511,GTCTTCTTATCCATTGCCTGTAG,0,0,0.017185746,0,0.132156214,455,189.816154,NA,NA,0,0,1,0
6512,TCCTCTTTGGCTCCCACCTTTGG,0,0,0.080246914,0.409264216,0.396115165,522.5,202.5323828,0.013043478,0.086956522,0,0,0,0
6513,TGGATGGAGGATGGAGGAATAGA,0,0,0.004313319,0,0.152552602,365,172.4365791,0.347826087,-0.152173913,0,0,0,0
6514,GAGACAGAGAAAAAGAAGAAAGG,0,0,0.357671958,0,0.374191978,522.5,203.8325791,0.369565217,-0.065217391,0,0,0,0
6515,GAGCCACTACACCCAGCCTCCAG,0,0,0.02292769,0,0.146830007,522.5,198.7192141,0,0,0,0,0,0
6516,AGCACTGCTGCTGGATGGGGTGA,0,0,0,0,0.032613551,485,172.5284605,0.030434783,-0.152173913,0,0,0,0
6517,TGGATGGAGGAGTGGGGGCTGGA,0,0,0.005845573,0,0.01111171,290,141.1055448,0,0.456521739,0,0,0,0
6518,GGCTCTTTCCCAGCCCCTTTGGA,0,0,0,0,0.020657028,387.5,166.7489203,0.056521739,0,0,0,0,0
6519,TGTGTGTGTGTGTGCGCGTGAGG,0,0,0.059504132,0,0.24614019,522.5,199.7448781,0,1.086956522,0,0,0,0
6520,TATTTGTTTTCATTTTTTTCTGG,0,0,0.063137755,0.085028187,0.082004963,455,179.0416451,0,-0.02173913,0,0,0,0
6521,TGTGTGTGTGTGTGCGCGTGAGA,0,0,0.004132231,0,0.24614019,522.5,199.7448781,0.469565217,0.282608696,0,0,0,0
6522,GACTCTCCAATGCCTGACCACAG,0,0,0.050280584,0,0.204682844,455,189.9578212,0.034782609,0.391304348,0,0,0,0
6523,CTTGCCCCCGCTCTGCTCATGAG,0,0,0.031597222,0.127663522,0.127663522,455,165.2321977,0.02173913,-0.02173913,0,0,0,0
6524,AGGGTCCCTTCTGCAGCCCCTGG,0,0,0.06547619,0.317269355,0.305988667,552.5,192.3750667,0.004347826,0.717391304,0,0,0,0
6525,ACCTCCCCAAAGCCGGGCTGGAG,0,0,0.004117647,0.060005352,0.058878491,387.5,137.1073786,0.034782609,1.52173913,0,0,1,0
6526,TGTATGTAGGAATTAAGAGTCAG,0,0,0.019753086,0,0.02594292,455,187.3612087,0.160869565,-0.347826087,0,0,0,0
6527,TGGATGAATGGATGAGTAGTGAG,0,0,0.022469136,0,0.127576638,455,185.6408441,0,0.043478261,0,0,0,0
6528,CCCAGTGTTTCTGGATGCATGAG,0,0,0.051440329,0.37734063,0.37734063,560,190.1432864,0.013043478,0.260869565,0,0,0,0
6529,GGCGCGGCGGCAGGAGGAGGTGG,0,0,0.19047619,0,0.087696665,455,183.4009823,0,0,0,0,0,0
6530,GGTCACTGAGCGTGTACGTGGGA,0,0,0.01671123,0,0.086812714,455,193.0219064,0.639130435,1.956521739,0,0,0,0
6531,TACACAGAGGCAGAGTATTTGAG,0,0,0.085596708,0,0.225335527,552.5,192.4681246,0.152173913,4.717391304,0,0,0,0
6532,TGGATGGATGAATGATGGATTGG,0,0,0,0,0.009283074,417.5,141.7804605,0,-0.173913043,0,0,0,0
6533,GGTGAGTCAGTGTGTGAGTGGAG,0,0,0.074453941,0,3.099576271,567.5,197.514072,0,-0.217391304,0,0,0,0
6534,GAGTCAGAGAAGAGGAAGAGAGG,0,0,0.287189543,0.053858806,0.052040787,455,163.645495,0,0.065217391,0,0,0,0
6535,AAGTGAGAAGAGAAGGCAGAAGG,0,0,0.050925926,0,0.093634499,357.5,170.7085791,0,-0.282608696,0,0,0,0
6536,AGATGAGGAGATGAGGCACAAAG,0,0,0.050699588,0,1.384888889,530,209.3440826,0,-0.195652174,0,0,0,0
6537,GAAGAAGACACAGCATCCGTTAG,0,0,0.08912037,1.278706571,1.2395125,622.5,212.5666636,0,-0.065217391,0,0,0,0
6538,AAAGAAGAAGAAGAGACACGGGA,0,0,0.028764978,0,0.113563,485,162.6120542,0.852173913,1.804347826,0,0,0,0
6539,TGGTTGGAGGCACAAGGAGTGGA,0,0,0.010466507,0,0.045787375,327.5,190.9578111,0,-0.565217391,0,0,0,0
6540,AATGAGAACTACAAACTCAAGGA,0,0,0.003582451,0,0.023607645,425,189.184629,0.260869565,-0.304347826,0,0,0,0
6541,GTTATTTTAATCATTACCTCTAG,0,0,0.066203704,0,0.362744077,552.5,174.7566797,0,-0.260869565,0,0,0,0
6542,GTCACCCAGGCTGGAGGTGGTGG,0,0,0.258522727,0,0.564014727,622.5,211.6910182,0,0.108695652,0,0,0,0
6543,TTGAATACCAGTGATGAGAGTAG,0,0,0.011904762,0,0.044156127,455,185.9185685,0.047826087,-0.608695652,0,0,0,0
6544,AAGTGGGAGGAAGAGGAACAGGG,0,0,0.135802469,0.218299942,0.210931167,552.5,191.9401246,0,0.217391304,0,0,0,0
6545,GGCACAGCCGCAGGAGTTGGGGA,0,0,0.006481481,0,0.100179289,455,184.7520241,0,-0.043478261,0,0,0,0
6546,GTAGAGTGTGTGTGTGTGTGTAG,0,0,0.032996633,0,0.367241041,552.5,193.4861086,0,-0.608695652,0,0,0,0
6547,TGGACGGATGAAGGAGGAGGGAG,0,0,0.006365445,0.156120734,0.156120734,455,167.3149792,0.043478261,-0.304347826,0,0,0,0
6548,AAATGTGACTCAGAGGCACAAAG,0,0,0.034391534,0,0.246570675,525,202.2324155,0.169565217,NA,0,0,0,1
6549,AATGTCCACAACAGCCTCATTGA,0,0,0,0,0.090605447,455,164.143159,0.073913043,-0.152173913,0,0,0,0
6550,CCCTGTGTCACATTATGGATCAG,0,0,0.014222222,0.034603861,0.034096845,362.5,185.3536579,0.169565217,0.065217391,0,0,0,0
6551,CAATCCGGGCAGAAGAAGGAGAG,0,0,0.038194444,0.519472711,0.519472711,552.5,184.8241831,0,-0.739130435,0,0,0,0
6552,GGTGTGTGCATGTGTGCATGTGA,0,0,0.009324009,0,0.16579195,552.5,183.5368299,0,NA,0,0,0,0
6553,TGGATGTGGGAAGGTGGAGTGAG,0,0,0.005668277,0,0.096689837,425,190.0106601,0.056521739,-0.173913043,0,0,0,0
6554,TGAATGAATGAATGAGGTGTAGA,0,0,0.013888889,0,0.127693048,552.5,186.9057056,0.008695652,-0.02173913,0,0,0,0
6555,AAATGAGACTCAGAGACACAAAG,0,0,0.048148148,0,0.073322394,457.5,186.7299736,0.034782609,-0.195652174,0,0,0,0
6556,ATGACCACCATTGAGTACACAGG,0,0,0.039246468,0.071821995,0.071821995,387.5,149.1206631,0,-0.326086957,0,0,0,0
6557,TGGGTGAATGAATGAGTAGTTGA,0,0,0.005787037,0,0.241506693,552.5,190.9973278,0,-0.065217391,0,0,0,0
6558,TGAGTGGAGGGACGAGGAGTGGA,0,0,0.016704358,0,0.302995647,425,202.0689958,0,-0.108695652,0,0,0,0
6559,AAATGGGAAACTGAGGCACATAG,0,0,0.023045267,0,0.207676548,460,198.4760954,0,-0.260869565,0,0,0,0
6560,GCTCCCCCAGAGCCTGACCAAGA,0,0,0.016018367,0,0.52553761,552.5,191.8205525,0,-0.195652174,0,0,1,0
6561,TGGAGGGAGGAGGGAGGAGGGAG,0,0,0.005516719,0.125714241,0.125714241,357.5,163.5586591,0,-0.108695652,0,0,1,0
6562,GCCAATCCAAAACCTGGCCAGAG,0,0,0.061140505,0,0.406288793,525,207.5359956,0.008695652,0.456521739,0,0,0,0
6563,GACTTTTTTCCATTTTTCTGAGG,0,0,0.002987862,0.096873557,0.093603563,455,161.0776581,0,-0.130434783,0,0,0,0
6564,CTTGAGTGAGAGTGAGCGTGAGG,0,0,0.197368421,0.231391376,0.223580696,425,198.5228947,0,-0.086956522,0,0,0,0
6565,CCCACCCTTCTAGAGACAGAAGG,0,0,0.016483517,0.271971206,0.262790744,455,177.8337794,0,-0.152173913,0,0,0,0
6566,GGGAAGGAGGAAGGAGGAGGGAG,0,0,0.005708143,0,0.26991206,455,171.2747595,0,0.195652174,0,0,0,0
6567,GAGGCGCCACAGGGCAGTAATGG,0,0,0.193143813,0.801938915,0.778438874,622.5,216.646016,0,-0.043478261,0,0,0,0
6568,GCAAATTTCCCACCCACCTGGAG,0,0,0.010789501,0.67500674,0.6510065,555,179.3724801,0,-0.152173913,0,0,0,0
6569,CCCATCCATGCAGTTACAAATGA,0,0,0.000881834,0,0.016574742,357.5,157.6140574,0,0.02173913,0,0,0,0
6570,AATTTTTTTCCATTGTTCTCAGG,0,0,0.22,0.786045066,0.786045066,620,211.8942796,0.039130435,0.195652174,0,0,0,0
6571,GCACACAGAGCATTGAATGCAGG,0,0,0.143407407,0,0.090827917,455,183.2348873,0.07826087,0.152173913,0,0,0,0
6572,GCCACTGGGGCTGGAGGGGGAGG,0,0,0.148351648,0,0.656790123,560,191.6368498,0,0.282608696,0,0,0,0
6573,GAGTGCAAGTAGAAGAAGAGAAG,0,0,0.11195694,0.415325641,0.415325641,552.5,173.3991629,0,-0.282608696,0,0,0,0
6574,ACCTGTATCCCAGCCACCTTGGG,0,0,0.064431818,0,0.397317959,522.5,206.0291787,0,0.152173913,0,0,0,0
6575,GGATTTTCTTCTGCAGCAGCAAG,0,0,0.015559238,0.206090981,0.206090981,552.5,183.4092353,0,-0.02173913,0,0,0,0
6576,TGGAGGGAGGAGTGGGGAGTGGA,0,0,0.020864197,0,0.371150222,432.5,197.188558,0.043478261,0.195652174,0,0,0,0
6577,AAATAGGAAGAAGAGGAAGAAGA,0,0,0.002507716,0,0.11028925,485,164.391585,0,0.02173913,0,0,0,0
6578,GACCCTCCACACCCAGCCTCCGG,0,0,0.176870748,0,0.141738197,522.5,196.1473971,0.047826087,0.152173913,0,0,0,0
6579,CCCTGTGCCCCTTGGTGGATAAG,0,0,0.026962963,0.132411937,0.130382635,425,187.4021045,0,-0.217391304,0,0,0,0
6580,TGGATGGAGGCATGATGTGTGGG,0,0,0,0,0.04758943,395,171.4581571,0,-0.47826087,0,0,0,0
6581,GGTGAGTGTGCGTGTGTGTGAGG,0,0,0.186666667,0,0.348882289,462.5,189.2240249,0,-0.130434783,0,0,0,0
6582,GGAGAGTGTGTGTGTGTGTGAGG,0,0,0.2,0,0.730827942,560,194.9261086,0,-0.586956522,0,0,0,0
6583,GGAGAGTGTGTGTGTGTGTGAGA,0,0,0.013888889,0,0.730827942,560,194.9261086,0,-0.434782609,0,0,0,0
6584,AGATGGGAACAAAAGGCACAGGG,0,0,0.210989011,0,0.308518702,522.5,202.682959,0.869565217,1.326086957,0,0,0,0
6585,TAGAAAGAGGAAGGAGGAGTGGG,0,0,0.110367893,0,0.334982304,522.5,206.3863755,0.217391304,-0.043478261,0,0,0,0
6586,GGGTGGTGGGAGTTGGCTCTGAG,0,0,0.002222222,0.233535847,0.226957373,462.5,166.6721977,0.030434783,0.239130435,0,0,0,0
6587,GCTTTTTTCCCTCCCACCTGGGG,0,0,0.025735294,0.332103316,0.320295198,455,172.5299796,0,-0.326086957,0,0,0,0
6588,GGTGAGTCAGGGTGTGAGTGCAG,0,0,0.029781576,0.585833333,0.57100211,462.5,190.0839883,0,0.152173913,0,0,1,0
6589,CCAGTGAAGACAGCAGAGGCAAG,0,0,0.064737006,0,0.124046168,425,191.7032974,0,-0.52173913,0,0,0,0
6590,GGGAAAGCCCCAGCTTCCCGAGG,0,0,0.006780643,0.052916112,0.052916112,387.5,134.0075616,0,-0.195652174,0,0,0,0
6591,GCCACCTTCCACCCCACCTCAGG,0,0,0.537593985,0,0.176585759,552.5,198.4147933,0,-0.130434783,0,0,0,0
6592,CCTGCCTCTGCTCTTGTCACAGG,0,0,0.026923077,0.073405825,0.07163701,462.5,184.9447722,0.391304348,0,0,0,0,0
6593,TAAGCAGAAGAAGAGGAACAAAG,0,0,0.05941358,0.620616516,0.609583333,552.5,196.0519689,0.082608696,0.195652174,0,0,0,0
6594,GCCGCTCCACAGCATGGCCAGGG,0,0,0.067708333,0.120723012,0.118783686,522.5,199.9094949,0,-0.043478261,0,0,0,0
6595,GAACACACAGAATAGAGTCCAAG,0,0,0.002197431,0.099495193,0.09629856,387.5,158.1359883,0,-0.608695652,0,0,1,0
6596,GGCACTGGGGCAGGTGGAGGGGA,0,0,0.004761905,0,0.036975282,357.5,168.7537277,0,0.260869565,0,0,1,0
6597,CACATCCAACCAGAGAGACCAGA,0,0,0.000626973,0,0.164063988,485,156.8765087,0.030434783,0.130434783,0,0,0,0
6598,AAATGAGAAAAAGAGAGAAACGG,0,0,0.023529412,0,0.027486212,417.5,145.1857267,0,-0.5,0,0,0,0
6599,TTCATTTTAGTCATTTCCTCTGG,0,0,0,0,0.072576354,485,162.9879902,0,-0.543478261,0,0,0,0
6600,GGCTCCTTAAAGCCAGGCCATGG,0,0,0.286327231,0,0.275145253,522.5,199.2699807,0.008695652,0.217391304,0,0,0,0
6601,GCCACACCAAAGCCTGACCACAG,0,0,0.106995885,0.712652979,0.692578247,560,196.7543049,0.008695652,-0.347826087,0,0,0,0
6602,GAGTCCAGGCAGAAGGAGCAGGG,0,0,0.029177719,0,0.055624514,485,165.6805764,0.013043478,-0.217391304,0,0,0,0
6603,AAATGGGAAGCAGAGGATCAGAG,0,0,0.017283951,0,0.038086554,387.5,164.7744879,0.047826087,-1.217391304,0,0,0,0
6604,GGAGCTGGGGGTGGAGGTGGCAG,0,0,0.022569444,0,0.7469375,522.5,208.4684993,0,-0.086956522,0,0,0,0
6605,GTCCCCCTGCTCCCCACCTCTGG,0,0,0.138528139,0,0.087673666,455,191.4817101,0,-0.391304348,0,0,0,0
6606,AACTGAGAGAAAGAGGCATATGA,0,0,0.008547009,0,0.276732817,552.5,178.9724833,0,0,0,0,0,0
6607,AACACCAGTGACTGCAGAGGAGG,0,0,0.036281366,0.005256015,0.005256015,260,160.2143601,0,-0.608695652,0,0,0,0
6608,TGTGTGTGTGTGTGTACGTGCGA,0,0,0.015151515,0,0.166395667,552.5,196.6634738,0,-0.195652174,0,0,0,0
6609,CGTGTGTGAGTGTATGAGTGTGA,0,0,0.006313131,0,0.090827917,455,185.2863843,0.226086957,-0.695652174,0,0,0,1
6610,TGTGTGTGTGTGTGTACGTGCGG,0,0,0.218181818,0,0.166395667,552.5,196.6634738,0.004347826,0,0,0,0,0
6611,AGGAACACATGTGAGAAGAGGGA,0,0,0.040106952,0,0.145490895,552.5,192.7200573,0,-0.217391304,0,0,0,0
6612,TGCAGTGCAGCTGAAGGTGGTGG,0,0,0.289285714,0,0.136846598,522.5,202.312715,0,-0.152173913,0,0,0,0
6613,AGGAAGACCTGAGAGTAGAGGGG,0,0,0.296470588,0.398629006,0.392225327,522.5,204.4661791,0.986956522,-0.434782609,0,0,0,1
6614,GTTAAATATCCAGCATCCGTAAG,0,0,0.041245791,0,0.561633746,620,212.0890388,NA,0.130434783,0,0,0,0
6615,CCAGTCTTTTGAGCGGAGGCCAG,0,0,0.042648451,0,0.496624264,622.5,206.9392818,0,0.282608696,0,0,0,0
6616,GGCTCCCCATACCTTGGCCAGAG,0,0,0.061782258,0.101488662,0.101488662,425,194.6129785,0,0.02173913,0,0,0,0
6617,TGTGTGTCAGTGTGTGAGTGTGA,0,0,0.007252007,0,0.609583333,552.5,193.825752,0.043478261,0.065217391,0,0,0,0
6618,GGTGGGTGTGTGTGGGCCTGTGA,0,0,0.000714286,0,0.048243477,455,174.3215448,0,-0.02173913,0,0,0,0
6619,CTAGCCCCACAAGGCAGACAAAG,0,0,0.023839932,0.048280443,0.047422124,387.5,154.7845663,0.995652174,-0.847826087,0,0,0,0
6620,TCCATCCATGCAGGGACAAATGG,0,0,0.077777778,0,0.072298905,455,171.821079,0.482608696,-0.52173913,1,0,0,0
6621,CCAGCAAGTAGAGCTGAGGGAGG,0,0,0.008403361,0.107052935,0.107052935,455,164.7810745,0,0.130434783,0,0,0,0
6622,TGGATGTAGGTATGGGGAGGAGA,0,0,0.00140056,0,0.063678242,357.5,159.242114,0,-0.086956522,0,0,0,0
6623,GCCTCCTCCAAGTCTGGCCAGGG,0,0,0.325,0.410776772,0.410776772,530,204.5577183,0.056521739,-0.043478261,0,0,1,0
6624,AGAAGAGAAGGAGAGGAACACAG,0,0,0.029958848,0.33831875,0.33831875,455,190.8702052,0.117391304,0.195652174,0,0,0,0
6625,TGGGAGTGAGTGTGTGTGAGAGA,0,0,0.00462963,0,0.199996994,485,166.937889,0.039130435,0.043478261,0,0,0,0
6626,ATGAATACCAGTGGAAAGAGAGA,0,0,0.025747673,0,0.005945117,392.5,174.2793839,0,1.282608696,0,0,0,0
6627,GGGTGGTGGGAGGTGGCGCCGGG,0,0,0.002484472,0.020523922,0.019864519,357.5,167.6871438,0,-0.152173913,0,0,0,0
6628,AAATGAGGTGAAGAGGCAGGGAG,0,0,0.010904139,0,0.120640838,485,144.2548028,0.02173913,-0.108695652,0,0,0,0
6629,TGTGAGTTCGTGTGTGTGTGGGG,0,0,0.166666667,0,0.372455417,552.5,191.1542916,0,-0.239130435,0,0,0,0
6630,CCCTGTGTCTTTGCATGGTAGAG,0,0,0.01035503,0,0.015541087,290,133.4451318,0,-0.065217391,0,0,0,0
6631,GGCCCCCTCCACCCCCACCCCAG,0,0,0,0,0.033027225,417.5,149.9374631,0.1,-0.217391304,0,0,0,0
6632,TGTTTGGAGGACAGAGGAGTAGG,0,0,0.057968347,0,0.268601546,425,200.582979,0,0.130434783,0,0,0,0
6633,GAGGCAGAGCAGAAGCAGAAGGA,0,0,0,0,0.309411581,560,200.4519901,0,-0.043478261,0,0,0,0
6634,TCCAGCTTAGTCATTGCCTGAAG,0,0,0.027350427,0,0.272333333,552.5,200.3832541,0,-0.217391304,0,0,0,0
6635,AATGTCCACTAGACACTCAAGAG,0,0,0.002660348,0.028567679,0.02810876,327.5,184.3493733,0,-0.347826087,0,0,0,0
6636,TGTGTGTGAGTGTGTGCGGGAGG,0,0,0.090909091,0,1.127118644,560,188.3636801,0.113043478,0.369565217,0,0,0,0
6637,GACACGGAAGCAGAGATTGCCAG,0,0,0.002678298,0,0.020546458,417.5,132.2399902,0.086956522,-0.47826087,0,0,0,0
6638,AAAAGAGAAAAAGAGATACAGAG,0,0,0.053772291,0,0.091675932,485,175.0601266,0,-0.586956522,0,0,1,0
6639,GTCATCACAGTCAATACCAGAAG,0,0,0.040123457,0,0.048186352,455,171.3298177,0,0.02173913,0,0,0,0
6640,GCCTCCCCTAAGCCCAGCCACAG,0,0,0.042424242,0,0.07163701,462.5,184.9447722,0,0.065217391,0,0,0,0
6641,AAATGATATTAGGAGGCACAGGA,0,0,0.013971561,0,0.246762336,522.5,200.149202,0.213043478,0.630434783,0,0,0,0
6642,GAGCAGAAAGCCCAGACTGCGGG,0,0,0.063481071,0.165157061,0.162503936,425,199.670595,0.039130435,0.239130435,0,0,0,0
6643,GGCTCTTTTCCACCCACATCTGG,0,0,0.029796291,0.083523485,0.083523485,485,152.4392864,0,-0.043478261,0,0,0,0
6644,TCCCCCCATCCAGAAACACATGG,0,0,0.33217993,0.416921397,0.402848101,522.5,202.8310584,0.839130435,0.217391304,0,0,0,0
6645,GGGCTCCCTTCTGCAGCCCTGAG,0,0,0.003195352,0.132301321,0.127597274,485,155.2374668,0.008695652,0.195652174,0,0,1,0
6646,TGTGAGTGAGGTTGTGAGTGGGG,0,0,0.071794872,0,0.166452825,357.5,184.2677048,0,0.347826087,0,0,0,0
6647,TCCTCCCCAGCGCCTGGCCTGGA,0,0,0.009259259,0,0.356503615,455,170.8405799,0,-0.326086957,0,0,0,0
6648,GCCCCTGTCCCTCCCAACTTTAG,0,0,0.015350221,0,0.194470201,455,187.2410077,0.234782609,-0.065217391,0,0,1,0
6649,GGTGTGTGTGTGTGTGTGGGGAG,0,0,0.006599327,0,0.111383028,485,162.2177886,0.256521739,-0.02173913,0,0,0,0
6650,GGCAGTGCTGGTGGAGATGGTGA,0,0,0.005185185,0,0.196246288,455,186.7357049,0.008695652,0.065217391,0,0,0,0
6651,TGCACTCCTGCTGAAGGTGGAAG,0,0,0.071296296,0,0.093466227,522.5,201.2178542,0,-0.195652174,0,0,0,0
6652,TCCTGTGGCTCTGGATGGGTGAG,0,0,0.071296296,1.127118644,1.127118644,560,186.5521831,0.026086957,0.260869565,0,1,0,0
6653,AGCTAAGAAGAACAGGCACAGAG,0,0,0.032436647,0,0.545938102,522.5,207.6443595,0.026086957,-0.108695652,0,0,0,0
6654,GCCTCCCCCAACCCTGGCAACAG,0,0,0.033613445,0.26654264,0.26654264,462.5,177.9761193,0,0.043478261,0,0,0,0
6655,ATATCAGAAAAAGAGGAACAAGA,0,0,0.017283951,0,0.56142625,552.5,191.6938325,0.291304348,0,0,0,0,0
6656,ACAGGGAGTAGAGCACAGGCTGG,0,0,0,0.072985333,0.072985333,455,186.4162325,0,-0.195652174,0,0,1,0
6657,ACCATCTATCTAGAGACCCAAGG,0,0,0.047619048,0.121973335,0.117636505,455,185.1634022,0,-0.173913043,0,0,0,0
6658,AAATGTGACAAAGAGACACAGAG,0,0,0.098765432,0,0.083779968,552.5,191.1740733,0,0.02173913,0,0,0,0
6659,AATTGAAATGAGGAGGCACATGG,0,0,0.305882353,0,0.289640613,522.5,204.6129384,0.034782609,0.304347826,0,0,0,1
6660,GGTGTGTGTGTATGTGTGTGGGG,0,0,0.095030303,0,0.173969682,455,185.2496881,0,0.108695652,0,0,0,0
6661,GGTGTGGGAGTGTGGGTGTGGGG,0,0,0.004991087,0,0.105930922,455,180.3353666,0.008695652,-0.326086957,0,0,0,0
6662,GGCATGGGAGTGTGTGCGTGTAG,0,0,0.021390374,0,0.878799588,622.5,214.1268992,0,-1.02173913,0,0,0,0
6663,AATGACCTTGACATCCACAAAAG,0,0,0.025925926,0.309968168,0.309968168,555,186.1625552,0,0.086956522,0,0,0,0
6664,TAGATGGAGGAGAGAGGAATAGG,0,0,0.302197802,0,0.094963995,357.5,170.9965791,0.12173913,-0.282608696,0,0,0,0
6665,AAAGGAGAGGAAGATGCAGAGGG,0,0,0.007440476,0,0.081669315,455,169.4115981,0.160869565,-0.065217391,0,0,0,0
6666,GGTGAGGGAGTGAGAGGGTGTGG,0,0,0.013868848,0,0.039019591,357.5,172.124366,0,-0.173913043,0,0,0,0
6667,CGCGCCTCCGCACTACTCCCCGG,0,0,0.049346755,0.250869411,0.24194961,455,179.9678996,0,-0.347826087,0,0,0,0
6668,AAATGAGAAGAAAAGACAAGAGA,0,0,0.021008403,0,0.011934394,320,124.5266537,0,-0.239130435,0,0,0,0
6669,GCTCCCCCAAGGCCTGGCCAGGA,0,0,0.020080167,0,1.46235865,530,212.7683163,0,-0.304347826,0,0,0,0
6670,TGGATGTGGGGGTGAGGAGTGAG,0,0,0.051001372,0.250719313,0.243372227,425,199.7708181,0,-0.217391304,0,0,0,0
6671,GGTGGGGTAGTGTGTGTGTGTAG,0,0,0.032026144,0.395264636,0.395264636,552.5,191.4425712,0,-0.108695652,0,0,0,0
6672,GGGTGAGGGCAGGGTGCTCCCAG,0,0,0,0,0.043855756,425,191.2837744,0,-0.391304348,0,0,0,0
6673,TAATCCCCAAAGCCTGGCCCTGG,0,0,0.143250689,0.700844318,0.687682923,555,181.2944001,0.286956522,-0.282608696,0,0,0,0
6674,CCATGTGTTTCTGGATGGGGGGA,0,0,0.003484988,0,0.125295966,485,146.8266198,0.395652174,-0.130434783,0,0,0,0
6675,GAAGACCACTACTTGCTCAAAGA,0,0,0.000744048,0,0.153719584,425,194.9656579,0.047826087,0.195652174,0,0,0,0
6676,GAATGAGAAAAATAGGCACTTAG,0,0,0.043555555,0.253346691,0.248589007,455,167.5713431,0,0.369565217,0,0,0,0
6677,TAACACAATTCATAGACTGGGAG,0,0,0.00743464,0,0.392475151,552.5,173.1108833,0.004347826,-0.282608696,0,0,0,0
6678,GACTCTGTCTCTGGCTGGATTGG,0,0,0.14229249,0.416921397,0.402848101,522.5,203.4646584,0,-0.304347826,0,0,0,0
6679,ACCTCCTTCACTCCCACCTTCAG,0,0,0.061279461,0.405245255,0.392225327,522.5,204.7061791,0.07826087,-0.5,0,0,0,0
6680,GGGCCTGCGGCTGAGGGTGGGAG,0,0,0.022303922,0,0.059184026,425,191.9521938,0.034782609,-0.434782609,0,0,0,0
6681,CCTGCTTCCTCCCTCCTCACCGG,0,0,0.194933356,0.105116388,0.105116388,425,190.4991576,0.026086957,-0.239130435,0,0,0,0
6682,GGTGAGTCAGTGAGTGAGTGTGA,0,0,0.013806706,0,0.398158228,462.5,186.8147514,0,0.108695652,0,0,0,0
6683,AAATGAGAAAAAGAGACAAGGAG,0,0,0.079302832,0,0.02977078,417.5,129.0342378,0,-0.065217391,0,0,0,0
6684,GCTACCCATCCAGAGAAACACAG,0,0,0.075946055,0.611927885,0.601049167,552.5,196.3975689,0.07826087,-0.630434783,0,0,0,0
6685,GATACCCTCCACCACGGCTCTGA,0,0,0.000827743,0,0.085021828,455,185.1731043,0,-0.413043478,0,0,0,0
6686,GGCTCTGTGGCTGTGGGTGGCAG,0,0,0.025022447,0,0.057131627,425,189.3803768,0,-0.02173913,0,0,0,0
6687,GACTTCTGTACATTGTTGTCAGG,0,0,0.057142857,0.164163878,0.164163878,552.5,183.8991293,0.004347826,0.413043478,0,0,0,0
6688,CCTGCCTCCCCTCTTACCACCGA,0,0,0.003921569,0,0.022309918,412.5,161.726705,0,-0.065217391,0,0,0,0
6689,GGAGGCTGAGTGTGTGGGTGCAG,0,0,0.005347594,0,0.34522286,552.5,194.6115849,0.008695652,-0.130434783,0,0,0,0
6690,GACCACCTCCACCCCCACCCTGG,0,0,0,0,0.03135496,417.5,148.8891431,0,-0.652173913,0,0,1,1
6691,GCACACCAAGAATAGACTTCCAG,0,0,0.044560185,0,0.189058669,455,179.5987356,0,0.108695652,0,0,0,0
6692,AAATGAGCAACAGAGACACAGGA,0,0,0.011111111,0,0.120003918,455,187.589937,0,-0.108695652,0,0,0,0
6693,CACTTTTTTTCCTTGTTTTCTAG,0,0,0.020885547,0.095779306,0.09237382,455,184.2745823,0.02173913,0.043478261,0,0,0,1
6694,ATGAGCAGAAGTGAGTAGAGGGA,0,0,0.02755102,0,1.482630907,627.5,212.0520827,0,-0.760869565,0,0,0,0
6695,GAGCCACTGCACCCCGCCTGCAG,0,0,0.004383235,0,0.240647808,552.5,175.7886357,0.817391304,-0.282608696,0,0,0,0
6696,GGGTGGGGGGAGATCTCTTCAGG,0,0,0,0,0.007670066,290,147.4572321,0,-0.347826087,0,1,0,1
6697,CCCCCCTCCCACCCCGCCTCTAG,0,0,0.118220899,0,0.932255747,620,213.4770022,0,0.043478261,1,0,1,0
6698,CCAGTGAGTAGAGAGGCGGGGGA,0,0,0.000252307,0,0.060843761,395,150.6371044,0.4,0,0,0,0,1
6699,GGTGTGTGGGTGGGTGGGTGAGG,0,0,0.003720065,0,0.136842006,455,183.466468,0,-0.086956522,0,0,0,0
6700,AATGAGTGAGTGAGTGCATGGAG,0,0,0.094629039,0,0.120099,455,184.0373462,0.469565217,-0.195652174,0,0,0,0
6701,GGCTCCCCCAGGCCTGTCCAGGG,0,0,0.064596273,0.206712756,0.206712756,455,187.7840249,0.030434783,0,0,0,0,0
6702,GCCTCTTTCCCTCCCTCTGTGGG,0,0,0,0.00724239,0.007131396,320,138.0241404,0,-0.02173913,0,0,0,1
6703,TGCATGGAGGGATGAGGACACAG,0,0,0.016343391,0,0.113812211,387.5,144.5563164,0.004347826,0.847826087,0,0,0,0
6704,GGATTCTCTTCTGCAGCATCCAG,0,0,0.061868687,0,0.677902985,560,186.3952193,0.017391304,-0.130434783,0,0,0,0
6705,AAACAGAAAGCAAAGAATGCCAG,0,0,0.037692308,0,0.142724794,455,186.9285844,0,-0.782608696,0,0,0,0
6706,GAAGGGGAAGAGGAGGCACACGG,0,0,0.322420635,0.440005705,0.425868976,522.5,208.8243156,0,0,0,0,0,0
6707,GCCCCTCCACAGCCTGTCCAGGG,0,0,0.050070028,0.328000636,0.322464761,552.5,190.5625685,0.034782609,0.152173913,0,0,1,0
6708,AAGTGACATGAAGAGACACAGGG,0,0,0.252083333,0,0.106383384,552.5,195.040613,0,0.304347826,0,0,0,0
6709,TACAAAGAAGCAGAGTTCTTAGA,0,0,0.015792031,0,0.187751667,552.5,190.7023627,0.026086957,0.130434783,0,0,0,0
6710,GTCACAGCCATTGACTATGGAGG,0,0,0.112044818,0,0.067566537,455,183.3774182,0.991304348,2,0,0,0,0
6711,TGTACGTGTGTGTGTGCGTGTGG,0,0,0.27,0,0.833979885,620,213.0782996,0.260869565,0,0,0,0,0
6712,GGGTGGGGGGAATGTGCTAAGGG,0,0,0,0,0.01314354,290,131.959115,0.165217391,0.239130435,0,0,0,0
6713,GAGCCCCTGCACCCAGCCACTGA,0,0,0.001364743,0,0.080525945,455,169.7571981,0,0.02173913,0,0,0,0
6714,GCCTCTTTGCAACGTACCTTGGG,0,0,0,0.018482879,0.018482879,327.5,183.1639297,0,0.043478261,0,0,1,0
6715,GGTGTGTGTGTGTATGTGTGTGA,0,0,0.00530303,0,0.05268594,455,181.3266039,NA,-0.869565217,0,0,0,0
6716,GGTGTGTGTGTGTATGTGTGTGG,0,0,0.076363636,0,0.05268594,455,181.3266039,0.082608696,-0.130434783,0,0,0,0
6717,CCTGCCTCCACTCTTCACCCTAG,0,0,0.005340145,0.042827353,0.042827353,387.5,148.267131,0.256521739,0,0,0,0,0
6718,GAGTCAGAGGAGGAGAAGGAGGA,0,0,0.006133001,0,0.102104069,455,172.1749591,0.204347826,0.326086957,1,0,0,0
6719,TGGATGGTGGATTGATGAATAGA,0,0,0,0,0.038138151,387.5,160.3476568,0.013043478,0,0,0,0,0
6720,CACCCCCCCCCCCCCACCTCCGG,0,0,0.285714286,0,0.151145,455,192.5816734,0,-0.173913043,0,0,1,0
6721,GACTGGTTTTCATTGTGATGGGA,0,0,0.000165617,0,0.049822465,417.5,134.3646357,0.034782609,-0.391304348,0,0,0,0
6722,GGGTGGGGCGACTTCGGTCCCAG,0,0,0.001185666,0.043675329,0.042336622,357.5,172.3309866,0.034782609,0.282608696,0,0,0,0
6723,GGAAATGGGGCTGGAGGAGGGGA,0,0,0.014739229,0,0.305988667,552.5,188.8605298,0,-0.369565217,0,0,1,0
6724,AATGAACAGTGCATTCTCAAAGG,0,0,0.024909297,0.078664699,0.078664699,425,193.0171304,0,0.043478261,0,0,0,0
6725,GCCCCCCGCCACGCCGCCCCCGG,0,0,0.021674877,0,0.19301625,455,175.6128626,0,-0.260869565,0,0,1,0
6726,AACAGCAGAGAGTAGAATGGTGA,0,0,0.023214286,0,0.069304995,485,167.5424553,0,0.152173913,0,0,0,0
6727,GACATCGGTATCTTCCCCAATAG,0,0,0.06987037,0.223415437,0.223415437,455,164.4715262,0,0.065217391,0,0,0,0
6728,GGGTGGGGGGTGCTTGCACCCAG,0,0,0.041985305,0,0.107076217,365,179.2472625,0.047826087,-0.065217391,0,0,0,0
6729,TACATTTTCTCATTGTTCTCTGG,0,0,0.293040293,0.520512228,0.50455783,620,212.5806356,0,0.217391304,0,0,0,0
6730,GGGTGGGGGGAGTGAGGGCCAGG,0,0,0,0.003990621,0.00393215,290,146.9443494,0,-0.195652174,0,0,0,0
6731,TAGATGGAGGAATGAGTGGATGA,0,0,0.003305288,0,0.052629364,417.5,135.4129557,0,-0.02173913,0,0,0,0
6732,AAGAGAGAAGAAGAGAAACAGGG,0,0,0.135802469,0,0.098146003,485,179.523863,0,-0.826086957,0,0,0,0
6733,GAATGAGAAGGAAAGACACAAAG,0,0,0.155555555,0,0.058493115,357.5,186.1821699,0.2,0.52173913,0,0,0,0
6734,TGTGTGTGTGCGTGTGCGTGTGA,0,0,0.01010101,0,0.485165286,522.5,207.7218159,NA,NA,0,0,0,0
6735,GGTGAGTGAGTCATTGAGTGAGG,0,0,0.04561086,0,0.014253296,295,169.3592833,0,-0.217391304,0,0,0,0
6736,CCATTCCATGCAGAGCCACACAG,0,0,0,0,0.234785634,552.5,195.5182377,0.013043478,-0.260869565,0,0,0,0
6737,GGTAAGTGAGTGGGTGACTGAAG,0,0,0.01352657,0,0.043896945,387.5,162.4176351,0,0.108695652,0,0,0,0
6738,GCCACCCATGTCCTCCCCAGAAG,0,0,0.024714052,0.476356426,0.476356426,552.5,178.1508993,0.017391304,0,0,0,0,0
6739,AGCACAGGGGCTGGGGGTGGAGG,0,0,0.325928572,0,0.243723101,522.5,200.1071775,0.043478261,-0.043478261,0,0,0,0
6740,AGGATGGAGGAAAGGGGCGTGGA,0,0,0.005952381,0,0.032186532,357.5,170.0703246,0,0.173913043,0,0,0,0
6741,CCCATCCATCCACACACTCAGAG,0,0,0.014885699,0.050488678,0.049328018,365,171.2703246,0.382608696,-0.456521739,0,0,0,0
6742,GAAAACAAAGCAGAGACCACCAG,0,0,0.017434892,0.037831185,0.037831185,387.5,152.6557462,0,0.02173913,0,0,0,0
6743,AACACCAGTTAGTGGTGTGGAGA,0,0,0,0,0.006314585,387.5,159.8573198,0,-0.02173913,0,0,1,1
6744,TGGATGGAGAAGTGAGGACAGGA,0,0,0.01180356,0,0.085158277,387.5,138.6065633,0.008695652,0.043478261,0,0,0,0
6745,GTTACCACAAATGTCTAGGGCAG,0,0,0.071296296,0,0.087716364,522.5,200.6898542,0.213043478,0.108695652,0,0,0,0
6746,GGCACTTCTGCTGAAGATGGAAG,0,0,0.055308642,0,0.034250305,455,180.2317431,0,0.130434783,0,0,0,0
6747,GTCACTTTAGCCATGACCTGGGA,0,0,0.002149471,0,0.128747462,425,195.6885907,0,-0.108695652,0,0,0,0
6748,GCCATCCATCCAGCCACATAAAG,0,0,0.006384919,0.021038118,0.021038118,357.5,162.6057938,0,-0.847826087,0,0,0,0
6749,AATTAGCTCTGCATCCTCAAGGA,0,0,0.003517316,0,0.458313578,522.5,207.2105153,0.734782609,0.065217391,0,0,0,0
6750,GGGAGGGAGGAAGGAGGGGTCAG,0,0,0.016561227,0.124526613,0.120099,455,182.9890262,0,-0.130434783,0,0,1,0
6751,TGTGAGAGAGTATGTGTGTGAGG,0,0,0.381111111,0,0.204841945,455,188.1146077,0.047826087,-0.065217391,0,0,0,0
6752,GGGCCCCTCCACCCCGCCTCTGG,0,0,0.4,0,5.146703297,635,220.832,0.060869565,-0.282608696,0,0,0,0
6753,TAATGAAAAGAAGAAACACACAG,0,0,0.244008714,0,0.049848983,455,185.3213717,0.017391304,0.347826087,0,0,0,0
6754,CCCATCCTTCCAGAAACAAGGGG,0,0,0.132194054,0.052916112,0.052916112,387.5,134.0075616,0.273913043,0.217391304,0,0,0,0
6755,AGGAGGGAGGAATGAAAAGTGAG,0,0,0.154864197,0,0.104848333,485,179.637143,0.143478261,0.543478261,0,0,0,0
6756,CATGCCTCCCCTCTTCTCAGGGG,0,0,0.00342246,0,0.172149493,455,162.6236421,0.039130435,-0.043478261,0,0,0,0
6757,GCCATTGAAGTCATTACCTGTGA,0,0,0.026010404,0,0.564014727,622.5,211.6910182,0.004347826,-0.434782609,0,0,0,0
6758,TGCTTGGAGGAATCAGGACTAAG,0,0,0.012190874,0,0.073273358,455,175.4112154,0.008695652,-0.217391304,0,0,0,0
6759,TGGATGGAGGAATGAATGGGAGA,0,0,0.00122549,0,0.007062745,375,118.3645298,0,0.239130435,0,0,0,0
6760,AGCACTGTGGCTGGGGGAGGGGG,0,0,0.34125,0,0.083169333,455,176.4698282,0.117391304,-0.47826087,0,0,0,0
6761,GGTTAGGGTGTGTGTGGGTGTGG,0,0,0.007549544,0,0.241506693,552.5,190.9973278,0.004347826,-0.086956522,0,0,0,0
6762,GGGTGGGGGGACTATTCTCAAAG,0,0,0,0,0.00717679,290,145.4186891,0.391304348,-0.043478261,0,0,0,0
6763,TGAATGGAGGAGTAAGGAGGTGA,0,0,0.004978554,0,0.047723985,357.5,162.179115,0,3.413043478,0,0,0,0
6764,AGATTAGAAGATGTGGCACATGG,0,0,0.042666667,0,0.110193987,425,198.3163949,0.547826087,0.934782609,0,0,0,0
6765,CCACTGAGTATGGCAGAGGCAGG,0,0,0.138408305,0.108175948,0.104700416,327.5,190.1731943,0.082608696,-0.847826087,0,0,0,0
6766,TGTGTGTGTGTGTGTGGGTGAAG,0,0,0.003327392,0,0.372455417,552.5,192.9657886,0,-0.108695652,0,0,0,0
6767,GGTCCCCTCCTCCCAGCCTCAGG,0,0,0.037606838,0,0.220450566,425,197.9948947,0.065217391,0.195652174,0,0,0,0
6768,AAAGTGGAAGAAGAGGCACAAAG,0,0,0.034722222,1.403540904,1.403540904,630,216.452096,0,0.02173913,0,0,0,0
6769,AGTTGAGAAGAAGAGGAATAAGG,0,0,0.121628959,0,0.189330488,485,166.697889,0.065217391,-0.130434783,0,0,0,0
6770,TGCGTGTGTGTGTGTGCGTGAGA,0,0,0.006493506,0,0.822304167,620,213.4238996,0,-0.152173913,0,0,0,0
6771,GCTTCCCCCACGTCTGGCCAGAG,0,0,0.028518518,0.188152876,0.18513034,425,198.9828154,0,0.086956522,1,0,1,0
6772,GAACACAAAACAAATACTGATGA,0,0,0.003205128,0,0.056989779,357.5,153.3643215,0,0.413043478,0,0,0,0
6773,TATGATCACTCCATCCTCATAGA,0,0,0.01547619,0,0.234185328,455,174.0463324,0,-0.608695652,0,0,0,0
6774,AAATGAAAAGAAAAGTAACAGAG,0,0,0,0,0.025042424,387.5,169.0429617,0,-0.195652174,0,0,0,0
6775,TGGACTGAGCAATGAGAAGTTGA,0,0,0.017283951,0,0.322464761,552.5,190.1478485,0,-0.065217391,0,0,0,0
6776,TATCACCACTACATCCATAAAGG,0,0,0.181512605,0,0.119478333,485,171.9169557,0,0.108695652,0,0,0,0
6777,GGGGAGGAGGAATGGGGAGTCAG,0,0,0.050372383,0,0.402848101,522.5,202.8310584,0.017391304,0.173913043,0,0,0,0
6778,AGAATCCCTTCTGGAAAACCCAG,0,0,0,0.01590516,0.015622402,387.5,169.2862784,0,-0.369565217,0,0,0,0
6779,GGGTGGGGGGTCCTTGCTCCCAG,0,0,0.033341272,0,0.245153868,370,196.9544953,0.139130435,0.152173913,0,0,0,0
6780,GAATGAGTAGAACACGCACACAG,0,0,0.012759171,0,0.155902215,425,192.3938409,0.091304348,0.195652174,0,0,0,0
6781,GCCTCCCCACAACCCTGCCATGG,0,0,0,0,0.028510336,357.5,174.9967157,0,-0.043478261,0,0,0,0
6782,AAATGAGAAGGCCAGCCACAAAG,0,0,0,0,0.023718637,295,178.4660694,0,-0.608695652,0,0,0,0
6783,AAGAAGGCCAGTGAGTAGAAAAG,0,0,0.072586727,0.288195638,0.288195638,552.5,177.6532353,0.013043478,-0.130434783,0,0,0,0
6784,CCCTCCCACAAGCCTGGCCCAAG,0,0,0.015632516,0.434296023,0.426140229,552.5,175.0028028,0.039130435,-0.282608696,0,0,0,0
6785,TGAGAGTGAGTGTGAGAGTGGGG,0,0,0.192982456,0,0.161081177,455,183.4788674,0.017391304,-0.239130435,0,0,0,0
6786,GAGTTGTTTATATTATTCTCTGA,0,0,0.008618832,0,0.203034972,425,193.2431583,0,0.065217391,0,0,0,0
6787,ATGAACTACGGTGTGTAGAGTAG,0,0,0.021844993,0.129923692,0.127932524,522.5,197.0860812,0,-0.239130435,0,0,0,0
6788,GTCATCTTAGAAATTAGATGAGA,0,0,0.001178356,0,0.028124788,290,158.8443715,0.639130435,0,0,0,0,0
6789,CTCATTAAGCCAGAGACACAAGA,0,0,0.027217326,0,0.344612998,620,210.8310548,0,0.108695652,0,0,0,0
6790,AATGGCCAAAACATCCTCATTGA,0,0,0.022040816,0,0.371543143,552.5,171.8225633,0.013043478,-0.391304348,0,0,0,0
6791,AACACAGAAGAAGAGTTCTTGAG,0,0,0.069642857,0,0.104202175,455,185.760599,0,-0.434782609,0,0,0,0
6792,AAATGAGAAAAAGAGGTTCAAAG,0,0,0.056460905,0,0.185720751,492.5,168.9988192,0,-0.02173913,0,0,1,0
6793,GGGAGGGAGGAATGAGGACAAGA,0,0,0.01071964,0,0.219695863,485,150.0260801,0.4,0,0,0,1,0
6794,AGTCAGTGAGTGAGTGAGTGCGG,0,0,0.153936652,0,0.23590875,455,187.8409684,0,-0.108695652,0,0,0,0
6795,GAAAATAAAGGAAAGACTGCAGA,0,0,0.009398496,0,0.185915179,425,200.8110118,0.02173913,-0.304347826,0,0,0,0
6796,GGTGAGTGTGTTTGTAAGTGCAG,0,0,0.027920228,0,0.027171265,387.5,169.2495822,0,0,0,0,0,0
6797,TCCATCCATCCAGAGAACCAGGG,0,0,0.088888889,0.261154827,0.252864198,492.5,173.9905557,0,-0.239130435,0,0,0,0
6798,GCTGAGTGAGTGTCTCCCTGCAG,0,0,0,0,0.007953223,387.5,164.6090562,0,0.434782609,0,0,0,0
6799,GGTGAGGGTGTGTGTGTGTGGGG,0,0,0.164705882,0,0.452243644,560,193.0709278,0,-0.391304348,0,0,1,0
6800,AAAAGAGAACAAGAGGGGCAGAG,0,0,0.001161946,0,0.104467922,485,166.9252192,0,-0.108695652,0,0,0,0
6801,TACACAGAAGAAGAGATTTTGAG,0,0,0.164141414,0.091442725,0.091442725,455,193.8955064,0,-0.652173913,0,0,0,0
6802,GAGTCCCAACAGAATAACAAAGG,0,0,0.030065598,0.032403402,0.031362329,455,173.226684,0.026086957,-0.52173913,0,0,0,0
6803,GAACTCAAAGCATAAACTCATAG,0,0,0.019887858,0,0.055738305,387.5,135.8190586,0,-0.130434783,0,0,0,0
6804,TTTGTTCCCCAGGGCAGTAACAG,0,0,0.087542087,0.520512228,0.50455783,620,212.1659156,0.02173913,-0.282608696,0,0,0,0
6805,TGTGTGTGGGTGTGTGGGTGTGG,0,0,0.014260249,0,0.372455417,552.5,192.9657886,0,-0.630434783,0,0,0,0
6806,ACCTCCCCAAAGGTTGGCAAAGA,0,0,0.002678571,0,0.03037967,357.5,167.3134949,0.269565217,0.5,0,0,0,0
6807,GGTGTGGGAGTGTGTGTGTGGGG,0,0,0.099821747,0,0.781869327,560,195.7423881,0,-0.456521739,0,0,1,0
6808,GGGAGGGAGAAATCAGGAGTGAG,0,0,0.063484702,0,0.206277769,522.5,201.2807589,0,-0.413043478,0,0,0,0
6809,CACAGGGTCTCTGGGTGGATGGA,0,0,0.008932866,0,0.243723101,522.5,202.0933944,0,-0.47826087,0,0,0,0
6810,GGAATCTCTTCTTCAGCATCTAG,0,0,0.029166667,0,0.247568261,462.5,177.7694987,0.07826087,-0.065217391,0,0,0,0
6811,GGAGAGAGAGAGTGTGTGTGTGA,0,0,0.015190972,0,0.216300667,455,189.0726244,0,-1.065217391,0,0,0,0
6812,GGTGTGTGTGTATGTGTGTGCAG,0,0,0.024637486,0,0.173969682,455,185.2496881,0,0.239130435,0,0,0,0
6813,ACCTCCTTCCCACCCAGCTCAAG,0,0,0.001134338,0.165562031,0.162452885,485,159.290305,0,-1.152173913,0,0,0,0
6814,GAACAGAAAACAGAGACTGAGGG,0,0,0.060869565,0.139888307,0.135166339,455,165.7853591,0,0.152173913,0,0,0,0
6815,CCCTCCTTCCCTCCCACCTCTGG,0,0,0.019677292,0,0.207602129,455,172.5603156,0.534782609,1.369565217,0,0,0,0
6816,GGAGTGTGAGTGTGTGGGGGGGG,0,0,0.00381971,0,0.189330488,485,165.649569,0,-0.282608696,0,0,0,0
6817,GACCCCCTTCTCCCCGACACGGG,0,0,0.035897436,0,0.05883842,387.5,157.2760249,1,1.304347826,0,0,0,1
6818,TGGGTGGCAGAATGAGGAGTCAG,0,0,0.044642857,1.51751634,1.482630907,627.5,212.4668027,0,0,0,0,0,0
6819,TGGAAGGATGAATGAGGGGTAGG,0,0,0.106666667,0,0.356082003,560,189.7285664,0,-0.195652174,0,0,0,1
6820,AACACCAGTGAGAAGGGTGAAAG,0,0,0.020802515,0.007541423,0.007425845,320,129.8513204,0.173913043,0.391304348,0,0,0,0
6821,GAGTCCCAGGAGAAGAAGAGAGG,0,0,0.204452614,0,0.779954255,560,175.8874829,0.165217391,-0.52173913,0,0,0,0
6822,GGTGTGTGTGTGTGTGTTTGTAG,0,0,0.017598204,0,0.069304995,485,167.5424553,0.165217391,0.369565217,0,0,0,0
6823,CCAGCCTCCTCTCTGCTCAGTGG,0,0,0.022190126,0.166610564,0.160686632,455,162.3356421,0,-0.02173913,0,0,0,0
6824,GGTGTGTGTGTGTTTGGGTGGGG,0,0,0.00342246,0,0.05268594,455,181.3266039,0.02173913,0.043478261,0,0,0,0
6825,GAAACGAAAGCATACACTGCAAG,0,0,0.014885699,0.239677905,0.23197741,525,201.0450744,0.008695652,0.217391304,0,0,0,0
6826,AAATGATAAGAACAGGTAAAAAG,0,0,0.012475634,0,0.048184735,387.5,155.5833877,0.017391304,0.173913043,0,0,0,0
6827,AGGAATGCAGCTGGAGGTGGGGG,0,0,0.165306122,0,0.822304167,620,213.4238996,0.1,0.043478261,0,0,0,0
6828,GAATGCACTTCTGCAGCACCAGA,0,0,0.017948718,0,0.891277473,620,214.4148992,0,-0.565217391,0,0,0,1
6829,TGGATGTTGGAGTGAGGAGGAGA,0,0,0.002167534,0,0.210633958,455,168.8633019,0,5.217391304,0,0,0,0
6830,AAACACAAACCACAAACTGCTAG,0,0,0.069349845,0.148602043,0.14358594,425,190.5019215,0.013043478,-0.043478261,0,0,0,0
6831,GCCTCCCCACTGGCTGGCCTTGA,0,0,0.000582751,0,0.118019877,357.5,161.3412594,0,-0.239130435,0,0,0,0
6832,GGCTACCCACAGGCTGGCCACGG,0,0,0.018068888,0.526876011,0.509948268,522.5,203.180623,0.660869565,-0.130434783,0,0,0,0
6833,GAAAAAAAAACCTAGACTGCTGG,0,0,0.192059095,0,0.374191978,522.5,203.8325791,0.265217391,0.108695652,0,0,0,0
6834,AACTGAGAGGCTGAGGCACAAGA,0,0,0.002645503,0,0.235359502,425,200.7660355,0.695652174,0.586956522,0,0,0,0
6835,CCCTGAATCTCTGGGTGGACGAG,0,0,0.013277217,0,0.06941502,455,163.6862137,0,-0.108695652,0,0,0,0
6836,GCCACCCCAGATCGTGGCCACGG,0,0,0,0.098174747,0.096597642,425,193.9793785,0,0.5,0,0,0,0
6837,CCTCCTTCTGCTCTCCTCACTGG,0,0,0.117312834,0.1464432,0.141738197,522.5,198.3736141,0.173913043,0,0,0,0,0
6838,GAAACAGAGCAGAAGAAGGAAAG,0,0,0.032242063,0,0.297519338,552.5,185.2644161,0,-0.152173913,0,0,0,0
6839,CATGAGTGTATGTGTGCGTGTGA,0,0,0.023504273,0,0.805112123,620,210.0084832,0,-0.282608696,0,0,0,0
6840,GGCAGTGAGGAAGGAGGTGGAGA,0,0,0.01625,0,0.372711207,425,200.8656789,0,0.586956522,0,0,0,0
6841,GACATTTATGTTCTTCCCATTGG,0,0,0.019047619,0.077952761,0.077952761,425,193.1077132,0,-0.804347826,0,0,0,0
6842,AAATGAGAAGGCGAGACACAGAG,0,0,0.044346979,0,0.113966805,365,189.16539,0.065217391,0.02173913,0,0,0,0
6843,CTTCCCCCACTCGGCAGTGAGGA,0,0,0.002245808,0,0.136188675,357.5,173.6322159,0.382608696,0.652173913,0,0,0,0
6844,AACTTGCTTTCACTTTTCTCTAG,0,0,0.018092105,0,0.106481213,425,193.1104771,0.008695652,-0.130434783,0,0,0,0
6845,AGTGAGTGTGTGTGTTTGTGGAG,0,0,0,0,0.064062332,485,176.9656827,0,-0.413043478,0,0,0,0
6846,AATGACAATAACATACTCAATGA,0,0,0.008680555,0,0.140595268,522.5,193.6582809,0,-0.02173913,0,0,0,0
6847,CTTGCCCCACAGGCTTGTGATAG,0,0,0,0.0029085,0.002823269,325,145.317368,0,-0.260869565,0,0,0,0
6848,TGGATGAATGAATGAGTAGATGA,0,0,0.005208333,0,0.100708291,485,154.7333279,0.1,0.543478261,0,0,0,0
6849,GTCACTCCCCACCCCGCCTCTGG,0,0,0.568694463,0,0.82579023,620,213.200599,0,-0.543478261,0,0,0,0
6850,GTCCCAAACTGTGCACGTTAGGG,0,0,0.141414141,0,0.167597955,455,178.1127188,0.013043478,0.260869565,0,0,0,0
6851,TGGATGAATGAATGAGTAGATGG,0,0,0.075,0,0.100708291,485,154.7333279,0,-0.173913043,0,0,0,0
6852,ATATGAGATGCAGTGGCACAAGG,0,0,0.093090909,0,0.075949862,425,197.1309513,0,-0.152173913,0,0,0,0
6853,GACACCCCAAAGCCTGGCCCAAG,0,0,0.020406081,0,1.492090395,560,182.1488001,0,-0.347826087,0,0,0,0
6854,GGTAGGTGTGAGTGTGCGTGTGG,0,0,0.2916,0,0.462858836,522.5,206.8482159,0.586956522,0.326086957,0,0,0,0
6855,GGCCCAGACTGAGGGCGAAACAG,0,0,0,0.003314337,0.003217214,290,137.1824606,0,0.065217391,0,0,0,0
6856,TCCTCTATCCAACCCACCTGTAG,0,0,0.03002451,0.269437679,0.264377816,455,173.4491356,0.039130435,-0.195652174,0,0,0,0
6857,AGTGAGAGAGAGTGTGTGTGTGA,0,0,0.019140625,0,0.231071706,455,189.6006244,0.052173913,-0.369565217,0,0,0,0
6858,GTTGTTCCACAGGGCAGAAAGGA,0,0,0.024978041,0,0.187751667,552.5,190.7023627,0,-0.304347826,0,0,0,0
6859,TCCAGCTCAGTCATTACCTGCAG,0,0,0.142222222,0,1.364942529,620,214.571863,0.052173913,0.043478261,0,0,0,0
6860,CTCGCCCTACAGGGCAGTTGTGA,0,0,0.010723039,0,0.205067048,485,147.6865832,0,-0.195652174,0,0,0,0
6861,CCCCCCCACCACCCCGCCCCGGG,0,0,0.123856439,0,0.526848592,552.5,185.1121831,0,0.195652174,0,0,0,0
6862,GACGTGTTTTCATTTATCTTAGG,0,0,0.024350649,0,0.030434884,387.5,149.6933526,0.013043478,0.239130435,0,0,0,0
6863,TGGATGGGGGCATGAGAAATCAG,0,0,0.050699588,0,0.09629856,387.5,158.1359883,0,-0.02173913,0,0,0,0
6864,CAATGGGAAGCAGAGGCCCAGAG,0,0,0.012093726,0,0.104202175,455,185.760599,0,-0.282608696,0,0,1,0
6865,CCCTGTGTCTCAGGATCCACGGA,0,0,0.000565883,0,0.021131597,320,127.9368553,0.82173913,4,0,0,0,0
6866,AAATGAGGAAACGAGGAACATGA,0,0,0.005837124,0,0.249597935,455,182.4062351,0.017391304,-0.565217391,0,0,0,0
6867,GAAAGAGAAGATGAGGCCCACGG,0,0,0.030234316,0,0.152684,455,185.1869663,0,-0.5,0,0,0,0
6868,GGGATCCCTTGTGCAACAGCGGG,0,0,0.019097222,0,0.046944126,387.5,164.4054905,1,-0.565217391,0,0,0,0
6869,GGTGTGTGTGTGTGTGGATGTGA,0,0,0.00061703,0,0.069304995,485,167.5424553,0.269565217,1.347826087,0,0,0,0
6870,GTCACCTCAAATCACTGGGACAG,0,0,0.015479876,0,0.054313087,387.5,147.6171881,0,-0.108695652,0,0,0,0
6871,GACATGTATTAAATGTTCTCAGA,0,0,0.013736264,0,0.307297816,425,199.4971788,0,-0.695652174,0,0,0,0
6872,CCTGCCAACGCTCTGCTCAGGAG,0,0,0.005637936,0.11670528,0.114735571,455,162.3723807,0.052173913,-0.02173913,0,0,0,0
6873,GAGCCCCTGCGCCCAGCCTCCAG,0,0,0.011591221,0,0.134695296,425,194.2751144,0,0.108695652,0,0,0,0
6874,GGAGCCCCTTCTGCTGCCCCAGA,0,0,0.001653439,0,0.078958228,455,177.4077251,0.004347826,0.065217391,0,0,0,0
6875,ACTTCCCCAAAGCCTGGCTGCAG,0,0,0.056617647,0.22076596,0.216620121,485,150.7864001,0.043478261,0.282608696,0,0,0,0
6876,ATGAGCACCGGTGAGTGGGGCGG,0,0,0.026470588,0.173760199,0.167894875,485,161.1858326,0.086956522,0.217391304,0,0,0,0
6877,GGGTGGGAGGAGCTGGCTCTCAG,0,0,0.003070175,0,0.065011224,357.5,155.256241,0,-0.282608696,0,0,0,0
6878,GGCACTGCTGCTGGCTGCGGTGG,0,0,0,0,0.00789798,387.5,158.3214389,0,0.086956522,0,0,1,0
6879,AGGAGGGGGCAGCTTGCTCCAGA,0,0,0.009398496,0,0.535768434,522.5,203.835343,0,0.02173913,0,0,0,0
6880,CTAGCCCCACAGGGCAGCAGTGA,0,0,0.016256502,0,0.270047141,492.5,157.3110668,0,-0.086956522,0,0,0,0
6881,AACACAAGTGAGTAAACTGGAGG,0,0,0.132194054,0.018391345,0.018391345,387.5,156.7975501,0.104347826,-0.195652174,0,0,0,0
6882,CCAGTTAGCAGAGCAGAGGTGGG,0,0,0.173755656,0.064266822,0.062097478,455,162.1096141,0,-0.326086957,0,0,0,0
6883,CTTGCTCCCAAGGGCAGTGAAGG,0,0,0.17244898,0,0.161203065,552.5,177.7144993,0.008695652,0.195652174,0,0,0,0
6884,TGTGTGTAAATGTGTGCGTGAGA,0,0,0.023569023,0,1.317695783,620,209.8201266,0.647826087,-0.043478261,0,0,0,0
6885,GGGTGGGGGCGGTTTGAGCCTGG,0,0,0.040444444,0,0.052648231,387.5,161.5687355,0,-0.043478261,0,0,0,0
6886,AATGACCACTGCCTCCTTAGTGA,0,0,0.004671605,0,0.025116065,290,140.9096625,0,0,0,0,0,0
6887,AAATCAGAAGAAGAAAGACAAGG,0,0,0.043499753,0,0.026676601,412.5,165.4301215,0,-0.282608696,0,0,0,0
6888,GGTGGGTGTGTGTGTGCGCCAGG,0,0,0.051073892,0,0.127075016,485,146.0662998,0.273913043,0.108695652,0,0,0,0
6889,AGATGAGGAAACGAGGCACAGGG,0,0,0.144093567,0,0.648306325,522.5,203.1523462,0,0.02173913,0,0,0,0
6890,AAAAAAAAAGAAGAGTCACAGAG,0,0,0,0,0.176585759,552.5,197.3664733,0,NA,0,0,1,0
6891,TAGATGGATGAATGAGTGGTAGA,0,0,0.003133903,0,0.073001262,485,168.5907753,0,0,0,0,0,0
6892,TTCATGTTAGGCATTACCTAAGG,0,0,0.1875,0,0.234185328,455,174.0463324,0.013043478,0.195652174,0,0,0,0
6893,CCTGGCTCCACTCTACCCACTAG,0,0,0.10248366,1.054321596,1.054321596,560,193.1338325,0.043478261,-0.217391304,0,0,0,0
6894,GAAAAGAAAGGATAGACTACAGA,0,0,0.005221387,0,0.167467781,455,179.5623324,0,-0.347826087,0,0,0,0
6895,AAATGAGAGTAAAAGGCAAAAGA,0,0,0.014880952,0,0.098147193,455,170.0011628,0,0.173913043,0,0,0,0
6896,TGTGTGTGAGTGTGTGTGTAGAG,0,0,0.041245791,0,0.268517165,485,159.787969,0,0.456521739,0,0,0,0
6897,TCCTTGTTTTCATTGATGTCAGA,0,0,0.006613757,0,0.053377333,485,176.2482408,0.008695652,0.065217391,0,0,0,0
6898,GGGCCTGAGGCTGGAGTTGGGGG,0,0,0.028676471,0,0.570616297,552.5,193.712472,0,-0.608695652,0,0,0,0
6899,GCGACCCCAAATCCAGGCCAGGA,0,0,0.003681747,0,0.195426448,425,195.875278,0.82173913,1.02173913,0,0,0,0
6900,GGCTGCCCACAGCCTGCCCACAG,0,0,0.00848726,0.56142625,0.56142625,552.5,191.6938325,0,-0.108695652,0,0,0,0
6901,GAATTGTTTTCTTTCTTCTTCAG,0,0,0.006127946,0.089003689,0.085839113,357.5,159.6112781,0,0.304347826,0,0,0,0
6902,GCCTCCCCAGTGCCTGGCTCCAG,0,0,0.004648723,0.097631061,0.096062691,387.5,140.09258,0.034782609,-0.260869565,0,0,0,0
6903,ATGAACAGGAGAGAGGAGAGAGG,0,0,0.110204082,0,0.070574714,455,187.1358764,0,-0.47826087,0,0,0,0
6904,GACTTTTTTTTTTTTTTCTCGGA,0,0,0.000678334,0,0.063343751,327.5,189.2608103,0,-0.739130435,0,0,0,0
6905,AGGATGGATGAATGTGAAGTGGA,0,0,0.00691358,0,0.099818052,455,180.047087,0,0.02173913,0,0,0,0
6906,GGTGGGTGCATGTGTGCTTGTAG,0,0,0.06637037,0,0.16579195,552.5,183.5368299,0.065217391,-0.5,0,0,0,0
6907,GGTGGGTGGGTGGGTGGGTGGGG,0,0,0.007365729,0,0.136842006,455,183.466468,0.165217391,0.565217391,0,0,0,0
6908,TTTGCCCCACAGCCTAGTAAAGA,0,0,0.000835422,0,0.02322943,362.5,183.8544732,0,-0.304347826,0,0,0,0
6909,AGATGAAAAACAGAGGCACAGAG,0,0,0.077432099,0,0.499492352,522.5,205.3549991,0.252173913,0.304347826,0,0,0,0
6910,GGGTGGGGGGCGGTTCTTCCTGG,0,0,0,0.019413663,0.019413663,290,165.1960588,0,-0.413043478,0,0,0,0
6911,GGTGGGTGGGTGGGTGGGTGGGA,0,0,0.000511509,0,0.136842006,455,183.466468,0,0.239130435,0,0,0,0
6912,GGAATCACTGCATCAGCACCTGA,0,0,0.00625,0,0.163482311,425,194.6096618,0,0.086956522,0,0,0,0
6913,AAACAAGAAAAAGAGGAACAAAG,0,0,0.06332478,0,0.532999604,552.5,191.0602325,0.269565217,-0.217391304,0,0,0,0
6914,GGTGAGTGTGTGTGGGGGAGTGA,0,0,3.50E-05,0,0.028412066,387.5,149.2990871,0,0.239130435,0,0,0,0
6915,CACCCCCCACACCCCGCCCCAGA,0,0,0.011728829,0,0.321904489,552.5,181.3924028,0.008695652,-0.217391304,0,0,0,0
6916,GACTTGTTTTTATTCTTCTGGAG,0,0,0.001279766,0,0.165747823,365,162.8252948,0,0,0,0,0,0
6917,TGGTTGGGGTAATGAGGAGGAAG,0,0,0.017347494,0,0.60809025,552.5,173.0972467,0.047826087,0.260869565,0,0,0,0
6918,AAAAGAGAACAAGCAGCACATGA,0,0,0.002667734,0,0.052618228,425,187.4884574,0.995652174,-0.413043478,0,0,0,0
6919,AGAGAGAGAGTGTGTGTGTGTGA,0,0,0.018229167,0,0.410516581,552.5,195.3027081,0,-0.282608696,0,0,0,0
6920,AGAGAGAGAGTGTGTGTGTGTGG,0,0,0.2625,0.417946745,0.410516581,552.5,195.3027081,0.069565217,0.130434783,0,0,0,0
6921,AGAAGAGAAGCAGAGGCAGAGGG,0,0,0.019047619,0.287011089,0.27680625,455,181.1083164,0,-0.152173913,0,0,0,0
6922,GGTGAGTGAGTGCCTGTGAGAGA,0,0,0.003132832,0,0.009545153,290,146.3273838,0.013043478,0.02173913,0,0,0,0
6923,GGGACTGCTCCTGGGGGTGGCAG,0,0,0.017975309,0,0.223521383,522.5,195.5134617,0.113043478,0.52173913,0,0,0,0
6924,AGCACCGGCGCTGGAGGTGGCAG,0,0,0.073426573,0,0.50455783,620,210.3544187,0,-0.608695652,0,0,0,0
6925,GAGGCCAAGCAGAAGAGCAAGAG,0,0,0.013616558,0,0.077471869,485,169.5337749,0,-0.217391304,0,0,0,0
6926,AAATGAAAAGACAGGGCACAGAG,0,0,0.029389714,0,0.026448278,362.5,187.9622136,0,-0.913043478,0,0,0,0
6927,CCTGTGAGTAGAGTGAGGGCAGG,0,0,0.091349481,0.015134628,0.014623754,387.5,168.7582784,0,-0.086956522,0,0,0,1
6928,GTTGAGTGTGTGAGTGTGTGTGG,0,0,0.123356643,0,0.144140246,455,184.514788,0,-0.108695652,0,0,0,0
6929,GGTGGATGAGTGAATGCGTGAGG,0,0,0.373846154,0,0.049912363,425,194.9871908,0,0,0,0,0,0
6930,ATCGCCAGTGAGCAGAGTGGGGA,0,0,0.016020164,0,0.120099,455,183.1637462,0,0.260869565,0,0,0,0
6931,GTCACCTTAAATGACTTGGGAAG,0,0,0.025925926,0.644944444,0.628616737,560,192.3542916,0,-0.869565217,0,0,0,0
6932,ATGAGAACGAGTGAGTAGAAAAG,0,0,0.100595238,0.244064714,0.244064714,552.5,175.0283157,0,0.260869565,0,0,0,0
6933,GCCTCTTTCACACATTCCTTTGG,0,0,0,0,0.008634228,392.5,171.0736315,0,-0.739130435,0,0,0,0
6934,GGGAAGGGGGAGTGAGGAGTAAG,0,0,0.065670662,0.727282158,0.703915663,522.5,207.0957626,0,-0.282608696,0,0,0,0
6935,GCCACGGCTGCAGGAGGTGGGGG,0,0,0.168791208,0,0.260205944,522.5,205.4981352,0.017391304,-0.152173913,0,1,0,1
6936,GGGAAAGACCCAGCCCCATTAGA,0,0,0.004532505,0,0.003713831,320,131.5332193,0.256521739,0.239130435,0,0,0,0
6937,GAAGGAAAAGCATAGACTGGAGA,0,0,0.001365546,0,0.39945125,555,178.1144961,0.017391304,-0.5,0,0,0,0
6938,CCCTATGCCTCTGGAGGGAGCAG,0,0,0.01372549,0,0.113563,485,160.3858372,0,-0.434782609,0,0,0,0
6939,CCCAGCCAGCCACAAACACATGA,0,0,0.010903075,0,0.090665591,425,190.2455575,0.595652174,-0.239130435,0,0,0,0
6940,TACCTGATTTCATTCTTCTCTGA,0,0,0.010723039,0,0.275145253,522.5,201.7361976,0,-0.108695652,0,0,0,0
6941,TGGGTGTAGGGGTGAGGAGTGAG,0,0,0.043467078,0,0.254561754,425,201.997035,0,0.043478261,0,0,0,0
6942,CTTTCCCAACAGGGAAGTTAGGA,0,0,0.001964085,0,0.133665,455,170.2715615,0,0.130434783,0,0,0,0
6943,AAATGAGGAGAAGAGGAAAGAGA,0,0,0.007788671,0,0.076017549,417.5,127.2284721,0,0.043478261,0,0,0,0
6944,CTCTCCCTCCACCCCACCTCCAG,0,0,0.107744108,0,0.272333333,552.5,200.7979741,0,-0.173913043,0,0,0,0
6945,GACACAGAAGCAGACTATTTTAG,0,0,0.035016835,0.180525738,0.175711719,462.5,183.4208834,0,-0.282608696,0,0,0,0
6946,GTCAATTTACTCATTTCCTGAGA,0,0,0,0,0.137119423,552.5,193.8455337,0.026086957,-0.347826087,0,0,0,0
6947,GGAGAGTGAGAGTGAGAGTGAGA,0,0,0.01005117,0,0.084873468,357.5,177.2487837,0,1.043478261,0,0,0,0
6948,GGGTGGGGGGTGTCTGGGCCTGG,0,0,0.001723766,0.008650034,0.008517466,290,154.9212873,0,0.152173913,0,0,1,0
6949,AAGAGAGAAGAAAAGGAACAGAG,0,0,0.032499736,0,0.220828507,455,187.3129684,0,-0.413043478,0,0,0,0
6950,AACACCAGGCAGTAGATCTGCAG,0,0,0.010699588,0.099234095,0.097639973,485,158.5143722,0,-0.043478261,0,0,0,0
6951,GGAAAAGACCCAGCACACGGCAG,0,0,0.010675381,0.044698946,0.04310965,417.5,143.2598631,0.004347826,-0.043478261,0,0,1,0
6952,CTTACCCCACAGGGCTGTGAAGA,0,0,0,0,0.170716418,492.5,171.4899742,0,-0.217391304,0,0,0,0
6953,AGTGAGTGAATGGGTGAGTGAGG,0,0,0.10226087,0,0.217271959,455,183.722832,0,1.260869565,0,0,0,0
6954,AAGTCCGAGAAGAAGCAGAAAAG,0,0,0,0,0.499142289,560,198.1198377,0,-0.239130435,0,0,0,0
6955,CCTGCCTCCGCTCTGCCCCTGGG,0,0,0.028478702,0.018220116,0.017686193,320,116.1212675,0.295652174,-0.282608696,0,0,1,0
6956,TGAATCCCACCTGCACCACCTGA,0,0,0,0,0.153250409,552.5,192.9600573,0,-0.130434783,0,0,1,0
6957,AAAGGAAAAGAAGAGGAAGAAGA,0,0,0.002531829,0,0.131148806,485,164.2091082,0.004347826,-0.347826087,0,0,0,0
6958,AAATGAGAAGAGGAGAGAGAGAG,0,0,0.001376785,0,0.014008099,320,142.4613627,0.017391304,0.108695652,0,0,0,0
6959,AGGAATGGGGCTGGAGGTGGGGA,0,0,0.011479592,0,1.345833333,620,214.283863,0,-0.173913043,0,0,0,0
6960,CGTGTGTGTGTGTGTGTGTGTGG,0,0,0.072727273,0,0.372455417,552.5,192.9657886,0,-0.304347826,0,0,0,0
6961,TGTGTGTGTGTGTGTGCGTCCAG,0,0,0.024242424,0,0.426140229,552.5,176.8142997,0.004347826,0.065217391,0,0,0,0
6962,CGTGTGTGTGTGTGTGTGTGTGA,0,0,0.005050505,0,0.372455417,552.5,192.9657886,0,0.065217391,0,0,0,0
6963,GGAATCCCTTCTGCAGTATTTGA,0,0,0.004487179,0,0.117321346,425,131.5282891,0,-0.52173913,0,0,0,0
6964,TGGGTGGAGGAATGAGCAGGGGG,0,0,0.025951557,0.537981481,0.537981481,492.5,161.402689,0.02173913,-0.347826087,0,0,0,0
6965,GGAAGCACTTCTCCAGCACAAGG,0,0,0.101052632,0,0.17451794,455,168.8915787,0,0.173913043,0,0,0,0
6966,CCAGCCTAAGCTCTACACACCAG,0,0,0.055026455,0.36082635,0.348646558,552.5,190.6262916,0.234782609,-0.173913043,0,0,0,0
6967,GGTGAGGTGGTGTGTGCCTGTAG,0,0,0.030259017,0,0.117023615,555,184.3338886,0,-0.456521739,0,0,1,0
6968,GGCTGGGGGCAATTTGCTCTCAG,0,0,0.011168091,0.305867154,0.294991877,455,168.8265632,0,-1,0,0,0,0
6969,GGCACAGAGTAAGCACTTGATGA,0,0,0.009050404,0,0.196246288,455,187.1504249,0.126086957,0.195652174,0,0,0,0
6970,TCCATCCATCCATACATACATAG,0,0,0.00989899,0,0.063223545,357.5,174.5075468,0.191304348,-0.043478261,0,0,1,0
6971,GGCCCTGGGGCTGGAGGGAGCAG,0,0,0.014005602,0,0.097755,485,159.0552498,0.017391304,0.195652174,0,0,0,0
6972,CCCACTCATTCAGGGACACAGAG,0,0,0.10573711,0.118783686,0.118783686,522.5,199.4947749,0.626086957,0.586956522,0,0,1,0
6973,GTGAAGACCAGTGAGGTGAGTGA,0,0,0.001602564,0,0.063433242,485,179.139479,0.834782609,0.413043478,0,0,0,0
6974,AGCATCTTAGCCATTACCTCTAG,0,0,0.056,0,0.387083187,455,175.5923164,0,2.434782609,0,0,0,0
6975,GGTGAGTGTGAGTGAGGGTGTGA,0,0,0.001064241,0,0.047757775,357.5,173.8170033,0.065217391,0.304347826,0,0,1,0
6976,GAGGCCAAGCAGAAAAAAAATGG,0,0,0.407239819,0,0.05392847,455,176.3128643,0,-0.456521739,0,0,0,0
6977,GAACACAGAGCTTAGAAAGCCAG,0,0,0.019716507,0.0539847,0.053117476,387.5,161.9746382,0,0.260869565,0,0,0,0
6978,TCCCTCCTTCCAGAGAAACAAGG,0,0,0.070588235,0.620616516,0.609583333,552.5,194.240472,0,-0.108695652,0,0,0,0
6979,GACATGTTTTCAGTGCTCTTGGG,0,0,0.02484472,0,0.043948881,387.5,154.4010536,0.013043478,-0.065217391,0,0,0,0
6980,TGGATGGTGGATAGATGAGTGGG,0,0,0,0,0.044701169,357.5,181.5963362,0,0,0,0,0,0
6981,ATGAACAGCTGTGATTAGAAAGA,0,0,0.005275548,0,0.154716633,455,159.7638251,0,-0.608695652,0,0,0,0
6982,GGTGATTGTGTGTATGCGTGTGA,0,0,0.020833333,0,0.147186119,530,203.015051,0,-0.173913043,0,0,0,0
6983,GGTCTGTGGGTGTGTGTGTGCGG,0,0,0.059893048,0,0.353596915,552.5,192.0921886,0,-0.52173913,0,0,0,0
6984,GGGTGGGAGGAGTTTGCCATGGG,0,0,0.055102041,0,0.038699843,442.5,122.7912499,0,0.043478261,0,0,0,0
6985,GGGTGGGGGGAGGTTGATATGGG,0,0,0.015652174,0,0.026713615,320,120.8289685,0.265217391,0.456521739,0,0,0,0
6986,CCCTCTGTATCTGGCTGGGTGGG,0,0,0.068877551,0.080242777,0.07753416,455,168.9968781,0,-0.347826087,1,0,1,0
6987,GAGTGCAAGCAGAAAAAGGAGGG,0,0,0.211764706,0.089698554,0.086670755,455,170.5734777,0,0.130434783,0,0,0,0
6988,GTTGAGTGTGTGTGTGTGTGTGG,0,0,0.178181818,0.764011111,0.741204809,560,195.2141086,0.013043478,0.413043478,0,0,0,0
6989,GGGATGGAGGAAGGAGGAAAGGG,0,0,0.100256549,0,0.085022299,387.5,141.8150796,0.013043478,0.52173913,0,0,0,0
6990,GGTGGGTGGGTGTGAGTGTGTGG,0,0,0.129684211,0,0.094763973,455,178.758767,0,0.195652174,0,0,0,0
6991,TCCTCCCCACAGCCTTTCCAGAG,0,0,0,0.098313104,0.096565315,485,175.9337266,0.026086957,0,0,0,0,0
6992,TGGGTGGGGGAATGAGGACTTAG,0,0,0.053267348,1.023076923,0.992537313,560,185.6785831,0,0.02173913,0,0,0,0
6993,GGGAGGGGGAAGTTGGCACCAGG,0,0,0.014814815,0.075260983,0.072720528,455,173.7043087,0,-0.347826087,0,0,0,0
6994,GCACAGACAGCATAGACTGAAAG,0,0,0.021825397,0.421955546,0.421955546,552.5,176.9365991,0,-0.217391304,0,0,0,0
6995,CCCTGTGTCTCTGCAGGGTACAG,0,0,0.011649408,0,0.004594896,320,122.3867896,0,-0.97826087,0,0,0,0
6996,AAATGAGAAATAAAAGCACATGA,0,0,0.017326062,0,0.069181599,327.5,184.2718378,0,-0.369565217,0,0,0,0
6997,CCTGCCCAACAGGGCACTGACAG,0,0,0.012745098,0.199097782,0.19201875,485,164.126072,0.369565217,0.804347826,0,0,0,1
6998,AACACCACTGAGGAGTGAGGAGG,0,0,0,0.01897074,0.018665989,387.5,163.8891033,0.034782609,-0.347826087,0,0,0,0
6999,TAGTTCAAGCACAAGAAGAAAAG,0,0,0.087344028,0,0.480774398,522.5,207.8123988,NA,NA,0,0,0,0
7000,GACTTTTTTTCATTTTTTCCTGG,0,0,0.016889514,0.01530579,0.015047464,387.5,147.0356612,0,-0.565217391,0,0,0,0
7001,GCCTCCCCAGATCCTGGGGAGGA,0,0,0.000247309,0,0.040026433,387.5,150.3208299,0,0.369565217,0,0,0,0
7002,CTTACCTCACAGGGCAGCGAGAG,0,0,0.03046875,0,0.066766665,485,159.771886,1,1.891304348,0,0,0,0
7003,AAAAGAGAAGTTGAAGCACAAGA,0,0,0.00319216,0,0.104700416,327.5,190.1731943,0,-0.391304348,0,0,0,0
7004,GACTTGATTTTATTTTTCTAGGG,0,0,0.019230769,0.06477143,0.063678242,357.5,159.242114,0,-0.130434783,0,0,0,0
7005,GAATCATTTGCATTGTTCTCAGA,0,0,0.030092592,0,0.749905063,620,210.6059596,0,-0.326086957,0,0,0,0
7006,GGACACAAAGCAAAGACAGGGAG,0,0,0.00563097,0.052902764,0.052902764,387.5,146.8997463,0.252173913,0.086956522,0,0,0,1
7007,CATAACCACTTCTTCCTCAAAGA,0,0,0.004945055,0,0.322857199,425,202.5969958,0,0,0,0,0,0
7008,CACATGCATACAGACACACACGG,0,0,0.085950413,0,0.224468976,522.5,197.975258,0.017391304,0.086956522,0,0,0,0
7009,AGAGGAGAAAAAGAGACACAAAG,0,0,0.120987654,0.246437882,0.238119304,552.5,195.8062377,0.004347826,0.108695652,0,0,0,0
7010,TGAATGGAGGGATGGGGAATAGA,0,0,0.015718006,0,0.073145498,357.5,167.4868948,0,-0.065217391,0,0,0,0
7011,AACTTGTTATCATTTTTTTCTGG,0,0,0.076749271,0.052689881,0.050816463,455,175.6098648,0.495652174,0.347826087,0,0,0,0
7012,AATGATCACTAAACCCCCAATGG,0,0,0.133767793,0,0.024429974,357.5,177.0726198,0.017391304,-0.043478261,0,0,0,0
7013,GGCACTGTGGTGGGAGGTGAAGA,0,0,0.008764022,0,0.171159366,357.5,165.016399,0,0.195652174,0,0,0,0
7014,CCCATCCATCCCGAGCTTCATGA,0,0,0,0,0.00871615,345,147.7860293,0.004347826,0.695652174,0,0,0,0
7015,AGAGAGTGAGTGTGTGTGTTGGG,0,0,0.21,0.269825063,0.264757925,485,160.548289,0,-0.434782609,0,0,0,0
7016,AAATGTGAAGAAAAGGCACAGGG,0,0,0.659340659,0,1.659912313,537.5,210.3146955,0.013043478,0.5,0,0,0,0
7017,AAATGATAAAAAGATGAACAAAG,0,0,0.009218107,0,0.092860578,455,176.6319501,0.1,0.086956522,0,0,0,0
7018,TCTCAGGAGGAATGAGGAGTTGG,0,0,0.061085973,1.286675824,1.286675824,625,216.27008,0.004347826,0.456521739,0,0,0,0
7019,AAATGAGAAGAAAAGTGATAAGA,0,0,0,0,0.011018566,320,140.6781426,0.043478261,-0.369565217,1,0,1,0
7020,CCCTCTTTCCCACAGTCCTTGGA,0,0,0,0,0.010874815,392.5,176.0653679,0,0.108695652,0,0,0,0
7021,ACAGTGGGAAGAGAGGAGGCTAG,0,0,0.059477124,0.095070797,0.093466227,522.5,201.2178542,0.052173913,1.152173913,0,0,0,0
7022,GAGTCAAAGCAAAAGAAAAATAG,0,0,0.155555555,0.059896822,0.059896822,455,181.8914015,0,-0.02173913,0,0,0,0
7023,GACGTTGTTTCATTTTTCTCAGA,0,0,0.002431528,0,0.158440571,522.5,199.9502136,0,-0.152173913,0,0,0,0
7024,GACATGTTTACATGGTTGTCCAG,0,0,0,0.04184286,0.040430443,455,176.2721457,0,-0.782608696,0,0,0,0
7025,GACCTGCAGGTCCTCCCCATGGA,0,0,0.005215628,0,0.329465174,620,210.1974548,0,-0.152173913,0,0,0,0
7026,GGTGAGTGTCTGCGTGGGTGGGG,0,0,0.011145511,0,0.114442385,455,179.7630516,0.008695652,0.456521739,0,0,0,0
7027,GCATCTGCCCTACCCACCTTTGA,0,0,0.010893246,0,0.510158313,522.5,206.9589185,0,0.043478261,0,0,0,0
7028,GTCATCATAATCATTTACTGAAG,0,0,0,0,0.059597087,485,173.5505458,0,-0.282608696,0,0,0,0
7029,TGGATGGGGGTATAAGGAGAAGG,0,0,0.095192308,0,0.051834848,357.5,161.0933148,0,NA,0,0,0,0
7030,AAGAGATGAGAAGAGGCACAAGA,0,0,0.008468408,0,0.878799588,620,212.3154022,0,-0.086956522,0,0,0,0
7031,GGGGGCAGGGAGATTGCTCCTGG,0,0,0.295017482,0.228792914,0.228792914,522.5,204.6579147,0.069565217,0,0,0,0,1
7032,TGAGAGTGTGAGTGTGCGTGTGA,0,0,0.022321428,0,0.478372972,522.5,208.4821359,0.047826087,0.043478261,0,0,0,0
7033,GACATCGAGGTCCTACCCCAAGA,0,0,0.001111795,0,0.030773588,387.5,133.1475982,0,-0.282608696,0,0,0,0
7034,GGCTCTGCGGCTGGGGGTCTCGG,0,0,0.129796238,0,0.055738305,387.5,136.2337786,0,0.130434783,0,0,1,0
7035,TGGATGGAGGAATGACGGGGCAG,0,0,0,0,0.034112411,425,140.5506409,0,-0.239130435,0,0,0,0
7036,GAATTCAAAGCATACATTGCAAG,0,0,0.009599021,0,0.155096519,455,181.8449474,0,-0.869565217,0,0,0,0
7037,GGTGGGTGCGTGAGTGGGTGGGG,0,0,0.01675501,0,0.136842006,455,183.466468,0,0,0,0,0,0
7038,CACTGCCTCTCTGGGTGGATAAG,0,0,0.076599326,0,0.166462878,522.5,200.5838136,0.039130435,-0.586956522,0,0,0,0
7039,GGTGCGTGGGTGAGTGTGTGTGG,0,0,0.107692308,0,0.136842006,455,183.466468,0.013043478,0.782608696,0,0,0,0
7040,GCCTCCCTAAACCGTGGCCAGGA,0,0,0,0,0.186459438,432.5,197.9448979,0,1.369565217,0,0,1,0
7041,CATGCCTGGGCTCTACACACTAG,0,0,0.04001924,0,0.372455417,552.5,190.9142916,0,0.043478261,0,0,0,0
7042,GACTTGTTTTGCTTGTTCCCTGG,0,0,0.01814882,0.229854304,0.229854304,365,175.7058159,0.052173913,-0.195652174,0,0,0,0
7043,TGTGTGTGTGTGTGTGCGTACGA,0,0,0.014204545,0,0.426140229,552.5,176.8142997,0.556521739,0.782608696,0,0,0,0
7044,CCAGTGAGTAGGGAAGAGGGAGA,0,0,0.000971848,0,0.01118244,260,148.5000934,0.026086957,0.065217391,0,0,0,0
7045,ATATGAGAGGAAGAGGCGAAGGG,0,0,0.083116883,0,0.059728305,485,158.8288864,0,-0.282608696,0,0,0,0
7046,ACCATCGATCCAGATATACATGG,0,0,0.031372549,0.11360013,0.111580572,455,181.6236866,0,-0.326086957,0,0,0,0
7047,ACATGAGAAGAGGAGAGACAGAG,0,0,0.008654079,0,0.05158538,387.5,172.9693626,0,-0.652173913,0,0,0,0
7048,GACATGTTTTCATTATTATTAAG,0,0,0.018769901,0.035309333,0.034681612,387.5,141.5584452,0,0.195652174,0,0,0,0
7049,GATTAGTTTCCATTTTTCTCAGG,0,0,0.026190476,0,0.365828778,522.5,198.184922,0,-0.282608696,0,0,0,0
7050,AATTAAGAAGGAGAGGAACATGA,0,0,0.01288671,0,0.316692045,455,190.1674852,1,0.217391304,0,0,0,0
7051,GTGATGGAGGAGTGAGGAGGGAG,0,0,0.020113037,0.349711364,0.343144014,455,174.1062996,0,-0.47826087,0,0,0,0
7052,TGGATGGAGGGTGGAGGGGTGGA,0,0,0.001570048,0,0.02827089,295,170.331162,0.008695652,0.02173913,0,0,0,0
7053,CCCATGGATCCGGAGACACGGAG,0,0,0.033690746,0.131885371,0.127433545,455,170.1771348,0,-0.086956522,0,0,0,1
7054,GAGGGCGAGCAGAAGCAGAGGGG,0,0,0,0,0.113563,485,162.6120542,0,-0.152173913,0,0,0,1
7055,GGGTGGGGGGAGTCAGTCCCTAG,0,0,0.008576998,0.003990621,0.00393215,290,146.9443494,0.034782609,-0.108695652,0,0,0,1
7056,GGGAAGGACCCAGCATCCTGGGG,1,0.036170876,0.084033613,0.250402276,0.250402276,492.5,150.7284161,0,0.630434783,0,0,0,0
7057,GTCTCTCTCCCAACCACCTCTGA,0,0,0.00151758,0,0.184349937,455,169.9398987,0,-1.130434783,0,0,1,0
7058,GGGTGGAGTGAATGTGCTCCAGG,0,0,0,0,0.041756842,425,193.5017538,0.517391304,-0.304347826,0,0,0,0
7059,TATAGAGAAGCAGAGGCACAGAG,0,0,0.034858388,0,0.782934488,522.5,211.5683163,0,0,0,0,0,0
7060,TGGAGAGAAGAATGAGGAATAAG,0,0,0.076190476,0.181145074,0.175030473,552.5,181.4179157,0.030434783,0.369565217,0,0,0,0
7061,GACAACGAAGTAGAATTTCTTGG,0,0,0.04565009,0.072888283,0.070427919,357.5,166.7265748,0,-0.260869565,0,0,0,0
7062,ATATAAGAAGAAGACGCAAAGGA,0,0,0.005116096,0,0.133665,455,172.7166585,0,-0.173913043,0,0,0,0
7063,TGGAAGGAGGGATGAGGATTTGG,0,0,0.216666667,0.550858209,0.550858209,462.5,182.1335964,0,0.173913043,0,0,0,1
7064,GAGTTATTTCCATTGTTCTCAGG,0,0,0.266666667,1.431917486,1.39741345,627.5,213.0942796,0,-0.217391304,0,0,0,0
7065,GCCTTTTTTTCGTTGTTTTCAGG,0,0,0.243197279,0.094045744,0.09237382,455,184.0345823,0,-0.369565217,0,0,0,0
7066,AACACCCCCAAGCCTGGCCAGAG,0,0,0.046176046,0.860350791,0.833979885,620,214.1266196,0,-0.391304348,0,0,0,0
7067,GAGTCCCAGCAGATGAGGGAGGG,0,0,0.024264706,0,0.018551746,387.5,153.4435236,0,-0.108695652,0,0,0,0
7068,CTGACCCCCAGGGAGTAGAGAGG,0,0,0.09375,0.496733714,0.480774398,522.5,207.8123988,0,0.043478261,0,0,0,0
7069,AGTGAATGAGTGTGAGTGTGTGA,0,0,0.016885965,0,0.098837842,455,182.2208834,0.004347826,0.630434783,0,0,0,0
7070,AAAGAAGAAGAAGAGATACAGAG,0,0,0.065534979,0,0.099539557,485,178.763543,0,0.195652174,0,0,0,0
7071,GTTCAGTGAGTGTGTGGGGGAGG,0,0,0.004954388,0,0.19201875,485,166.352289,0.256521739,0.391304348,0,0,0,0
7072,GTGTCTCTCCCACCCACCCTTAG,0,0,0.022349936,0,0.335877203,552.5,185.3008193,0.1,-0.217391304,0,0,0,0
7073,AAAATGTTTTCATTGTTCTTAAG,0,0,0.028888889,0.700844318,0.687682923,552.5,180.6608001,1,0.043478261,0,0,0,0
7074,CCCTGTTTCCCCTCCACCTTAGA,0,0,0.005482456,0,0.286208544,425,200.696259,0,-0.52173913,0,0,0,0
7075,TGGTTGGAGGGTTGAGGAGGGGG,0,0,0.024331551,0.183550994,0.180287865,357.5,167.2426159,0,-0.065217391,0,0,0,0
7076,CCGGTGAGTAGAGAGGGGTCAGA,0,0,0.001747458,0,0.028210243,387.5,155.2987044,0.908695652,4.02173913,0,0,0,0
7077,TGGGAGTGTGTGTGTGTGTGAGA,0,0,0.009722222,0,0.367241041,552.5,193.7261086,0,-0.065217391,0,0,0,0
7078,GAATGAGAAAAAGAGGAAGAGAG,0,0,0.014115226,0.186812608,0.186812608,485,162.4741526,0,-0.652173913,0,0,0,0
7079,GTGGACACCAGCGAGGAGAGGAG,0,0,0.053137652,0.133988,0.133988,455,193.3218737,0.139130435,0.195652174,0,0,0,0
7080,TCCTCCCCAAATCCAAGCCAGGA,0,0,0.015463338,0,0.035908784,357.5,179.9884521,0.043478261,0.739130435,0,0,0,0
7081,TGAATGGAGGAATGAGGAAGAGG,0,0,0.094537815,0.448233984,0.434004333,492.5,151.9864001,0,0.217391304,0,0,0,0
7082,GCCCCACCCTGAGCCCGTGAGGA,0,0,0.003863324,0,0.275145253,522.5,199.2699807,0,-0.304347826,0,0,1,0
7083,GGTGCGAGAGTGTGTGACTGTGG,0,0,0.097222222,0,0.077471869,485,169.1190549,0,0.152173913,0,0,0,0
7084,CTCCCCCAACACCCCGCCTCCGA,0,0,0.024737167,0,0.833979885,620,211.9004027,0.42173913,-0.347826087,0,0,0,1
7085,CTTGCCTCCGTTCTAGACACAGG,0,0,0.022951408,0.058190825,0.058190825,387.5,174.4553793,0.243478261,-0.5,0,0,0,1
7086,CCGATCCATGCAGAGCAACACAG,0,0,0,0.093550284,0.090392469,485,175.4057266,0,-0.260869565,0,0,0,0
7087,ATAGAAGAAGAAGAAGCACACAG,0,0,0.096124645,0.409763948,0.402848101,522.5,202.5910584,0.2,0.413043478,0,0,0,0
7088,GTCTTCTTGGTTATAACCTGGAG,0,0,0.034287999,0,0.115264782,425,192.4434976,0,-0.108695652,0,0,0,0
7089,CCCACCCCTCCAGAGACAACCAG,0,0,0.010822511,0,0.20797875,485,146.9262632,0.213043478,0.304347826,0,0,0,0
7090,GACTTGTTTCCATGGCTCTATGG,0,0,0,0.014311962,0.014082051,387.5,148.1430531,0,0.195652174,0,0,0,0
7091,CCCATCCATTCAGATACATATAG,0,0,0.016088487,0.213169636,0.207772937,462.5,170.4532421,0,-0.304347826,0,0,0,0
7092,GCCCCCACAAATCCTGACCACAG,0,0,0.045165075,0.197808745,0.194470201,455,187.2410077,0.017391304,0.369565217,0,0,0,0
7093,CCAGCCTCCCCTGTCCTCACAAG,0,0,0.002754821,0.141575737,0.141575737,425,189.9739215,0,-0.52173913,0,0,0,0
7094,ATGCTCAGCAGTGAGTAGGGCAG,0,0,0.00802139,0,0.49875,552.5,183.1902631,0,-0.304347826,0,0,0,0
7095,GGGTGGGGGGAAATTGTTTCAGG,0,0,0.139171598,0,0.031518222,290,150.250468,0,-0.043478261,0,0,0,0
7096,GGCACTGCATTTGGAGTTGGGAG,0,0,0.010416667,0,0.1641228,457.5,183.0322885,0,-0.152173913,0,0,0,0
7097,TCCATCCATCCACATACATATGG,0,0,0.027761712,0,0.054642629,357.5,164.745658,0,-0.195652174,0,0,0,0
7098,GGTGTGTGTGTGTGAGGGTGTGA,0,0,0.000515996,0,0.094763973,455,178.758767,0.634782609,-0.065217391,0,0,0,0
7099,CCTGCCTCAGCTGTAATCCCAAG,0,0,0.006269592,0,0.018329335,387.5,157.7044733,0,0.282608696,0,0,0,0
7100,GACTTGTTTTGGTCTTTCTCAGG,0,0,0.007369615,0,0.014228902,230,179.4076096,1,3.586956522,0,0,0,0
7101,GTCAACTCCACAGACAAGGGTGA,0,0,0.011544011,0,0.067195789,357.5,186.67707,0,-0.086956522,0,0,0,0
7102,GGCACTGCCGCTAGCAGTGGCAG,0,0,0.035144343,0,0.014877494,357.5,174.2454516,0.039130435,0.043478261,0,0,0,0
7103,TGAGTGTGAGTGTGTGTGTGGGG,0,0,0.121212121,0.611927885,0.601049167,552.5,196.3975689,0.004347826,-0.369565217,0,0,0,0
7104,GAAGGAGAAGAAGAAGCATAAGA,0,0,0.018853695,0,0.141195423,455,173.3713785,0,-0.195652174,0,0,0,0
7105,GGTACTGCGGATGGAAGTAGTAG,0,0,0.095486111,0,0.046944126,387.5,164.4054905,0,0.130434783,0,0,0,0
7106,GGTGTGTGGGTGTATGTGTGTGG,0,0,0.084848485,0,0.05268594,455,181.3266039,0,-0.217391304,0,0,0,0
7107,GACCTTCATCTCCTCCCCATGGG,0,0,0.09012605,0.519457564,0.519457564,620,209.1654988,0,-0.108695652,0,0,0,0
7108,TAAACAGAAGAAGATGCACAGGA,0,0,0.003711802,0,0.402848101,522.5,202.8310584,0,-0.043478261,0,0,0,0
7109,AGTGAATGAGTGAGTGAGTGAAG,0,0,0.075384615,0,0.142724794,455,186.9285844,0,-0.52173913,0,0,0,0
7110,CCCACTGCAGCTGGAGGAGGAGA,0,0,0.014717425,0,0.189613667,552.5,189.5768864,0.026086957,0.195652174,0,0,0,0
7111,CCTGCCTGGGCTCCCCTCACCAG,0,0,0.008039579,0.033820811,0.033302485,425,186.2941965,0.004347826,-0.02173913,0,0,0,0
7112,AATGACCACTTCCTTCTCAGGGA,0,0,0.000229331,0,0.034342375,260,152.1259743,0.004347826,-0.260869565,0,0,0,0
7113,GACCCCCCCCACCCCCCTCCCAG,0,0,0,0,0.015193247,417.5,142.6404239,0,0.173913043,0,0,0,0
7114,TGGATGGATGAATGCTGAATCAG,0,0,0,0,0.012693183,387.5,152.9967722,0,-0.043478261,0,0,0,0
7115,GACCCACTCCACCCCGAGTTTGA,0,0,0.001203704,0,0.028616384,417.5,133.8669717,0.334782609,0.347826087,0,0,0,0
7116,GAGTCCAAAAAGAAGAAAAAGGA,0,0,0.026785714,0,0.10777875,552.5,182.4419691,0,-0.195652174,0,0,0,0
7117,GGTGAGTCAGTGAGTGAGTGAGG,0,0,0.198816568,0,0.398158228,462.5,186.8147514,0,-0.673913043,0,0,0,0
7118,CATCCCCTCCACCCTGCCCCGGA,0,0,0.000627167,0,0.139218687,455,173.7169785,0,-0.043478261,0,0,0,1
7119,ATGAACACGAGTGTGCAGAATGA,0,0,0.014329806,0,0.009342164,387.5,149.1750092,0.013043478,-0.217391304,0,0,0,1
7120,GGGACTGAGGCAGGAGGGGGAGG,0,0,0.086666667,0,0.150546424,455,182.4327493,0,0.02173913,0,0,0,0
7121,ACCTCTTTCCGACCTATCTTAGG,0,0,0.007,0.092310501,0.090669425,357.5,177.7767837,0,-0.217391304,0,0,0,0
7122,TGGGTGGATGAATGTGGAGATGG,0,0,0.0375,0,0.108114617,455,163.0219981,0,0.02173913,0,0,0,0
7123,CCGATGAAGAAATGAGGAGTTAG,0,0,0.143589743,0,0.89998622,620,211.5850828,0.7,0.869565217,0,0,0,0
7124,AACACCAGTGACTACAAAGGCAG,0,0,0.01881256,0,0.013580979,290,150.8674336,0,0,0,0,0,0
7125,ATGTAAAGCAGTGTGTAGAGGGA,0,0,0.014069264,0,0.128972515,522.5,201.8014144,0,-0.282608696,0,0,0,0
7126,GAGTGAGAGGAGAAAAAGAAAGG,0,0,0.203921569,0.217139377,0.213651194,522.5,196.926938,0.12173913,0.347826087,0,0,0,0
7127,GGGTAGTGAGTCTGTGTGTGTGG,0,0,0.044919786,0,0.280743218,455,189.0961885,0.017391304,0.065217391,0,0,0,0
7128,ATGTGTAGCAGTGAGTAGAGGAG,0,0,0.070909091,0.801231413,0.789491758,622.5,212.152279,0,-0.304347826,0,0,0,0
7129,GGATGAGAAGAAGAGGGAGAGGG,0,0,0.005882353,0,0.202836708,485,167.225889,0.169565217,-0.630434783,0,0,0,1
7130,TTCTCCCCAAATCCTGGCTAGAG,0,0,0.041838503,0.259209507,0.259209507,455,180.4958996,0,-0.239130435,0,0,0,0
7131,GAGTATGAGCAGAAGTAGACTGG,0,0,0,0.068705615,0.068705615,485,161.6996702,0,0.086956522,0,0,0,0
7132,AAATGTGGGGAAGAAGCACAAGG,0,0,0.328664799,0,0.141738197,522.5,196.1473971,0,0.239130435,0,0,0,0
7133,GGCCCAGACGAAGCTCGCGAAGG,0,0,0.042857143,0.037807489,0.036648638,357.5,168.347825,0.013043478,0.326086957,0,0,1,0
7134,AAATACCACCACATTCTCAAGAG,0,0,0.002394314,0.365828778,0.365828778,522.5,198.599642,0,0.065217391,0,0,0,0
7135,GTCACTGTGGCAGGAGGTGAGAG,0,0,0.108270202,0,0.343144014,455,171.0064827,0.413043478,1.065217391,0,0,0,0
7136,GTTTCTTTTCCACCCACATTCAG,0,0,0.076344373,0.19034295,0.186959075,552.5,189.0488864,0.030434783,-0.065217391,0,0,0,0
7137,GGCGCTGCTGCTGGAGGCGATGG,0,0,0.133928571,0,0.079068899,485,151.8056864,0,-0.239130435,1,0,1,0
7138,TGGATGCTGGAATGATTAGTGGG,0,0,0,0,0.064709107,485,175.4424653,0,-0.304347826,0,0,1,0
7139,GGCCCAGACTGGGGAAGGGAGAG,0,0,0,0.003373263,0.003373263,290,157.1329557,0.104347826,0.195652174,0,0,0,0
7140,CCTGCCACCCCTCTACTGAGGAG,0,0,0.000711692,0.078608844,0.077282113,485,149.2641496,0.004347826,0.282608696,0,0,1,0
7141,TGTGTTTGCGTGTGTGCGTGCAG,0,0,0.035914703,0,0.50455783,620,212.1659156,0,0.369565217,0,0,0,0
7142,CTGGCCCCACAGGGCACTGGGGA,0,0,0.002342849,0,0.078950813,417.5,129.8002891,0.013043478,0.130434783,0,0,1,0
7143,GTCACTGCCCCTGCAGGTGGTGG,0,0,0.058741259,0,0.126035717,522.5,198.3692986,0.017391304,0.391304348,0,0,0,0
7144,CTCATGCATCCAGAAACACTGGG,0,0,0.256684492,0.113084086,0.113084086,455,165.8293945,0,0.086956522,0,0,0,0
7145,GGTAAGTGAATGTGTGTGGGTGG,0,0,0.098,0,0.176849269,485,161.6005526,0,-0.173913043,0,0,0,0
7146,GGCTATGCTGGTGGAGGTGGAGA,0,0,0.003367003,0,0.462858836,522.5,206.8482159,0,-0.282608696,0,0,0,0
7147,GGCTCAGACTGGGCTGGTGAGGG,0,0,0.017777778,0.034090618,0.034090618,357.5,179.1148521,0,-0.391304348,0,0,0,0
7148,AAAAAAGAAGAAAAGTCACAAAG,0,0,0,0,0.100056646,455,190.2503336,0,NA,0,0,1,0
7149,TCGATGAAGGAGTGAGGAGAAAG,0,0,0.072916667,0.234367362,0.234367362,455,171.7231188,0,0.086956522,0,0,0,0
7150,GGAATCCCTTCTATACCAGCAGG,0,0,0,0.004264328,0.004264328,290,150.025069,0,-0.47826087,0,0,0,1
7151,GATGAGTAAGTGTGGGTGTGGAG,0,0,0.005118708,0,0.163368333,455,180.6670504,0.026086957,0.173913043,0,0,0,0
7152,GGGAGGGGGCAGTTTGCAGCTGG,0,0,0.015873016,0.090032355,0.090032355,485,157.1633304,0,-0.108695652,0,0,0,0
7153,AGATGAGAAAATAAGGCACAGAG,0,0,0.059563153,0,0.250894548,425,196.7528426,0,0.065217391,0,0,0,0
7154,GGTGTGTGTGAGTGTGGGTGGAG,0,0,0.002495544,0,0.196246288,455,186.7357049,1,0.434782609,0,0,0,0
7155,CCCTGAATATCTGTATGGATCAG,0,0,0.051358025,0,0.051347337,522.5,199.4318702,0,-0.043478261,0,0,0,0
7156,CACCCCCACAACCCCGCCACAGG,0,0,0.141496599,0,0.485227553,552.5,180.3604467,0,-0.282608696,0,0,0,0
7157,CCCCTTGACCCAGAGACACAGAG,0,0,0.036908881,0.339411293,0.329465174,620,210.1974548,0.07826087,0.195652174,0,0,0,0
7158,GAATTCTTTTCATTCTTCTGTGA,0,0,0.000658321,0,0.105554194,455,165.5413945,0,-0.304347826,0,0,0,0
7159,GAATCTTAGGAGAAGAAGAAAGA,0,0,0.010747354,0,0.512185158,620,209.5110988,0,0.130434783,0,0,0,0
7160,GACATCAAAGCATATTTTTTGAG,0,0,0.007070707,0.103004275,0.101349588,425,191.8221571,0,-0.456521739,0,0,0,0
7161,GGTGGGTGTGGGTGTGTGTGGGG,0,0,0.08064,0,0.196246288,455,186.7357049,0.213043478,0.434782609,0,0,0,0
7162,AAATAAGAAGAAAAAACACAAAG,0,0,0.195206972,0,0.025522883,357.5,176.916912,0.02173913,0.195652174,0,0,0,0
7163,CCAGTGTGCAGGGCGGAGGGAGG,0,0,0.017156863,0.130906745,0.128697348,455,168.0033385,0,-0.847826087,0,0,0,0
7164,CCAGTGAGAATAGCTGAGGAGGA,0,0,0.001771542,0,0.054220132,357.5,157.6655144,0.4,-0.108695652,0,0,0,0
7165,AGTGAGTGAGTGAGTGAATGTGA,0,0,0.01397929,0,0.046238115,387.5,163.2912351,0.034782609,0.108695652,0,0,0,0
7166,AGTGAGTGAGTGAGTGAATGTGG,0,0,0.201301775,0,0.046238115,387.5,163.2912351,0,0.195652174,0,0,0,0
7167,AATGACCAGTAGGTCATCAAAGA,0,0,0.012460701,0,0.027312414,357.5,180.7363728,0,-0.304347826,0,0,0,0
7168,TGTGTGTGTGTGTGTGAGTGGAG,0,0,0.026397306,0,0.372455417,552.5,192.9657886,0.2,-0.217391304,0,0,0,0
7169,GGGTGGGGCCCATTTGCTCCAGA,0,0,0.005584046,0,0.200516979,462.5,196.3022991,0,-0.108695652,0,0,0,0
7170,GACTTATTTTCATCATTCTAGGA,0,0,0.009337068,0,0.015143247,357.5,154.4302099,0.369565217,0,0,0,0,0
7171,ACAGTGAGGAGAGCAGGGGCCGA,0,0,0.007140111,0,0.099818052,455,180.047087,0.152173913,-0.326086957,1,0,1,0
7172,GCCTTCCCAAAGCCAGGGCTGGA,0,0,0.002046784,0,0.034681612,387.5,141.1437252,0,0.130434783,0,0,0,0
7173,GCAGTGAGTACAGCAGAGTCTAG,0,0,0.063654447,0.07836346,0.07836346,357.5,168.0148948,0,0.043478261,0,0,0,0
7174,AACTTCTTTTCATTTTTCTCAAG,0,0,0.022727273,0,0.510888889,530,204.4069944,0,0,0,0,0,0
7175,GACGTGTTTGTAGTGTTCTCTGA,0,0,0.001741917,0,0.283021289,425,197.6052593,0,NA,0,0,0,0
7176,GGAGCATGAGTGTGTGAGTGAGG,0,0,0.166666667,0.357283047,0.34522286,552.5,194.6115849,0.091304348,-0.086956522,0,0,0,0
7177,GTCCCCCTCCTCCCAGCCCCTGG,0,0,0.013718083,0,0.074184075,357.5,167.7748948,0.108695652,-1.913043478,0,0,0,0
7178,CCAGGGTGTAGGGTGGAGGCTGG,0,0,0.148296296,0.071635385,0.071635385,425,196.1732141,0,0,0,0,0,0
7179,CTCTGTCTCTCTAGATAGATGGA,0,0,0.037393162,0,0.161125676,455,186.0913876,0,-0.173913043,0,0,0,0
7180,GGATCCCCAGAGCCTGGCCCAGA,0,0,0.005286358,0,0.633355972,552.5,176.3026637,0,-0.130434783,0,0,0,0
7181,AAAGGAGAGGAAAAGGAACATAG,0,0,0.046533713,0,0.136842006,455,183.881188,0,-0.173913043,0,0,0,0
7182,GGTGTTTGTGTGTGTGTGTGGGG,0,0,0.067878788,0,0.213926133,552.5,191.1798046,0,0.173913043,0,0,0,0
7183,GGGTGGGGGGAGTATGCAGTTGG,0,0,0.01547619,0.005236044,0.005236044,345,114.2518822,0,0.347826087,0,0,0,0
7184,GGGCTGGGGGAGTCTCCTCCCGG,0,0,0,0.038523101,0.038523101,455,188.1104695,0.069565217,-0.02173913,0,0,0,0
7185,GGCACCGTGGCGGAAGGTGGGAG,0,0,0.077335859,0,0.06053703,425,194.9589139,0,-0.108695652,0,0,0,0
7186,AATTTAGAAGAAAAAGCACACAG,0,0,0.047697631,0,0.153719584,425,193.6773379,0.695652174,1.086956522,0,0,0,0
7187,CAACACAATACATAGACAGCTGA,0,0,0.018518518,0,0.174634187,552.5,184.8251499,0.004347826,-0.108695652,0,0,0,0
7188,ATGAAGAGGAGTGAGGAGAGTGG,0,0,0.068877551,0,0.090966306,552.5,193.0659928,0,-0.108695652,0,0,0,1
7189,AAAAGAGAAAAAGAGGGAGAAAG,0,0,0.000847252,0,0.176849269,485,161.6005526,0,-0.086956522,0,0,0,0
7190,TGTGTGTGGGTGTGAGCGTGTGA,0,0,0.009746589,0,0.24614019,522.5,199.7448781,0,0.260869565,0,0,0,0
7191,CCTCCCTCCCTTCTAGTCACTAG,0,0,0.002598909,0.132156214,0.132156214,455,189.816154,0.1,-0.152173913,0,0,0,1
7192,TGCCCAGAGTGAGCACTTTATGA,0,0,0.007164903,0,0.123933228,485,163.5061086,0.034782609,-0.108695652,0,0,0,0
7193,TGTGGGTGTGTGTGCGCGTGAGG,0,0,0.117818182,0,0.24614019,522.5,199.7448781,0,0.369565217,0,0,0,0
7194,AAATGAGAGGAAGAAGGAGAAAG,0,0,0.001196121,0,0.028412066,387.5,149.2990871,0,1.434782609,0,0,0,0
7195,AATTGAGTAGATGAGGCACCAGG,0,0,0.022918258,0.332103316,0.320295198,455,170.7184827,0.230434783,NA,0,0,0,0
7196,CACTAGTTTTCCTGGTTCTCCAG,0,0,0,0,0.110193987,425,198.5563949,0.665217391,-0.043478261,0,0,0,0
7197,ACCATCCATCCTGAGAATCAGAG,0,0,0.020164609,0.060950468,0.05878334,387.5,165.0744552,0,0.195652174,0,0,0,0
7198,GCTGAGTCAGTGCGTGCGTGCAG,0,0,0.087200249,1.119178082,1.089333333,530,207.5608625,0.017391304,-0.326086957,0,0,0,1
7199,TTCTTGTTTTCATTATTCTTCAG,0,0,0.053238265,0.190493182,0.186915845,455,167.6153785,0.295652174,-0.239130435,0,0,0,0
7200,TATGAGTGAGTGTGTGGATGAGG,0,0,0.034458754,0,0.119478333,485,172.5505557,0,1.304347826,0,0,0,0
7201,CCCTTCCATGGAGACACACATGG,0,0,0.016873278,0.202500098,0.195994071,425,192.8975583,0.852173913,0.086956522,0,0,0,0
7202,TGGAGGGAGGAAGGAGGAGCGGA,0,0,0.001054018,0,0.508491045,462.5,172.4747595,0,0.391304348,0,0,0,0
7203,AGGATGGGGGAAAGAGGAGGCAG,0,0,0.023227753,0,0.26991206,455,169.4632626,0,-0.043478261,0,0,0,0
7204,GAACACACAGGACAGATTGCTGG,0,0,0.039473684,0,0.118309659,357.5,179.3846677,0,-0.217391304,0,0,0,0
7205,AAATGAGGACGAGAGGCACGCAG,0,0,0.037801017,0.320401983,0.320401983,455,167.740763,0.034782609,0.173913043,0,0,0,0
7206,GGTGTGTGTGTGTGTGTGTGGGA,0,0,0.007070707,0,0.699446792,560,194.1657886,0,-0.065217391,0,0,0,0
7207,GTCTTGATTTCATTGTTGCCTGA,0,0,0.00162545,0,0.066766665,485,160.405486,0.134782609,-0.086956522,0,0,0,0
7208,TGGCCAGACTGAGCTCGTGTGGG,0,0,0.06,0.187826277,0.184299023,455,167.3273785,0,0.217391304,0,0,0,0
7209,TACATCTTAGTCCTCACCTGTGG,0,0,0.048582996,0,0.155902215,425,195.2536579,0,-0.391304348,0,0,0,0
7210,TGTGTGAGAGTGTGTGAGTGTAG,0,0,0.038496072,0,0.416345417,552.5,194.5423881,0,0.043478261,0,0,0,0
7211,CACTCCCTCCACCCTGCATCAGG,0,0,0.020512821,0,0.083169333,455,178.6960451,0.4,0,0,0,0,0
7212,CCTGACTCACAGGGCAGTCACGG,0,0,0.082336383,0.353204637,0.34064625,552.5,184.5404993,0,0,0,0,0,0
7213,CCCATCCCTTCAGAGGCCCAAGA,0,0,0.001026051,0,0.04442216,485,168.3966874,0,-0.108695652,0,0,0,0
7214,TGTGTGTGAGTGAGTGAGTGAGG,0,0,0.117482518,0,0.23590875,455,187.4262484,0.4,0.260869565,0,0,0,0
7215,GCCCCGCCCCACCCCGCCCCCAG,0,0,0.028097063,0,0.30174375,552.5,183.3261991,0,0.065217391,0,1,1,0
7216,TGTGTGTGAGTGAGTGAGTGAGA,0,0,0.008158508,0,0.23590875,455,187.4262484,0.547826087,0.326086957,0,0,0,0
7217,GAGTCTTTTTCATTTTTCTCCAG,0,0,0.012345679,0.240310978,0.240310978,522.5,201.3906744,0.243478261,0.282608696,0,0,0,0
7218,GGTGAGTGAAGCTGTGCGTCCGA,0,0,0.005882353,0,0.150040774,392.5,163.1244795,0.030434783,0.130434783,0,0,0,0
7219,CACACTCAAGCAGAGATTTTGGA,0,0,0.028787557,0,0.112532218,552.5,197.7424093,0,0.108695652,0,0,0,0
7220,GGAGCTGCGGCTGCAGGCGGAGG,0,0,0.099489796,0,0.045592311,455,180.7358821,0,0.304347826,0,0,0,0
7221,TGGAAGGAGGAAGGAGGGCTGGG,0,0,0.023388306,0,0.035915682,387.5,152.2410262,0.147826087,0.130434783,0,0,0,1
7222,CAGCCCCTCCCTCCCGCCTCCAG,0,0,0.01994302,0,0.385203768,425,204.7258158,0,-0.065217391,0,0,0,0
7223,TGAGTGTGAGTGTGTGAGTGTGA,0,0,0.008417508,0,0.601049167,552.5,196.3975689,0,-0.565217391,0,0,0,0
7224,GATGCCTGGGCTCTACTCACAGA,0,0,0.018351214,0,0.833979885,620,211.9004027,0,-0.304347826,0,0,0,1
7225,GGCCCACTCCACTCCTCCTCCAG,0,0,0,0,0.060534271,455,190.3862696,0.356521739,0.586956522,0,0,0,0
7226,GGAGAGTGGGTGTGTGCGGCAGG,0,0,0.051020408,0,0.125295966,485,146.8266198,0,0.434782609,0,0,0,0
7227,TGAATGAATGAATGAGGAGCTAG,0,0,0.009427609,0,0.271673476,552.5,175.1914389,0.186956522,-0.913043478,0,0,0,0
7228,GACCCACTCCAGCCACCCTCTGG,0,0,0,0,0.019630856,357.5,178.2024681,0,0.086956522,0,0,0,0
7229,CCAACAGAAGCAGAGTTTTTAAG,0,0,0.117094986,0.801938915,0.778438874,622.5,216.646016,0.013043478,0.195652174,0,0,0,0
7230,CATGCCTCCCCTTCACTCACTGG,0,0,0.058181818,0,0.079829497,425,192.8297584,0.013043478,0,0,0,0,0
7231,GTCTCTTTCTCCCCCACCTCCAG,0,0,0.005306845,0,0.316035637,455,169.1145632,0.02173913,-0.02173913,0,0,0,0
7232,CCTATCTATCTAGAGAGACAAGA,0,0,0.000702104,0,0.216300667,455,189.0726244,0.069565217,-0.456521739,0,0,0,0
7233,TCCTCCCCATAGTCTGGTCAAAG,0,0,0.102941176,0.11468901,0.110611179,455,179.2856098,0,-0.086956522,0,0,0,0
7234,AAATGGAAAAAAGAGGCATAAGG,0,0,0.307692308,0.183292719,0.180199171,552.5,179.2910988,0,-0.347826087,0,0,0,0
7235,GAGTTTGAACAAAAGAAGAAAGA,0,0,0.024621212,0,0.248242453,522.5,204.4498152,0,-0.239130435,0,0,0,0
7236,TAATGAGAAGAAGAAGAAGAGGG,0,0,0.054901961,0,0.054360238,387.5,153.2588674,0.004347826,-0.130434783,0,0,0,0
7237,GGGAGGAGGGAGCTGGCTCCTGA,0,0,0.001305347,0,0.101349588,425,192.2368771,0.039130435,-0.217391304,0,0,0,0
7238,GGGTGGCTGTAGTTTGCTCGGGG,0,0,0.020536535,0,0.394296494,552.5,171.5876659,0,-0.02173913,0,0,0,0
7239,CAGCCCCTGCACCCAGCCTCTGG,0,0,0.049130763,0,0.242694227,522.5,200.5051981,0.004347826,0.086956522,0,0,0,0
7240,TGAATGAATGAATGAGGAGCAGA,0,0,0.002525253,0,0.271673476,552.5,175.1914389,0.065217391,-0.347826087,0,0,0,0
7241,AGCACTAGGGCTGGAGCTGGCAG,0,0,0.035294118,0,0.416345417,552.5,192.7308912,0.052173913,-0.304347826,0,0,0,0
7242,TGGATGGGGGTAGGAGGAGGAGG,0,0,0.010387566,0,0.134631452,357.5,163.2331789,0,-0.02173913,0,0,0,0
7243,CACACTCATACAGAGACACACAG,0,0,0.151739618,0,0.760552802,620,210.8939596,0,-0.195652174,0,0,0,0
7244,GGTGTGTGAGTGTGTGTGGCAGG,0,0,0.018181818,0,0.080071819,417.5,129.0399691,0,-0.130434783,0,0,0,0
7245,AAAACCAGCGAGGAGAGAGGAGG,0,0,0.112374582,0.072353162,0.072353162,455,179.7895658,0,-0.217391304,0,0,0,0
7246,GTCACCTCCCTGGACTTGGGAGA,0,0,0.000474834,0,0.132157803,392.5,179.2759684,0,-0.391304348,0,0,0,0
7247,AAATGACAACAAGTGACACAGAG,0,0,0.038024691,0,0.023064847,455,182.8974722,0.1,-0.065217391,0,0,0,0
7248,TGTGTGAGAGTGTGTGAGTGAGG,0,0,0.148484849,0,0.416345417,552.5,194.5423881,0.030434783,-0.652173913,0,0,1,0
7249,GGCACTGTGGGTGGAGGTGTCAG,0,0,0.039699074,0,0.688147887,462.5,173.9324994,0,0.217391304,0,0,0,0
7250,GCCCCCCCCCCCCCCGCCGCAAG,0,0,0.02037037,0,0.27680625,455,178.8820994,0,-0.195652174,0,0,0,0
7251,GGAATCTTTTCTTCAGCGCCAGG,0,0,0.0853125,0.0765818,0.074121341,455,178.7943484,0.813043478,4.086956522,0,0,0,0
7252,AAGTTCCAGCTGAAGAAGAAAGA,0,0,0.008413461,0,0.542336973,522.5,209.2984155,0.091304348,0.173913043,0,0,0,0
7253,GACACCACGGCTGGAGATGGTGG,0,0,0.717948717,0,0.251888977,552.5,193.8047241,0,-0.130434783,0,0,0,0
7254,TAGATGGAGAATTAAGGAGTAGA,0,0,0.013710826,0,0.101488662,425,194.6129785,0,-0.5,0,0,0,0
7255,GAGGGGGAGGAGAAGAAGAAGGG,0,0,0.072916667,0,0.760552802,622.5,210.2603596,0,-0.217391304,0,0,1,0
7256,GCCTCCCCACAGCCTGTCCTGGG,0,0,0.05,0.416203993,0.416203993,492.5,157.2845526,0,-0.217391304,0,0,0,0
7257,GGTGAGTGGGTGGGTGGGTGAGA,0,0,0.000710429,0,0.243274677,462.5,185.954788,0,2.02173913,0,0,0,0
7258,AAAGAAAAGGAAGAGGCACAGAG,0,0,0.093621399,0,0.544570536,620,210.6951188,0,-0.130434783,0,0,0,0
7259,AAAAGAGATGAAAAAGCACAAGA,0,0,0.017237664,0,0.090665591,425,190.6602775,0,-0.130434783,0,0,0,0
7260,GTGCAGTGTGTGTGTGCGTGGGA,0,0,0.007018717,0,0.822304167,622.5,213.5986196,0,-0.217391304,0,0,0,0
7261,GTCACCTCAGTCAGTACCAGTGG,0,0,0,0,0.070551028,455,172.4246785,0.060869565,1.152173913,0,0,0,0
7262,AAAGGGGAAGAAGCGGCAGAGGG,0,0,0.011957908,0,0.044959819,455,174.1532314,0,-0.304347826,0,0,0,0
7263,GGGTGGGTGGAGGTGTCTCCAGG,0,0,0,0.025119359,0.024349417,357.5,175.105415,0.873913043,5.391304348,0,0,0,0
7264,GGTGTGTGTGTGGGTGGGTGGGG,0,0,0.003348059,0,0.136842006,455,183.466468,0.008695652,0.130434783,0,0,0,0
7265,AATGATCATTACATTCCCAAAAG,0,0,0.009912854,0.056380632,0.054569206,455,178.261103,0.108695652,0.086956522,0,0,0,0
7266,CACAGCCTCCACCCCGCCACGAG,0,0,0.0267335,0,0.526848592,552.5,186.2900801,0.004347826,-0.152173913,0,0,0,0
7267,AACAACAGTGAGGAGAGCCTGGG,0,0,0.046776612,0.080487776,0.080487776,387.5,140.5267596,0.02173913,0.282608696,0,0,0,0
7268,GCCTCGTTTTCATTCTTTTCAGG,0,0,0.137755102,0.084674661,0.083169333,455,178.0413251,0,-0.304347826,0,0,0,0
7269,CCAGTGAGGAGAGCGGAGACTGG,0,0,0.442176871,0,1.662197727,567.5,186.8922197,0.02173913,-0.195652174,0,0,0,0
7270,GAGCCTGAGAAGAAGCAGAAAGA,0,0,0,0,0.144062179,552.5,194.2602537,0,-0.195652174,0,0,0,0
7271,GGGGGGTGAGTGTGAGAGTGTGG,0,0,0.097263158,0,0.152925168,455,182.1905474,0,-0.195652174,0,0,0,0
7272,GACTTTTTTTCCTTTTGCTCAAG,0,0,0.000764438,0.045399789,0.043941161,357.5,174.5047829,0,-0.282608696,0,0,0,0
7273,GGGTGTGTGGAGTTTGAACCTAG,0,0,0.033607682,0.068624422,0.068624422,485,167.9047547,0,-0.043478261,0,0,0,0
7274,AAAAGAGAAAAAGAGGAAGACAG,0,0,0.006721536,0,0.176849269,485,161.6005526,0.195652174,-0.086956522,0,0,0,0
7275,GGTGAGAGATTGTCAGCGTGGAG,0,0,0.045732822,0,0.034285916,425,185.9788766,NA,0.043478261,0,0,0,0
7276,CCATTTCATCCAGAAACACAGAG,0,0,0.124962039,0.240310978,0.240310978,522.5,201.8053944,0.526086957,0.695652174,0,0,0,0
7277,TGGAGGGAGGAAGGAGGAAGAAG,0,0,0.005456095,0,0.080487776,387.5,140.5267596,0.02173913,-0.260869565,0,0,0,0
7278,CTTGGACCACAGTGCAATAAAGA,0,0,0.010833333,0,0.135498222,455,185.6402644,0,-0.565217391,0,0,0,0
7279,TGGCAGGAGGGATGTGGAGTCAG,0,0,0.005947712,0,0.212805723,425,196.6009747,0.013043478,0.152173913,0,0,0,0
7280,TGTGTGTCAGTGTGTGTGTGAGA,0,0,0.007252007,0,0.609583333,552.5,193.825752,0.382608696,1.826086957,0,0,0,0
7281,AAAGGACAAGAAGAGGGAGAGGA,0,0,0.000219407,0,0.131148806,485,164.2091082,0.060869565,0.086956522,0,0,0,0
7282,CCATTTGTCCCTGCATGGATGGA,0,0,0.004126984,0,0.193587958,522.5,200.7527589,0,-0.434782609,0,0,0,0
7283,AAGTGAGTAGAAAAAGCACAAGG,0,0,0.227537169,0,0.153719584,425,191.8658409,0.565217391,0.5,0,0,0,0
7284,TTGAAAAAGGAATGAGGAGTTGG,0,0,0.318181818,0.555501297,0.539222871,622.5,213.5025152,0.07826087,0.260869565,0,0,0,0
7285,AAATGAGAATACTAGGCTCAGAG,0,0,0.008315058,0,0.046914397,357.5,171.5695093,0.004347826,-0.391304348,0,0,0,0
7286,ATTCCCTAACAGGGCAGTAAGAG,0,0,0.072487745,0.946765564,0.932255747,620,212.8434022,0.008695652,-0.369565217,1,0,0,0
7287,TGGATGGAGGAAGGGTGGGTGGG,0,0,0,0,0.004562706,290,152.7818987,0,-0.304347826,0,0,0,0
7288,GGTTGGTGGAAGTTAGCTCCTGG,0,0,0.154385965,0.249861055,0.249861055,522.5,197.0900612,0.491304348,0.347826087,0,0,0,0
7289,AGGAAAGACAAAGCATCTGTAGA,0,0,0.026116071,0,0.158628435,455,182.5548466,0.230434783,0.543478261,0,0,0,0
7290,AGATGAGAAAATGAGGCTCAGGG,0,0,0.124444444,0,0.140621964,455,180.8288298,0,-0.391304348,0,0,0,0
7291,TCCTGTGTCTCTCGAGGTATAGG,0,0,0.097165992,0.021418577,0.020657028,387.5,166.9889203,0.008695652,0.391304348,0,0,1,0
7292,GGTGCCTGAGTGTGTGTGGGGGG,0,0,0.039772727,0,0.11028925,485,164.391585,0.052173913,-0.260869565,0,0,0,0
7293,ACCTATGCAAAGCCTGGCCATGG,0,0,0.224729892,0.564014727,0.564014727,622.5,213.7425152,0,-0.130434783,0,0,0,0
7294,GCCTCTCTCCTCCCCTCCTTAGG,0,0,0,0.045894724,0.045894724,357.5,185.5822092,0,-0.152173913,0,0,0,0
7295,GGCATGTTTTCATGTTTCTCAAG,0,0,0,0.061054828,0.060024367,425,192.2401938,0,0.043478261,0,0,1,0
7296,TGGAGGGAGGAATGAGGACTAAG,0,0,0.074380587,0,3.836538462,567.5,189.5636801,0.008695652,0.282608696,0,0,0,0
7297,GAATGAGAACATGAGGCACTAGA,0,0,0.005555556,0,0.316035637,455,169.3545632,0,0.065217391,0,0,0,0
7298,GACACCAAAACATAGTTTCTGGA,0,0,0.005363985,0,0.1152679,455,171.5777623,0,-0.195652174,0,0,1,0
7299,GAGAAGGAGAAGAAGAAGAAGGG,0,0,0.117913832,0,0.760552802,622.5,210.2603596,0,-0.065217391,0,0,0,0
7300,GATGAGTGAGTGAGTGAGTGGGG,1,0.001615862,0.273372781,0,0.469470149,462.5,189.6745684,0,0.043478261,0,0,0,0
7301,GAGAAGGAGAAGAAGAAGAAGGA,0,0,0.008188461,0,0.760552802,622.5,210.2603596,0,-0.391304348,0,0,0,0
7302,CGTGTGTGTGTGTGTGCGCGTAG,0,0,0.011145942,0,0.321904489,552.5,183.2038997,0,-1.260869565,0,0,0,0
7303,TGAGGGGAGGAATGAGGAGGGGA,0,0,0.003676471,0,0.6510065,555,179.3724801,0,-0.782608696,0,0,0,0
7304,TGTGTGTGCGTGTCTGCGTGTGG,0,0,0.089053803,0,0.136846598,522.5,202.312715,0,0.086956522,0,0,0,0
7305,CCAGTGAATAGAACTGAGTCCAG,0,0,0.022792023,0,0.046742489,357.5,161.645841,0,-0.717391304,0,0,0,0
7306,GAGGTGTTTACAGTGTTCTCTGA,0,0,0.004852484,0,0.502808992,522.5,203.307343,0.408695652,0.326086957,0,0,0,0
7307,GCCGCCCCCCACTCCGCCTCCGG,0,0,0.275,0,0.553689759,522.5,205.4872625,0.67826087,0.956521739,0,0,0,0
7308,GGTGGAGGGGAGTTTGCTTCAGA,0,0,0.010016026,0,0.297519338,552.5,185.2644161,0,-0.173913043,0,0,0,0
7309,GGACCTGAGGCTGTAGGTGGCAG,0,0,0.013745824,0,0.210193223,522.5,203.0593984,0,-0.304347826,0,0,0,0
7310,TAGAAGGAGGAATGGAGAGTGGA,0,0,0.019097222,0,0.069289873,455,186.1762325,0,-1.173913043,0,0,0,0
7311,AAAGGAGAAAAAGAAGCAGAAGG,0,0,0.068627451,0,0.123105465,455,168.3796421,0,-0.043478261,0,0,0,0
7312,CACTTGCTTTCCTTGTTCTCCAG,0,0,0.033503899,0,0.945879111,530,210.3007188,0,-0.086956522,0,0,0,0
7313,TTGATCTTGGTCATTTCCTGTGG,0,0,0,0,0.164066127,552.5,197.4237938,0,0.02173913,0,0,1,1
7314,GTGGCCTCAGTCATTACCTGCGG,0,0,0.3125,0,1.286675824,622.5,213.410263,0,-0.065217391,0,0,0,0
7315,TGGATGGAGGAATGAATGGATAG,0,0,0.014583333,0,0.007062745,375,118.3645298,0,-0.195652174,0,0,0,0
7316,AAGTGAAAGGAAGAGTCACAAAG,0,0,0,0,0.106383384,552.5,195.040613,0,-0.043478261,0,0,0,0
7317,AGAAGTGTGGCTGGAGGTGGGGA,0,0,0.0284375,0,1.345833333,620,214.283863,0,-0.434782609,0,0,0,0
7318,GGCAGTGAGGATGGTGGTGGGGA,0,0,0.0040625,0,0.212805723,425,194.3747578,0,-0.5,0,0,0,0
7319,ACCTTTTTCCCACCGCCCTTTGG,0,0,0,0.072985333,0.072985333,455,186.4162325,0,-0.413043478,0,0,0,0
7320,GACTGCCCAAAGCCTGGAAAAAG,0,0,0.026107226,0.101358871,0.097755,485,161.5003468,0,-0.673913043,0,0,0,0
7321,TGGATGGTGAATAGAGGAGTGGA,0,0,0.006410256,0,0.228837884,425,193.8930256,0,-0.282608696,0,0,0,0
7322,AAAGCAGAAGAAGAGGTATAAAG,0,0,0.027421652,0.19201875,0.19201875,485,165.303969,0,-0.260869565,0,0,0,1
7323,CTTGGTCCACAGGGAAGAAAAGG,0,0,0.082539683,0.048589809,0.047769728,455,176.4953411,0,-0.065217391,0,0,0,0
7324,AACACGAGTGAGTAGAGCATAGA,0,0,0.017361111,0,0.250402276,492.5,150.7284161,0,-0.586956522,0,0,0,0
7325,GGTGTGTGATTATGTGTGTGTGG,0,0,0.128686869,0,0.262235805,455,184.2177321,0.039130435,2.934782609,0,0,1,0
7326,AAGTGAAAGGAAGAGTCACATGA,0,0,0,0,0.106383384,552.5,195.040613,0,-0.717391304,0,0,0,0
7327,CCTGCTTCCCCTCTGCCCACCAG,0,0,0.044183007,0.08498619,0.08225571,455,177.2291469,0.143478261,-0.413043478,0,0,0,0
7328,CCCAATGTCTCTGGCTGAATGAG,0,0,0.02020202,0.081716594,0.078958228,455,177.4077251,0.960869565,-0.282608696,0,0,0,0
7329,CCTGCCTCCGTGAAACTCACTAG,0,0,0.009496676,0.020546959,0.020546959,300,184.1153107,0,-0.086956522,0,0,0,0
7330,CCCATTCAACCAGAGAGGCAAGA,0,0,0.001408897,0,0.041929522,485,167.0447913,0.082608696,-0.108695652,0,0,0,0
7331,GGGGGGGGGGAATTTCCCCCCAG,0,0,0,0,0.024931944,387.5,167.8985404,0,-0.130434783,0,0,0,0
7332,GGTGTGTGTGTCTGTGTGTGTAG,0,0,0.013975045,0,0.173969682,455,185.2496881,0,-0.608695652,0,0,0,0
7333,GGTGTGAGAGTGCGTGTGTGTGA,0,0,0.008140617,0,0.152967414,455,185.0430676,0,-0.347826087,0,0,0,0
7334,GGCACAGCTGCTGGAGGATGAAG,0,0,0.053260174,0,0.034305973,485,157.2829024,0.030434783,0.152173913,0,0,0,0
7335,GCCACTGAAGTATAGTTTTTGGA,0,0,0.004676871,0,0.185915179,425,201.4446118,0.073913043,-0.065217391,0,0,0,0
7336,ACCTTCCATCCACAGAGACACAG,0,0,0.00408627,0.240178592,0.23590875,455,187.8409684,0,0,0,0,0,0
7337,GTCACTGAGGCTGCTGGTGGGGA,0,0,0.002462121,0,0.060024367,425,190.0139768,0,-0.239130435,0,0,1,0
7338,CCCAGTGATCTAGAGACACAGGA,0,0,0.005975724,0,0.313028173,525,207.5124315,0,-0.369565217,0,0,0,1
7339,GGGTGGGGGTAGTGTCTTCCAGG,0,0,0,0.012596701,0.012403648,387.5,164.294542,0.008695652,-0.130434783,0,0,0,0
7340,CCATTCCAGCCAGAGGCACAGAG,0,0,0.017022073,0.158432956,0.155758982,552.5,196.5501938,0,0.130434783,0,0,0,0
7341,GGCCCAGACTGGCCACGAGGGGA,0,0,0.01076584,0,0.021241372,290,139.4236458,0,1.02173913,0,0,1,0
7342,GAACAAAATACATAGACCGCTAG,0,0,0.057777778,0,0.10030413,552.5,183.0391659,0,0.152173913,0,0,1,0
7343,GGTTAGTGTGTGTGGGTGTGGGG,0,0,0.005090909,0,0.094763973,455,179.173487,0.056521739,-0.782608696,0,0,0,0
7344,TGGGTGGAGGAAGGAGCAGGGAG,0,0,0.001755178,0,0.098373949,387.5,150.7033685,0,0.391304348,0,0,0,0
7345,GATGACTGAGTGTGCCCGTGTGG,0,0,0,0,0.041920373,455,185.6785685,0.091304348,-0.217391304,0,0,0,0
7346,TGGGTGGAGGAAGGAGGTGGCAG,0,0,0.003729753,0,0.050081283,387.5,146.2661463,0,0.152173913,0,0,0,0
7347,GACCTGTGATCATTGATCTCTGA,0,0,0.027816682,0,0.15797057,552.5,193.9783768,0,-0.065217391,0,0,0,0
7348,CCAGCCTCAGCCCCACTCACCAG,0,0,0.042964554,0,0.063186605,425,195.3569346,0,0.108695652,0,0,0,1
7349,GGATCCCAGAAGAAGAAGAAGGA,0,0,0.024826389,0,0.846587038,620,211.0570828,0,1.239130435,0,0,0,0
7350,AGTGAGTGTGTGAGTGAGTGAGA,0,0,0.012115385,0,0.144140246,455,184.754788,0.008695652,-0.434782609,0,0,0,0
7351,GCAGGGAGTAGAGCGCAGGAGGG,0,0,0,0.122256818,0.119960915,485,163.4856542,0,-0.391304348,0,0,0,0
7352,GGTGTGTGTGTGTGTGTGAGGAG,0,0,0.007542088,0,0.111383028,485,162.2177886,0.013043478,-0.043478261,0,0,0,0
7353,GATGAGTGAGTGAGTGGATGGGA,0,0,0.001656671,0,0.046238115,387.5,163.0512351,0,0,0,0,0,0
7354,AGTGAGTGTGTGAGTGAGTGTAG,0,0,0.045230769,0,0.144140246,455,184.754788,0.865217391,0.282608696,0,0,0,0
7355,GGTAAGTCAGTGAGTGAGTGGAG,0,0,0.046390532,0,0.223964003,455,184.7411514,0.530434783,0.934782609,0,0,0,0
7356,GGAATCAAAGCACAGACTGCAGG,0,0,0.193402166,0,0.553689759,522.5,207.2987595,0,-0.434782609,0,0,0,0
7357,GCCACTGCTGCTGGAGGATGTGG,0,0,0.164102564,0,0.059728305,485,158.8288864,0.126086957,0.239130435,0,0,0,0
7358,AGTGTGTGAGTGAGTGAGTGTGG,0,0,0.105734266,0,0.23590875,455,187.4262484,0,0.673913043,0,0,0,0
7359,TGTAGGTGAGTGTGTGTGTGTGA,0,0,0.021,0,0.609583333,552.5,196.0519689,0,-0.413043478,0,0,0,0
7360,TGTATCACCAGTGAGTAGAGAAG,0,0,0.03959596,1.30580855,1.286675824,622.5,217.14368,0.017391304,0.108695652,0,0,0,0
7361,GTCATCCTAGTCATTTACTGGGG,0,0,0,0,0.127309176,492.5,179.7422822,0,0.326086957,0,0,0,0
7362,TGTGTGTGTGTGCGTGCGTGCAG,0,0,0.044657097,0.355433782,0.355433782,522.5,204.4525791,0,-0.173913043,0,0,0,0
7363,TTCATCTTGGTCATTACCTAAAG,0,0,0.162037037,0,0.911667232,560,179.3026197,0.117391304,-0.130434783,0,0,0,0
7364,GGGACCCCTTCTGCAGGACTGAG,0,0,0.002795933,0.259877595,0.250637503,485,159.259969,0,-0.195652174,0,0,0,0
7365,AAAAGAGAGAAAGAGGGACATGG,0,0,0.017429194,0,0.325662758,552.5,188.3887722,0.017391304,0.239130435,0,0,0,0
7366,GGTGTGTGTTTGTGTGTGTGCAG,0,0,0.021447811,0,0.325662758,552.5,187.9740522,0,5.391304348,0,0,0,0
7367,GAGTCAGACAAGCAGAAGAAAGA,0,0,0.006335283,0,0.179838034,522.5,198.9631787,0.034782609,-0.043478261,0,0,0,0
7368,GTCACCTTAGTCTCTAACTGTGG,0,0,0.04,0,0.033370636,357.5,175.7870637,0,-0.347826087,0,0,0,0
7369,TGGAAGGAGGAAAGAGGATCAGG,0,0,0.020979021,0,0.080487776,387.5,140.5267596,0.282608696,1.369565217,0,0,0,0
7370,AAAAGAAAAGAAAAGGCATAAAG,0,0,0.052596976,0,0.131830099,455,175.6958987,0.234782609,-0.304347826,0,0,0,0
7371,TGGATGGATGGATGGGGAGAAAG,0,0,0.032861111,0,0.054220132,357.5,157.6655144,0,-0.5,0,0,0,0
7372,CCATCCCCAAAGCCTTGGCAGGA,0,0,0,0,0.052630051,485,175.9602408,0.343478261,0.456521739,0,0,0,0
7373,TATGACTCAGCTCTACTCACAGA,0,0,0.024737167,0,0.833979885,620,213.7118996,0,-0.5,0,0,0,0
7374,AACCCCCTCCTCCCAGGCTCAAG,0,0,0.000938495,0,0.090669425,357.5,177.7767837,0,-0.565217391,0,0,0,0
7375,GGTATGGGGAAATGAGGAGTTAG,0,0,0.084866702,0,1.299248042,620,210.5804466,0,-0.695652174,0,0,0,0
7376,CCTGCCTCATCTGTACTCCCCAG,0,0,0.005094044,0.099749597,0.098147193,455,170.0011628,0,-0.130434783,0,0,0,1
7377,GGTGTGTGAGTCTGTGTGAGGAG,0,0,0.006654783,0,0.089689771,387.5,158.4614685,0.995652174,-0.130434783,0,0,0,0
7378,TGTGAGTGTGTGTGTGTGTATGA,0,0,0.018229167,0,0.164063988,485,157.1165087,0,-0.152173913,0,0,0,0
7379,TGAATGGAGTAATGAGAAGACAG,0,0,0.082942708,0.239347265,0.23083714,485,155.5565526,0,-0.195652174,0,0,0,0
7380,GGCCCCCTCCACTCCACCCCAGG,0,0,0.154482759,0,0.033198795,387.5,161.4242536,0.995652174,-0.739130435,0,0,0,0
7381,TGGTTGGAGCTATCAGGAGTTGA,0,0,0.002331002,0,0.108966853,425,195.4653952,0,-0.260869565,0,0,0,0
7382,TGTGTGTGTGTGTTTGCGTGTAG,0,0,0.015084175,0,0.136846598,522.5,202.312715,0.252173913,0.369565217,0,0,0,0
7383,AAATCAAAGGAAGAGGCATAAGA,0,0,0.016788767,0,0.197596385,552.5,180.8207189,0.030434783,-0.282608696,0,0,0,0
7384,CCCTGTGCCTCCTGATGGAGAGA,0,0,0.003482972,0,0.119348963,357.5,161.7471621,0.182608696,0.260869565,0,0,0,0
7385,GGGAAGGAGGAGTTTTCTCCAGA,0,0,0,0,0.258544304,552.5,196.6498372,0,0.086956522,0,0,1,0
7386,CACTTTTTTTCTTTGTTATCAGA,0,0,0.005935423,0,0.09237382,455,184.2745823,0.052173913,0.217391304,0,0,0,0
7387,CCCCTGCCTCCAGAGTCACAGAG,0,0,0,0.156419304,0.156419304,552.5,196.1521732,0,-0.152173913,0,0,0,0
7388,GTCTCTTTCCTACCCAGTTTTGG,0,0,0.010577658,0.067510665,0.066310475,387.5,166.3204719,0.973913043,3.043478261,0,0,0,0
7389,GAGACAAAAGCAGAGTTTCTAGA,0,0,0.008894362,0,0.203205708,552.5,183.7548353,0,-0.195652174,0,0,0,0
7390,AAGTGAGAGAAAGAGGCCCAGAG,0,0,0.018777625,0,0.172189308,552.5,184.2971499,0,0.195652174,0,0,0,0
7391,GAAGACACAGGATAGACTGAGGA,0,0,0.001860119,0,0.36643875,455,171.8588994,0,-0.152173913,0,0,0,0
7392,GAGTCCGTGGAGAAAGAGAAGGG,0,0,0.030165913,0.059780181,0.057947838,455,179.6129992,0.404347826,-0.260869565,0,0,0,0
7393,AGGATGGAGGAGGGAGGAGTAAG,0,0,0.048845947,0,0.566146479,432.5,203.184579,0.291304348,-0.152173913,0,0,0,0
7394,TGTGAGTGTGAGTGTGTGTGGGA,0,0,0.014583333,0,0.206712756,455,188.0240249,0,-0.413043478,0,0,1,0
7395,GGCAGTGTGGCTGTAGATGGCAG,0,0,0.033876543,0,0.086229035,455,182.1865673,0.004347826,-0.260869565,0,0,0,0
7396,GCCTCACTAATGCCTGGGCAAAG,0,0,0.008641975,0.098926116,0.098926116,455,182.6607821,0,-0.391304348,0,0,0,0
7397,GGAATCCCTGCTGTAGAAACTGG,0,0,0.073333333,0.02381073,0.02381073,387.5,150.8349679,0,-0.108695652,0,0,0,0
7398,TGGATGGAGGAATGAATCGATGG,0,0,0.026785714,0,0.007062745,375,118.3645298,0,0.130434783,0,0,0,0
7399,TGTGAGTGTATATGTGCGTGTGA,0,0,0.036296296,0,0.396115165,522.5,202.5323828,0,-0.586956522,0,0,0,0
7400,AAATGGGAGGGAGAGGCAGAGGA,0,0,0.002686839,0,0.097141912,455,176.476152,0,-0.565217391,0,0,0,0
7401,GTTCAGAGAATGTGTGCGTGCGG,0,0,0.27513369,0.885757189,0.858607543,620,210.7114828,0,0.260869565,0,0,0,0
7402,GAAGGAGAAGAAGAGGGAAAAGA,0,0,0.001094188,0,0.202836708,485,166.592289,0.086956522,0.434782609,0,0,0,0
7403,GTCTCGTATTCATTGTTCCCTAG,0,0,0.041611517,0,0.49875,552.5,183.8238631,0,-0.217391304,0,0,0,0
7404,AACACCAGGGAGTACAGCGGGGG,0,0,0.168831169,1.095497183,1.095497183,537.5,203.4331981,0,-0.086956522,0,0,0,0
7405,AAAAGAGAAAAAGGGGCAGAGGG,0,0,0.025925926,0,0.068442964,455,170.947479,0.008695652,0.47826087,0,0,0,0
7406,GTACACAAAGCCTAGACGACAGG,0,0,0.045568467,0.049868565,0.04809546,387.5,155.0725663,0,-0.260869565,0,0,0,0
7407,AAAGGATGAGAAGAGGCACAGGG,0,0,0.261904762,0,1.65734355,627.5,214.0434022,0,-1.173913043,0,0,1,0
7408,ATTACCCCACAGGGCAGCCAAGG,0,0,0.079802956,0,0.103262324,485,162.1550668,0,0,0,0,0,0
7409,GGCATTGCGGTTGTAGGTTGGGA,0,0,0.002417336,0,0.039155821,357.5,169.2944117,0.6,0.282608696,0,0,0,0
7410,GCCTGTGTCCCACCTACCTGGGA,0,0,0.000288351,0,0.120854801,455,164.1838777,0.169565217,-0.739130435,0,0,0,0
7411,GGTGAGAAAGTGGGTGTGTGAGA,0,0,0.007397343,0,0.145595491,455,183.2315706,0.243478261,0.130434783,0,0,0,0
7412,GAACACAAATCAAACACTACTGA,0,0,0.007609578,0,0.043049833,357.5,159.7539215,0.065217391,-0.195652174,0,0,0,0
7413,GGAGAGAAAGCATACACTGCTGG,0,0,0.054545455,0,0.243723101,522.5,202.0933944,0,0.195652174,0,0,0,0
7414,CCTCCCTCCTCTCTAATCCCTAG,0,0,0.023073022,0,0.079007985,485,165.2982378,0,-0.065217391,0,0,0,0
7415,CAATGGGAAGAAGAGTTACATAG,0,0,0,0,0.063433242,485,179.139479,0.02173913,-0.304347826,0,0,0,0
7416,TTGATGGAGCAAAGAGAAGTGGA,0,0,0.011421911,0,0.217271959,455,183.482832,0,-0.260869565,0,0,0,0
7417,CACCCCCTCCCCCCCGGCCCTGA,0,0,0.000321968,0,0.112574373,387.5,161.2358053,0,-0.130434783,0,0,1,0
7418,AACACAAGTGAGCAGAGCCCAGA,0,0,0.009780455,0,0.04622953,387.5,140.0290956,0.026086957,0.239130435,0,1,0,0
7419,CTCCTCCACCCAGACACACACAG,0,0,0.020941625,0.250365773,0.24614019,522.5,199.9195981,0,-0.195652174,0,0,0,0
7420,TTCACTGTGGCTGCAGGTGGAGG,0,0,0.238636364,0,0.223971519,522.5,204.2209984,0.008695652,-0.565217391,0,0,0,0
7421,ATGGACCCCAGGGAGTAGAGAGA,0,0,0.009494358,0,0.897986498,530,209.4271188,0.3,-0.5,0,0,0,0
7422,GAAACCACAGCAGAGCTTTTGGA,0,0,0.017195767,0,0.174113559,552.5,195.9005764,0.069565217,-0.086956522,0,0,0,0
7423,AGTTAGTGTGTGTGTGTGTGTAG,0,0,0.023757576,0.379196691,0.372455417,552.5,193.3805086,0.017391304,-0.108695652,0,0,0,0
7424,AGAACCTCTTCTGAAGCACCTGA,0,0,0.017773437,0,0.152972547,522.5,203.8893146,0.017391304,-0.260869565,0,0,0,0
7425,GGTGGATGAGTGGGTGGGTGGAG,0,0,0.00286445,0,0.135498222,455,185.6402644,0,-0.304347826,0,0,0,0
7426,AATAACAACTACAGCATCAAGGA,0,0,0,0,0.026311278,455,187.0156087,0,-0.195652174,0,0,0,0
7427,GGTGTGTGTCTGTGTGCGTGTGG,0,0,0.087272727,1.397632549,1.365503065,627.5,210.1601632,0,-0.086956522,0,0,0,0
7428,CCTGCCTAAGCTCTTCTCACAGG,0,0,0.111428571,0.426778052,0.416494244,530,199.1333811,0.082608696,-0.195652174,0,0,1,0
7429,GGCGCTGGTGCTGGCGGTGGGGG,0,0,0.058441558,0,0.234278012,522.5,197.0597811,0.769565217,-0.065217391,0,0,0,0
7430,GGCTTATTTTCCTTGTTCACTGA,0,0,0.004177109,0,0.148457925,455,178.7099156,0,-0.673913043,0,0,0,0
7431,GTCTCCTCAAAGCCTGGTTAGGA,0,0,0.015219156,0,0.066766665,485,160.405486,0,1.347826087,0,0,0,0
7432,AAATTTGAAGAATAGGCAAAAGA,0,0,0.001913265,0,0.110862182,455,175.8783755,0,-0.326086957,0,0,0,0
7433,GGCACTGGAGCAGGAGGTGCCGA,0,0,0.00983965,0,0.1884295,455,167.2867023,0,-0.5,0,0,0,0
7434,AAAAGAGAATAAGAGCAACAAGA,0,0,0,0,0.091675932,485,175.0601266,0,-0.52173913,0,0,1,0
7435,TACATACATCCAGAGACAGAAAG,0,0,0.021885522,0,0.318743398,552.5,186.4260161,0,0.086956522,0,0,0,0
7436,CAACAGAAAGCATCCACTGCAGA,0,0,0.001449443,0,0.036314742,425,191.5678098,0.013043478,-0.02173913,0,0,0,0
7437,TGCTTCTTAGTCATCACCTGTAG,0,0,0.037796143,0,0.402848101,522.5,203.8793784,0,-0.02173913,0,0,0,0
7438,TGGATGGACGGATGATGGGTGGA,0,0,0,0,0.016355892,387.5,166.2983768,0,-0.239130435,0,0,0,0
7439,TGTGAGTGAGTGTGAGTGTGGGA,0,0,0.018762183,0,0.345753086,462.5,185.2068674,0,0.043478261,0,1,0,0
7440,TTTATGGAAGAATGAGGAATAAG,0,0,0.037878788,0.311547175,0.300469943,552.5,183.7242197,0,-0.195652174,0,0,0,0
7441,GAACACACAGCACACACTGGTAG,0,0,0.001407261,0.065011224,0.065011224,357.5,155.256241,0,-0.173913043,0,0,0,0
7442,CTTCCCCCACAGGGCCTCAACAG,0,0,0,0.020191317,0.019509753,442.5,154.6285298,0,0.086956522,0,0,0,0
7443,TGTGCGTGCGTGTGTGCGTGTGG,0,0,0.285714286,0,1.632770745,627.5,215.1518996,0.008695652,0.108695652,0,0,1,0
7444,TGTGCGTGCGTGTGTGCGTGTGA,0,0,0.01984127,0,1.632770745,627.5,215.1518996,0,-0.043478261,0,0,0,0
7445,ACCACTTCCCCACCCACCTCAGG,0,0,0.038961039,0,0.697447183,552.5,178.0889831,0.72173913,1.239130435,0,0,0,0
7446,CCTGTAAGAAGAGCTGAGGCCAG,0,0,0.024276377,0.146830007,0.146830007,522.5,198.7192141,0.208695652,0.195652174,0,0,0,0
7447,GGAGGGAGAGTGTGTGAGTGTGG,0,0,0.21,0.403345986,0.389730931,552.5,194.0143881,0.060869565,0.239130435,0,0,0,0
7448,TATGTGTGAGTGTGTGCGCGAGA,0,0,0.005894489,0,0.526848592,552.5,186.9236801,0,-0.02173913,0,0,0,0
7449,CTCTGTGTCTCTAAATTGATTGG,0,0,0.157342657,0.035150404,0.035150404,357.5,176.8353837,0.008695652,0.434782609,0,0,0,0
7450,TGTGAGGGAGTGTGTGCATGCGA,0,0,0.028280543,0,0.448587654,560,192.5934859,0,-0.282608696,0,0,0,0
7451,AGGAAGGAAGAAAGAGGAGTAAG,0,0,0.057692308,0,0.355433782,522.5,204.4525791,0.008695652,0.282608696,0,0,0,0
7452,GCCTCCATCCCACCTACCTCAGG,0,0,0.004820937,0.071839999,0.06941502,455,163.6862137,0,-1.282608696,0,1,0,0
7453,GAGCCACTGCACCCGGCCTCAGA,0,0,0.000997969,0,0.146830007,522.5,198.7192141,0,-0.195652174,0,0,0,0
7454,GGAAGTGAGGCTGGCGGTGGCGA,0,0,0.006401515,0,0.397208228,522.5,200.0768415,0.286956522,0.652173913,0,0,1,0
7455,GAGCCACTGCACCCGGCCTCAGG,0,0,0.014370748,0,0.146830007,522.5,198.7192141,0,-0.02173913,0,0,0,0
7456,ACCTTGTTTTCCTTGTTCTTTGA,0,0,0.00387688,0,0.343144014,455,174.1062996,0,-0.413043478,0,0,0,0
7457,GGTGAGAGAGTGAGAGCCTGTGA,0,0,0.011597503,0,0.019864519,357.5,167.6871438,0,-0.065217391,0,0,0,0
7458,TGGATGGATGACTGAGTGGTGGA,0,0,0.000974659,0,0.032454778,387.5,161.1146749,0.004347826,-0.195652174,0,0,0,0
7459,TAGATGGTGGAAAGGGGAGTAAG,0,0,0.042307692,0.158578648,0.155902215,425,192.1538409,0,0.02173913,0,0,0,0
7460,CTCATGTCCAATGACTAGAGGAG,0,0,0.042087542,0.318743398,0.318743398,552.5,185.3776961,0.017391304,0.391304348,0,0,0,0
7461,GCCTCTTTCCTTCCCTCCTGGAG,0,0,0,0,0.028020644,290,150.82779,0.030434783,0.217391304,0,0,0,0
7462,AATGACCATCAGAACCTCAAGGA,0,0,0.008916324,0,0.053832486,425,190.8931981,0.065217391,0.239130435,0,0,0,0
7463,GGCAGTGAGGATGGAGGAGGAGG,0,0,0.195,0,0.163514241,455,183.1584461,0,0.108695652,0,0,0,0
7464,GACGCCCCCCACCCCGCCCCCAG,0,0,0.035759898,0,0.992537313,560,185.6785831,0.017391304,-0.043478261,0,0,1,0
7465,GGTGGATGAATGTGTGTGTGGGG,0,0,0.3136,0.322464761,0.322464761,552.5,190.1478485,0,-0.065217391,0,0,0,0
7466,GAAATCACCTCTGCAGCTCCAGG,0,0,0.292899408,0.131850137,0.129506134,552.5,187.1937056,0.665217391,2.347826087,0,0,0,0
7467,GGACACAAAGGACAGAGTGCTGA,0,0,0.000644995,0,0.130929356,357.5,182.2444847,0,-1.086956522,0,0,0,1
7468,AATAGAGAAAATGAGGCACAGAG,0,0,0.027112079,0,0.639230037,522.5,205.0905631,0,-0.043478261,0,0,0,0
7469,GACCCTGAAGCAAAGTTTTGTGA,0,0,0.003707365,0,0.154587634,455,169.9034955,0,-0.130434783,0,0,0,0
7470,ATTTATCACTACATCTTCAAAAG,0,0,0.019589838,0,0.156419304,552.5,199.0119901,0,0.239130435,0,0,0,0
7471,AAAAGAAAAGAAAAGGCTCAAGA,0,0,0.015262515,0,0.07787432,455,181.0205654,0,-0.347826087,0,0,0,0
7472,AACTACAGTGAAAAGAGCGGGGA,0,0,0.016317016,0,0.272415361,425,199.822659,0,-0.304347826,0,0,0,1
7473,GACCCCCGCCAGCCCACCACTGA,0,0,0.006466784,0,0.038138151,387.5,160.3476568,0,-0.065217391,0,0,0,0
7474,CTTGGCCCTGAGGGCAGAAAAGA,0,0,0.006481481,0,0.16579195,552.5,183.5368299,0,0.108695652,0,0,0,0
7475,GCTGTGTGAATGTGTGCATGTGG,0,0,0.162668101,0,0.285817,552.5,187.2566103,0,-0.413043478,0,0,0,0
7476,AGTGAGGGAGTGTGTGTGTGTGA,0,0,0.017156863,0,0.881154321,560,197.0307081,0,-0.173913043,0,0,0,0
7477,GGGTGGGGTTGGTTTTCTCCAGG,0,0,0,0.074463599,0.073322394,457.5,186.7299736,0,-0.173913043,0,0,0,0
7478,CACTTGTTTTCATTTTAGTCTGG,0,0,0.007256236,0.033200661,0.032020193,387.5,158.5835341,0.204347826,0.369565217,0,0,0,0
7479,GGGAATGACCAACCATCCTTGAG,0,0,0.038986355,0.062584794,0.061528511,357.5,170.9366118,0,0.47826087,0,0,0,0
7480,TGGTTGGGGGAGTTCACTCCTAG,0,0,0.021212121,0.072985333,0.072985333,455,186.4162325,0,-0.086956522,0,0,0,0
7481,CCCAGCCAGCCACAGACACCCGA,0,0,0.002632845,0,0.156120734,455,167.3149792,0.047826087,-0.369565217,0,0,0,0
7482,GTCATGTTAGTCACTACATGGAG,0,0,0.01994302,0,0.052535208,462.5,181.5514981,0,-0.065217391,0,0,0,0
7483,GGAATGTGAGTGTGTGTGTGGGA,0,0,0.007575758,0,0.570616297,555,195.5239689,0,0.065217391,0,0,0,0
7484,ATAAACACCCTTGAGTAGGGAAG,0,0,0.009348291,0.255919089,0.251369416,455,176.7021799,0.604347826,0.717391304,0,0,0,0
7485,GTCAGCGTTGGCATTACCTGGGA,0,0,0.00627451,0,0.316132585,522.5,205.3386351,0,0.195652174,0,0,0,0
7486,GGCGGTGGGGCTGGGGGTGGTGG,0,0,0.156696429,0,0.383433735,522.5,199.7312415,0,0.108695652,0,0,1,0
7487,CATGACCACCACTTGCTCAACAG,0,0,0.001777778,0.148602043,0.14358594,425,190.5019215,0.991304348,2.043478261,0,0,0,0
7488,GAGTCTGAGCAGAAGAGTCACAG,0,0,0.005859815,0.021987795,0.021616693,442.5,140.2565717,0,-0.413043478,0,0,0,0
7489,CCCACCCCTCCTGAGACACTGGG,0,0,0.085714286,0.324843,0.324843,455,169.9581627,0,-0.065217391,0,0,0,0
7490,AAATGAGGAAATGAGGCACTGAG,0,0,0.035489712,0,0.284032028,455,166.2547462,0,0.043478261,0,0,0,0
7491,AAAGACCACGACTTCTTCAACAG,0,0,0.008547009,0.092421904,0.09086204,455,186.8925172,0,-0.043478261,0,0,0,0
7492,AAAAGAGAAGAAAAGGAAAAAGG,0,0,0.087912088,0,0.074311256,387.5,157.0929685,0,-0.847826087,0,0,0,0
7493,GAGTCAGAGAAGCAGAACAAAGG,0,0,0.080677885,0.063531421,0.063531421,455,177.4996258,0,0.456521739,0,1,0,0
7494,GAGAAAGCCCCAGAATCTGTGAG,0,0,0.021153846,0.047076584,0.046239667,455,178.7976651,0,0.130434783,0,0,0,0
7495,TGAATGAATGAATGAGGAATTGG,0,0,0.285714285,0,0.205220971,552.5,181.5810389,0.004347826,-0.239130435,0,0,0,0
7496,CCTTGTGTCTCTGTATAGGTGGA,0,0,0.004456018,0,0.028210243,387.5,155.2987044,0,-0.173913043,0,0,0,0
7497,GGTGTGTGTGTGTGGGTGTGGGG,0,0,0.005090909,0,0.094763973,455,178.758767,0,-0.369565217,0,0,0,0
7498,AAGAACAGCAGTGAATAGAGAGG,0,0,0.51195863,0.819967794,0.79687011,530,202.8531615,0,-0.608695652,0,0,0,0
7499,AATGGCCAGTTCATCCTAAAAGG,0,0,0.073846154,0.101622346,0.099907201,455,182.2984827,0.065217391,0.391304348,0,0,0,0
7500,GCCTCCCAAAGTGCTGGCCAGGA,0,0,0.001538826,0,0.137899051,362.5,192.6546783,0,-0.065217391,0,0,0,0
7501,TTGGGGGAGGACTGAGGAGTCAG,0,0,0.017366649,0.715408163,0.703915663,522.5,209.0819796,0.008695652,-0.217391304,0,0,0,0
7502,GTAGTCCCTTCTGGAGCAGCTGG,0,0,0,0.077053427,0.07431375,455,175.6992154,0.02173913,-0.304347826,0,0,0,0
7503,CACATCCGGCCAAAGACACAGAG,0,0,0.079012346,0.349534466,0.338304443,522.5,202.4010822,0.043478261,0.413043478,0,0,0,0
7504,GGGAAAGATACAGAATCCTTGAG,0,0,0.045874486,0.038404883,0.037787938,455,167.8612986,0,-0.260869565,0,0,0,0
7505,GTCACTGGAGCTGGGGGTGGGGG,0,0,0.170941558,0,0.24614019,522.5,197.6933811,0.013043478,-0.02173913,0,0,0,0
7506,GACCCACTCAACCCCACCACTGG,0,0,0.229931973,0,0.045379586,485,164.3858538,0,-0.673913043,0,0,0,0
7507,GAAAAAAAATCACAGACTGCTAG,0,0,0.130040012,0,0.308518702,522.5,202.049359,0,-0.260869565,0,0,0,0
7508,ATGAACACCAGCTATCAGAGAGG,0,0,0.027067669,0.011623633,0.011453324,260,170.4891315,0,-0.304347826,0,0,0,0
7509,TAATGAGAAGAAAAGGAAGAAGA,0,0,0.003739316,0,0.078497806,387.5,157.9665685,0,0.02173913,0,0,0,0
7510,AGCCCAGACTGAGCTCCAGACAG,0,0,0.007320261,0.033200661,0.032020193,387.5,158.5835341,0,-0.043478261,0,0,0,0
7511,CCTGCCCCACACGGCAGCACGGA,0,0,0.00306941,0,0.067256227,387.5,148.6829663,0,0.02173913,0,0,1,0
7512,GACATGTTTTCATTTCTCTTGAG,0,0,0.003527337,0,0.030434884,387.5,149.6933526,0.426086957,0,0,0,0,0
7513,GGTGAGTGAGTCGGTGAGTGAGG,0,0,0.064450128,0,0.177880621,365,182.1984679,0.004347826,0.282608696,0,0,0,0
7514,GATGAGTGAATGAGTGAGTGAGG,0,0,0.255147929,0,0.217271959,455,183.482832,0,-0.326086957,0,0,1,0
7515,CACACCAGTGGGTAGAGCGAGAG,0,0,0.135416667,0,0.828110169,462.5,177.0323164,0.447826087,0.347826087,0,0,0,0
7516,ATGAAAACAAGTGAGGTGAGAGG,0,0,0.036734694,0.036184585,0.035022028,485,175.1796987,0.004347826,-0.543478261,0,0,0,0
7517,GGCCCAGTCTAATCAAGTGAAAG,0,0,0.033333333,0,0.050425099,357.5,183.0823529,0.07826087,0.02173913,0,0,0,0
7518,TAGCTAGAGGTATGAGGAGTGGA,0,0,0.006381251,0,0.480400979,522.5,210.0703323,0,-0.456521739,0,0,0,0
7519,GGCAGTGTGGATGGAGATGGAAG,0,0,0.095277778,0,0.321188687,455,187.5956683,0.02173913,0.260869565,0,0,0,0
7520,AGATGATATGAAGAGACACAAGG,0,0,0.274285714,0,0.107893899,552.5,195.328613,0,-0.152173913,0,0,0,0
7521,ATGAACATCAGTCAGGGGAGGGG,0,0,0.022505358,0,0.036665336,387.5,168.3263255,1,3.826086957,0,0,0,0
7522,GCCCCCCACCCCCCCGCCCCCAG,0,0,0.01798212,0,0.27680625,455,178.8820994,0.491304348,-0.347826087,0,0,0,0
7523,CCCACCCACCAAGAAACACACAG,0,0,0.16892911,0.132147142,0.130024297,425,193.5147944,0,-0.152173913,0,0,0,0
7524,GGCCCAGATTGGGCAGGTGGGGA,0,0,0.005162945,0,0.030847952,387.5,153.0980934,0,-0.217391304,0,0,1,0
7525,GGCACTGGGGAAGGAGGTGGAGG,0,0,0.385714286,0,0.662597701,432.5,203.3539989,0.217391304,-0.239130435,0,0,0,0
7526,GGTGCGTGTGTGTGTGTGTGCGA,0,0,0.009722222,0,0.699446792,560,194.1657886,0,-0.086956522,0,0,0,0
7527,AAGTTCGAGCATAAGAGGAACAG,0,0,0.010078157,0.305343326,0.299915,455,189.2094685,0.069565217,0.891304348,0,0,0,0
7528,ATATGAGAAGGAGAGGCATCAGG,0,0,0.049586777,0,0.121931204,387.5,144.8443164,0,-0.02173913,0,0,0,0
7529,AGCACACACTGAACACGTGACAG,0,0,0.124696356,0,0.397317959,522.5,206.4438987,0.469565217,0.043478261,0,0,0,0
7530,CGCATTGAGGCTGGAGGTGATAG,0,0,0.071811869,0,0.697447183,552.5,177.6742631,0,-0.891304348,0,0,0,0
7531,GTACCCCACCACCCCGCCCCAGG,0,0,0.139101358,0,0.4917675,552.5,184.5841831,0,-0.565217391,0,0,0,0
7532,GAGTCCCTGTGGAAGAAGAAAGA,0,0,0.012517507,0,0.455580936,522.5,202.4951821,0,-0.565217391,0,0,0,0
7533,GCCTCTTTCTCCGCCACCTCAGG,0,0,0.003070389,0.106331158,0.104623026,357.5,159.8552427,0.02173913,-0.02173913,0,0,0,1
7534,TTCAGCTTAGTCATTACCAACGG,0,0,0.171428572,0,0.219695863,485,150.0260801,0,-0.130434783,0,0,0,0
7535,ATTGACCACTAACTACTCAACAG,0,0,0.006300825,0,0.07670389,327.5,187.5375574,0.039130435,0.326086957,0,0,0,0
7536,GCAACTGAGGCTGGAGGAGGAAG,0,0,0.067407407,0,0.305988667,552.5,189.9088498,0,-0.108695652,0,0,0,0
7537,CCTGCCACCGCTGAACTCAGCAG,0,0,0.001126461,0.02511036,0.024686557,357.5,158.5407141,0.008695652,0.043478261,0,0,0,0
7538,CCCACCCATCCACAGACCCTGGG,0,0,0.048120301,0,0.050081283,387.5,145.8514263,0,-0.47826087,0,0,0,0
7539,GGTGAGTGAGTGTATTTCTGCAG,0,0,0,0,0.002523619,345,143.8629451,0,0.02173913,0,0,0,0
7540,GACCCCCTCCACCTCCCAGCAGG,0,0,0,0,0.002064779,320,134.1010562,0,0.282608696,0,0,0,0
7541,GAAAGAGAAGAAGAGGAAGAGGA,0,0,0.001929012,0,0.202836708,485,166.592289,0.460869565,0.086956522,0,0,0,0
7542,ACCACCCTCCGCCCCGCCTCCAG,0,0,0.100350877,0,0.794051205,522.5,211.8563163,0.017391304,0.065217391,0,0,0,1
7543,AAAAGAGAGGCAGAGGCAAAGGA,0,0,0.003779289,0,0.169128619,455,177.388536,0,0.086956522,0,0,0,0
7544,CTGGGCCCAGAGAGCAGTAAGGA,0,0,0.007478632,0,0.502808992,522.5,202.892623,0,-0.326086957,0,0,0,0
7545,TGGATGGATGAATGGAGGGTGGA,0,0,0.00962963,0,0.00789798,387.5,158.3214389,0.004347826,0.02173913,0,0,0,0
7546,GTGGAGTGAGTGAGTGAGTGTGG,0,0,0.102797203,0,0.232606028,455,187.9465684,0.004347826,-0.369565217,0,0,0,0
7547,GTCTTGTTTTCAGTATCCTCAGA,0,0,0.008753094,0,0.063223545,357.5,174.2675468,0,0.239130435,0,0,0,0
7548,GACCCCCACCACCCCTCTTCTGA,0,0,0,0,0.094893037,492.5,174.5884239,0,-0.282608696,0,0,0,0
7549,CCGTGTGTCTCTGTCCGGATGGA,0,0,0.001683502,0,0.010179652,392.5,175.5373679,0.517391304,0,0,0,0,0
7550,GGGGGGTGAGTGCGTGGGTGTGA,0,0,0.001160991,0,0.220828507,455,186.8982484,0,-0.956521739,0,0,0,1
7551,AAAGGAGAAGGAGAGGAAGAGGA,0,0,0.001645689,0,0.106570406,387.5,160.3622053,0.02173913,0.152173913,0,0,0,0
7552,TTCTCTCCAAAGCCTGGCCCTGA,0,0,0.013323167,0,0.421955546,552.5,180.0364161,0,0.152173913,0,0,0,0
7553,AAAAAAAAAGAAGATGCACACAG,0,0,0.015285126,0.270578527,0.261885241,522.5,200.4478776,0,-0.369565217,0,0,0,0
7554,GGAGCTGGGGCTGGTGGTGGCGG,0,0,0.069642857,0,0.397208228,522.5,200.4915615,0,0.02173913,0,0,0,0
7555,GTGGACATCAGTGAGTTGAGCAG,0,0,0.018904321,0.620616516,0.609583333,552.5,194.240472,0,-0.02173913,0,0,0,0
7556,GGCACATACTAAGCACTTGATGA,0,0,0.008354219,0,0.219371873,455,188.7270244,0,-0.086956522,0,0,0,0
7557,AAATGAGAACAATAGACACTGGG,0,0,0.072,0,0.03657553,387.5,150.2829172,0.043478261,0.086956522,0,0,0,0
7558,GAAGACAAATCATAGACTGGGGA,0,0,0.001659518,0,1.286963492,560,177.3970637,0,-0.239130435,0,0,0,0
7559,CCCCCCCCCCGCCCCGCCTCCAG,0,0,0.094576719,0,0.794051205,522.5,209.6300993,0.195652174,0.456521739,0,0,1,0
7560,GCTCCCTCTGCTCTGCTCACGAG,0,0,0.071275575,0.254738974,0.24614019,522.5,200.1595981,0,-0.217391304,0,0,0,1
7561,TGGGAAGAGGGATGAGGAGTGGG,0,0,0.203125,0.465446863,0.458313578,525,209.0220123,0,-0.369565217,0,0,0,0
7562,AAATATGAAAAATAGGCACAAAG,0,0,0.044938272,0.303640936,0.294333934,522.5,201.634639,0,0.304347826,0,0,0,1
7563,CCCCCCCACCACCCCGCCCCCAG,0,0,0.032110929,0,0.526848592,552.5,185.1121831,0,-0.217391304,0,0,0,0
7564,CCCCCCCCCCACCCCGCCCCGGA,0,0,0.010751427,0,0.526848592,552.5,185.1121831,0.313043478,-0.260869565,0,0,0,0
7565,ATGGGCACCAGTGAATAGAGTGA,0,0,0.029411765,0,0.75437037,530,204.0310584,0.008695652,0.043478261,0,0,0,0
7566,GACACCCTCCACCCATCCCCCGA,0,0,0,0,0.02299038,387.5,156.0829526,0.960869565,-0.02173913,0,0,0,0
7567,CCAGTAAGAAGAGAGCAGGCGGA,0,0,0,0,0.01355398,455,184.5266251,0,-0.108695652,0,0,0,0
7568,AACTGGGAAGAAGAGGCAGAGAG,0,0,0.009920635,0,0.629670556,560,187.3380161,0.013043478,0,0,0,0,0
7569,CCCTCCCCCTAGCATGGCCAAGG,0,0,0.12605042,0.12819942,0.126035717,522.5,198.6092986,0.026086957,0.282608696,0,0,0,0
7570,CCAGCCTGCACTCCACTCACAAG,0,0,0.031746032,0,0.193587958,522.5,198.941262,1,-0.195652174,0,0,0,0
7571,TGGATGGAGGGATGAGTGGATGA,0,0,0.002539062,0,0.024986266,320,129.422872,0,-0.173913043,0,0,0,0
7572,GGTGAATGAGTCTGGGGGTGGAG,0,0,0.000403691,0,0.043941161,357.5,174.5047829,0,-0.043478261,0,0,0,0
7573,GGATGGGGGAAGTTTGAGCCTAG,0,0,0.028230453,0.108498991,0.108498991,485,167.2708192,0,0.130434783,0,0,0,0
7574,CTGGCCCCACAGGCCCATAAAGA,0,0,0,0,0.014623754,387.5,168.7582784,0,-0.195652174,0,0,0,0
7575,AAATGAGAAACTGAGGCTCAGAG,0,0,0.016131687,0,0.067280336,392.5,174.8387461,0,0.086956522,0,0,0,0
7576,TTCATCTCAGGCATTACCTCAAG,0,0,0.044444444,0,0.387083187,455,172.7324994,0,0.043478261,0,0,0,0
7577,AGTGTGTGAGTATGTGTGTGGGA,0,0,0.00989899,0,0.299915,455,189.2094685,0.043478261,-0.173913043,0,0,0,0
7578,GGCTGGGGAGGGTCTGCTCCAGG,0,0,0.045918367,0.073643633,0.071277573,425,196.8429513,0,0.239130435,0,0,1,0
7579,AAATGAGAAAGAGAGACAAAAGG,0,0,0.26,0,0.03962298,387.5,159.941754,0.030434783,-0.217391304,0,0,0,0
7580,GGCCCAGAGTCGGCACTTGATGG,0,0,0.047902494,0.090447044,0.087674721,357.5,180.3079244,0,-0.260869565,0,0,0,0
7581,AAATAAGAAGGACAGGCTCAGGG,0,0,0.118596491,0,0.063280011,357.5,176.7589425,0,-0.5,0,0,0,0
7582,GGTGAATGTGTGTGTACATGCGA,0,0,0.028846154,0,0.01873215,485,170.7424765,0.808695652,-0.152173913,0,0,0,0
7583,CCTGCCACACAGGAAAGTAAAGG,0,0,0.107142857,0.041700448,0.040996643,425,190.730613,0,0,0,1,0,0
7584,GGGAAAGACCTTGCATGGGTGGA,0,0,5.59E-05,0,0.028124788,290,158.8443715,0,0.02173913,0,0,0,0
7585,GGGAGTGAGGATGGAGGTGGAAG,0,0,0.037916667,0,0.7469375,522.5,208.0537793,0.317391304,-0.152173913,0,0,0,0
7586,GGCCCTGCAGCTGGAGATGCAGA,0,0,0.006302521,0,0.155313909,485,156.2429087,0,-0.108695652,0,0,0,0
7587,GGTGTGTGTGTGTGTGTGTATGA,0,0,0.006628788,0,0.155313909,485,155.8281887,0,-0.195652174,0,0,0,0
7588,GACCCAGAGGCTGGAGGTGGTGA,0,0,0.011683006,0,0.82579023,620,213.200599,0.030434783,-0.239130435,0,0,0,0
7589,GGTGTGTGTGTGTGTGTGTATGG,0,0,0.095454546,0,0.155313909,485,155.8281887,0.043478261,-0.195652174,0,0,0,0
7590,GGAGCTGAGGCTGGAGGTGATAG,0,0,0.08557581,0,0.6510065,552.5,177.5609831,0,0.152173913,0,0,1,0
7591,AAAACCCAAGCAGACTTTTTTGG,0,0,0.14625,0,0.27129322,522.5,202.0817976,0,-0.173913043,0,0,0,0
7592,TGTGAGTGTGTGTGTATGTGGGA,0,0,0.019444444,0,0.064062332,485,176.9656827,0.434782609,0.282608696,0,0,0,0
7593,CTTGCCCCACAGGGCATGCTAAG,0,0,0.002681992,0.012934678,0.012934678,400,104.9049558,0.004347826,0,0,0,0,0
7594,TGTGAGTGTGTGTGTATGTGTAG,0,0,0.072592593,0,0.064062332,485,176.9656827,0,-0.456521739,0,0,0,0
7595,GGCGTGTGTGTGTGTGTGTGGGG,0,0,0.043636364,0,0.348646558,552.5,192.4377886,0,-0.282608696,0,0,0,0
7596,GTCTTCCCTGCTGCAGCACCAGA,0,0,0.006026171,0,1.2395125,622.5,212.5666636,0,-0.239130435,0,0,0,0
7597,CCCAACCTTCCTGAGACCCAGAG,0,0,0.003527337,0.147441631,0.144953165,455,181.6724293,0.395652174,0.52173913,0,0,0,0
7598,GGGGGGTGTGTGTGTGCGTATGG,0,0,0.2025,0,0.397764972,552.5,176.2862997,0.956521739,0.52173913,0,0,0,0
7599,GACTCCCTTCACCCCCGCTCCGG,0,0,0,0,0.060818669,485,176.0920827,0.652173913,2.326086957,0,0,0,0
7600,GCCCCTTCCCAAACCACCTTAGA,0,0,0.012961915,0,0.307297816,425,199.4971788,0.195652174,0.326086957,0,0,0,0
7601,GGTGACCACAACCTCCTCAAAGA,0,0,0.010025063,0,0.535768434,522.5,204.468943,0.026086957,0,0,0,0,0
7602,TGTGTGTGTGTGTGTTCGTGTGA,0,0,0,0,0.166395667,552.5,196.6634738,0.4,-0.152173913,0,0,0,0
7603,CCAATCAATCCACAGACTCATGA,0,0,0.009502924,0,0.08087923,455,181.3661654,0,-0.130434783,0,0,0,0
7604,TCCTGTGTCTCTGGCCGGCTCAG,0,0,0.009752699,0.024285613,0.024285613,387.5,156.9565526,0.256521739,-0.152173913,0,0,1,0
7605,ACCTCCTTCCCGCCCACCTGGGG,1,0.008081427,0.104278075,0.211575375,0.207602129,455,172.5603156,0.517391304,-0.260869565,0,0,0,1
7606,CATGCCTCCGCCCTGGTCACCGA,0,0,0.004784689,0,0.034090618,357.5,179.7484521,0.017391304,0.173913043,0,0,0,0
7607,GGATGCCCTGCTTCAGCACCTGG,0,0,0.061090909,0,0.509948268,522.5,202.547023,0,-0.086956522,0,0,0,0
7608,GGATGCCCTGCTTCAGCACCTGA,0,0,0.004242424,0,0.509948268,522.5,202.547023,0.008695652,-0.043478261,0,0,0,0
7609,TCTTCCCCAGAGCCTGGCAAAAG,0,0,0.042438272,0.478434367,0.478434367,552.5,182.9322636,0.091304348,-0.108695652,0,0,0,0
7610,AAAGCAGAAGAAGAGGCAAAAGA,0,0,0.014615221,0,0.992537313,560,187.4900801,0.217391304,0.02173913,0,0,0,0
7611,TGTGGGTGAGTGTGTGCGTGAGA,1,0.028081055,0.05,0,6.012658228,635,220.31168,0,-0.173913043,0,0,0,0
7612,TCCTGTGTCTCAGGAAGGTTTGA,0,0,0.027195027,0,0.044584035,387.5,163.4474737,0.008695652,0.086956522,0,0,0,0
7613,TGTGGGTGAGTGTGTGCGTGAGG,1,0.09607826,0.72,0,6.012658228,635,220.31168,0,0.152173913,0,0,0,0
7614,GGGCGGGGGGCGTTTCCTGCCGG,0,0,0,0.047610675,0.047610675,387.5,164.0598905,0,-0.043478261,0,0,0,0
7615,CGTGTGTGTGTGTGCGCGTGCAG,0,0,0.011019284,0,0.24614019,522.5,199.7448781,0.026086957,-0.260869565,0,0,0,0
7616,GAGGTGTTTTCATTGTTCACCAG,0,0,0.023148148,1.040777778,1.040777778,560,188.2504001,0,0.413043478,0,0,0,0
7617,GGGGGGTGCGTGTGTGCTTGCAG,0,0,0.035555556,0,0.186959075,552.5,188.0005664,0,0.086956522,0,0,0,0
7618,GACTTTTTTTCTTTTTTCTGAGA,0,0,0.000129682,0,0.050003206,357.5,158.3532941,0,0.195652174,0,0,0,0
7619,ATTAACACCAGACAGGAGAGCAG,0,0,0.01511471,0,0.048538679,357.5,184.1681531,0.008695652,-0.043478261,0,0,0,0
7620,AATGATGCTTACATCCTCAACAG,0,0,0.04248366,0.329465174,0.329465174,625,207.9712379,0.573913043,1.043478261,0,0,0,0
7621,GCCCCTCACCACCCCTCCTCCAG,0,0,0,0,0.156419304,552.5,196.7857732,0.173913043,0.47826087,0,0,0,0
7622,GTCATCTTAGACAGGACTTGGGG,0,0,0,0,0.005929041,260,161.7003768,0,-0.217391304,0,0,0,0
7623,GAGTCCCAGCAGGAGAAGAAAGA,0,0,0.031136775,0,1.768344718,537.5,209.7174987,0,-0.434782609,0,0,0,0
7624,ATTCAAACCAGTGTGTAGAGGGA,0,0,0.006069094,0,0.1271669,522.5,204.3732314,0.4,0.956521739,0,0,0,0
7625,AAAAGAAAAGAAGAGGGAGACAG,0,0,0.000907771,0,0.131148806,485,164.2091082,0,-0.565217391,0,0,0,0
7626,TGTGAGAGAATGTGTGTGTGAGG,0,0,0.381111111,0,0.383454129,552.5,190.8389717,0,-0.02173913,0,0,0,0
7627,TGTGAGAGAATGTGTGTGTGAGA,0,0,0.026466049,0,0.383454129,552.5,190.8389717,0,-0.195652174,0,0,0,0
7628,GACACAGCAGGAGAGTTATTAGA,0,0,0.004606009,0,0.098926116,455,182.6607821,0,-0.543478261,0,0,0,0
7629,ATGAACACCACTCCGAAGAGTGA,0,0,0.002441168,0,0.007183083,260,174.5429852,0,-0.543478261,0,0,0,0
7630,GGCAGATCCAAGGACTAGGGCAG,0,0,0.060666667,0,0.425868976,522.5,208.1695956,0,-0.260869565,0,0,0,0
7631,TGTGAGTGTGTGGGTACGTGCAG,0,0,0.04057971,0,0.064395123,455,188.4524732,0.117391304,-0.891304348,0,0,0,0
7632,AAGTGAGAAGATGAGGGAGAGAG,0,0,0.000388324,0,0.0931506,387.5,159.2217885,0.065217391,0,0,0,0,0
7633,GGCAGTGCGGCTGTAAGTGGCAG,0,0,0.041481481,0,0.072138074,462.5,190.1840695,0.008695652,-0.043478261,0,0,0,0
7634,AGCACTGGGGGTGGGGGTGGGGG,0,0,0.094017857,0,0.223580696,425,195.6630778,0.047826087,-0.869565217,0,0,0,0
7635,ATAGGAGGAGAAGAGACACAGAG,0,0,0.086419753,0,0.258544304,552.5,197.6981572,0.013043478,-0.086956522,0,0,0,0
7636,GGAACACCTTCTGCAGCTCCAGG,0,0,0.464285715,0.362805153,0.35258529,560,191.9023627,0,0.195652174,0,0,0,0
7637,AGTGGGTGGGTGTGTGGGTGAGG,0,0,0.025411765,0,0.372455417,552.5,192.9657886,0,-0.413043478,1,0,0,0
7638,GCCCCCCTGCCCCCCGCCACAGA,0,0,0.003860274,0,0.169128619,455,178.022136,0,-0.47826087,0,0,0,0
7639,CACCGCCTCCACCCCGGGTCTAG,0,0,0.00087146,0,0.119478333,485,171.5022357,0,-0.065217391,0,0,0,0
7640,AGCTCTGCGGCAGGAGTTGGAGG,0,0,0.114545454,0,0.299915,455,189.6241885,0,-0.260869565,0,0,0,0
7641,AATGAGCTATATATCCTCAACAG,0,0,0.025641026,0.248242453,0.248242453,522.5,202.6383182,0.182608696,-0.52173913,0,0,0,0
7642,AATGACCAAATCAACCTCAAGAG,0,0,0.036281179,0,0.06072567,427.5,192.3792149,0,0.086956522,0,0,0,0
7643,GGCCCTGACTCAGAACTTGAGAG,0,0,0.006944444,0.028472997,0.027558202,357.5,178.5586366,0,-0.543478261,0,0,0,0
7644,GTCACCTTGAATGAAAAGGGAAG,0,0,0.028370121,0.03965873,0.038443137,455,180.6449552,0,-0.47826087,0,0,0,0
7645,CCCTCTTTCGCACTCACCTGCAG,0,0,0.009319777,0.097541749,0.095709979,455,165.431479,0,0.043478261,0,0,0,0
7646,GTGTCTGAGCAGATGAACAATAG,0,0,0.044465822,0.028481333,0.027974998,455,180.1114981,0,0.239130435,0,0,0,0
7647,GCCTCCTCCCCACCTACCTGAGG,0,0,0.010695187,0.105183015,0.101632533,455,162.9695775,0.160869565,0.239130435,0,0,0,0
7648,CCCATCCTCAGAGAGACACAGGG,0,0,0.085714286,0.407554835,0.407554835,527.5,200.9185826,0,-0.304347826,0,0,0,0
7649,GAGTCCAAGCAGAGCAAGAAGGA,0,0,0.008838384,0,0.07288292,432.5,192.170613,0,-0.173913043,0,0,0,0
7650,GGGTCTGTGGCGGGAGGTGGAGG,0,0,0.139204545,0,0.694060843,522.5,206.9824826,0.117391304,0.369565217,0,0,1,0
7651,GGTGTGTTGGTGTGTGCCTGTGG,0,0,0.072150072,0,0.180012975,552.5,185.4287494,0,0.217391304,0,0,0,0
7652,CCCGTGAGTAGAAAGGGGGCAGA,0,0,0.001696833,0,0.032903448,357.5,176.5473837,0.030434783,0.239130435,0,0,0,0
7653,GGCTCTGGGGCTGGGGTTGGGGG,0,0,0.066477273,0,0.155096519,455,180.0334504,0,-0.086956522,0,0,0,0
7654,GAGTCCCAGGAGAAGAAGAAAGA,0,0,0.018566744,0,3.59994488,635,214.2250828,0.030434783,0.152173913,0,0,0,0
7655,ACCATCCACCCAGAAACCCAAGA,0,0,0.011491776,0,0.050816463,455,175.6098648,0.808695652,0.02173913,0,0,0,0
7656,CACCCCCACCCCCCCGCCGCAGG,0,0,0.057142857,0,0.292400968,455,179.1220994,0,-0.913043478,0,0,0,0
7657,AAACAAAAAGCATAGACCACAAG,0,0,0.066326531,0,0.062473706,485,161.2426828,0.043478261,0.043478261,0,0,0,0
7658,AATGCCCACCAAATCATCAAAGG,0,0,0.19047619,0,0.111508688,455,187.9154172,0,-0.065217391,0,0,1,0
7659,GGTGAGTGAGTGCTGGCCTGGAG,0,0,0.001299545,0,0.003952577,295,158.43114,0,0.108695652,0,0,0,0
7660,GGAGCTGGTGCTGGAGGTGGTGG,0,0,0.185714286,0,0.822304167,620,210.7388027,0.013043478,-0.760869565,0,0,0,0
7661,GGAATTCCAACAGCAGCACCTGG,0,0,0.591253645,0.228631299,0.228631299,522.5,200.7463988,0,0,0,0,0,0
7662,TGAATGAACGAATGAGGAGAGGA,0,0,0.01577524,0,0.271673476,552.5,175.1914389,0,-0.347826087,0,0,0,0
7663,CACACCTAAGCAGACTTTGTCAG,0,0,0.007215007,0,0.096436474,455,171.8617977,0.082608696,-0.043478261,0,0,0,0
7664,GACATCTTAGTTAGGACCTGAAG,0,0,0,0,0.029531989,327.5,185.3976933,0.004347826,0.304347826,0,0,0,0
7665,AAGTGAGAAGCTGAGGCACGGAG,0,0,0.016154281,0,0.177763835,357.5,167.5882159,0.030434783,-0.217391304,0,0,0,0
7666,GGTGAGTCTGTGTGAGTGTGAAG,0,0,0.025862948,0,0.090197035,455,176.94727,0.769565217,2.108695652,0,0,0,0
7667,CTGACCTCACAGGGCAGGAATGA,0,0,0.008463542,0,0.208990259,552.5,189.9918859,0,0.826086957,0,0,0,0
7668,AAATGAAAAGAAGAGGAAGAAGA,0,0,0.004050926,0,0.246288838,492.5,166.2827082,0,-0.065217391,0,0,0,0
7669,AATGGCCACCACATCCCCCACAG,0,0,0.014539554,0.173760199,0.167894875,485,161.1858326,0.004347826,0.043478261,0,0,0,0
7670,GCCCCCCCAGCGCCTGGCCCCGG,0,0,0.032679739,0,0.337490089,455,169.9669799,0.347826087,-0.326086957,0,0,1,0
7671,GGTGTGTGTCTGTGTGCATGTGA,0,0,0.004195804,0,0.16579195,552.5,183.5368299,0,0.043478261,0,0,0,0
7672,TGTGTGTGTGTGTGTGCCTGGGA,0,0,0.007215007,0,0.189613667,552.5,188.5285664,0,-0.717391304,0,0,0,0
7673,GACACCTAAGGAGAGGTTTGAAG,0,0,0.002262443,0,0.040868125,387.5,156.1607097,0.043478261,0.02173913,0,0,0,0
7674,GGCACAGCGGCTGAGGGGGGGGG,0,0,0.140833333,0,0.007117689,357.5,166.1444765,0,-0.282608696,0,0,0,0
7675,GGCCCTAGGGCTGGAGCTGGTGG,0,0,0.05338606,0,0.395264636,552.5,191.8572912,0,-0.260869565,0,0,0,0
7676,ATGCACACCAGTGATTTAAGGGG,0,0,0.004654169,0.031460889,0.030398918,387.5,157.7099341,0.008695652,-0.130434783,0,1,0,0
7677,GAACACAAAGCAGATACAACTGA,0,0,0.001232377,0,0.008740308,290,139.3223247,0,-0.413043478,0,0,0,0
7678,TGGATGGGGGAGTGAGAAGAAGG,0,0,0.278055555,0.118732172,0.118732172,387.5,150.2603716,0,-0.108695652,0,0,0,0
7679,GAGTCAAAGAAGAAAAAGAAAAG,0,0,0.196368918,0,0.145923766,522.5,195.8320772,0.043478261,0.086956522,0,0,0,0
7680,TGTAATGAGGACTGAGGAGTGGA,0,0,0.003045809,0,0.41990681,522.5,207.8815956,0,-0.130434783,0,0,0,0
7681,GGGTGGGGGGAGTTGGGGCTGGA,0,0,2.04E-05,0,0.011004742,320,121.4459342,0.008695652,0,0,0,0,0
7682,AGAATTCCTTCTGCAGAAGCGGG,0,0,0.04875,0.122716208,0.122716208,485,165.679905,0.026086957,-0.065217391,0,0,0,0
7683,AGTGAGTGAGTCTGAGAGTGAGA,0,0,0.008939628,0,0.08037722,357.5,176.2907669,0,0.043478261,0,0,0,0
7684,CCTCCCTCCGCCCTGCACACTGG,0,0,0.173869969,0.077617487,0.076307487,357.5,175.4171669,0,-0.086956522,0,0,0,0
7685,ATATGAGAAAAAAAGGAACATGA,0,0,0.02030562,0,0.217271959,455,183.482832,0,0.152173913,0,0,0,0
7686,TGTGTGTTAGTGTGTGTGTGTGA,0,0,0.00736532,0,0.609583333,552.5,193.825752,0,-0.782608696,0,0,0,0
7687,GGCACACCGGCAGGAAGTGGTGA,0,0,0.033101852,0,0.050029384,455,190.0263089,0.952173913,-0.217391304,0,0,0,1
7688,CCTTCTTTCCCACCCGCCTCCAG,0,0,0.002225783,0.120545223,0.118281463,485,164.2459742,0,-1.217391304,0,0,0,0
7689,GACTCTCTCCGACCCCCCTTGGG,0,0,0,0.101428855,0.098005097,455,193.0583096,0,-0.434782609,0,0,0,1
7690,GGTGGGTGGGTGTGTGTGTCGGA,0,0,0.006666667,0,0.155313909,485,155.8281887,0,0,0,0,0,0
7691,TGGAGGGTGGGAGGAGGAGTGAG,0,0,0.012057971,0.302439353,0.293169181,425,199.0824588,0.204347826,-0.347826087,0,0,0,0
7692,AGTGTGTGTGTGTGTGTGTGGGG,0,0,0.091636364,0.379196691,0.372455417,552.5,192.9657886,0.173913043,0.152173913,0,0,0,0
7693,ATGCAAACCAGTGAGTAGCGAGA,0,0,0.00470878,0,0.600485075,560,186.9924161,0,0.02173913,0,0,0,0
7694,GGTGAGTGGGTGGGTGAGTGGAG,0,0,0.021041331,0,0.243274677,462.5,185.954788,0.434782609,0.47826087,0,0,0,0
7695,GTCATTTTAGTCATAAACTAGGG,0,0,0.235197369,0,0.039128525,387.5,145.0832834,0.260869565,0.02173913,0,0,0,0
7696,TGGGAGTGAGTGTGTTCATGGGG,0,0,0,0,0.052630051,485,175.9602408,0.1,0.152173913,0,0,0,0
7697,GAGTCCCAGAAGAAGAAAGAAGA,0,0,0.010742187,0,0.058378574,485,155.6537496,0,0.434782609,0,0,0,0
7698,GGGATGCAGGAATGAGGAGCAGA,0,0,0.00415157,0,1.01909774,560,180.8792193,0,0.043478261,0,0,0,0
7699,CCAGGGAGCAGGGCAGAGGCAGA,0,0,0.02788671,0,0.115264782,425,192.0287776,0,-0.347826087,0,0,0,0
7700,GCACTGGGGAGAGCGGAGGCAGG,0,0,0.211223108,0,0.569608261,620,211.9834388,0,-0.043478261,0,0,0,0
7701,ACCTCCCCATAGCCTGGCCAGGG,1,0.1714,0.794117647,7.414830508,7.414830508,635,216.6082636,0,-0.413043478,0,0,0,1
7702,AAAGTAGAAAAAGAGGCAGAAGA,0,0,0.001519097,0,0.45934875,552.5,181.2983436,0,-0.02173913,0,0,0,0
7703,ATGAACAACAGTGTGTCGGGAGA,0,0,0.001593137,0,0.025853127,387.5,152.7268874,0.052173913,-0.195652174,0,0,0,0
7704,GTCCCCCTCCATCCTGCCTGGGA,0,0,0.000106647,0,0.091962596,357.5,159.8992781,0.647826087,1.847826087,0,0,0,0
7705,CCTACCCCACAGGGCTGTGATGA,0,0,0,0,0.085785,485,170.0499742,0,-0.456521739,0,0,0,0
7706,GGAATCCCTTCTGTAGGAAGGGA,0,0,7.55E-05,0,0.010285087,320,118.6891044,0.547826087,1.47826087,0,0,0,0
7707,GGGGAGTGTGTGTGTGTGTGTGG,0,0,0.14,0,0.730827942,560,194.9261086,0.826086957,0.065217391,0,0,0,0
7708,GGGGAGTGTGTGTGTGTGTGTGA,0,0,0.009722222,0,0.730827942,560,194.9261086,0.060869565,-0.695652174,0,0,0,0
7709,GGTGTGTGAGTGTGAGAGTCTGG,0,0,0.042105263,0,0.068124595,387.5,145.5809474,0,-0.282608696,0,0,0,0
7710,GACCTGATTCCATTGTTCTCTAG,0,0,0.078286129,1.599975502,1.599975502,627.5,212.1514828,0.195652174,0.043478261,0,0,0,0
7711,GTCACTTTAGTCATTAATTGTAG,0,0,0.072222222,0,0.068624422,485,169.7162517,0.034782609,0.152173913,0,0,1,0
7712,CAATGAGGTGAAGAGGCTCAAAG,0,0,0.048888889,0.196604032,0.189613667,552.5,186.7170694,0,-0.065217391,0,0,1,0
7713,GGCAGGGCGGCTGGAGGAGGTGG,0,0,0.228571429,0,0.35258529,560,191.9023627,0.1,-0.434782609,0,0,0,0
7714,GGTGGGTGTGTGTGGGTGTGGGG,0,0,0.01008,0,0.094763973,455,178.758767,0,0.108695652,0,0,0,0
7715,GAACACAAAGCACTGGCTCCTGG,0,0,0.036297641,0.004264328,0.004264328,290,150.025069,0,-0.195652174,0,0,0,0
7716,CTTGTCTCCGCTCTACTGAGCAG,0,0,0.001176351,0.136699648,0.136699648,485,155.1107468,0.247826087,0.239130435,0,0,0,0
7717,GGCTGAGGGGAGTCTGTTCCGGG,0,0,0.051282051,0,0.051438206,455,184.2607203,0,0,0,0,0,0
7718,ATTATTTTAGTCATTGCCTGAAG,0,0,0.028645833,0,0.162455003,552.5,199.5975901,0,-0.434782609,0,0,0,0
7719,GGTGTGGGAGTGTGTGCCCGTGA,0,0,0.00195132,0,0.063386074,485,159.357166,0,-0.195652174,0,0,0,0
7720,TTGGGGGAGAAATGAGGAGTGGA,0,0,0.016498316,0,1.257112069,620,211.8063436,0,0.065217391,0,0,0,0
7721,CGTGAGTGTGAGTGTGTGTGAGA,0,0,0.010416667,0,0.206712756,455,188.0240249,0,0,0,0,0,0
7722,GAGTCCAAGGAGAGGAAAAAAGG,0,0,0.125641026,0,0.026283198,455,174.7625649,0,-0.434782609,0,0,0,0
7723,GGCACCCAGCCTGGAGGTGGCAG,0,0,0.04212963,0,0.496624264,622.5,206.9392818,0,-0.369565217,0,0,0,0
7724,AAAAAGTAAGAAGAGGCACAGGA,0,0,0.011697801,0,0.539222871,625,212.8689152,0.052173913,-0.173913043,0,0,0,0
7725,GGGTGGGGGTGGTTTGTTCAGGA,0,0,0.008557581,0,0.117409956,387.5,149.8544689,0,-0.608695652,0,0,0,0
7726,GACACCTCAGCAGAGTCTTAAAG,0,0,0.025210084,0,0.164825353,485,155.5932912,0,-0.195652174,0,0,0,0
7727,AAATGAGAGAAGGAGACACAGAG,0,0,0.11650663,0,0.064999311,455,185.2439569,0.026086957,0.260869565,0,0,0,0
7728,ACATCAGAGGAAGAGCCACAAAG,0,0,0,0.163489192,0.15797057,552.5,196.4234738,0,-0.326086957,0,0,0,1
7729,AGATGAGAAGAAAAGGATCAGAG,0,0,0.044672365,0,0.046238115,387.5,163.0512351,0.086956522,0.239130435,0,0,0,0
7730,AGATCAGAAGAAGAGGCACATGG,0,0,0.628571429,0,5.722891566,635,220.07168,0.008695652,-0.630434783,0,0,0,0
7731,CTCAACTTAGGCATTGCCTGGGA,0,0,0.001907814,0,0.151145,455,194.3931704,0,0.717391304,0,0,0,0
7732,CCTAGTGTCTCTGAATGGAAGAG,0,0,0.035807292,0.100576004,0.096999969,455,169.0216154,0.034782609,-0.195652174,0,0,0,0
7733,GGCAAGGGGGCTGTAGGTGGAGA,0,0,0.003887269,0,0.128972515,522.5,201.3866944,0,1.260869565,0,0,0,0
7734,GGTGTGTGAGGGTGTGTGTGAGA,0,0,0.004713805,0,0.635340376,462.5,191.8954852,0.026086957,-0.630434783,0,0,0,0
7735,GGTGTGTGAGGGTGTGTGTGAGG,0,0,0.067878788,0,0.635340376,462.5,191.8954852,0,0.043478261,0,0,0,0
7736,AGCCCAGAGTGAGCACTGGACAG,0,0,0.012037037,0,0.073001262,485,168.8307753,0,0.043478261,0,0,0,0
7737,CAGTGAGAAGCAGAGCCACACAG,0,0,0,0,0.14902897,455,195.1534904,0.02173913,-0.130434783,0,0,1,0
7738,TCCATCCTTCCAGACACAGACAG,0,0,0.003787879,0.141195423,0.141195423,455,171.1451615,0.213043478,-0.326086957,0,0,0,0
7739,GGTGTGTGAGTGTGTGTGTGTGG,1,0.005022273,0.16969697,3.890957447,3.890957447,567.5,199.3255689,0,-0.630434783,0,0,0,0
7740,GGTGTGTGAGTGTGTGTGTGTGA,0,0,0.011784512,0,3.890957447,567.5,199.3255689,0.017391304,0.152173913,0,0,0,0
7741,GAAGACAAACCGTAGACTGGGAG,0,0,0.002202856,0,0.299180403,455,168.4809632,0.065217391,-0.108695652,0,0,0,0
7742,AAATGAGAAAAAGCGGAATAAGA,0,0,0.002991453,0,0.02381073,387.5,150.8349679,0,-0.195652174,0,0,0,1
7743,ATAAACAACAGTGGGCAGAGAGG,0,0,0.151666667,0.03863586,0.037983778,455,186.6445725,0,-0.086956522,0,0,0,0
7744,GCCTAACCAAAGCCTAACCAAAG,0,0,0.128395062,0,0.060221432,485,177.851159,0,-0.369565217,0,0,0,0
7745,AAAGGAGAATAAGAGACATACAG,0,0,0.060763889,0,0.079007985,485,165.2982378,0.039130435,0.260869565,0,0,0,0
7746,GATGTGTGTGTGTGTGCATGCAG,0,0,0.033136095,0,0.189613667,552.5,188.2885664,0.069565217,0.173913043,0,0,0,0
7747,GAGGCAGAGGAGGAGAAGAAGGA,0,0,0.010221669,0,0.308518702,522.5,202.049359,0,-0.804347826,0,0,1,0
7748,ACAAGGGAAGAAGAGGCAGATGA,0,0,0.002319876,0,0.30174375,552.5,185.5524161,0.117391304,0.434782609,0,0,0,0
7749,CAAGTCCCACAGGGCACTAAGAG,0,0,0.023462376,0,0.601049167,552.5,196.1575689,0,-0.195652174,0,0,1,0
7750,GGGAAAGGTCCAGCATGCTTCAG,0,0,0.006523844,0,0.106015171,485,160.4062917,0.017391304,-0.326086957,0,0,0,0
7751,GGTGTGCATGTGTGTGCGTGTGG,0,0,0.15,0,0.544570536,622.5,208.4689019,0.239130435,0.239130435,0,0,1,0
7752,TGCAATGTGGCTAGAGGTGGAAG,0,0,0.119658119,0,0.581724684,522.5,205.3125425,0,-0.282608696,0,0,0,1
7753,CACTGTTTCTCTGGCTGGACAGG,0,0,0.010303746,0.127663522,0.127663522,455,165.2321977,0.073913043,0.02173913,0,0,0,1
7754,CCTGCCTCCGCTCTACTCGCTGG,1,0.01637,0.375,31.5,31.5,575,192.0520001,0,-0.173913043,0,1,0,0
7755,TCCTCTTTCCCCTCCATCTTTGG,0,0,0.085964912,0,0.116067105,357.5,180.9984679,0.013043478,-0.02173913,0,0,0,0
7756,ATCATCATCGTCATTATCTGGGG,0,0,0.21,0,0.25438705,552.5,191.8709278,0,-0.02173913,0,0,0,0
7757,GCCACTGGGCCTGGGGGTGGGGG,0,0,0.115714286,0,0.371023101,522.5,196.661425,0.07826087,-0.456521739,0,0,0,0
7758,ACTTGACAAGTAGAGGCACATGG,0,0,0.117323853,0.534744255,0.534744255,522.5,209.8187355,0.056521739,-0.260869565,0,0,0,0
7759,AAAGGAGAAGAAGGGGGAAAAGG,0,0,0.007352941,0,0.028610794,387.5,154.9531044,0,-1.239130435,0,0,0,0
7760,TGTGTGTGACTGTGTGTGTGCAG,0,0,0.017598204,0,0.56142625,552.5,191.9338325,0.269565217,-0.173913043,0,0,0,0
7761,CCTGCCTCTTCTCTACTCTAGGG,0,0,0.19140625,0.109266059,0.105755503,485,142.3628834,0,-0.260869565,0,0,0,0
7762,TGCCCCCTCCCCCCAGCCTCTGG,0,0,0.071111111,0,0.223580696,425,198.5228947,0.052173913,-0.217391304,0,0,0,0
7763,AGTGTGTGAGTGTGGGCGCGTGA,0,0,0.00031348,0,0.141195423,455,172.9566585,0.043478261,-1.02173913,0,0,1,0
7764,CGGCAGGTGGAATGAGGAGTGGG,0,0,0.06482593,1.38618677,1.364942529,620,213.938263,0.013043478,-0.695652174,0,0,0,0
7765,TAATGAGAGGATGAGGCTCAGGA,0,0,0.007716049,0,0.093289924,455,182.1007859,0.4,-0.217391304,0,0,0,0
7766,GGGGTGTGAGTGTGTGTGTGAGA,0,0,0.005892256,0,1.196117745,560,197.5975689,0,-0.282608696,0,0,0,0
7767,GGTGTGTGGGTATGTGAGTGTGG,0,0,0.105589226,0,0.173969682,455,185.2496881,0.02173913,0.173913043,0,0,0,0
7768,GGGACTGCTGCGGGCGGTGGTGA,0,0,0.002525253,0,0.11940556,425,192.7890976,0.008695652,0.043478261,0,0,0,0
7769,GGGTGGGGACAGCTGGCTCCTGA,0,0,0.000704887,0,0.07966379,425,186.5421411,0.230434783,-0.173913043,0,0,0,0
7770,AAAAAAGAAAAAAAGGCACAGGA,0,0,0.024691358,0,0.509948268,522.5,202.547023,0,0.02173913,0,0,0,0
7771,CAGATCCATCCACAGACACAGGA,0,0,0.010632642,0,1.074082667,530,210.1326795,0,-0.043478261,0,0,0,0
7772,GCCTCTGCTGCTGGAGCTGGTGA,0,0,0.003839298,0,0.372455417,552.5,193.1405086,0,-0.52173913,0,0,0,0
7773,GGGAGGGAGGAAGGAGGGGTAAG,0,0,0.016561227,0,0.120099,455,182.9890262,0,0.217391304,0,0,0,0
7774,GTCATCTTAGTCATCATTTTCAG,0,0,0.014848485,0,0.011004742,320,121.4459342,0,0.043478261,0,0,0,0
7775,GGCAGTGAGCCTGGTGGTGGCGA,0,0,0.002166667,0,0.35314247,522.5,195.613105,0.052173913,-0.086956522,0,0,0,0
7776,GGTGGGTGAGTGGGTGGGTGAAG,0,0,0.00286445,0.443021127,0.443021127,462.5,188.6262484,0,0.260869565,0,0,0,0
7777,TAAGTGGAGGAAAGAGGAGTAGG,0,0,0.274593195,0.564060529,0.545938102,525,208.0590795,0.008695652,0.434782609,0,0,0,0
7778,CTGGCCACACAGAGCAGGAACAG,0,0,0.02991453,0,0.08087923,455,181.3661654,0.643478261,0.847826087,0,0,0,0
7779,AATGAGTGTGTGTGTGAGTGGAG,0,0,0.055282051,0,0.372455417,552.5,194.0141086,0.034782609,0.02173913,0,0,0,0
7780,AGTGTGTGTGTGTGTGCGTGTGA,0,0,0.013636364,0,1.632770745,627.5,215.1518996,0,-0.130434783,0,0,0,0
7781,TGGATGGAGGGATGAATAGGTGG,0,0,0.028676471,0,0.021926724,320,137.5577794,0.008695652,-0.304347826,0,0,0,0
7782,GGGGCTGAGAAGAAGAAGAAAGA,0,0,0.027943122,0,0.760552802,620,211.3086796,0.047826087,-0.086956522,0,0,0,0
7783,AAATCAAAAAAGGAGGCACATGA,0,0,0.036779835,0,0.422434911,522.5,202.8206623,0,-0.760869565,0,0,0,0
7784,CACTCTTTCCACCCCACCTTCGG,0,0,0.10252905,0,0.390673193,425,205.0138158,0.117391304,0.217391304,1,0,1,0
7785,AGGCTGGAGGAGGGAGGAGTCGG,0,0,0.066496164,0.286208544,0.286208544,425,201.110979,0.973913043,-0.326086957,0,0,0,0
7786,GCCCCCCACCACCCCACCCCCGG,0,0,0.173399015,0,0.085785,485,167.8237572,0.043478261,0.434782609,0,0,1,0
7787,AGTGAGTGTGTCTGTGTGTGTAG,0,0,0.034588235,0,0.183248065,455,186.5380081,0,0.043478261,0,0,0,0
7788,AAGCACAAAGCACAGACTTCCAG,0,0,0.075048733,0,0.201035939,455,178.4246795,0,-0.652173913,0,0,1,0
7789,TGGAGGGAGGGATGGGGAGAGAG,0,0,0.039433333,0,0.098205585,357.5,160.3369748,0.695652174,-0.152173913,0,0,0,1
7790,GGCACTGGGGCTGGCCCTGGGGA,0,0,0,0,0.025390982,412.5,163.6186245,0,-0.326086957,0,0,0,0
7791,GGAATGCTTTCAGCAGCAACTGA,0,0,0.010416667,0,0.140941068,455,175.8500987,0.004347826,0.47826087,0,0,0,0
7792,GAAATTTTTTCATTTTTCTCTAG,0,0,0.010190084,0,0.240310978,522.5,201.8053944,0,-0.173913043,0,0,0,0
7793,CCCATTGACCCAGAGAAACATGG,0,0,0.188235294,0.143686461,0.139070029,552.5,190.0849438,0,-0.695652174,0,0,0,0
7794,GAATGAGGAGAAGGTGCACATGA,0,0,0.003395062,0,0.060024367,425,190.2539768,0.486956522,0.695652174,0,0,0,0
7795,GAACACAAGACATAGAGTGAGAG,0,0,0.004744614,0.133547406,0.129256726,485,152.1247722,0.091304348,-0.065217391,0,0,0,0
7796,TTTGAGTGTGTGTGTGCCTGCGA,0,0,0.012626263,0,0.189613667,552.5,189.5768864,0,0.086956522,0,0,0,0
7797,GGCCCAGAGTGAGCAACTGACAG,0,0,0.037763253,0.108122079,0.108122079,492.5,178.1656827,0,-0.195652174,0,0,0,0
7798,GACTTGTTTTCCGTGTTTTCAGA,0,0,0.003064727,0,0.094921619,365,177.7612457,0,-0.065217391,0,0,0,0
7799,TGGATAGGGGCATGAGGAGCTGG,0,0,0.026666667,0.217823034,0.210470358,455,170.9465154,0,0.02173913,1,0,1,0
7800,TGTGTGTGAGTGTGTGTGTTAAG,0,0,0.030796857,0,0.268517165,485,159.787969,0,-0.326086957,0,0,0,0
7801,TTATGGGAGGAAGAGGCACACAG,0,0,0.089786756,0.520512228,0.50455783,620,213.2142356,0.060869565,-0.52173913,0,0,0,0
7802,CTTGCCCCAGAAGGCAGCAAAAG,0,0,0.040329218,0,0.237336648,462.5,182.2688298,0,-0.369565217,0,0,0,0
7803,CGTGTGTGAGTGTGCGTGTGTGA,0,0,0.002295684,0,0.163368333,455,182.7185474,0,-0.173913043,0,0,0,0
7804,GAACTCATAGCCTAGAGTGCTGA,0,0,0.000167531,0,0.28472943,455,186.1096515,0,-0.630434783,0,0,0,0
7805,GAGAGAGAGAAGAAGAAGAAAGG,0,0,0.229931973,0,0.760552802,622.5,210.2603596,0,-0.304347826,0,0,0,0
7806,GAGAGAGAGAAGAAGAAGAAAGA,0,0,0.015967498,0,0.760552802,622.5,210.2603596,0,-0.108695652,0,0,0,0
7807,GGTGTGTGGGTGTGTGTGTGGGA,0,0,0.007856341,0,0.699446792,560,194.1657886,0.991304348,3.434782609,0,0,0,0
7808,GGTGTGTGGGTGTGTGTGTGGGG,0,0,0.113131313,0,0.699446792,560,194.1657886,0,0,0,0,0,0
7809,GGGCCAGACTGAGAAGGAGAGGG,0,0,0.017948718,0.007841878,0.007841878,387.5,164.3210562,0,-0.347826087,0,0,0,0
7810,GGCGTCTCTTCCGCAGCACCCAG,0,0,0.053453947,0.474043556,0.474043556,522.5,207.6991188,0,-0.608695652,0,0,0,0
7811,TAATTATTTTCATTTTTCTCAAG,0,0,0.032098765,0.248706121,0.240310978,522.5,202.6789944,0,-0.217391304,0,0,0,0
7812,CAATGAAAAGATGAGTCACAGAG,0,0,0,0,0.091513804,455,191.8122929,0,-0.282608696,0,0,1,0
7813,GCGTCCCCAGAGCCTGGCACAGA,0,0,0.001878908,0,0.188866751,485,145.7946637,0,-0.173913043,0,0,0,0
7814,AAATAATCAGCAGAGGCACAAAG,0,0,0.022010582,0.51740194,0.51740194,522.5,206.1985985,0,-0.456521739,0,0,0,0
7815,CCAGTCAGTAATGAGGAGGCCAG,0,0,0.020622896,0.034660441,0.033598052,327.5,191.8286472,0,-0.326086957,0,0,0,0
7816,CCCTCATTCCCACCCACCAAAAG,0,0,0.025793651,0.135459844,0.132915997,485,149.5284161,0,-0.02173913,0,0,0,0
7817,CCCTCTCCCCCACTCACCTTTGA,0,0,0.025008267,0,0.152972547,522.5,202.0778176,0.260869565,0.239130435,0,0,1,0
7818,GCCTCCCTAAAGACTTGCTAAGA,0,0,0,0,0.029998911,387.5,158.5644367,0.452173913,0.130434783,0,0,1,0
7819,GGCATTGCTGCTGGAGGTATAAG,0,0,0.043995511,0,0.127075016,485,146.0662998,0,0.065217391,0,0,0,0
7820,GGCCCTGAGGAAGGAGGTGGAGG,0,0,0.137647059,0,0.372711207,425,201.2803989,0.169565217,0.195652174,0,0,0,0
7821,TGAGTGGAGTAATTAGGAGTGGA,0,0,0.007052951,0,0.193587958,522.5,201.1674789,0.117391304,-0.304347826,0,0,1,0
7822,AACACTGAACCAGAGTGTTTTGG,0,0,0.039327731,0.345810626,0.339662881,552.5,191.4361685,0,-0.043478261,0,0,0,0
7823,AAATAACATGAAGAGGTACACGA,0,0,0.011585648,0,0.241506693,552.5,190.5826078,0,-0.347826087,0,0,0,0
7824,GACCCCACCCACCCCGCCGCAGG,0,0,0.1875,0,0.639711268,560,184.1690023,0,-0.5,0,0,0,0
7825,GACTTGTCTTCTTTGATCTTTGA,0,0,0.006313131,0,0.053043984,387.5,153.9580568,0,-0.108695652,0,0,0,0
7826,TGGATGGAAGGATGAGGAGGTAG,0,0,0.019117647,0,0.398033913,462.5,173.072536,0,-0.369565217,0,0,0,0
7827,AAAAAAGATGAAGAGCCACATGG,0,0,0,0,0.15797057,552.5,195.7898738,0,-0.195652174,0,0,0,1
7828,GACATGTCTTCATTGTCATCAGA,0,0,0.01256913,0,0.113428797,485,168.8171387,0,-0.260869565,0,0,0,0
7829,GGCACAGATGTCCTCCCCTTGGA,0,0,0.027777778,0,0.30174375,552.5,185.1376961,0.3,-0.413043478,0,0,1,0
7830,GGGGTGGAGGAGTGAGGAGATGG,0,0,0.242866848,0,0.343144014,455,173.4726996,0,0.02173913,0,0,1,0
7831,GAGTCCCAGCTCAAGAAGAGAGA,0,0,0.005947232,0,0.116901847,357.5,165.7330351,0,-0.152173913,0,0,0,0
7832,TCCTCTTTCCCACTCTGCTTGGG,0,0,0,0.01590516,0.015622402,387.5,169.2862784,0.169565217,0.065217391,0,0,0,1
7833,AAATGAAAGAAAGAGGCACTTGA,0,0,0.025925926,0,0.240915158,552.5,170.7277025,0.017391304,0.434782609,0,0,1,0
7834,CCAGTGAATATAGAGCAGGCAGA,0,0,0,0,0.019414315,357.5,180.9424888,0,0.304347826,0,0,0,0
7835,AAATGAGATGAAAAGGGAAATGG,0,0,0.013962508,0,0.041027871,387.5,154.0067881,0.417391304,0.434782609,0,0,0,0
7836,GCCACCCCAGAGGCTGCCCAAAG,0,0,0.002200656,0.209811977,0.206270847,455,182.849232,0.02173913,-0.086956522,0,0,0,0
7837,CGAGCCCCAGAGGCCAGTAAAGG,0,0,0.1,0.20338988,0.20338988,522.5,201.8010789,0.152173913,0.065217391,0,0,1,0
7838,CGTGAGTGTGTGTGTGTGTAAGA,0,0,0.013020833,0,0.164063988,485,157.1165087,0.569565217,0.130434783,0,0,0,0
7839,AATAACCACTACCACCACAACAG,0,0,0.016218324,0,0.033370636,357.5,176.2017837,0.004347826,-0.217391304,1,0,0,0
7840,CAGGCCTCACAGGGCAGGAAGAG,0,0,0.02970679,0.212772888,0.208990259,552.5,190.6254859,0.017391304,-0.304347826,0,0,0,0
7841,GTCTTCTTATTCATTTACTGAGG,0,0,0,0,0.091675932,485,175.0601266,0.32173913,0.456521739,0,0,0,0
7842,CACATGCATGCAGACACACACGA,0,0,0.002678298,0,0.224468976,522.5,197.975258,0.630434783,-0.391304348,0,0,0,0
7843,GGGTGGGTGGAGGTTGCTGACAG,0,0,0.002641908,0,0.076412446,387.5,138.7152626,0.017391304,-0.173913043,0,0,0,0
7844,GTTTTGTTTTCATTTTTCTGTAG,0,0,0.001089325,0.184299023,0.184299023,455,167.0873785,0,-0.586956522,0,0,0,0
7845,GCTTCCCCCCAGCCTGCCCAGAG,0,0,0.007988381,0,0.32110348,552.5,188.7343722,0,0.152173913,0,0,0,0
7846,GACGTGATTTCATTGTTTTATGG,0,0,0.17578125,0,0.088386347,485,153.382286,0,-0.326086957,0,0,0,0
7847,TGTGAGTGAGTGTGTGTGGTGAG,0,0,0.02117284,0,0.084582907,417.5,130.3282891,0,-0.673913043,0,0,0,0
7848,GGAATTCCTCCTGAAGGACCTGA,0,0,0.000708061,0,0.045731719,455,179.7969839,0.730434783,2.630434783,0,0,0,0
7849,GGTTTGTGAATGTGTGTGTGAGA,0,0,0.003999592,0,0.532999604,552.5,191.0602325,0.443478261,0.347826087,0,0,0,0
7850,TGTGTGTGAGTGTATGTGTGGGA,0,0,0.008838384,0,0.090827917,455,185.2863843,0,-0.326086957,0,0,0,0
7851,CGGTGGGGGAATCTTGCTCCAGA,0,0,0.01405758,0,0.263598069,425,196.9928426,0,-0.065217391,0,0,0,0
7852,AGAAAAGCCAGTGAGTAGAGTGA,0,0,0.02867647,0,0.531673751,620,214.2628352,0,-0.217391304,0,0,0,0
7853,TATATGTTTTCATTGTTCTTGGA,0,0,0.006820436,0,0.687682923,552.5,180.6608001,0,-0.152173913,0,0,0,0
7854,AAGTGACAAGAAAAGGCCCAGGG,0,0,0.073870574,0,0.08087923,455,181.3661654,0,0.282608696,0,0,0,0
7855,GGGTGGGGGGAGATTGCAGTGAG,0,0,0.004487179,0,0.013599659,345,116.3917463,0,0.043478261,0,0,1,0
7856,GGTGGGTGGGTGTGTGTGTAGAG,0,0,0.054444444,0,0.155313909,485,155.8281887,0.186956522,0.391304348,0,0,0,0
7857,CTTACTCCAGAGGGCAGAAAGGA,0,0,0.015046296,0,0.164163878,552.5,186.1253463,0.004347826,-0.304347826,0,0,0,0
7858,AAATGTGAAGATGATGAACAGGA,0,0,0.001102293,0,0.043941161,357.5,174.5047829,0.713043478,-0.239130435,0,0,0,0
7859,GCCTCCCCAAGTGGTGGCCAAGG,0,0,0,0,0.020546959,300,184.1153107,0,0,0,0,0,0
7860,CGTGTGTGAGTGTGTGCATATGA,0,0,0.011707043,0,0.136699648,485,155.3507468,0.017391304,-0.02173913,0,0,0,0
7861,TGGATGGAGTACTGTGGAGACAG,0,0,0.006236294,0,0.072452122,357.5,155.1475416,0,-0.717391304,0,0,0,0
7862,GATTTCTTTTCATTTTTCACTGG,0,0,0.019132653,0,0.079735182,455,171.9309945,0.073913043,0.369565217,0,0,0,0
7863,TACTTTTTTTCATTATTCTTTAG,0,0,0.048801743,0.115248375,0.113084086,455,166.0693945,0.330434783,-0.413043478,0,0,0,0
7864,AAATGAGAAAGTGAGGCCCATGG,0,0,0.038518518,0,0.067280336,392.5,174.8387461,0,-0.391304348,0,0,0,0
7865,GGGGGGGGTCACTTTGCTCCAGG,0,0,0.070588235,0.389852474,0.377902973,522.5,201.6587828,0,0.152173913,0,0,0,0
7866,GAATCGAGGCAGAAGAAGAAAAG,0,0,0.071296296,0,0.531673751,622.5,211.4030182,0,-0.260869565,0,0,0,0
7867,GGTCACTGAGTGTGTGAGAGAGA,0,0,0.003342246,0,0.116171344,485,164.806305,0,0,0,0,0,0
7868,CGTATCCCTTCTGAAGCTCCTAG,0,0,0.022875817,0,0.045592311,455,181.6094821,0,0.195652174,0,0,0,0
7869,GGAATGCCTTTAACAGCACCAAG,0,0,0.029454306,0,0.087264738,362.5,193.9685113,0,0.065217391,0,0,0,0
7870,GAGCACAAAGCATCTACTGCTGA,0,0,0.001299131,0,0.117071375,432.5,194.0257938,0,0.086956522,0,0,0,0
7871,TGGATGGAAGGATGAGTAGATGA,0,0,0.004080636,0,0.077890861,387.5,150.8864249,0,0.108695652,0,0,0,0
7872,GTGACCACCAGAGAGAAGAGTGG,0,0,0.363636364,0,0.133988,455,192.9071537,0,-0.043478261,0,0,0,0
7873,TGTGTATGAGTGTGTGTGTGAGA,0,0,0.011784512,0,0.368797917,552.5,195.1395849,0,-0.413043478,0,0,0,0
7874,GGTGAGGAGGTGTGTGGGTGCGG,0,0,0.023068051,0.23362076,0.229867816,555,188.7711108,0,-0.086956522,0,0,0,1
7875,TGCATGGATGAATGAGTAGTTGG,0,0,0.051282051,0,0.730827942,560,194.9261086,0.017391304,-0.239130435,0,0,0,0
7876,TGGATGAAGGAGGGAGGGGTGGA,0,0,0.005233494,0,0.0364677,357.5,174.1780649,0,-0.282608696,0,0,0,0
7877,TGTATGTGAGTGTGTGTGTGCAG,0,0,0.03959596,0.620616516,0.609583333,552.5,196.0519689,0,-0.304347826,0,0,0,0
7878,AGTGTGTGAGTGTGTGTCTGAGG,0,0,0.072727273,0,0.119478333,485,171.5022357,1,0.434782609,0,0,0,0
7879,GGGTGGGGGGACTTTCCAGCAGA,0,0,0,0,0.007131396,320,138.0241404,0,-0.130434783,0,0,0,0
7880,GGGTGGGGGGGTGTTGCACCCAG,0,0,0.011272142,0,0.02827089,295,170.331162,0.008695652,-0.130434783,0,0,0,0
7881,AAAAAAAAAGAAAAGGCACATGA,0,0,0.026455026,0,0.378170105,522.5,205.1555787,0,-0.260869565,0,0,0,0
7882,CCCAGTGTCTCAGGAGGGGTGGG,0,0,0.049450549,0.04220622,0.04220622,387.5,162.5738737,0,-0.326086957,0,0,0,0
7883,AAATGAGAAGCAGCTGCAGAAAG,0,0,0.000396825,0,0.009528817,260,156.3757101,0,0.239130435,0,0,0,0
7884,AGTGTATGAGTGTGTGTGTGAGA,0,0,0.010606061,0,0.368797917,552.5,195.1395849,0,-0.217391304,0,0,0,0
7885,TGTGTGTGAGTGTGTGCGCTAGA,0,0,0.00487635,0,0.219695863,485,150.0260801,0.1,-0.108695652,0,0,0,0
7886,AAATGTGAAAAAGAGGAAAAGAG,0,0,0.034567901,0,0.1015764,485,160.6881686,0.013043478,1.217391304,0,0,0,0
7887,AAATGAGAAGAGGAGGAGGAGGA,0,0,0.001170267,0,0.015962717,345,134.3264553,0,0,0,0,0,1
7888,TGCTCCCCAAAGGCTGACCAAGG,0,0,0.088537549,0.240178592,0.23590875,455,188.4745684,0,0.152173913,0,0,0,0
7889,AGGAGGGAGGAATGAAGAGTTAG,0,0,0.165925926,0,0.541956882,560,201.8232541,0.065217391,0.369565217,0,0,0,0
7890,GCTGCCTCTGCTCTCCTGACAGA,0,0,0.002017457,0,0.050816463,455,175.6098648,0.395652174,0.239130435,0,0,0,0
7891,GGGGAGGGAGTGTGTGCCAGCAG,0,0,0.01037452,0,0.065831932,485,160.117486,0,-0.304347826,0,0,0,0
7892,AGTGTGTGAGTGTGTGTGTTGAG,0,0,0.027717172,0.27365625,0.268517165,485,159.787969,0,-0.47826087,0,0,0,0
7893,GGTGAGTGGGTGGGTGTGGGGAG,0,0,0.005260333,0,0.041027871,387.5,154.0067881,0,0.47826087,0,0,0,1
7894,GGGTGGGGGGAGTTGGCTAGAGG,0,0,0.001260504,0,0.08542269,395,138.3073786,0,0.326086957,0,0,0,0
7895,GACTTGATTTCATTCTTTTTTAG,0,0,0.011931818,0,0.022488172,387.5,140.0488644,0,-0.804347826,0,0,0,0
7896,AAGGGCCACTACTTCCTCAGAAG,0,0,0.021411765,0.261227608,0.251939516,455,170.7467595,0,0.108695652,0,0,0,0
7897,GGGGGGTGTGTGTGTGTGTGAGA,0,0,0.007,0,0.348646558,552.5,192.4377886,0,-0.543478261,0,0,0,0
7898,AGTGTGTGAGTGAGTGTGTGTGA,0,0,0.007342657,0,0.23590875,455,187.4262484,0.017391304,-0.5,0,0,0,0
7899,ATCATCTTTGTCAGTACCTTCGG,0,0,0,0,0.063494894,455,166.4634351,0.213043478,-0.108695652,0,0,0,0
7900,CACAGCAGTTAGTAGAGCTGTGA,0,0,0.019345238,0,0.485227553,552.5,182.1719436,0,-0.130434783,0,0,0,0
7901,GGGGGGTGTGTGTGTGTGTGAGG,0,0,0.1008,0,0.348646558,552.5,192.4377886,0.208695652,-0.108695652,0,0,0,0
7902,AAATGAGAAAAAGAGACAGCAGA,0,0,0.00184133,0,0.02977078,417.5,129.0342378,0.004347826,0.02173913,0,0,0,0
7903,TGTGTGTGAGTCTGTGTGTGTGA,0,0,0.006238859,0,0.299915,455,189.2094685,0.013043478,-0.239130435,0,0,0,0
7904,GCCTCCTCAAACCCTGGCTGAGG,0,0,0.151816609,0.067488747,0.066349697,387.5,141.2151189,0.77826087,NA,0,0,0,0
7905,GCCACTGCCTCTGGAGGTGGAGA,0,0,0.021033654,0,1.503781857,627.5,211.2084832,0.182608696,0.304347826,0,0,0,0
7906,AGGAGAGACCCAGAGTCCGTGAG,0,0,0.03822,0.062121288,0.060024367,425,192.0654738,0,-0.673913043,0,0,1,0
7907,GAACACAAAGATCACACTGCCAG,0,0,0.013955343,0.037506491,0.036956946,265,181.5474737,0.013043478,0.326086957,0,0,0,0
7908,GGAGGGTGAGTGTGAGTGTGTGA,0,0,0.009649123,0,0.152925168,455,182.1905474,0.02173913,-0.326086957,0,0,1,0
7909,TGTGTGTGAGTTTGTGAGTGAGA,0,0,0.004532505,0,0.299915,455,189.2094685,0,0.543478261,0,0,0,0
7910,TGAAGGGAGAAATGGGGAGTTAG,0,0,0.075496296,0,0.365828778,522.5,198.184922,0,-0.130434783,0,0,0,0
7911,AAATAATAAGAAGAGGAAAAGAG,0,0,0.025679012,0,0.12450836,485,163.7943882,0.508695652,-0.239130435,0,0,0,0
7912,GATTCCAAGCAGAAGCAAAAAGA,0,0,0,0,0.035946325,485,173.57706,0.326086957,-0.043478261,0,0,0,0
7913,ATGAACTCCAGAAAGTATAGAGA,0,0,0.014957265,0,0.0364677,357.5,174.1780649,0.934782609,1.391304348,0,0,0,0
7914,AGCACTGCAGCGGGAGGTGAGAG,0,0,0.0703125,0,0.209660993,455,170.3865193,0.22173913,0.739130435,0,0,0,0
7915,CACATGCATGCACAGACACACAG,0,0,0.015437021,0.318759987,0.308518702,522.5,202.682959,0.134782609,0.434782609,0,0,0,0
7916,ATCACTTCCATTGACCAGGGAGA,0,0,0.011904762,0,0.091442725,455,193.8955064,0,-0.695652174,0,0,0,0
7917,AAATAAGAAGAAGAAGAAGAGGA,0,0,0.003304285,0,0.048855403,387.5,151.9705474,0.043478261,-0.130434783,0,0,0,0
7918,AAAGGAGAGGAGGAGGCACAAAG,0,0,0.078017833,0,0.803323207,530,207.8505192,0,-0.456521739,0,0,0,0
7919,GCTCATTTCCCACCCATCTTTGA,0,0,0.008238017,0,0.570616297,555,195.5239689,0.173913043,-0.108695652,0,0,0,0
7920,ATCATTTTAGTCATCTCCTGTGG,0,0,0,0,0.044156127,455,185.9185685,0.052173913,-0.130434783,0,0,0,1
7921,GGTGTGTGTGGGTGTGCATGCAG,0,0,0.015664336,0,0.099907201,455,182.2984827,0.030434783,-0.217391304,0,0,0,0
7922,GTCATCTTGGTCTCTGCCTGGAG,0,0,0.002849003,0,0.008271443,357.5,176.8132886,0,-0.260869565,0,0,0,0
7923,TAGATGGAGGAAATAGGTGTAGG,0,0,0.078106509,0,0.017894751,357.5,172.3981615,0,-0.152173913,0,0,0,0
7924,TGTGAGTGTGTGAGTGCGAGTGA,0,0,0.008241758,0,0.124577037,455,174.9928992,0,-0.108695652,0,0,0,0
7925,GCCTCCCCCAAGTCTGGAAAGGA,0,0,0.006410256,0,0.020886916,387.5,149.5695659,0,-0.565217391,0,0,0,0
7926,AGTGTGTGTGTGTGTGTGTGCAG,0,0,0.023757576,0.379196691,0.372455417,552.5,192.9657886,0.069565217,-0.130434783,0,0,0,0
7927,TCCTGTGTTTGTGAATGGATGAG,0,0,0.042534722,0.077253722,0.075949862,425,197.3709513,0,-0.630434783,0,0,0,0
7928,GGTCTTACGGCTGGAGGTGGGGG,0,0,0.154411764,0,0.878799588,622.5,214.1268992,0,0.347826087,0,0,0,0
7929,GAACACAAAGCAGAGAATGATAG,0,0,0.015780998,0.161932426,0.15803044,395,152.7769685,0.669565217,1.369565217,0,0,0,0
7930,TGTGAGTGAGGGTGTCTGTGTGA,0,0,0,0,0.058190825,387.5,174.6953793,0,-0.130434783,0,0,0,1
7931,TGGGTGGAGGACTCAGGATTTGG,0,0,0.046992481,0,0.036562365,357.5,168.223115,0.32173913,0.195652174,0,0,0,0
7932,GCCAGCCCAAAGGGTGGCCACAG,0,0,0,0.083846709,0.082499774,425,195.8995748,0,-0.391304348,0,0,0,0
7933,AAAGGAGATGAAGAGGAAGAGGA,0,0,0.001519097,0,0.117323456,485,162.6325086,0.57826087,0.782608696,0,0,0,0
7934,TGGATGGAGGTTAGAGGAGAGGG,0,0,0.039940828,0,0.063046449,295,158.6168954,0.069565217,0.304347826,0,0,0,0
7935,GGGAAAGACCCAGCATCCTCCAG,0,0,0.015712682,0.685644231,0.685644231,500,153.7144001,0.060869565,0.282608696,0,0,0,0
7936,TGGATTGAAGAATGAGGTTTAGA,0,0,0.009920635,0,0.034305973,485,157.2829024,0.008695652,0.065217391,0,0,0,0
7937,CATGCGTGAGTGTGTGCATGGGG,0,0,0.209213863,0.321774194,0.310333333,552.5,192.2483467,0.217391304,0.260869565,0,0,0,0
7938,AAATAATAGGAAGAGGTACACAG,0,0,0.03994513,0.241506693,0.241506693,552.5,190.5826078,0,0.739130435,0,0,0,0
7939,TCCATCCATCCAAAGACATTTGG,0,0,0.255621302,0.08664952,0.085022299,387.5,141.8150796,0,-0.456521739,0,0,0,0
7940,GGGGAGTGAGTGGGAGGGTGAAG,0,0,0.001151643,0,0.05918204,357.5,173.9795468,0,-0.260869565,0,0,0,0
7941,AAGATCCACCCAGAGACACACAG,0,0,0.087024087,0,0.822304167,622.5,214.4722196,0,-0.086956522,0,0,0,0
7942,CCCAGAGTCTCTGGATGGGCTGG,0,0,0.014069264,0,0.125827144,485,148.6548161,0,-0.173913043,0,0,0,0
7943,GGTGGGTGTGTGTGTGTGTGCAG,0,0,0.052266667,0.699446792,0.699446792,560,194.1657886,0.039130435,0.260869565,0,0,0,0
7944,AGTGACTGAGTGTGGGAGTGAGG,0,0,0.014318182,0,0.098837842,455,182.2208834,0,-0.043478261,0,0,0,0
7945,GGTGAGTGAGTGGGTGACAGTGA,0,0,0.001150219,0,0.01255604,345,132.5432352,0,-0.434782609,0,0,0,0
7946,AAAGGAGAAAAAGGGGCAAAGAG,0,0,0.030246914,0,0.068442964,455,170.947479,0.17826087,0.804347826,0,0,0,0
7947,CCTGCCTCCTCTCTACTTCTGGA,0,0,0.002251385,0,0.033924842,442.5,120.8993304,0,-1,0,0,0,0
7948,TGGATGGATGAATGAGTAAGTGG,0,0,0.016806723,0,0.044208326,417.5,126.3685087,0,-0.326086957,0,0,0,0
7949,CACTGTGTGTGAGGATGGATAGG,0,0,0.09004329,0,0.238701321,425,201.0540355,0,0.086956522,0,0,0,0
7950,GGGGAGTGGGTGTGTGCATAGAG,0,0,0.056089744,0,0.077961934,485,152.1512864,0,-0.239130435,0,0,0,0
7951,CCCTTCCATCCTGAAACACAAAG,0,0,0.051759424,0.381318721,0.371150222,432.5,197.603278,0.091304348,-0.02173913,0,0,0,0
7952,AAATAAGAAAAAGAGGCAGAAGG,0,0,0.101111111,0.914126866,0.914126866,560,183.3719436,0,0,0,0,0,0
7953,GCCTTCCCAATGCCTCCCCATGA,0,0,0,0,0.055244454,387.5,173.4070593,0,0.413043478,0,0,1,1
7954,AGGTGAGAAGCAGAGGCAGAAGG,0,0,0.024444444,0,0.272930963,455,181.4539164,0.513043478,-0.347826087,0,0,0,0
7955,TTCTCACCAAGGCCTGGCCAGGA,0,0,0.038104257,0,0.480400979,522.5,210.9439323,0,-0.391304348,0,0,0,0
7956,CCAGTGAGGAGAGGAGAGGGAAG,0,0,0,0,0.014556396,357.5,152.2564135,0.217391304,-0.130434783,0,0,0,0
7957,GGGAAGGGAGTGTGTGCATGGGG,0,0,0.183257918,0,0.208990259,552.5,189.9918859,0,-0.086956522,0,0,0,0
7958,GATCAGTGTGTGTGTGTGTGCAG,0,0,0.032518854,0,0.372455417,552.5,193.1405086,0.013043478,-0.239130435,0,0,0,0
7959,GGTGTGTGAGTACGTGTGTGAGA,0,0,0.008683324,0,0.11019029,357.5,179.7101479,0,-0.304347826,0,0,0,0
7960,AAGTGAGAAGAAGTGGCATCAGA,0,0,0.002374169,0,0.03055499,387.5,139.1472155,0,-0.413043478,0,0,0,0
7961,AATTGAGAGGCTGAGGCACAAGA,0,0,0.004357298,0,0.235359502,425,200.7660355,0,0.217391304,0,0,0,0
7962,TGGATGGAAGATGGAGGGGTGGG,0,0,0.022360248,0,0.032623374,357.5,172.6014654,0,-0.673913043,0,0,0,0
7963,GGTGTATGAGTGTGTAGGTGTGA,0,0,0.001485443,0,0.060221432,485,177.851159,0,-0.413043478,0,0,0,0
7964,GTAGCCCCACAGGTCAGTGAGGA,0,0,0.004528985,0,0.077401434,455,176.2848154,0,0.02173913,0,0,0,0
7965,GTCCCAGGCTGAGCTCGTGAAGA,0,0,0.006481481,0,0.79687011,530,202.8531615,0,0.065217391,0,0,0,0
7966,GAATGAGAAGAGGAGCCACCTGG,0,0,0,0,0.05902077,387.5,157.0578737,0,0.195652174,0,0,0,0
7967,GGGTGGGGAGAGATTGCTTACAG,0,0,0.026627219,0.0459131,0.04443798,387.5,137.8552992,0,0.108695652,0,0,0,0
7968,GACTTTTTTTAATTATTCACCAG,0,0,0.034858388,0.043340374,0.042608891,357.5,166.2289108,0,0.5,0,0,0,0
7969,GGAATCCCTTCTTGACCACATAG,0,0,0,0.00573302,0.005645158,290,143.635469,0,-1.108695652,0,0,1,0
7970,GGCAATGAGGATGGAGGAGGGAG,0,0,0.048148148,0,0.163514241,455,183.1584461,0,-0.304347826,0,0,0,0
7971,GGCTCGGCGGCGGGAGGGGGTGG,0,0,0.06060606,0,0.087696665,455,183.4009823,0.630434783,0.217391304,0,0,1,0
7972,GAGTTGTTCATATTGTTCTCTGA,0,0,0.008453085,0,0.420324886,525,203.4903995,0.947826087,2.304347826,0,0,0,0
7973,GCCTCTTCCCCCCTCACCCTAGG,0,0,0.05323654,0.034134988,0.033038282,357.5,165.996898,0,-0.152173913,0,0,1,0
7974,GTGATCTTTGTGATCACCTGGAG,0,0,0.009427609,0,0.11940556,425,192.7890976,0.291304348,0.391304348,0,0,0,0
7975,TGTGTGTGAATGTGTGTGTGCGA,0,0,0.010998878,0,0.56142625,552.5,191.9338325,0,0.152173913,0,0,0,1
7976,TGGGTGGAGGAAGGAAGAGGAAG,0,0,0.007459506,0,0.043948881,387.5,154.4010536,0.095652174,0.086956522,0,0,0,0
7977,CAGTGAGAAGCAGAGGCATACAG,0,0,0.025071225,0.288307355,0.288307355,455,181.6939164,0,-0.347826087,0,0,0,0
7978,TGTGAGTATGTGTGTGTGTGTGA,0,0,0.019444444,0,0.372455417,552.5,191.1542916,0.104347826,-0.586956522,0,0,0,0
7979,AGAGAGTGTGTGTGTGCTTGGGG,0,0,0.257142857,0,0.186959075,552.5,189.2888864,0,-0.152173913,0,0,0,0
7980,TGTGAGTATGTGTGTGTGTGTGG,0,0,0.28,0,0.372455417,552.5,191.1542916,0,-0.5,0,0,0,0
7981,GGCTCCCAAAGGCCTGGCTATGG,0,0,0.135652174,0.287011089,0.27680625,455,178.8820994,0.208695652,-0.239130435,0,0,0,0
7982,CCATTTGTCTGTTGATGGATTGA,0,0,0.001354167,0,0.302995647,425,201.6542758,0.047826087,0.260869565,0,0,0,0
7983,GAACGAGGTGAAGAGGCACAGGG,0,0,0.284705882,0.860350791,0.833979885,620,211.2668027,0,-0.282608696,0,0,0,0
7984,GGTGTGTGTGTGTGTGTGTGCAG,0,0,0.026397306,0.699446792,0.699446792,560,194.1657886,0,0.239130435,0,0,0,0
7985,AAATGAAAAGAAGAGGCATTTGG,0,0,0.276923077,0,0.266759599,492.5,150.1312193,0.026086957,0.02173913,0,0,0,0
7986,GGACTCTCATCTGCAGCAGCAAG,0,0,0.008629493,0.208134859,0.208134859,552.5,181.2354389,0,-0.217391304,0,0,0,0
7987,CCTGCCCCACAAGGCATTCATGA,0,0,0.002873563,0,0.094473225,387.5,159.5097885,0,0.152173913,0,0,0,0
7988,CGTGTGTGAATGTGTGAGTGTGA,0,0,0.007856341,0,0.56142625,552.5,191.9338325,0,0.086956522,0,0,0,0
7989,TGGATGGAGGTCTGTGGGGTCAG,0,0,0.001679412,0,0.019577774,260,165.623461,0,-0.173913043,0,0,0,0
7990,GGTGAGTGAGTGAATGGGTGAGG,0,0,0.030542986,0,0.053870351,365,178.2753837,0,0.260869565,0,0,0,0
7991,CCAGAGAGTGGAGGGGAGGAGGA,0,0,0,0,0.090605447,455,164.143159,0,-0.086956522,0,0,0,0
7992,GGCACTTCAGCTGGAGGCAGAGG,0,0,0.112453145,0,0.038728891,485,156.6857056,0,0.586956522,0,0,0,0
7993,GAGTGGTGTGGGTTTGCTCCTAG,0,0,0.04345679,0.33136789,0.33136789,522.5,206.3869551,0,-0.130434783,0,0,0,0
7994,GAATGAGTGGAACAGGCACAAGA,0,0,0.008354219,0,0.355433782,522.5,202.6410822,0.013043478,0.108695652,0,0,0,0
7995,TACAGCAGTGAGCAGAGCTGAGG,0,0,0.315789474,0.203890405,0.203890405,455,177.6643595,0,0.173913043,0,0,0,0
7996,GACTGGTACCCATTGTTCTCAGG,0,0,0.252061538,0.75650158,0.734333036,622.5,205.8603463,0,-0.217391304,0,0,0,0
7997,AAACATAAAGCATAGTCTGTTGA,0,0,0,0,0.072576354,485,162.9879902,0,-0.826086957,0,0,0,0
7998,AAATGAGAACAAGAGGCAGAGGG,0,0,0.05,2.33567161,2.33567161,567.5,185.8602636,0,0.086956522,0,0,1,0
7999,GCCACTGGGGGTGGTGGTGGGGA,0,0,0.00154533,0,0.223580696,425,195.4230778,0,0.043478261,0,0,1,0
8000,TATGAGTGGGTGTGTGCATGAGA,0,0,0.027120315,0,0.189613667,552.5,189.5768864,0.060869565,0.217391304,0,0,0,0
8001,AACTTGTTTTTATTGTCCTGTGA,0,0,0.000798509,0,0.149027027,387.5,154.8462053,0.013043478,0.086956522,0,0,0,0
8002,AGTGTGTGCGTGTGTGTGTGCAG,0,0,0.022626263,0.379196691,0.372455417,552.5,192.9657886,0,-0.043478261,0,0,0,0
8003,AAATGAGAATAAGAGCTATAGGG,0,0,0,0,0.027486212,417.5,145.1857267,0,-0.673913043,0,0,0,0
8004,GGCTCCCCAAAGCCTGCCCATAG,0,0,0.042436298,0,5.225,567.5,200.3738889,0,-0.565217391,0,0,0,0
8005,GTGAACACTAGTGAGGAGATGAG,0,0,0.054967949,0,0.073296119,485,160.8141938,0,-0.173913043,0,0,0,0
8006,ACAGTGAGAAGAGAGGAGACAGA,0,0,0.016121032,0,0.047963769,455,172.8530351,0,-0.065217391,0,0,0,0
8007,GCCTTCCCAAACTCTGGGCAGGG,0,0,0.03144385,0,0.056096875,357.5,175.2729257,0.02173913,-0.304347826,0,0,0,0
8008,GTCATCTTCATCATTAACTCCAG,0,0,0.027654321,0,0.129256726,485,152.1247722,0.034782609,-0.086956522,0,0,0,0
8009,AAATGAGATGAACTGGCACACAG,0,0,0.034931774,0,0.085492946,432.5,195.3017145,0,-0.195652174,0,0,0,0
8010,CCTGCCTCCTCTCTGACCACTAG,0,0,0.096650327,0.022657154,0.022309918,412.5,161.726705,0,-0.108695652,0,1,1,1
8011,AAACACAAACTATAGACTGTGAG,0,0,0.008615385,0,0.356503615,455,170.8405799,0,-0.413043478,0,0,0,0
8012,CCCTGTGTTTCTGCCAGGATTGG,0,0,0.092975207,0.00581718,0.005728027,392.5,172.1055875,0.008695652,0.108695652,0,0,0,0
8013,AATTACCACTGCAGCCTAAAGAG,0,0,0,0.025214753,0.024363622,357.5,175.0337984,0.013043478,-0.847826087,0,0,0,0
8014,GGGTTGGGGGAGGTTGGTTCAGA,0,0,0.000147551,0,0.070548661,387.5,156.6782485,0,0.173913043,0,0,0,0
8015,TGGATACAGGTATGAGGAGGAAG,0,0,0.00967823,0,0.143751255,455,171.6631516,0.126086957,0.086956522,0,0,0,0
8016,GGGAGGGAGGAATTAGGAGCTGG,0,0,0.01484058,0,0.10391963,455,169.1348954,0.4,0,0,0,0,0
8017,TTGGTGGAGGAATGAGCAGAAAG,0,0,0.013647504,0.268517165,0.268517165,485,159.962689,0,0.043478261,0,0,0,0
8018,TAGATGGAAGAATGAGTGGTTGG,0,0,0.054395604,0,0.073001262,485,168.5907753,0.004347826,0.086956522,0,0,0,0
8019,GGTGAGTGTGAGTGTGTGGGTGA,0,0,0.003645833,0,0.05883842,387.5,157.2760249,0,-0.173913043,0,0,0,0
8020,GAGAAGGAGCAGGAGAAGAAAAG,0,0,0.023004371,0,0.334982304,525,205.7527755,0.339130435,-0.847826087,0,0,0,0
8021,TGGATGGGGAAATGAAGAGATGG,0,0,0.385,0,0.09929575,485,156.6824208,0,-0.456521739,0,0,0,0
8022,CTCAGTGGCTCTGTATGGATGGG,0,0,0.084656085,0.223971519,0.223971519,522.5,203.3473984,0.013043478,-0.413043478,0,0,0,0
8023,TTTATGGAGGAATGAGGAGATGG,0,0,0.178977273,1.47120113,1.47120113,560,182.4944001,0.013043478,0.217391304,0,0,0,0
8024,TGTGAGTGAGTATGTGCTTGCGA,0,0,0.043209876,0,0.323140741,462.5,187.2605663,0.069565217,-0.413043478,0,0,0,0
8025,AATTGAGAGGAAGAGGTACAGAG,0,0,0.056935367,0.730827942,0.730827942,560,194.9261086,0.095652174,-0.086956522,0,0,0,0
8026,GGCACTGAGGAAGCAGGTGGAGA,0,0,0.011607143,0,0.05553397,327.5,190.5148142,0,-0.173913043,0,0,0,0
8027,CCCTCTCTCCCTCCCACCTCTAG,0,0,0.003858025,0.238852861,0.234367362,455,171.9631188,0,-0.152173913,0,0,0,0
8028,GCCATCTCCACTGACTAGGGGGA,0,0,0.015151515,0,1.483122363,530,212.6415963,0,-0.369565217,0,0,0,0
8029,AGGAGAGAGGAATGGGGAGTTAG,0,0,0.107851852,0,0.243723101,522.5,201.9186744,0,-0.152173913,0,0,0,0
8030,CGCGCTGCGGCTGGGGGAGGGGA,0,0,0.013434193,0,0.083169333,455,178.6960451,0.239130435,0.02173913,0,0,1,0
8031,GGAATCCCCTCTGGAGAGCCCGG,0,0,0,0.009828784,0.009828784,387.5,157.1915907,0.013043478,-0.108695652,0,0,0,0
8032,GTCATCTCTAAGAACTAGGGGGG,0,0,0.256993007,0.163814232,0.158793106,425,196.7364787,0.008695652,0.173913043,0,0,0,0
8033,GGGACTGTGGATGGAGCTGGAGG,0,0,0.077205882,0,0.316692045,455,188.3559883,0.891304348,-0.369565217,0,0,0,0
8034,TGTGAGTGTGTGTGTGACTGTGA,0,0,0.009259259,0,0.073001262,485,168.8307753,0.008695652,-0.130434783,0,0,0,0
8035,TCTGCCACCTCTCTACCCACCAG,0,0,0.130106209,0,0.383454129,552.5,190.8389717,0,-0.804347826,0,0,0,0
8036,GGTGGGCTAGGGTGTGCGTGTGA,0,0,0.00859375,0,0.51740194,522.5,206.1985985,0.908695652,-0.043478261,0,0,0,0
8037,GACAGTGTGGCTGCAGGTGGGGA,0,0,0.013221154,0,0.223971519,522.5,202.9326784,0,-0.043478261,0,0,0,0
8038,AAGTGGGAGGAAGAGGCAGACAG,0,0,0.009430727,0.185074529,0.181784315,552.5,182.1782357,0.026086957,-0.02173913,0,0,0,0
8039,CGTGATTGGGTGTGTGGGTGTGA,0,0,0.001296815,0,0.225335527,552.5,192.4681246,0,0.195652174,0,0,0,0
8040,GTTTTGTTTTCATTCATCTCTGA,0,0,0.008608815,0,0.068319815,455,186.9365525,0,-0.173913043,0,0,0,0
8041,TGGATAAATGAATGAGGGGTAGG,0,0,0.213333333,0,0.074384061,552.5,185.6477216,0,-0.217391304,0,0,0,0
8042,ATGAACATCAGGGAAGAGAGAAG,0,0,0.036953243,0.031934689,0.030955848,357.5,176.8886351,0.408695652,0.956521739,0,0,0,0
8043,GAACAGAAACCCTAGAATGCAGG,0,0,0.024561404,0.156019423,0.151006751,455,183.7200681,0,-0.043478261,0,1,0,1
8044,GGCTAGTGAGTGTGTGGGTGCAG,0,0,0.002376708,1.196117745,1.196117745,560,198.0122889,0,-0.086956522,0,0,0,0
8045,AATGGCCATCACTTCCTCAAAAG,0,0,0.026133333,0,0.297252948,522.5,199.4608427,0,-0.47826087,0,0,0,0
8046,AATATGTTAGTCATTACCTGAGG,0,0,0.261778846,0,0.778438874,622.5,216.646016,0,0.152173913,0,0,0,0
8047,GGTGAGTGAGTGGGTGGAAGAGG,0,0,0.003035328,0,0.01255604,345,132.5432352,0,-0.173913043,0,0,0,0
8048,GGAATCATTTTGGCAGCACCAGA,0,0,0.007011218,0,0.243372227,425,199.7708181,0,-0.543478261,0,0,0,0
8049,ATATGAGAAGAAGTGACATAAAG,0,0,0.046412846,0,0.012781965,387.5,159.2843895,0.065217391,-0.02173913,0,0,0,0
8050,CCTGCCTCCTCTCTGGTCATAGG,0,0,0.024375,0.025742322,0.025328791,387.5,145.5752162,0,-0.304347826,0,0,0,0
8051,GGGAGTGGGGCTGGGGGTGGAGA,0,0,0.008705357,0,0.397208228,522.5,200.0768415,0,-0.260869565,0,0,1,0
8052,AGTGAGTGGGTGAGTGTGTGCGG,0,0,0.193846154,0,0.144140246,455,184.754788,0.334782609,-0.5,0,0,0,0
8053,TGGATTGGGGAGTGGGGAGTCGG,0,0,0.229506173,0,0.114132886,425,192.391077,0,-1.086956522,0,0,0,0
8054,GCCTGTGTCACTGGCGGGATAGG,0,0,0.073882639,0,0.067219492,455,182.7128161,0,-0.043478261,0,0,0,0
8055,AAAAGGGAAGAAGAGACACAGAG,0,0,0.088183421,0,0.309411581,560,200.4519901,0,-0.434782609,0,0,0,0
8056,TACCCCCTCCTCCCAGCCCCAGG,0,0,0.018862364,0,0.07836346,357.5,168.0148948,0.047826087,-0.413043478,0,0,0,0
8057,AACTGGGAAGAAAAGGCACCAGG,0,0,0.064221493,0,0.152423407,455,170.2490955,0.004347826,0.108695652,0,0,0,0
8058,AGCCCACTCCACCACGCCTCTGA,0,0,0.01625,0,0.135502769,522.5,205.5348314,0,0,0,0,0,0
8059,GCCTCGTTCCCACGGACCGTCAG,0,0,0,0.011635524,0.011439144,357.5,160.8198098,0.134782609,0.52173913,0,0,0,0
8060,TTGGTGGTGGAATGAGGAGGGAG,0,0,0.007798574,0.697447183,0.697447183,552.5,177.8489831,0,-0.347826087,0,0,0,0
8061,GACCCACACCACCCCACCCCAGA,0,0,0.01423098,0,0.049272081,485,166.2777732,0,-0.130434783,0,0,1,0
8062,GGGAGGGTGGCTGGAGGTGGAGG,0,0,0.15,0,0.778438874,620,212.497879,0,0,0,0,0,0
8063,CAAGTGTGTAGAGATGAGGCTGA,0,0,0.001104798,0,0.040996643,425,190.730613,0,0.173913043,0,0,0,0
8064,GTCCCCCTCCACTCCTCCCCAGG,0,0,0,0,0.033198795,387.5,161.4242536,0,-0.108695652,0,0,0,0
8065,TACTTGTTTCCCTGGTTCTCCAG,0,0,0,0,0.101488662,425,194.8529785,0.065217391,0.239130435,0,0,0,0
8066,GATGAGTGTGTGTGTGTATGCAG,0,0,0.042524655,0,0.073001262,485,168.5907753,0,0.260869565,0,0,0,0
8067,ATGGACACAAGTGTGGAGAGTGG,0,0,0.098901099,0.023537615,0.023537615,455,185.4390091,0,-0.47826087,0,0,0,0
8068,TGGATGGAAGACTGAGCAGCCAG,0,0,0.000938174,0,0.069049196,387.5,149.4004082,0,-0.130434783,0,0,0,0
8069,AATGTCCACAACATCTTCACCAG,0,0,0.005650915,0,0.104591523,485,158.4939178,0,0,0,0,0,0
8070,AAAGCAGAAGGGGAGGCACAGGG,0,0,0.230530754,0.384496542,0.372711207,425,203.0918958,0,-0.217391304,0,0,0,0
8071,AAAAGATAAGAAAAGGCCCATGA,0,0,0.003322452,0,0.07787432,455,181.0205654,0.913043478,0.02173913,0,0,0,0
8072,GACTTCTTTGTATTGTTTTCCAG,0,0,0.017482517,0,0.091110952,455,180.7688626,0.22173913,0.086956522,0,0,0,0
8073,GACCCTCCCCTCCCTGCCTCCAG,0,0,0.004938272,0,0.128747462,425,193.8770938,0,0.086956522,0,0,1,0
8074,GGCCCTGCTGCTGGAGGTGCTGG,0,0,0.080672269,0,0.853783598,560,178.4290197,0.7,0,0,0,0,0
8075,TGGATGGAGGGATGAGTAGGTGG,0,0,0.028676471,0,0.23810788,395,156.0462053,0,0.086956522,0,0,0,0
8076,GACTTGTCCCCACCCACCTTCAG,0,0,0.068564432,0.82579023,0.82579023,620,212.785879,0,0.543478261,0,0,0,0
8077,AGAAAAAACCCAGCATCCTTCAG,0,0,0.116666667,0.354799862,0.354799862,552.5,185.5408193,0,-0.956521739,0,0,0,0
8078,CCTGCCCCCTCCCTACTCCCAGA,0,0,0.007603363,0,0.146542136,455,173.3609824,0,-0.043478261,0,0,1,0
8079,AAATAATTAGAAGGGGCACAAGA,0,0,0.006878307,0,0.145600377,522.5,200.7894976,0,-0.413043478,0,0,0,0
8080,CTGGCCCCAAAGTGCAATAATAG,0,0,0.03145679,0,0.203383055,455,183.194832,0,-0.043478261,0,0,0,0
8081,CCCATCGTTGCAGACACACATGA,0,0,0.001485443,0,0.230106822,522.5,194.5182442,0,0,0,0,0,0
8082,CAAAGAGAAGAAGAGGAAGAAAG,0,0,0.00617284,0,0.202836708,485,166.592289,0,-0.5,0,0,0,0
8083,CCTGCCTGCCCTCTCCTCCCGGA,0,0,0.001007613,0,0.111239878,455,166.1534251,0.017391304,0.347826087,0,0,0,0
8084,TAAAACAAAGCAGACACTGCAGA,0,0,0.004160599,0,0.155902215,425,194.6200579,0.147826087,0.347826087,0,0,0,0
8085,GGTGACTGTGTGTGTGTATGGGG,0,0,0.132167832,0,0.041929522,485,167.0447913,0.008695652,-0.152173913,0,0,0,0
8086,ATATGAGAGGAAGAGACACTGGG,0,0,0.290909091,0,0.073296119,485,160.5741938,0.004347826,0.456521739,0,0,0,0
8087,GGGGGAGTCCCAGCGTCCGTGAG,0,0,0.0325,0.396161826,0.383433735,522.5,199.7312415,0.3,-0.47826087,0,0,0,0
8088,CCTTCCTCCACTATTCTCACAGA,0,0,0.001813002,0,0.136666136,425,189.6283215,NA,0.043478261,0,0,0,0
8089,CCTCCCTCAGCTCTACTTGCTGG,0,0,0.109393758,0.059728305,0.059728305,485,158.1952864,0,NA,0,0,0,0
8090,CCTGCCTCCTCTATCCTCCCTGG,0,0,0.017633229,0.043049833,0.043049833,357.5,159.7539215,0,-0.173913043,0,0,0,0
8091,TGTGTGTGAGTGTGGGGGTGTGG,0,0,0.001069519,0,0.163368333,455,182.7185474,0,-0.02173913,0,0,0,0
8092,TGTGAATGTGTGTGTGCCTGTGG,0,0,0.285714286,0,0.114716268,552.5,188.0309024,0,-0.695652174,0,0,0,0
8093,GGTTCCCCAAGGCCTGGCCTAAG,0,0,0.048357488,0,0.381664022,455,175.0643164,0,-0.043478261,0,0,0,0
8094,TGTGAATGTGTGTGTGCCTGTGA,0,0,0.01984127,0,0.114716268,552.5,188.0309024,0,-0.130434783,0,0,1,0
8095,GTCATCCATGACCTTCCCATGGA,0,0,0.001736111,0,0.152705616,425,196.1397139,0,0.326086957,0,0,0,0
8096,GACCCGCCACACCCGGCCTCAGA,0,0,0.001488095,0,0.141738197,522.5,196.1473971,0.004347826,-0.304347826,0,0,0,0
8097,GGAATGCCTTATAAAGCACCAAG,0,0,0.031410256,0.027263395,0.026427736,327.5,190.0454271,0,0.173913043,0,0,0,0
8098,TGTGAGTGTGTGTATGCGTGTGA,0,0,0.03125,0,0.270694992,530,204.801035,0.004347826,0,0,0,0,0
8099,GACATGATTTCATTATTTTCAAG,0,0,0.065359477,0.055812434,0.05392847,455,176.3128643,0.252173913,-0.043478261,0,0,0,0
8100,ATCACCTTAGCCATTACCAGGGG,0,0,0.171428572,0,0.292400968,455,180.9335964,0,-0.065217391,0,0,0,0
8101,ATGATCTTAGTCATTAGCTTTGG,0,0,0.018529412,0,0.264757925,485,160.548289,0.147826087,0.369565217,0,0,0,0
8102,GACACCTTCCACCCCGTCTCTGG,0,0,0.319298246,0,0.781869327,560,196.1571081,0,-0.217391304,0,0,0,0
8103,GGCTGGGGTGTGTTTTCTCCTGG,0,0,0,0.08793029,0.086446235,455,191.1937101,0,-0.586956522,0,0,0,0
8104,ATATGAGATGAAGAGACACCAGG,0,0,0.099173554,0,0.073296119,485,160.5741938,0.02173913,0.195652174,0,0,0,0
8105,GAGTGAGAGCAGAAGGGGAAAGA,0,0,0.001313025,0,0.060221432,485,177.851159,0.613043478,0.891304348,0,1,1,0
8106,CCTGCCTCTGCTGTAATCCCAGG,0,0,0.02468652,0.018628589,0.018329335,387.5,157.7044733,0,-0.282608696,0,0,0,0
8107,GGAATCCCTTTTGCCACATCAGG,0,0,0.0387305,0,0.010999708,290,150.7264689,0.939130435,-0.173913043,0,0,0,0
8108,TGGCCAGAGGAATGAGGGGTGGG,0,0,0.14117647,0.184472162,0.178245253,555,189.8287627,0,-0.391304348,0,0,0,0
8109,GGAACTGGTGCTGGGGGTGGGGG,0,0,0.193142857,0,0.242694227,522.5,197.4053811,0,0.195652174,0,0,0,0
8110,GCATCCCTAAACCCTGGGCAAGG,0,0,0.053529412,0.150546424,0.150546424,455,182.4327493,0.026086957,0,0,0,0,0
8111,GAAGGAGAAGAAAAGGCACAAAG,0,0,0.149572649,0,1.150704225,530,210.0270795,0,-0.347826087,0,0,0,0
8112,GGCACTGAGGCTGGAGAGGTGGA,0,0,0.009830247,0,0.047299809,417.5,132.5531388,0.004347826,-0.217391304,0,0,0,0
8113,TGGATGGAGGAGTGAGTGGATGG,0,0,0.040625,0,0.021131597,320,127.9368553,0.113043478,0.891304348,0,0,0,0
8114,GACACTGCTGGTAGAGGTGGGGG,0,0,0.104142012,0,0.187758966,425,199.2708154,0.026086957,-0.804347826,0,0,0,0
8115,GGCCCTGCGGCAGGACGAGGAGG,0,0,0,0,0.024931944,387.5,167.8985404,0.026086957,-0.456521739,0,0,0,0
8116,TGGACTGGAGCTGGAGGTGGGGA,0,0,0.01434949,0,0.822304167,620,211.6124027,0,0.173913043,0,0,0,0
8117,GAGGGGGAGAAGAAGAAGAAGGG,0,0,0.1625,0.760552802,0.760552802,622.5,210.2603596,0,0.391304348,0,0,0,0
8118,AGTGAGTGAGTGGGTGCATGAAG,0,0,0.042140468,0,0.254177778,462.5,185.4773462,0,0.108695652,0,0,0,0
8119,ACCATCGATCCAGACATACATGG,0,0,0.059893048,0.11360013,0.111580572,455,181.6236866,0,-0.543478261,0,0,0,0
8120,TGGATGGAGGCTTGAGGAGAAAG,0,0,0.019444444,0,0.304283316,365,169.3162159,0.030434783,0.043478261,0,0,0,0
8121,AGGAGGGTGGAAAGAGGAGTGGG,0,0,0.18989011,0,0.581724684,522.5,205.3125425,0,2.304347826,1,0,0,0
8122,GACTCCTCCAATGTCTAGGTGAG,0,0,0.052117759,0,0.10391963,455,169.3096154,0,-0.47826087,0,0,0,0
8123,TGGATGGAAGAAAGAGTAGGAGG,0,0,0.019634777,0,0.054313087,387.5,147.6171881,0.004347826,0.065217391,0,0,0,0
8124,GAGGCCAAGCAGAGCAAGAAGGA,0,0,0.00552399,0,0.039020901,425,190.097013,0.556521739,0.869565217,0,0,0,0
8125,TAGTGCGAGCAGAACAAGGACAG,0,0,0.015909091,0.141195423,0.141195423,455,172.9566585,0,0.130434783,0,0,0,0
8126,CACGCCCTCTGCCCCGCCTCCGA,0,0,0.015172736,0,0.73132116,522.5,207.1045799,0.004347826,-0.347826087,0,0,1,0
8127,GTCACCTCCCATCATTAGGAAAG,0,0,0.002274204,0.057920224,0.056989779,357.5,153.3643215,0,-0.152173913,0,0,0,0
8128,TGTGTGTGAGTGTGTGTGTATGA,0,0,0.01104798,0,0.268517165,485,159.787969,0.004347826,-0.326086957,0,0,0,0
8129,GTGTCAGAGCAGCAGAAAAATGA,0,0,0.00683527,0,0.072659895,455,182.2513622,0.004347826,0.239130435,0,0,0,0
8130,TGTGTGTGAGTGTGTGTGTATGG,0,0,0.159090909,0,0.268517165,485,159.787969,0.02173913,0.260869565,0,0,0,0
8131,GACACAAATGCAGAGTTTTGGAG,0,0,0.025490196,0,0.158255886,552.5,173.9334549,0,-0.130434783,0,0,0,0
8132,GAAGGAGAAGGAGAAGCACAAAG,0,0,0.09912854,0,0.223580696,425,197.8892947,0.504347826,-0.152173913,0,0,0,0
8133,ATCACCACAGAGTAGAGCAGTGG,0,0,0.296846011,0,0.30473625,552.5,181.1524028,0,-0.347826087,0,0,0,0
8134,TGTGAGTGAATGTGTGCCAGGGG,0,0,0.126984127,0,0.0951046,485,158.0369304,0,0,0,0,0,0
8135,TGTGAGTGACTGTGGGTGTGTGG,0,0,0.009333333,0,0.150462235,455,179.0151309,0,-0.304347826,0,0,0,0
8136,GAGTTGTCTTCCTTGTTCCCTGG,0,0,0.036297641,0,0.24194961,455,177.1080827,0,-0.217391304,0,0,0,0
8137,AAAAGAGAGAAAGAGGCAAAAAG,0,0,0.032921811,0.280662086,0.280662086,552.5,178.6268833,0.056521739,0.065217391,0,0,0,0
8138,TGTGACTGTGTGTGTGCATGTGA,0,0,0.019667832,0,0.114716268,552.5,188.0309024,0,-0.260869565,0,0,0,0
8139,ATGCACAGCAGTGCTTAGAGTGA,0,0,0.000482336,0,0.057131627,425,189.3803768,0,-0.217391304,0,0,0,0
8140,TTGAAGACGAGAGAGTAGAGAAG,0,0,0.064197531,0,0.260205944,522.5,205.7381352,NA,0.043478261,0,0,0,1
8141,GAAGACTAACCATAGACTACTGA,0,0,0.004340278,0,0.313735196,552.5,180.2034828,0,-0.065217391,0,0,0,0
8142,CCTGCCTCAGCTGCACTCAGGGG,0,0,0.001964422,0.021717625,0.02101987,357.5,156.9641145,0,0.434782609,0,0,0,0
8143,CCTGCCTCCTCTCCTCTCCCTGG,0,0,0.009605911,0.016574742,0.016574742,357.5,157.6140574,0,-0.586956522,0,0,0,0
8144,CCCAGACATGCAGGGACACAAAG,0,0,0.027961591,0.118783686,0.118783686,522.5,199.4947749,0,0.413043478,0,0,0,1
8145,TGGATGGAGGGACGAGGAATGGG,0,0,0.366541353,0,0.180800032,365,173.9225958,0,-0.152173913,0,0,0,0
8146,AAAGGAAAAAGAGAGGCACACAG,0,0,0.098302469,0,0.476527186,522.5,204.7213991,0,-0.260869565,0,0,0,0
8147,AATCACCACTACAGCCTGGAGAG,0,0,0,0.014565495,0.014565495,387.5,150.5158821,0,-0.369565217,0,0,0,0
8148,GGGAAATACCCTGCTTCAGTTGG,0,0,0.02051282,0,0.025254118,357.5,169.4703639,0,-0.434782609,0,0,0,0
8149,GGCACTGGGGCTGGGGGTCGCAG,0,0,0.048563218,0,0.237626667,462.5,172.3451615,0,0.130434783,0,0,0,0
8150,GACCACCTCCTCCCTGCCCCTGG,0,0,0.003233548,0,0.070427919,357.5,166.7265748,0,0.217391304,0,0,0,0
8151,GGCACTGAGTGTGGAGGTGAAGA,0,0,0.008595784,0,0.320401983,455,167.740763,0.082608696,0.391304348,0,0,1,0
8152,AAAAGAGATCATGAGGCACAAGG,0,0,0.038095238,0,0.377902973,522.5,201.6587828,0.02173913,-0.02173913,0,0,0,0
8153,GTCTGTGCCTCTGGAAGGATGGA,0,0,0.052401485,0,0.272333333,552.5,198.5717572,0,0.02173913,0,0,0,0
8154,TATGACCACTACATAACCAAAGA,0,0,0.010893246,0,0.028099353,412.5,166.7184415,0,-0.97826087,0,0,0,0
8155,AGATGACAGGAAGAGACACAGAG,0,0,0.095061728,0,0.107893899,552.5,195.328613,0.439130435,1.608695652,0,0,0,0
8156,TCAGAGTGAGTGAGTGCGTGTGA,0,0,0.023774302,0,0.573580538,525,208.9326795,0,-0.260869565,0,0,0,0
8157,GACACCCAAGCTTAGTTTTCAAG,0,0,0.00162037,0,0.081515342,357.5,162.4637983,0.060869565,0.217391304,0,0,0,0
8158,GAGGAGTGTGTGTGTGCATGTGA,0,0,0.012204142,0,0.186959075,552.5,189.0488864,0,-0.108695652,0,0,0,0
8159,GCGTCCCCAAAGGACGGCCATAG,0,0,0.001687328,0,0.022904218,362.5,183.3264732,0,-0.369565217,1,0,1,0
8160,GGGAGGGGGGTGGTTGCTACTGG,0,0,0.016381134,0,0.107124019,357.5,171.8489958,0.343478261,-0.02173913,0,0,0,0
8161,TGCGAGTGTGTGTGTGTGTGAAG,0,0,0.031111111,0,0.367241041,552.5,193.7261086,0.104347826,0.369565217,0,0,0,0
8162,GGAAGCCTTTCTTCACCACCCAG,0,0,0,0,0.095234639,455,188.0241166,0,0.369565217,0,0,0,0
8163,GGTGTGTGTGTGTGTACGTGGGG,0,0,0.218181818,0.303919026,0.295814519,560,197.8634738,0,-0.195652174,0,0,0,0
8164,GGCTCTGTGGCCGGAGGAGGCGG,0,0,0.351674641,0,0.144953165,455,182.0871493,0.539130435,0.5,0,0,0,0
8165,GACTCCCCGAGGCCTGGCCAGGA,0,0,0.021885522,0,0.906187764,530,209.9701359,0,0.347826087,0,1,1,0
8166,TTCTCCAAGCAGAAGAAGAAGAG,0,0,0.072520072,0.919204167,0.919204167,622.5,216.0488192,NA,-0.413043478,0,0,0,0
8167,TGAATGGAGGAGTCAGGATTTGA,0,0,0.010747354,0,0.036050492,357.5,168.568715,0.017391304,0.47826087,0,0,0,0
8168,AAGTGAGAGTAGAAGAAGAATGG,0,0,0.471932774,0.797205949,0.797205949,620,211.1339596,0.004347826,0.152173913,0,0,0,0
8169,ATGTAAACCAGTGGGTAAAGCAG,0,0,0.049494949,0,0.026558543,455,179.4778981,0,0.195652174,0,0,0,0
8170,GACATCCATGTCCCGCCCAAAAG,0,0,0.001432292,0,0.0170956,357.5,153.8330131,0,-0.239130435,0,0,0,0
8171,ACCACTGTGGCTGGAGATGGCAG,0,0,0.131923077,0,0.609583333,552.5,194.874072,0,0,0,0,0,0
8172,CAGTGGGGGGAGCTTTCTCCTGG,0,0,0,0.105393,0.105393,455,192.1722536,0,-0.52173913,0,0,1,0
8173,CCTGGGAGTAGAGCAGATGCAAG,0,0,0.073489683,0.082004963,0.082004963,455,177.7533251,0.008695652,-0.543478261,0,0,0,1
8174,GTTGAGTGTGTGTGTGACTGAGA,0,0,0.005892256,0,0.073001262,485,168.5907753,0.004347826,-0.413043478,0,0,0,0
8175,AAAAGAGAAGAAAAGGTACAGAG,0,0,0.053181386,0,0.443021127,462.5,189.0409684,0,1.152173913,0,0,0,0
8176,GAATCGGAGAAGAAGAAAAAAGA,0,0,0.015625,0,0.170498415,552.5,186.4709463,0.034782609,0.086956522,0,0,0,0
8177,CCAGACAGTAGAGCTGAGCCTGG,0,0,0.021831617,0.079454795,0.076772777,455,171.1706745,0,-0.130434783,0,0,0,0
8178,GACCTGTTTTCATTGCTGTTGGA,0,0,0.001198257,0,0.022258348,417.5,138.4770409,0.491304348,0.391304348,0,0,0,0
8179,TGGATAGAGGGGTGAGGAGAGGG,0,0,0.2640625,0.107168933,0.103551416,357.5,166.3302319,0.039130435,0.804347826,0,0,0,0
8180,CCCTGTGACTCTCTATGGAGAGA,0,0,0.001100791,0,0.0361443,357.5,157.8240779,0,-0.195652174,0,0,0,0
8181,TGTGAGGAGGAAAGAGGAGTAAG,0,0,0.028044872,0.554851378,0.545938102,525,207.0107595,0,-0.065217391,0,0,0,0
8182,AAATAAGAAGAAGAAGGAAAAGA,0,0,0.001428022,0,0.048855403,387.5,151.9705474,0.147826087,-0.086956522,0,0,0,0
8183,CCTAACCACCAAGAGACACAAAG,0,0,0.061698718,0.470809763,0.456378813,522.5,207.1938159,0.317391304,0.152173913,0,0,0,0
8184,CACACTGGGGCTGCAGGTGGAGA,0,0,0.011563691,0,0.223971519,522.5,204.2209984,0,-0.673913043,0,0,0,0
8185,GGGATGGAGGAGGGAGAAGTTGG,0,0,0.168199958,0.118167867,0.116067105,357.5,180.9984679,0.426086957,-0.130434783,0,0,0,1
8186,TGGATGGATGAAGGACGGGTGGA,0,0,0,0,0.011404919,387.5,163.0291399,0,-0.239130435,0,0,0,0
8187,CCCATCCATGCAGAGCCATACAG,0,0,0,0.136810364,0.13334681,492.5,167.3718378,0,-0.304347826,0,0,0,0
8188,GAACACCAGGCAGAGACTGGTGA,0,0,0.000310813,0,0.101231451,455,166.2201184,0,-0.565217391,0,0,0,0
8189,GGCACAGCCGCTGGATGGGGTGA,0,0,0,0,0.01873215,485,170.7424765,0,-1.130434783,0,0,0,0
8190,GGCCCTCTCCACCAGGCCTCAGG,0,0,0.013,0,0.036314742,425,191.3278098,0.069565217,-0.086956522,0,0,0,0
8191,GACAAGTTTTCTTTATTCTCCAG,0,0,0.019365771,0,0.188649398,425,195.114958,0,0.108695652,0,0,0,0
8192,TGGATGCAGGACAGAGCAGTAAG,0,0,0.007640708,0,0.071632981,357.5,178.6152871,0,-0.239130435,0,0,0,0
8193,AGTGAGTGAGTGATTGAGTGGAG,0,0,0.020102564,0,0.035150404,357.5,177.0753837,0.004347826,0.47826087,0,0,0,0
8194,CTCATACACACAGAGACACACAG,0,0,0.175084175,0.479391762,0.464697762,620,208.2224992,0,5.630434783,0,0,0,0
8195,GAGCCCCTGCACCCAGCCTATGA,0,0,0.002388301,0,0.106601012,455,163.3675981,0,0.086956522,0,0,0,0
8196,GGTGAGTGAGTGTGTGGCGAGAG,0,0,0.00170207,0,0.012934678,400,104.9049558,0,-0.5,1,0,1,0
8197,GGCACTGTCCCACCCACCCTTGA,0,0,0.003732961,0,0.34064625,552.5,184.9552193,0.043478261,-0.173913043,0,0,0,0
8198,GGTGTGTGGGTGTGTGTGTATGA,0,0,0.00736532,0,0.155313909,485,155.8281887,0,-0.717391304,0,0,0,0
8199,AACCCCCGCCACCCCTCCCCGGG,0,0,0,0,0.090617958,485,168.0637572,0,0.02173913,0,0,0,0
8200,GAGTCCCAGAAGAAGAATGAGAG,0,0,0.038618827,0,0.058378574,485,155.6537496,0,-1.652173913,0,0,0,0
8201,GGTGTGTGGGTGTGTGTGTATGG,0,0,0.106060606,0,0.155313909,485,155.8281887,0.095652174,0.565217391,0,0,0,0
8202,AAATGAGAAAAAGAGATTCAAAG,0,0,0.056460905,0,0.016316208,442.5,150.5103933,0.834782609,1.326086957,0,0,0,0
8203,GTGACTACAAGTGAGTAGAGTAG,0,0,0.103174603,0.520512228,0.50455783,620,212.1659156,0.026086957,0,0,0,0,0
8204,TCCATCCATCCATCCACACACAG,0,0,0.004545455,0,0.02322943,362.5,183.8544732,0,-0.347826087,0,0,0,0
8205,TACCCCCTCCACCCTGCTTTGAG,0,0,0.003333333,0,0.036635506,387.5,142.4320452,0,-0.52173913,1,0,0,0
8206,GAGCCACTGCACCCCGCCTCTGA,0,0,0.019959373,0,0.927057131,627.5,214.1262356,0.02173913,0.173913043,0,0,0,0
8207,GAGGGCGAGCAGAAGCAGGACGG,0,0,0,0,0.085785,485,169.0016542,0.113043478,0.347826087,0,0,0,0
8208,ACAGTGAGAAGAGAAGAGGCAGA,0,0,0.02124183,0,0.036674888,425,189.3940134,0,-0.239130435,0,0,0,0
8209,GGGTCCCAGCAGGAGAGGAAAGA,0,0,0.00439578,0,0.161125676,455,186.0913876,0,-0.47826087,0,0,0,0
8210,GGCCCAGACGGGGGACTTGAGAG,0,0,0,0,0.035480203,357.5,173.8668674,0,0.47826087,0,0,1,0
8211,GGATAGGGAGTGTGTGGGTGGAG,0,0,0.002330106,0.403345986,0.389730931,552.5,194.4291081,0,-0.130434783,0,0,0,0
8212,TGCCCCCTCCACCCCGACCCTGG,0,0,0.102988506,0,0.202836708,485,167.225889,0,-0.217391304,0,0,0,0
8213,GTTGTGTGTGTGTGTGCGGGGAG,0,0,0.008999082,0.315970766,0.30473625,552.5,182.9638997,0,-0.456521739,0,0,0,0
8214,CCAGCCTCCACTCCACTCACAGG,0,0,0.190476191,0.391301079,0.380866383,530,203.2410789,0,-0.47826087,0,0,0,1
8215,GGAGAGTGAGGGTGAGCCTGGGG,0,0,0.078768349,0,0.045512754,357.5,172.8115614,0,0.086956522,0,0,0,0
8216,AAATGCGAAGAAGAAGAAGAAGA,0,0,0.001733016,0,0.029557519,387.5,151.4728834,0,-0.434782609,0,0,0,0
8217,TTAACCTTAGTCATTACCTTTGA,0,0,0.042129629,0,0.687682923,552.5,180.2460801,0.104347826,0.195652174,0,0,0,0
8218,GGTGAGTTAGTGTGTGAATGAGA,0,0,0.014022436,0,0.212405926,492.5,170.8907387,0.034782609,-0.108695652,0,0,0,1
8219,GACACTGCCGATGGAGCTGGAAG,0,0,0.020845419,0,0.206712756,455,187.7840249,0,-0.369565217,0,0,0,0
8220,GCCCCCCTCGCCCCAGCCTCCGG,0,0,0.027160494,0,0.205917821,425,193.5311583,0.747826087,1.717391304,0,0,0,0
8221,CATATGTTTTCATTTTTCTCTGG,0,0,0.03340622,0,0.397208228,522.5,203.5913784,0,-0.130434783,0,0,0,0
8222,GACATGTTTTCATTTCACTCCGA,0,0,0.001679684,0,0.026676601,412.5,165.8448415,0,0.043478261,0,0,0,0
8223,TTAATTCCTTCTGCAGCAACTGG,0,0,0.253246753,0.318743398,0.318743398,552.5,186.4260161,0.069565217,0,0,0,0,0
8224,GCGGCCGATGAGAAGAAGAAGGG,0,0,0.101851852,0.792383078,0.768095474,620,209.1348832,0,-0.108695652,1,0,1,0
8225,GAGAAGCAGCAGAAGAAGAAAGG,0,0,0.093537415,0.539222871,0.539222871,625,212.8689152,0,-0.02173913,0,0,0,0
8226,TCAATGGAGGAATGAGTAGAAAG,0,0,0.018930288,0.264757925,0.264757925,485,160.308289,0,0.5,0,0,0,0
8227,GACATGTTTTCATTTATCTGGGA,0,0,0.000252626,0,0.030434884,387.5,149.6933526,0.2,0.326086957,0,0,0,0
8228,TGAATCTCTTCTTCAGCTCCAGG,0,0,0.121875,0.085051677,0.082027617,455,181.8941654,0,0,0,0,0,0
8229,AAATGTGAATAAGAAACACATAG,0,0,0.1416122,0,0.036748005,455,180.9268321,0,-0.065217391,0,0,0,0
8230,TGGATGGAGGAAGGCAGAGAGGA,0,0,0.00277915,0,0.010153707,290,141.0676321,0.32173913,-0.065217391,0,0,0,0
8231,TGTGTGTGATTGTGTGTGTGTGA,0,0,0.009574916,0,0.56142625,552.5,191.9338325,0,0.239130435,0,0,0,0
8232,TGTGTGTGATTGTGTGTGTGTGG,0,0,0.137878788,0.571587811,0.56142625,552.5,191.9338325,0,0.608695652,0,0,0,0
8233,TGGATGGGGGAGTCAGGAGGAGG,0,0,0.040056022,0,0.045950893,357.5,159.607298,0,0.782608696,0,0,0,0
8234,CCAGCCTCCTCTCTTCCCACCAG,0,0,0.02124183,0.145764397,0.140844079,455,178.4871309,0,0.195652174,0,0,0,0
8235,TGGAGTGAGAAATGAGGACTGGG,0,0,0.17851341,0.273051741,0.263834804,552.5,180.3859596,0.004347826,0.108695652,0,0,0,0
8236,CCAGAGAGTAAAGTGGAGGCAAG,0,0,0.095061728,0,0.220985232,432.5,201.2424116,0.004347826,-0.565217391,0,0,0,0
8237,GGTGAATGAGTGGGTGGGAGAGA,0,0,0.00030447,0,0.04268194,387.5,156.1805845,0.652173913,2.891304348,0,0,0,0
8238,GGCATCCTTTCTGCAGGATCAGG,0,0,0.010180995,0,0.189330488,485,163.838072,0,-0.434782609,0,0,0,0
8239,AAAAAAGAAGAAGAGACATAAGG,0,0,0.190476191,0,0.085785,485,169.0016542,0,-0.260869565,0,0,0,0
8240,GCTGCCTCCTCTATACTCACTGG,0,0,0.285326087,0,1.059798592,530,205.908943,0.069565217,3.739130435,0,0,1,0
8241,GGTTAATGAGTGAATGCGTGCAG,0,0,0.048951049,0,0.049912363,425,195.4019108,0,-0.02173913,0,0,0,0
8242,GGTGCGTGAGTGAGTGAGTACAG,0,0,0.03926282,0,0.098373949,387.5,150.2886485,0,-0.326086957,0,0,0,0
8243,GGAGAGTGTGTGTATGCGTTAAG,0,0,0.058333333,0,0.059266981,455,165.9354351,0,-0.239130435,0,0,0,0
8244,GCCTCCTTCCCAGACACCTAGAG,0,0,0.006327479,0.022631225,0.021867301,357.5,159.1379109,0.056521739,0.086956522,0,0,0,0
8245,TGTGAGTGAGAGTGAGAGTGAGA,0,0,0.014071637,0,0.090669425,357.5,177.7767837,0,-0.108695652,0,0,0,0
8246,CCTTTTGTCTCTGTATGGAGGAG,0,0,0.00251634,0,0.096999969,455,168.6068954,0,-0.586956522,0,0,0,0
8247,AGCACTGCAGCTGGAGCAGGGGA,0,0,0.006302521,0,0.073001262,485,168.8307753,0,-0.52173913,0,0,0,0
8248,GTCACTGCGGCTGCAGATGGCGG,0,0,0.254545455,0,0.180752073,462.5,187.5347043,0,-0.239130435,0,0,0,0
8249,GCCTCCACAAAGCCTTCCCAGAG,0,0,0,0.127309176,0.127309176,492.5,179.7422822,0.117391304,-0.282608696,0,0,0,1
8250,TACATCGATGCCCACCCCACAGG,0,0,0.037518038,0.05877923,0.057675395,357.5,164.1931317,0.217391304,-0.086956522,0,0,0,0
8251,ACTAGCACCAGTGAGTACAGGGA,0,0,0.010204082,0,0.305988667,552.5,191.7203467,0,0,0,0,0,0
8252,GGCTCTCTCCCACACTCCTTAGA,0,0,0,0,0.026311278,455,187.6492087,0,-0.239130435,0,0,1,0
8253,GCCTCCCCAACTCCTGACAAGGA,0,0,0.004273504,0,0.045200552,290,153.5197048,0,-0.52173913,0,0,0,0
8254,AATTGGGAAAATGAGGCACAAGA,0,0,0.010893246,0,0.386734172,522.5,204.1781791,0.013043478,-0.130434783,0,0,0,0
8255,TACACTTTAGCAGAGTTTTTAGG,0,0,0.227405248,0,0.564014727,622.5,211.9310182,0.260869565,-0.152173913,0,0,0,0
8256,GGCCACAAGGCATAGGCTGCAGG,0,0,0.043956044,0.161200343,0.155758982,552.5,197.1837938,0,0.043478261,0,0,0,0
8257,AGATGAGAACAAGAGACACCGGG,0,0,0.072727273,0,0.110484003,485,159.5422378,0,-0.217391304,0,0,0,0
8258,GGGATGGAGGGAGGAAGAGTGGG,0,0,0.162192816,0,0.058493115,357.5,186.1821699,0,0.086956522,0,0,0,0
8259,CCCATCCTAGCAGTGACACAGGG,0,0,0.082539683,0.114446226,0.114446226,525,195.5094816,0.060869565,-0.173913043,0,0,0,0
8260,AGTGCGTGTGTGTGTGTGTGTGA,0,0,0.00875,0,0.372455417,552.5,192.9657886,0,-0.173913043,0,0,0,0
8261,AGTGCGTGTGTGTGTGTGTGTGG,0,0,0.126,0.379196691,0.372455417,552.5,192.9657886,0,-0.086956522,0,0,0,0
8262,TGTGTCTTAGTGTGTGCGTGAGA,0,0,0.010761019,0,0.82579023,620,213.025879,0,0.086956522,0,0,0,0
8263,CTCCTGCATCCAGAAACACAGGA,0,0,0.010485478,0,0.243723101,522.5,202.0933944,0.047826087,-0.065217391,0,0,0,0
8264,AATATGTTCTCATTGTTCTCTAG,0,0,0.07051282,0,0.822304167,620,213.8386196,0,-0.434782609,0,0,0,0
8265,AATGGCCACTTCATCCACATGAG,0,0,0.018379487,0.141078919,0.141078919,387.5,153.5578853,0,-0.652173913,0,0,0,0
8266,TGGATGGAGCTCTGAGGAGTCAG,0,0,0.008397061,0.583428198,0.583428198,467.5,201.4620794,0,0,0,0,1,0
8267,GGCGCTGCTGCAGGAGCTGGAGG,0,0,0.062745098,0,0.173969682,455,185.6644081,0.147826087,-0.152173913,0,0,0,0
8268,GGCAAGGGGGCTGGTGGTGGTGA,0,0,0.002915452,0,0.23197741,522.5,198.8188575,0.317391304,-0.304347826,0,0,0,0
8269,GACATGGTTTCATTGTTGCCTGA,0,0,0.000715484,0,0.066766665,485,159.771886,0.030434783,0.456521739,0,0,0,0
8270,ACTCCCCTCCACCCCACCTCTGA,0,0,0.033761161,0,0.268520667,555,201.1435741,0,0.043478261,0,0,0,0
8271,TGGATGGTGAGATGAGGAATAAG,0,0,0.048148148,0.238013175,0.230366165,455,174.130363,0,0.260869565,0,0,0,0
8272,GGTGTGGCAGTGTGTGCCTGCAG,0,0,0.016250997,0,0.201225633,552.5,187.005349,0,-0.282608696,0,0,0,0
8273,ATGAAGATCAGTGAGTAAACTGA,0,0,0.009014423,0,0.074328271,485,151.7532658,0,-0.804347826,0,0,0,0
8274,AATGACAACTTCTTCCTAAACAG,0,0,0.009664694,0.042502899,0.041137344,357.5,175.6640817,0.104347826,0.195652174,0,0,0,0
8275,GCTTCTTGTTCACCCACCTTGGA,0,0,0.028833061,0,0.757342138,622.5,206.6206663,0,-0.543478261,1,0,0,0
8276,TTGAACACGAGTGGGGAGAGAGG,0,0,0.1,0,0.024792954,455,186.3126091,0,-0.065217391,0,0,0,0
8277,AAATGTGAAGAAGAGGCTTGAGG,0,0,0.12605042,0,0.023413405,442.5,124.1050829,0.104347826,0.260869565,0,0,0,0
8278,TGGACTGAGGCTGCAGGTGGAGA,0,0,0.009672619,0,0.220835918,522.5,203.9329984,0.173913043,0.630434783,0,0,0,0
8279,TGTATGGAGGAAAGTGGAGGTGA,0,0,0.000848416,0,0.06751979,357.5,157.828058,0.226086957,0.326086957,0,0,0,0
8280,AAAGTAGAAAAAGAGGCAAAGGG,0,0,0.075,0,0.45934875,552.5,181.2983436,0.108695652,0.260869565,0,0,0,0
8281,ATGTACACCAATGTGTATAGAGA,0,0,0.015712682,0,0.024363622,357.5,175.0337984,0.052173913,0.086956522,0,0,0,0
8282,AAATGAGAAGGTGAGTGACAAGG,0,0,0,0,0.024680936,290,166.9792789,0.32173913,0.326086957,0,0,0,0
8283,TGTGTGTGCGTGTGTACGTGTGA,0,0,0.014430014,0,0.166395667,552.5,196.6634738,0,-0.326086957,0,0,0,0
8284,CCAGTGAGCACAGAGGAGGTGGA,0,0,0.002884615,0,0.030144775,357.5,160.2333514,0.047826087,0.173913043,0,0,0,0
8285,CACTGTACCTCTGAATGGATAAG,0,0,0.141414141,0.152972547,0.152972547,522.5,201.8378176,0.991304348,5.217391304,0,0,0,0
8286,GCTGTGTGTGTGTGTGAGTGGAG,0,0,0.018275058,0.372455417,0.372455417,552.5,192.7257886,0.017391304,-0.086956522,0,0,0,0
8287,CCTGCCTCCTCTCTGCTGAGGGG,0,0,0.004142157,0.029334274,0.02886304,387.5,137.4403088,0.039130435,-0.108695652,0,0,0,0
8288,CTTGCACTGCAGGCCAGTAATGA,0,0,0.016121032,0,0.075179117,522.5,198.715234,0.143478261,0.239130435,0,0,0,0
8289,GAGGTCGAAGTCATCCCCATAGG,0,0,0.111607143,0.339014192,0.333568181,522.5,204.3392991,0.013043478,0.086956522,0,0,0,0
8290,GAAAACAATGCATAGAATGACGA,0,0,0.008187134,0,0.155313909,485,156.2429087,0,-0.543478261,0,0,0,0
8291,AGAGGAGAAGAAGAGGAAGAAGA,0,0,0.002025463,0,0.19201875,485,166.352289,0,0.02173913,0,0,0,0
8292,GACTTGTTTTCATTTGTCATCAG,0,0,0.001098901,0.008139896,0.007901364,320,119.8189527,0.030434783,-0.543478261,0,0,0,0
8293,TCCTTGTTTTCTTTGTGCTCTGG,0,0,0.030812325,0.305343326,0.299915,455,190.2577885,0,0.152173913,0,1,0,0
8294,GAGTAGGATCAGGAGAAGAAGGG,0,0,0.099378882,0,0.19526388,522.5,202.6665951,0.034782609,-0.152173913,0,0,0,0
8295,TGGAGGAAGTAATGTGGAGTAGG,0,0,0.104,0,0.241196307,522.5,196.3297412,0,-0.130434783,0,0,0,0
8296,TGGATGGATGAATGGAGGGTCAG,0,0,0.035950617,0,0.00789798,387.5,158.3214389,0.013043478,-0.217391304,0,0,0,0
8297,AAATAAACAGAAGAGGAACAAGG,0,0,0.173333334,0,0.395264636,552.5,191.4425712,0,-0.152173913,0,0,0,0
8298,CCTGCCTCCTCCCTACCCTCTGA,0,0,0.020317337,0,0.07862335,387.5,154.7580521,0,-0.02173913,0,0,0,0
8299,AAATGGGCAGATGAGGGACAGGG,0,0,0.006002401,0.169402197,0.163959556,455,185.6119875,0,-0.239130435,0,0,0,0
8300,GAAATGTTCTCATTGTTCTTCAG,0,0,0.02962963,0,0.397764972,552.5,176.7010197,0,-0.043478261,0,0,0,0
8301,TGTGAGTGTGTGCGTGTGTGTGG,0,0,0.221052632,0,0.144140246,455,184.754788,0.069565217,0.152173913,0,0,0,0
8302,GCCACTGTGGCTGGAGCAGGGAG,0,0,0.024635495,0,0.119478333,485,169.4507387,0.473913043,3.086956522,0,0,0,0
8303,CCAGAGGGTACAGCGGAAGCGAG,0,0,0.027149321,0.113597483,0.111680226,455,183.8750822,0.039130435,0.130434783,0,0,0,0
8304,GGGATGGATGAGAGAGGAGTAGG,0,0,0.255072463,0,0.174873421,425,198.0247987,0.056521739,0.173913043,0,0,0,0
8305,GGTCAGTGAGTCTGAGGGTGAAG,0,0,0.002474638,0,0.076307487,357.5,175.4171669,0,0.086956522,0,0,0,0
8306,GAGCCCGAGCAGGAGAAGTGGGA,0,0,0.012066847,0,0.080487776,387.5,140.9414796,0,NA,0,0,0,0
8307,GAAAACAAAGTATAGATTTCTGA,0,0,0.005598041,0,0.106570406,387.5,160.3622053,0.247826087,-0.217391304,0,0,0,0
8308,GCAATGAGCAGAGGGGAGGCCGG,0,0,0,0.139195896,0.136846598,522.5,202.727435,0.008695652,-0.413043478,0,0,0,0
8309,ATGCAAAGCAGTGTGTAGAGGGA,0,0,0.007803121,0,0.128972515,522.5,201.8014144,0,0.065217391,0,0,0,0
8310,GGCGCTGCTGGTGGTGGTGGTAG,0,0,0.004320988,0,0.130024297,425,193.9295144,0,-0.391304348,0,0,0,0
8311,CAAGTAGAAGAAGAGGCAGAGGA,0,0,0.001395089,0,0.526848592,552.5,186.2900801,0.086956522,-0.195652174,0,0,0,0
8312,GAGTGAGAAGCTGAGGCACAAGG,0,0,0.081481481,0.397990615,0.385203768,425,204.7258158,0.026086957,0.260869565,0,0,0,0
8313,GGCACTGAGGCTAGGCGTGGCAG,0,0,0,0,0.024349417,357.5,175.105415,0,-0.02173913,0,0,0,0
8314,AGTGAGTGCGGGTGTGTGTGTGA,0,0,0.006666667,0,0.206712756,455,188.0240249,0,-0.239130435,0,0,0,0
8315,AGGATGGAGGTATGAGGTATGGG,0,0,0.10989011,0,0.05731059,387.5,156.7985831,0,-0.065217391,0,0,0,0
8316,CCCAGCCATCCACAGACACTGAG,0,0,0.041918129,0.524136923,0.508491045,462.5,172.4747595,0.008695652,-0.260869565,0,0,0,0
8317,CTGAACATCAGTCAGTAGTGTGA,0,0,0.011808367,0,0.203890405,455,175.8528626,0,-0.195652174,0,0,0,0
8318,TGTGTGTGAATGTGTGCATGTGG,0,0,0.234965035,0.296354032,0.285817,552.5,187.4966103,0,-0.608695652,0,0,0,0
8319,TGTGTGTGAATGTGTGCATGTGA,0,0,0.016317016,0,0.285817,552.5,187.4966103,0,-0.239130435,0,0,0,0
8320,AAATAAAAAGAAGAGGAACTAGA,0,0,0.016851852,0,0.173616039,485,157.4047882,0,-0.47826087,0,0,0,0
8321,GCCAACAATTCAGAGACACATAG,0,0,0.083546462,0.89998622,0.89998622,620,210.5367628,0,-0.086956522,0,0,0,0
8322,ACTTCTTGCCCAGCCACCTTGGA,0,0,0.004296875,0,0.573580538,522.5,206.0728625,0,-0.152173913,0,0,0,0
8323,AGCCCTGGGGCTGGGGGTGGCAG,0,0,0.034411765,0,0.402848101,522.5,201.0195615,0.169565217,0.130434783,0,0,0,0
8324,CCTGCCTGAGCCCTGCTCACAGA,0,0,0.023563373,0,0.109965252,425,190.2172807,0.004347826,0.369565217,0,0,0,0
8325,GGAATTTCTTCTGCAGCATCTGA,0,0,0.024181547,0,0.387025317,560,185.4828353,0,-0.543478261,0,0,0,0
8326,TAGAATGAGGAATGAAGAGTTAG,0,0,0.073124406,0.161883734,0.156419304,552.5,198.5972701,1,5.173913043,0,0,0,0
8327,GGACCAGAGGCTGGAGGTGGAAG,0,0,0.044673929,0,0.778438874,620,212.912599,0.008695652,0.347826087,0,0,0,0
8328,CCCTGGATCTCTTGATGGAGTAG,0,0,0.007843137,0,0.100237361,455,168.3939147,0.182608696,-0.260869565,0,0,0,0
8329,GGCGCTGCGGCGGGAGGTGGAGG,0,0,0.3125,0,3.70952381,537.5,213.0102996,0.913043478,6.47826087,0,0,0,0
8330,GGGTGGGGGGATTTTGACCACAG,0,0,0.00997151,0,0.021131597,320,127.9368553,0,-0.347826087,0,0,0,0
8331,AAATGTGACACAGAGGCACAAAG,0,0,0.039506173,0,0.246570675,525,202.2324155,0,-0.5,0,0,0,0
8332,GCAGAGAGTAGAGCGGTGGCTGG,0,0,0.060869565,0,1.290123457,560,198.1255689,0,0.130434783,0,0,0,0
8333,GGGAAGGACCTAGCCTCCCTTGA,0,0,0.00186595,0,0.042608891,357.5,166.2289108,0.030434783,0.217391304,0,0,0,0
8334,AGTGAGTGAGTGAGTGAGAGGGG,0,0,0.083076923,0,0.078497806,387.5,157.9665685,0.147826087,-0.043478261,0,0,0,0
8335,GGTGAGTGTGGGGGTGCGAGCAG,0,0,0.004637681,0,0.059144074,357.5,168.7628155,0,-0.130434783,0,0,0,0
8336,GAAGACAGAGCATAGACAGGTGG,0,0,0.014379085,0,0.129409,485,152.6656498,0,-0.413043478,0,0,0,0
8337,GACTTGTTTTCATTGTTGTGTAG,0,0,0.002033406,0.446237931,0.446237931,500,159.0390668,0,-0.391304348,0,0,0,0
8338,AAATGAGAAGAAAAGGCCCCTGA,0,0,0.002775003,0,0.08045186,395,148.3397463,0,-0.826086957,0,0,0,0
8339,AAATGAGAAGTAGAGATGCAGAG,0,0,0.014890788,0,0.009832243,345,149.2720461,0,0.043478261,0,0,0,0
8340,TCTGCCTCCACTGTGCTCACTGA,0,0,0.005744949,0,0.14358594,425,190.5019215,0,-0.695652174,0,0,0,0
8341,CCTGCGAGTAGAGCTGTGGCAGG,0,0,0.013445378,0.158267532,0.152925168,455,182.1905474,0,0.217391304,0,0,0,0
8342,AGATGAGGAAAGGAGGCACAGGG,0,0,0.39545679,0,0.648306325,522.5,203.1523462,0.1,0.739130435,0,0,0,0
8343,AAAGGAGAAGAAGAAGAAAAAGA,0,0,0.008169935,0,0.051461025,387.5,152.3852674,0,1.695652174,0,0,0,0
8344,CCATCCCCACTGCCTGGCCAGAG,0,0,0.016460905,0.732855442,0.721082663,522.5,207.4501799,0,-0.173913043,0,0,1,0
8345,CCCATCCAGCCTCAGACACCAGG,0,0,0.019746336,0.071711889,0.069407893,357.5,160.8871987,0,-0.130434783,0,1,0,1
8346,AACTCCAGTGAGCAAAGTGGAAG,0,0,0.078806642,0,0.030556834,357.5,169.1967246,0.108695652,0.043478261,0,0,0,0
8347,GGTGGGTGTATGTGTCCGTGTGG,0,0,0,0,0.138479285,552.5,191.6717373,0.143478261,-0.173913043,0,0,1,0
8348,AAACACAAACCACAGACTGGCAG,0,0,0.004334365,0,0.248589007,455,167.5713431,0.047826087,-0.260869565,0,0,0,0
8349,TGTGAGTGTGTGTGTATGTGCAG,0,0,0.072592593,0,0.064062332,485,176.9656827,0.047826087,0.47826087,0,0,0,0
8350,AACATCCATGCAGAGGCACATGA,0,0,0.003777087,0,0.250819,552.5,196.6798377,0,-0.130434783,0,0,0,0
8351,CATGAGTGGGTGTGTGCGTGGAG,0,0,0.104463438,1.632770745,1.632770745,627.5,216.2002196,0,0.086956522,0,0,0,0
8352,TATTGAGAAGAAAAGCCACACAG,0,0,0,0,0.103917498,455,191.8842536,0.243478261,0.391304348,1,0,0,0
8353,TGTGAGTGAATGTGTGTGAGTGA,0,0,0.008641975,0,0.186812608,485,162.4741526,0,-0.391304348,0,0,0,0
8354,TAATGTGAATAAGAGCCACACAG,0,0,0,0,0.151745495,552.5,195.1338537,0.830434783,-0.369565217,0,0,0,0
8355,GAGTCCTAGGAGTGGAAGAATGG,0,0,0.031111111,0,0.049509887,425,190.6865776,0,0.152173913,0,0,0,0
8356,TGGATGGAGGAAGTAGGGGGGAG,0,0,0.001273089,0,0.006432854,290,135.5005616,0,-0.130434783,0,0,0,0
8357,CGGGAGTGTGTGTGTGCATGTGG,0,0,0.148351648,0,0.186959075,552.5,189.2888864,0.07826087,0.326086957,0,0,0,0
8358,AAAAGAAAAGAAGAGGGAGAGGA,0,0,0.000243153,0,0.131148806,485,164.2091082,0.017391304,-0.217391304,0,0,0,0
8359,TGCGAGTGTGTGAGTGCGTGTGA,0,0,0.012362637,0,0.350457709,522.5,205.2128991,0.095652174,-0.086956522,0,0,0,0
8360,TGGATGGAGGGATGATGGATGGA,0,0,0,0,0.008044562,320,139.5101572,0,0.217391304,0,0,0,0
8361,GCATTCCCTTCTGGACCACCGAG,0,0,0,0,0.038523101,455,189.1587895,0.191304348,0.630434783,0,0,1,0
8362,GAGTGTGAGTAGAAGCAGAAAGA,0,0,0,0,0.137119423,552.5,193.8455337,0,0.152173913,0,0,0,1
8363,AAATGAGAAGATGAGGGAAAGGA,0,0,0.000583567,0,0.151764217,395,160.9497885,0.991304348,3.456521739,0,0,0,0
8364,TGTGTGTGCGTGTGTGCATGCAG,0,0,0.037296037,0,0.189613667,552.5,188.5285664,0,-0.326086957,0,0,0,0
8365,AAAAGTGAAGAAGAGGCAGAAAG,0,0,0.011022928,0,0.600485075,560,186.9924161,0,-0.434782609,0,0,0,0
8366,AAAGAAGAAAAAGAGACACAAAG,0,0,0.131069959,0,0.238119304,552.5,194.7579177,0.004347826,0.086956522,0,0,0,0
8367,CATTTGTTTTCATTTTTCTTGGA,0,0,0.001461522,0,0.184299023,455,167.3273785,0,-0.108695652,0,0,0,0
8368,TGAATGAATGAATGAGGAGTTGA,0,0,0.027777778,0,1.046578546,627.5,213.5290388,0,0.065217391,0,0,0,0
8369,GGGTGGGGGGAGTGTGGAACCAG,0,0,0,0,0.004621744,345,130.4033711,0,0.369565217,0,0,0,0
8370,GATTTGCTTTCATTCATCTCTGG,0,0,0.1171875,0.047463506,0.046662434,455,184.7933717,0,0.326086957,0,0,1,0
8371,GAAAACAAACCATAGAATTCTAG,0,0,0.027169157,0,0.176849269,485,161.6005526,0.360869565,-0.47826087,0,0,0,0
8372,CCAGTGAGTCCAGTGGAGGAGGA,0,0,0.003637566,0,0.045439178,357.5,159.2013953,0,-0.108695652,0,0,0,0
8373,GAAACCGAGCAGAAGAGGGACAG,0,0,0.006127451,0.192757284,0.189330488,485,166.064289,0,0.043478261,0,0,0,0
8374,AAATGAGATGAAAAGGCCAATGA,0,0,0.003139717,0,0.020886916,387.5,149.5695659,0,-0.282608696,0,0,0,0
8375,TGTGTGTGTGTGTGTGCTTGCAG,0,0,0.037710438,0,0.189613667,552.5,188.5285664,0.213043478,-0.02173913,0,0,0,1
8376,GCCTCCTCCACGCCTGGCCTGGG,0,0,0.111428571,0.147669194,0.145176887,455,169.4893552,0,-0.108695652,0,0,0,0
8377,AAAAGATAACATGAGGCACAAGA,0,0,0.002519526,0,0.422434911,522.5,203.2353823,0,0.086956522,0,0,0,0
8378,AAGTCAAAAGAAGAGGCAGAGAG,0,0,0.0155607,0,0.335877203,552.5,184.2524993,0.047826087,-0.260869565,0,0,0,0
8379,GACTTGTTTTTATAGTTATGTGG,0,0,0.006033182,0.00967001,0.00967001,290,138.7697984,0.008695652,0.108695652,0,0,0,0
8380,CCCACCAGTGAGTAGACTGGCAG,0,0,0.026410564,0.123883065,0.119478333,485,172.5505557,0,-0.065217391,0,0,0,1
8381,GAGACGGAAGCAGATTTTTGAAG,0,0,0.001633987,0.109445593,0.105554194,455,165.5413945,0,-0.065217391,0,0,0,0
8382,TGGGTGGAGGAATGTTCAGTAAG,0,0,0,0,0.026676601,412.5,165.8448415,0,-0.086956522,0,0,0,0
8383,TCCATCTATCTAGAGAGACAGAG,0,0,0.003812636,0,0.231071706,455,189.6006244,0,0.043478261,0,0,0,0
8384,GATACTGAAGCAGAGATTGTAAG,0,0,0.037615741,0.05209954,0.051173326,485,168.8495902,0,-0.260869565,0,0,0,0
8385,GCCCTTGTCCCACCCACCTGCGG,0,0,0.042743741,0.459112755,0.45095075,552.5,177.5172993,0,0.391304348,0,0,1,0
8386,GCCTGGCTCTCTGGATGTATCAG,0,0,0.061996779,0,0.128234388,552.5,189.6075019,0.008695652,-0.456521739,0,0,0,0
8387,TTGATGGCTGAATGAGGGGTCAG,0,0,0.015084175,0,0.189613667,552.5,186.4770694,0,0.152173913,0,0,0,0
8388,AGAAGAGAACAAGAGGCACCAGG,0,0,0.034632035,0,0.642348856,552.5,175.9570637,0.008695652,0.02173913,0,0,0,0
8389,GACTTGTTTTCAGTTTTCAGTGA,0,0,4.35E-05,0,0.018595452,290,127.608058,0.060869565,0.347826087,0,0,0,0
8390,GTGATCACCAGGGAGTAGGGGAG,0,0,0.017676768,0,0.259209507,455,179.4475796,0,0.195652174,0,0,0,0
8391,GATGTGTGTGTGTGTGCGTGTGG,0,0,0.184615385,1.592455418,1.554082999,627.5,214.9118996,0,-0.782608696,0,0,0,0
8392,GTCATCTAATTCATTACTTGTGA,0,0,0.029017857,0,0.508119111,560,186.8851133,0,-0.065217391,0,0,0,0
8393,GGCATAGATAGCCTCCCCATTGA,0,0,0.019259259,0,0.442449302,522.5,205.9521959,0.008695652,-0.173913043,0,0,0,0
8394,GTGGCCCCACAGGGCAGGAATGG,0,0,0.152173913,0.668827687,0.647595062,560,194.4486667,0,-0.02173913,0,0,0,0
8395,GCCTGTTTTTCATTGTCCTCCAG,0,0,0.061350763,0,0.368797917,552.5,194.8995849,0,-0.108695652,0,0,0,0
8396,CTTGCCACACAATGCAGTAAAAG,0,0,0.054444444,0.330772786,0.330772786,432.5,200.8013982,0.004347826,0.347826087,0,0,0,0
8397,AAATCAGAAGCAGAAGAACAAAG,0,0,0.035787945,0,0.086078568,357.5,176.4884637,0,0.043478261,0,0,0,0
8398,GTCACCTCTAATGACTATTTTGA,0,0,0.018904321,0,0.022506057,442.5,121.9312865,0.543478261,0.413043478,0,0,0,0
8399,GAACACAAATCACAAACTACCAG,0,0,0.111799105,0,0.043049833,357.5,159.7539215,0,0.391304348,0,0,0,0
8400,AACTGAGAGGAAGAGGCGTAGAG,0,0,0.013675214,0,0.058892109,485,158.5408864,0,-0.391304348,0,0,1,0
8401,GTCATGTTGGCCAATACCTGTAG,0,0,0.035665295,0,0.04172441,425,195.5849673,0.030434783,-0.065217391,0,0,0,0
8402,GACCCCCTCGTCCCCGCCCTAAG,0,0,0.002567377,0,0.096062691,387.5,140.09258,0,0.826086957,0,1,1,0
8403,GGTGTGTGAATGTGTGTGTGTGG,0,0,0.158383839,0,1.054321596,560,193.1338325,0,-0.152173913,0,0,0,0
8404,GGCTCTGCGTCCGGAGGTGAGAG,0,0,0.119056519,0,0.299180403,455,168.4809632,0.191304348,-1.108695652,0,0,1,0
8405,AGATGGGAAGAAAAGGGACAAAG,0,0,0.008044243,0,0.142724794,455,186.6885844,0.869565217,3.869565217,0,0,0,0
8406,AAATCATAAGAACAAGCACATGA,0,0,0.012355819,0,0.101349588,425,191.8221571,0,0.456521739,0,0,0,0
8407,TGTGTGAGTGTGTGTGCGTGGAG,0,0,0.049494949,0,0.569608261,620,211.5687188,0,-0.347826087,0,0,0,0
8408,GCATCTCCAAAGCCTTCCCAAAG,0,0,0,0,0.059378332,485,178.611479,0.004347826,0.065217391,0,0,0,0
8409,TGTGAGAGAGTGTGTGTGTGGAG,0,0,0.105864198,0.881154321,0.881154321,560,197.0307081,0,-0.108695652,0,0,0,1
8410,GATTTGTTTTCAGTGTTTTTTGA,0,0,0.00240198,0,0.049380145,387.5,146.6117463,0,-0.152173913,0,0,0,0
8411,GGGGAGGGGGAGGTTGCCCCAGA,0,0,0.004205487,0,0.114018038,455,182.1154262,0.008695652,-0.086956522,0,0,0,0
8412,GGCATGTTAGTCATTTACTGCAG,0,0,0,0,0.063433242,485,178.899479,0,0.02173913,0,0,0,0
8413,CAAGGAGAAGTAGAGGCTCAGAG,0,0,0.021367521,0,0.172235,455,186.672983,0,0.282608696,1,0,1,0
8414,AAAGGACAAGAGCAGGCACATGA,0,0,0.009073972,0,0.186059692,425,198.7277982,0.982608696,-0.326086957,0,0,0,0
8415,CCCATCCCCACAGAGACACCTGG,0,0,0.077922078,0.352730832,0.352730832,555,170.0110663,0.204347826,-0.130434783,0,0,0,0
8416,ATGAACACCAATGGGAAGAACGG,0,0,0.397727273,0.008485927,0.008485927,290,146.9047058,0,-0.217391304,0,0,0,0
8417,CGTGTGTGAGCGTGTGCATGTGA,0,0,0.008325008,0,0.172235,455,186.258263,0.42173913,0.260869565,0,0,0,0
8418,ATGAAAAAGAGTGAGGAGAGGAG,0,0,0.033531746,0,0.090966306,552.5,193.0659928,0,-0.434782609,0,0,0,0
8419,GGCTCTGCGGCAGGAGGACGCAG,0,0,0.039444251,0,0.04809546,387.5,154.4389663,0.039130435,0.282608696,0,0,0,0
8420,GCTGCCCCCAGGCCTGGCCAGAG,0,0,0.041377315,0.470809763,0.456378813,522.5,207.6085359,0.5,1,0,0,0,0
8421,GGCCCTGGGGGTGGAGATGGGGA,0,0,0.003676471,0,0.321188687,455,188.0103883,0,-0.456521739,0,0,0,0
8422,AGATGGAAAGAAGAGGCCCATGG,0,0,0.108843537,0,0.128234388,552.5,189.3675019,0.160869565,5.347826087,0,0,0,1
8423,CCCAGTGTCCCTTGTTGGATGGA,0,0,0.001058201,0,0.136666136,425,189.6283215,0,-0.304347826,0,0,0,0
8424,GAAGACAAGGCACAGACTGGAAG,0,0,0.004013301,0,0.156120734,455,167.7296992,0.02173913,1.108695652,0,0,0,0
8425,GGCTGCCAAAAGCCTGGCCCTGG,0,0,0.061660079,0.697447183,0.697447183,552.5,177.4342631,0,-0.086956522,0,0,0,0
8426,CCTGCATCCTCTCCACTCAGAGG,0,0,0.012680072,0,0.052040787,455,163.645495,0,-0.086956522,0,0,0,0
8427,GCCTTCCCCTAACCTGGCCAAGG,0,0,0.29946524,0,0.377902973,522.5,201.2440628,0,-0.02173913,0,0,0,0
8428,CCTGTGAGTACAGAGGGGGCCGA,0,0,0.001297578,0,0.047187115,357.5,179.8166206,0,-0.152173913,0,0,1,0
8429,GGCACTGGGGTTGGGGGAGGCAG,0,0,0.022222222,0,0.041709922,357.5,170.2397445,0.27826087,0.152173913,0,0,0,1
8430,CCGTGTGGCTCTGGCTGGGTAGG,0,0,0.0375,0,0.13179369,455,170.6171615,0,0.282608696,0,0,1,0
8431,AGTGAGTGAGTGTGTTATTGTGA,0,0,0,0,0.020550273,442.5,155.5021298,0.656521739,0.217391304,0,0,1,0
8432,AACTGAGAAAAAGATACACATGA,0,0,0.003968254,0,0.06292255,455,182.1848161,0.02173913,-0.934782609,0,0,0,0
8433,AGGAAGGTGGAAGGAGGAGTTGG,0,0,0.055900621,0,0.581724684,522.5,205.3125425,0,0.02173913,0,0,0,0
8434,GGGTCGGAACAGAAGAGGAATGA,0,0,0.00315126,0,0.225335527,552.5,192.2281246,0,-0.5,0,0,0,0
8435,TGGGTGGAGGGATGATGAGTGGA,0,0,0,0,0.283840376,462.5,196.0078904,0.356521739,0.456521739,0,0,0,0
8436,ACCTCCCCAAGGCCTGGGCCTGG,0,0,0.017727273,0.07732033,0.075868305,387.5,150.4089831,0.891304348,0.02173913,0,0,1,0
8437,GGGTGGGGGGAATTTCCTCTCGG,0,0,0,0.094300415,0.094300415,395,158.2578737,0,0.02173913,0,0,0,0
8438,TACTTTTTTTCACTGTTGTCCAG,0,0,0.018193632,0,0.072659895,455,182.4913622,0,0.065217391,0,0,0,0
8439,TCCCTCCTTCCAGAGACGCATGG,0,0,0.060504202,0.321774194,0.310333333,552.5,189.8032498,0,-0.043478261,0,0,1,0
8440,CCTGCCTCCGTCCTACTCTCCAG,0,0,0.04069345,0,0.229854304,365,175.7058159,0.008695652,0.173913043,0,0,0,0
8441,GGGTGGGGGCTGCTTTCTCCCGG,0,0,0,0.046441516,0.046441516,357.5,181.1904334,0,0.108695652,0,0,0,0
8442,CCTGCCTCCTCTTCACTCAGCAG,0,0,0.002478213,0,0.031684616,357.5,155.9321585,0,-0.282608696,0,0,0,0
8443,GGGTGGGGGAAGTTTTCCTCCAG,0,0,0,0,0.01399298,417.5,140.7485045,0,-0.173913043,0,0,0,0
8444,GAGCCAGAATGAGCACGTGAGGG,0,0,0.362637363,1.570161043,1.532325837,627.5,215.6722196,0,-0.217391304,0,0,0,0
8445,GACAAAGAAGCAGGGTTTCTCAG,0,0,0.017709664,0.044174494,0.042683372,455,173.7385114,0,-0.239130435,0,0,0,0
8446,GAAGACAGAGCTTAGACTGGTGG,0,0,0.007189542,0,0.324843,455,170.3728827,0,0.108695652,0,0,0,0
8447,ACAAGAGAAGTAGAGGCAAATGA,0,0,0.003426279,0,0.27680625,455,181.1083164,0,-0.043478261,0,0,0,0
8448,GACTTCTTTCTCCTCCCCATTGA,0,0,0.004329004,0,0.858607543,620,207.8516658,0,-0.152173913,0,0,0,0
8449,CTTGCCCCTCACGGCAGCCAGGA,0,0,0.001955955,0,0.026553909,387.5,151.352786,0.013043478,-0.304347826,0,0,1,0
8450,GGCAGTGAGGCTGGCGGGGGAGG,0,0,0.035454545,0,0.078958228,455,175.1815082,0,-0.02173913,0,0,0,0
8451,GGGAAATGCACAGCAGCCGTTGG,0,0,0.125714286,0.15479763,0.15479763,552.5,191.4368399,0,-0.065217391,0,0,0,0
8452,AAAAGAAAAGAAGAAGCACAAGG,0,0,0.448179272,0,0.515234963,530,202.9361976,0,0.152173913,0,0,0,0
8453,GCCACTCCAAGGCCAGGCCAGGG,0,0,0.166398138,0.133021237,0.128747462,425,196.1033107,0.4,0,0,0,0,0
8454,CATGAGTGAGTGTGTAAGTGTGA,0,0,0.019586894,0,0.104848333,485,180.685463,0.004347826,-0.130434783,0,0,0,0
8455,AAATGAGAGGAAGTGGAGCAGAG,0,0,0.017207133,0,0.009828784,387.5,157.1915907,0,0.282608696,0,0,0,0
8456,GGGACTGCAGCTGGAGGGGTGGG,0,0,0.075,0,0.077961934,485,152.1512864,0,0.260869565,0,0,0,0
8457,CTCATCCAGCCTGAGAGACATGG,0,0,0.011034717,0.183248065,0.183248065,455,186.2980081,0,-0.02173913,0,0,0,0
8458,AAATGAGACAAAGAGAGACAAAG,0,0,0.008133624,0,0.050863282,485,171.9739463,0.147826087,0.152173913,0,0,0,0
8459,GGCGCCCTCCACCCTGCCTCGGG,0,0,0.026666667,0,0.79687011,530,205.0793784,0,-0.369565217,0,0,0,0
8460,AGCCCTGAGGCTGGAGTTGGGGA,0,0,0.003584559,0,0.609583333,552.5,194.240472,0,-0.043478261,0,0,0,0
8461,GACACTGAAGTAGAGATGTTGAG,0,0,0.022446689,0,0.017015292,387.5,168.4721731,0.104347826,-0.065217391,0,0,0,0
8462,CTGGCCCCACAGCACAGCAACAG,0,0,0.01754386,0,0.017644224,357.5,172.1101615,0,-0.239130435,0,0,0,0
8463,AGAATGACCAGTGAGTAGAGTAG,0,0,0.02969697,0,0.778438874,620,215.357696,0.082608696,0.108695652,0,0,0,0
8464,GTCACATCCAAGAATTAGGGAGA,0,0,0.001984127,0,0.044169427,327.5,185.9915734,0.017391304,0.282608696,0,0,0,0
8465,GGCCCGGATGGAGCATGTGACAG,0,0,0.024928775,0.085147804,0.083779968,552.5,191.1740733,0.060869565,0.369565217,0,0,0,0
8466,GCCACCCCTAATCCTGCCCAAAG,0,0,0.006703536,0,0.173969682,455,185.6644081,0,-0.326086957,0,0,0,0
8467,CAACCCCCCCACCCAGCCTCCAG,0,0,0.035665295,0,0.397208228,522.5,201.3651615,0,0.02173913,0,0,0,0
8468,AAATGAGAAGAATGAGAACAGGG,0,0,0.061490196,0,0.00776399,295,162.8683622,0,-0.152173913,0,0,0,0
8469,TGCGAGTGTGTGTGTGCGCGGGG,0,0,0.070935961,0,0.317397827,552.5,183.9642197,0.047826087,0.02173913,0,0,0,0
8470,GGTGAGAGAGAGTGTGTGAGGGA,0,0,0.006076389,0,0.06910214,387.5,158.8526245,1,5.217391304,0,0,0,0
8471,GGTGAATGTGTGGGTGTGTGTGA,0,0,0.005072464,0,0.078799562,455,182.968804,0,-0.913043478,0,0,0,0
8472,GAGTCCAAGCAGAATTCGAAAGA,0,0,0,0,0.017342041,412.5,164.3352607,0,-0.52173913,0,1,1,0
8473,GGTGACTGAGTGAGTGGGGGAGG,0,0,0.006941588,0,0.04268194,387.5,156.1805845,0,-0.47826087,0,0,0,0
8474,AAACCCAGTGAGTGGAGCCGAGG,0,0,0.063989182,0.074599572,0.073273358,455,175.4112154,0,0,0,0,0,0
8475,GGCACTGCAGTTGGGGGTGGGAG,0,0,0.033333333,0,0.231154305,432.5,196.0031144,0.947826087,-0.434782609,0,0,0,0
8476,GCCTCTCTCCCAGTCCCCTTTGA,0,0,0,0,0.009691743,357.5,178.3898881,0,-0.02173913,0,0,0,0
8477,TGGATGGATGCATGAAGAGAGGA,0,0,0.008333333,0,0.034797995,387.5,154.5841101,0.465217391,-0.065217391,0,0,0,0
8478,AAAACCAGTCATTAGAGGGGCAG,0,0,0.004609053,0.138653257,0.138653257,455,180.5408298,0,-0.065217391,0,0,0,0
8479,GAGTGGAGGGCGTTTGCCCCAAG,0,0,0.037606838,0,0.117636505,455,184.9234022,0,-0.586956522,0,0,0,0
8480,GTTGTGTGTGTGTGTGGGTGGGG,0,0,0.008167234,0.372455417,0.372455417,552.5,192.7257886,0,-0.086956522,0,0,0,0
8481,GGGGAGGAGGAAGGAGGAGTTAG,0,0,0.020216341,0,0.581724684,522.5,207.5387595,0,-0.304347826,0,0,0,0
8482,GCCTCCCCGAAGGGTGCCCAGGA,0,0,0,0,0.018514566,357.5,173.1156034,0,-0.195652174,0,0,0,0
8483,AGTGAGTGAGTGAGTGTGGGAGG,0,0,0.072692308,0,0.078497806,387.5,157.9665685,0,0.217391304,0,0,0,0
8484,TGGGTAGAGGAATGAAGAGCTGA,0,0,0.003945707,0,0.068705615,485,162.1143902,0,-0.543478261,0,0,0,0
8485,GAGTAGGGTCAGAAGAAGAAGAG,0,0,0.028971193,0.489552393,0.482379464,620,209.0660987,0.082608696,0.108695652,0,0,0,0
8486,GAGCCTGAGCAGAGGGAGAAGAG,0,0,0.013979666,0,0.023306476,455,187.6128055,0.42173913,-0.108695652,0,0,0,0
8487,CATGGCCACCACATTCTCAAAGA,0,0,0.00152381,0,0.371023101,522.5,198.712922,0,0.630434783,0,0,0,0
8488,GACCCCCCCCACCCCCCGCCCGG,0,0,0,0,0.015193247,417.5,142.6404239,0,0.065217391,0,0,0,0
8489,TGGAAGGAGGAAAGGGGAGGAGA,0,0,0.002757353,0,0.068478489,357.5,157.067738,0,0.130434783,0,0,0,0
8490,CGCTGTGTCTCAGGGTGGAGTAG,0,0,0.016550156,0.091962596,0.091962596,357.5,159.8992781,0,0,0,0,0,0
8491,GGTGAGTGAAAGTGTGACTGCAG,0,0,0.040329218,0,0.052648231,387.5,161.5687355,0,-0.02173913,0,0,0,0
8492,TGAGTGTGTGTGTGTGCGTGTGA,0,0,0.010822511,0,0.822304167,620,213.4238996,0,0.065217391,0,0,0,0
8493,GGTGTGTGAGTGTGTGGTTGGGG,0,0,0.014260249,0.230876006,0.224372457,492.5,172.7022357,0.134782609,0.195652174,0,0,0,0
8494,GGAGAGTGTGAGTGTGTGTGTGG,0,0,0.15,0,0.19349884,455,187.4960249,0,-0.97826087,0,0,1,0
8495,AATAACCACAAGATCATCAATAG,0,0,0.088888889,0,0.117154697,455,188.3301372,0,-0.02173913,0,0,0,0
8496,AGGAAGACCAGGGAGTGGAGGGG,0,0,0.037058823,0.181448575,0.181448575,455,188.4718045,0.182608696,0.02173913,0,0,0,0
8497,TGAGTGTGTGTGTGTGCGTGTGG,0,0,0.155844156,0,0.822304167,620,213.4238996,0.191304348,0.543478261,0,0,1,0
8498,GCCACATTACCACTCACCTTCGG,0,0,0.259410431,0.080088773,0.078802207,522.5,200.941451,0.434782609,1.369565217,0,0,0,0
8499,GGAGAGAGGGTGTGTGCATGCGG,0,0,0.288461538,0,0.127693048,552.5,186.9057056,0.665217391,1.326086957,0,0,0,0
8500,AAGATGGTGGAATGAGGAGATAG,0,0,0.052884615,0.710795455,0.697447183,552.5,178.7225831,0,0.369565217,0,0,0,0
8501,GGACTCCATTCTGCAGCAAATAG,0,0,0.012745098,0,0.20797875,485,147.3409832,0,-0.586956522,0,0,0,0
8502,TGGAAGGAGAAATGAGCACTTAG,0,0,0.012761375,0,0.167894875,485,161.1858326,0,0.282608696,0,0,0,0
8503,GAGTTTTTTTCACTGTTCTGTGA,0,0,0.001074991,0,0.152423407,455,170.2490955,0,-0.108695652,0,0,0,0
8504,GGCGAGTGAATGTGTGCCTGGGA,0,0,0.013227513,0,0.560826989,560,189.4569303,0,0.326086957,0,0,0,0
8505,TTTGTGTGACTGTGTGCGTGTGA,0,0,0.006427915,0,1.317695783,620,212.6799436,0,0.260869565,0,0,0,0
8506,AACACCACTGAGACGAGAGGTAG,0,0,0.012744652,0.016433955,0.016169956,357.5,169.5383446,0,-0.47826087,0,0,0,0
8507,TGTGTGTGAGTGTATGAGTGTGA,0,0,0.008838384,0,0.090827917,455,185.2863843,0,-0.760869565,0,0,0,0
8508,CCCACCCAACCACAGAGACAAAG,0,0,0.005962619,0,0.136842006,455,183.466468,0,0.152173913,0,0,0,0
8509,GACTTGTTTTCATTTTTTGGAGA,0,0,9.38E-05,0,0.00900388,345,111.6840453,0,-0.630434783,0,0,0,0
8510,GTCTTGCTTTCATTGTTTTGAGG,0,0,0.018907563,0,0.09336586,485,154.015886,0,-0.369565217,0,0,0,0
8511,GCCCCTGCCCCACCCACCTGTGG,1,0.001295856,0.067168736,0.459112755,0.45095075,552.5,175.7058023,0,0.065217391,0,0,1,0
8512,TGAAGTGCGGGTGGAGGTGGGAG,0,0,0.033703704,0,0.782934488,522.5,211.1535963,0.060869565,0.086956522,0,0,0,0
8513,CCAATGCATCCTGAGACACTTGG,0,0,0.086666667,0.200922506,0.193778595,455,172.0323156,1,2.043478261,0,0,0,1
8514,ACATGAGAAGAAGAATCAAACGA,0,0,0,0,0.02299038,387.5,156.7165526,0,-0.695652174,0,0,0,0
8515,AACTAAGAAAAAGAGGCCCAAAG,0,0,0.017119342,0,0.281815562,552.5,186.9686103,1,-0.108695652,0,0,0,0
8516,CCAATGAGTAGAGAGGCGGAGGA,0,0,0.001930147,0,0.037875241,387.5,148.5635044,0,-0.130434783,0,0,0,1
8517,AGGTACTAGCAGAAGAAGAAAGG,0,0,0.23510204,0,0.932255747,620,215.2884992,0.008695652,0.282608696,0,0,0,0
8518,GGGTGGGGGGAGTGTGTTTTGAG,0,0,0,0,0.010285087,320,118.6891044,0.143478261,0.130434783,0,0,0,0
8519,GGTGAATAGGTGTGTGGGTGGGG,0,0,0.039215686,0,0.20361644,552.5,189.3683076,0,-0.456521739,0,0,0,0
8520,AAATTGTCTTTATTGTTCTCTGG,0,0,0.24,0.795717092,0.782934488,522.5,209.3420993,0,0.108695652,0,0,0,0
8521,CGTGGGTGACTGTGTGTGTGTGG,0,0,0.096,0.571587811,0.56142625,552.5,191.9338325,0.6,0.5,0,0,0,0
8522,ATTGACCACCCCAACCTCAAGGA,0,0,0.006669873,0,0.114484162,425,196.0989952,0,-0.086956522,0,0,0,0
8523,GGGAGGGGGGAGCGGGCTCCCAG,0,0,0,0.022843879,0.022109939,362.5,182.9808732,0,-0.326086957,0,0,0,0
8524,GGTGAGTGGGTGTGGATGTGTGG,0,0,0.015555556,0,0.014800608,412.5,162.7586611,0.013043478,0.108695652,0,0,0,0
8525,AATAACCAATATATCCTCAGAGA,0,0,0.022058823,0,0.198479073,455,169.5129193,0,0.152173913,0,0,0,0
8526,GGTGTGTTTGTGTGTGCCTGTAG,0,0,0.016835017,0,0.180012975,552.5,185.4287494,0,-0.065217391,0,0,0,0
8527,AGAGTGTGAGTGTGTGAGTGTGA,0,0,0.007575758,0,0.601049167,552.5,196.3975689,0,0.043478261,0,0,0,0
8528,GATGAGGGAGTGTGTGGGGGAGG,0,0,0.00731967,0,0.131148806,485,164.8427082,0.273913043,1.826086957,0,0,0,0
8529,ACATATGAAGAAGTGGCACAGAG,0,0,0.067254556,0,0.135502769,522.5,204.2465114,0,-0.739130435,0,0,0,0
8530,AATGCAGACTGCATCCTCAAGAG,0,0,0.036819172,0.313028173,0.313028173,525,207.5124315,0.152173913,-0.173913043,0,0,0,0
8531,GGGGTGGGGGTGTTTGCTCTGGG,0,0,0.017307692,0.373071126,0.36643875,455,173.6703964,0,-0.369565217,0,0,0,0
8532,GACCCACACTGAGGAGGTGAGAG,0,0,0,0,0.026311278,455,187.6492087,0,-0.195652174,0,0,1,0
8533,TGTGAGTGTGTGTGTGTATGTGA,0,0,0.013461538,0,0.073001262,485,168.8307753,0,0.02173913,0,0,0,0
8534,CCCACGCCCCCAGAGACACAGGG,0,0,0.197802198,0.489552393,0.482379464,620,209.0660987,0.013043478,-0.369565217,0,0,0,0
8535,CGTGAGTGGGTGGGTGAGTGAGG,0,0,0.057971014,0,0.144140246,455,184.754788,0.560869565,-0.130434783,0,0,0,0
8536,GGTGCGTGTGTGTGTGTATGTGA,0,0,0.006730769,0,0.069304995,485,167.5424553,0,-0.5,0,0,0,1
8537,TTTACCCAAGCAGAGTTTTTTAG,0,0,0.08912037,0,0.919204167,622.5,216.0488192,0,-0.543478261,0,0,0,0
8538,TGGATGGGGGAATGGGGAGGAAG,0,0,0.021808279,0,0.332294836,462.5,165.9555615,0.97826087,5.347826087,0,0,0,0
8539,TGCACCCTCCACCCAGCCTCCAG,0,0,0.038813082,0,0.402848101,522.5,203.8793784,0,-0.239130435,0,0,0,0
8540,GGACACCAAGCTTACACTGCTGG,0,0,0.031818182,0.137695438,0.135371465,425,194.6536972,0,-0.782608696,0,0,0,0
8541,GCAGTGAGTTGAGTGGAAGCTAG,0,0,0.10603974,0.044156751,0.042586733,455,177.1457457,0,-0.02173913,0,0,0,0
8542,TGGGAGAAGGAATGAGGAGGAGG,0,0,0.055147059,0,0.45095075,552.5,177.5172993,0,-0.326086957,0,0,0,0
8543,GGTGTGTGAGCGGGTGTGTGAAG,0,0,0.007651393,0,0.124300022,357.5,181.1961647,0.313043478,1.282608696,0,0,0,0
8544,CCCTGTGTATTTTGATGGAAAAG,0,0,0.011538462,0.080894509,0.078295489,357.5,162.3732155,0,-0.130434783,0,0,0,0
8545,GGCCCAGGGTGAGCAGCTGAGGG,0,0,0.01643324,0.057887649,0.057887649,485,173.8658657,0,0.434782609,0,0,0,0
8546,GACATGCATGTGCACCCCATGAG,0,0,0.02451989,0.0426542,0.041346792,425,195.6755501,0.008695652,-0.065217391,0,0,0,1
8547,GGTGTGTGAGGGTGTGTGTAAGG,0,0,0.063636364,0,0.141078919,387.5,153.5578853,0.834782609,0.891304348,0,0,0,0
8548,CTTGTCCCAAAAGGCAATAAAGG,0,0,0.480430976,0.262235805,0.262235805,455,184.2177321,0,-0.369565217,0,0,0,0
8549,CTCTGTGTCTTTGCATGGATTGG,0,0,0.11988012,0,0.245884977,432.5,202.2907316,0.67826087,-0.369565217,0,0,0,0
8550,GTGAGAGACCCACCATACGTTGA,0,0,0.006251994,0,0.23590875,455,187.1862484,0,-0.065217391,0,0,0,0
8551,GACCCCCTCCACCCACCATCTGG,0,0,0,0,0.020959891,395,163.4812193,0.165217391,-0.695652174,0,0,0,0
8552,GGTGTATGAGTGTGTGTGTGAGG,0,0,0.16969697,0,0.692578247,560,196.3395849,0.243478261,-0.043478261,0,0,0,0
8553,AATGCCCAGTACAGCCTTAAAGG,0,0,0,0.027282396,0.026821933,455,176.8893817,0.869565217,0.760869565,0,0,1,0
8554,GGCACTGCAGCTTGCGATGGGGA,0,0,0.003409091,0,0.033301367,357.5,170.5477665,0,-0.260869565,0,0,0,0
8555,AAAAGAAAAAAACAGGCACATAG,0,0,0.048516353,0.348294667,0.348294667,522.5,201.4521622,0,-0.5,0,0,0,0
8556,GGGACTACGGCTGGATGTAGGAG,0,0,0,0,0.057770879,485,168.2523934,0,-0.043478261,0,0,0,0
8557,TGGATGGATGAATGTATAGTAGA,0,0,0.001851852,0,0.014800608,412.5,162.7586611,0,-0.456521739,0,0,0,0
8558,GATGAGTGTGTGTGTGAGAGGGG,0,0,0.067692308,0,0.117323456,485,163.2661086,0.017391304,-0.347826087,0,0,0,0
8559,AGTGAGTGTGTGTGTGGTTGGGA,0,0,0.001470588,0,0.073001262,485,168.8307753,0.373913043,-0.260869565,0,0,0,0
8560,CAGAACACCACTGAGTAGAATGG,0,0,0.291405024,0.394491477,0.387083187,455,175.5923164,0,0.065217391,0,0,0,0
8561,TGGTTGGAGGAAGGCGGAGAGGA,0,0,0.00176855,0,0.068478489,357.5,157.482458,0.017391304,-0.152173913,0,0,0,0
8562,GGCTCAGACTGAACACCTGAGGG,0,0,0.173755656,0.455862319,0.443021127,462.5,189.0409684,0,-0.282608696,0,0,0,0
8563,AAATCAGCAAAAGATGCACATGA,0,0,0.003117914,0,0.35314247,522.5,195.613105,0,-0.130434783,0,0,0,0
8564,ACAGTGTGGAGAGCAGAGGCAAG,0,0,0.066085693,0.173986719,0.16811375,522.5,198.6500173,0,-0.086956522,0,0,0,0
8565,GGTATGTGAGTGAGTGAGTGTGG,0,0,0.105734266,0,0.223964003,455,186.5526484,0,0.804347826,0,0,0,0
8566,GCCTCTTTACTTCCCACTTTCAG,0,0,0.014652015,0.046785459,0.046785459,357.5,175.8707022,0,0.369565217,0,0,0,0
8567,GAAAGAGAAAAAGAGGAACACAG,0,0,0.053772291,0,0.56142625,552.5,192.3485525,0,-0.260869565,0,0,0,0
8568,GTTGTGTGTGTGTGTGAGTGCGG,0,0,0.064793389,0,0.372455417,552.5,192.7257886,0,-0.456521739,0,0,0,0
8569,AAATGAGAAGGAAAAGTACAAGG,0,0,0.263529412,0,0.030249196,260,168.2774631,0,-0.065217391,0,0,0,0
8570,GTCATCTAAGTCATTTCGAGGGA,0,0,0,0,0.015193247,417.5,142.6404239,0,-0.043478261,0,0,0,0
8571,GCCTCTGCGGGTGGAGATGGGGA,0,0,0.007138695,0,0.33831875,455,190.8702052,0,-0.195652174,0,0,0,0
8572,TGACTGGGGGTATGAGGAGTGGG,0,0,0.059728507,0,0.7469375,522.5,208.4684993,0.013043478,0.086956522,0,0,0,0
8573,GGTGTGTAAGAGTGTGCATGTGA,0,0,0.013111888,0,0.163514241,455,183.1584461,0.026086957,-0.282608696,0,0,0,0
8574,CTTTCTTCACAGGGTAGTAATGG,0,0,0.018290043,0,0.158440571,522.5,199.9502136,0,-0.195652174,0,0,0,0
8575,GGGGTGTGTGTGTGTGCGTATGG,0,0,0.102272727,0,0.397764972,552.5,176.2862997,0,0.5,0,0,0,0
8576,GACATGTTTTCATTTCTCTGTAG,0,0,0.000691635,0,0.030434884,387.5,149.6933526,0.108695652,0.02173913,0,0,0,0
8577,TGAATGAAGGAATGAGTGGTGAG,0,0,0.019444444,0,0.08046125,485,169.8793749,0.008695652,-0.304347826,0,0,0,0
8578,CCCAGTGTCTGCGGATGAATGGA,0,0,0.005422209,0,0.080449006,357.5,178.9568826,0,-0.304347826,0,0,0,0
8579,GGGATGGGGGAATGTGGAATGGG,0,0,0.100207039,0,0.141195423,455,171.1451615,0,-0.326086957,0,0,0,0
8580,GCCTACCCAAGGCCAGGCCCTGA,0,0,0.003393901,0,0.098205585,357.5,160.3369748,0,0,0,0,1,0
8581,AAAGGTGAAGAAAAGCCACAGGA,0,0,0,0,0.060534271,455,189.7526696,0,-0.152173913,0,0,0,0
8582,GTCATCTCCAGGGACTAGCGAGG,0,0,0.092711599,0.133809834,0.129293046,357.5,173.2174959,0,0.086956522,0,0,0,0
8583,GACTTGTGATCATGGTCCTCAGA,0,0,0,0,0.050146859,455,179.515107,0,0.152173913,0,0,0,0
8584,GGTGTGTGTTTGTGTGTGTGTGG,0,0,0.082727273,0.325662758,0.325662758,552.5,187.9740522,0,0.456521739,0,0,0,0
8585,GGTGTGTGTTTGTGTGTGTGTGA,0,0,0.005744949,0,0.325662758,552.5,187.9740522,0.343478261,0,0,0,0,0
8586,CCCTGTGTCTCCCCGTGGATCAG,0,0,0.028808864,0.009921775,0.009921775,300,176.1383728,0,-0.369565217,0,0,0,0
8587,CCAGTGAGGAGAAAGGAGGTAGA,0,0,0.004166667,0,0.02101987,357.5,156.9641145,0.004347826,0.065217391,0,0,0,0
8588,CCTGGCCCAAAGGGCAGTGAAAG,0,0,0.043333333,0.476283266,0.45934875,552.5,181.9319436,0,-0.891304348,0,0,0,1
8589,GGGTGGAGGCATGTTGCTCCCAG,0,0,0.010405054,0.163482311,0.163482311,425,194.6096618,0.195652174,0.260869565,0,0,0,0
8590,CCTGCCCCTGCCCAACTCACTGG,0,0,0.352796053,0,0.041756842,425,193.5017538,0.02173913,0.239130435,0,0,0,0
8591,AGTGACTGAGTGTGTACATGTGA,0,0,0.029501748,0,0.032293287,485,174.7022568,0,-0.413043478,0,0,0,0
8592,GGGACAGAGGAATGAGGAGCTAG,0,0,0.022544283,0,0.421955546,552.5,178.9880961,0,0.195652174,0,0,0,0
8593,ACATTTGAAGAAGGGGCACAGGA,0,0,0.005456349,0,0.135502769,522.5,204.2465114,0.904347826,0.282608696,0,0,1,0
8594,AGGACTGTGCCTGGAGGTGGAGG,0,0,0.1575,0,1.299248042,620,210.5804466,0,-0.282608696,0,0,0,0
8595,CCTGCCCCACAAGCCAGTTATAG,0,0,0.047863248,0.037910286,0.036562365,357.5,168.856715,0.539130435,-0.304347826,0,0,0,0
8596,AAGAAGCACTACATCCTCAATGG,0,0,0.225,1.414990012,1.383891331,627.5,217.212416,0,-0.086956522,0,0,0,0
8597,ACAGTGGGTAGAGAAGAGGCTAG,0,0,0.060284506,0.04242884,0.040996643,425,190.970613,0.582608696,0.934782609,0,0,0,0
8598,GGGTGGGGAGAGGGTGCACCGAG,0,0,0,0.009879843,0.009879843,357.5,168.6783812,0.043478261,0.152173913,0,0,1,0
8599,GCTGAGTGAGTGTGTGCGAGTGA,0,0,0.013736264,0,5.541666667,567.5,190.6120001,0,-0.369565217,0,0,0,0
8600,AGTGAGGGAGTGAGTGCGAGGGG,0,0,0.104718811,0,0.139257147,455,176.5694987,0.065217391,0.282608696,0,0,0,0
8601,TGGATGGAGGACTCAGTATTGAG,0,0,0.004873294,0,0.012134923,290,148.1106039,0.3,-0.086956522,0,0,0,0
8602,GACCCACCGCACCCAGCCTCCAG,0,0,0.033117774,0,0.141738197,522.5,196.1473971,0.034782609,0.195652174,0,0,0,0
8603,AAAAACAAAGCATAGAATTCAGA,0,0,0.016374269,0,0.202836708,485,166.592289,0.091304348,0.413043478,0,0,0,0
8604,TGTGAGTGAGTGTGTGGGTGTGA,0,0,0.004084967,0,5.899193548,567.5,200.6138889,0,-0.391304348,0,0,1,0
8605,ACTTGAGAAGAAGAGGCAAATGA,0,0,0.016506603,0,1.040777778,560,188.8840001,0,-0.195652174,0,0,0,0
8606,GCCCCCCTCCAACCCACCCCCAG,0,0,0.040138661,0,0.04220622,387.5,163.2074737,0,-0.130434783,0,0,0,0
8607,TGGATGGAAGAATGGGGGGATGG,0,0,0.094017857,0,0.01914801,387.5,138.4722649,0,-0.565217391,0,0,0,0
8608,GGTGTATGAGTGAGTGAGTGTGG,0,0,0.117482518,0,0.135498222,455,185.6402644,0.026086957,0.47826087,0,0,1,0
8609,AGTGAGTGTGTGTTTGTGTGTGA,0,0,0.004666667,0,0.055495857,455,182.6149239,0,-0.5,0,0,1,0
8610,TGCATGGGGGAAGGAGGAATAAG,0,0,0.013625666,0.19375862,0.190314023,455,175.3248626,0,-0.086956522,0,0,0,0
8611,GAACACAAGGCAAAGTCTTCTGG,0,0,0,0.018628589,0.018329335,387.5,157.7044733,0.017391304,0.108695652,0,0,0,0
8612,AGCACTGCAGATGGAGGAGGCGG,0,0,0.289285714,0,0.105235585,455,183.5868027,0,5.043478261,0,0,0,1
8613,CCCTGAGTAACTGGAAGGATGGA,0,0,0.040197897,0,0.083779968,552.5,191.1740733,0.004347826,-0.434782609,0,0,0,0
8614,CAATAAGAAGAGGAGGCACAAAG,0,0,0.13909465,1.42283105,1.384888889,530,211.3955796,0,-0.02173913,0,0,0,0
8615,GGTCTGTGGGTGTGTGTGTGTGA,0,0,0.004159239,0,0.353596915,552.5,192.0921886,0.695652174,0.760869565,0,0,0,0
8616,TGGATGGAGGGATGAGCAGGTGG,0,0,0.026989619,0,0.23810788,395,156.0462053,0,-0.630434783,0,0,0,0
8617,GACTTGTATGCATTATGCTCTGA,0,0,0.00307574,0,0.135959851,455,175.915314,0.013043478,-0.673913043,0,0,0,0
8618,GCTGAGTGAGTGGCAGCGTGTGA,0,0,0.003111877,0,0.02322943,362.5,183.6144732,0,-0.47826087,0,0,0,0
8619,GGTGCGTGTGTGTGTGTGCGTGG,0,0,0.03862069,0,0.111383028,485,162.2177886,0,-0.413043478,0,0,0,0
8620,GGCACTGGGGCTGGGGGCAGCGG,0,0,0.127915452,0,0.023673199,387.5,145.7218282,0.047826087,0.456521739,0,0,0,0
8621,TGAAGGGAGGAATCAGTAGTCGA,0,0,0.003571429,0,0.085021828,455,184.7583843,0.165217391,-0.065217391,0,0,0,0
8622,TGGATGGATGGATGAAGGGTGGG,0,0,0.138666667,0,0.016355892,387.5,166.2983768,0.017391304,0.086956522,0,0,0,0
8623,TGGATGGATGGATGAAGGGTGGA,0,0,0.00962963,0,0.016355892,387.5,166.2983768,0,-0.695652174,0,0,0,0
8624,GGTAACCCTTCTGCTGCACAAGG,0,0,0.035294118,0,0.174469742,455,166.0390585,0,-0.173913043,0,0,0,0
8625,TGGAAGGATTAATGATGAGTTGA,0,0,0,0,0.138479285,552.5,191.6717373,0.004347826,-0.173913043,0,0,0,0
8626,CTTGGCCCCCAGGGCAGAACAGA,0,0,0.003607504,0,0.079068899,485,151.3909664,0.026086957,-0.065217391,0,0,1,0
8627,GAACACAAAGCAGAAAGTGGGGA,0,0,5.90E-05,0,0.022727774,290,137.3699469,0.039130435,-0.543478261,0,0,0,0
8628,GCAGGGAGTAGAGGGGAGGAAGG,0,0,0,0,0.10391963,455,169.1348954,0.004347826,0.065217391,0,0,0,0
8629,GAATTGTTTGCACTGTTCACTAG,0,0,0.025341131,0.178451689,0.175279215,455,173.4329431,0,-0.391304348,0,0,0,0
8630,GACTTGTTGCCATTATTCTCCGG,0,0,0.310737628,0.383591198,0.383591198,530,197.2414617,0,-0.434782609,0,0,0,0
8631,AGCTGAGAAGAAGAGACAAATGA,0,0,0.010204082,0,0.08458401,485,170.3955742,0,0.108695652,0,0,0,0
8632,CACCCCCTCCTCCCCGGCACAGG,0,0,0.003693785,0,0.112574373,387.5,161.2358053,0,-0.5,0,0,1,0
8633,TGGTCTTTCCCACCCATCTTCAG,0,0,0.042082662,0.611927885,0.601049167,555,197.4458889,0,0.02173913,0,0,0,0
8634,AAATTATAAGAAGAGTCAAATGG,0,0,0,0,0.055624514,485,167.4920734,0,-0.456521739,0,0,0,0
8635,AAATGAGAGAAAGAGGATCAAGG,0,0,0.145185185,0,0.060753761,485,163.8390389,0,0,0,0,0,0
8636,GGGGAGTGTGTGTGTGGGGGTGA,0,0,0.000306373,0,0.115680928,485,162.9781086,NA,0,0,0,0,0
8637,TGGAGGGAGGAAGGAAGAGAAGG,0,0,0.093913043,0,0.043948881,387.5,153.9863336,0,0.152173913,0,0,0,0
8638,TGGAGGGAGGAAGGAAGAGAAGA,0,0,0.006521739,0,0.043948881,387.5,153.9863336,0.265217391,-0.043478261,0,0,0,0
8639,AAAGCAGCAGTAGAGGCACAAAG,0,0,0.016788767,0.769333658,0.757543103,522.5,207.7081793,0,0.195652174,0,0,0,0
8640,GACTTGGTTCCAATGATCTCTAG,0,0,0.051190639,0,0.059906683,455,185.0373364,0.017391304,0.065217391,0,0,0,0
8641,GGTGCGTGTGTGTGTGTGTACAG,0,0,0.034027778,0,0.155313909,485,155.8281887,0,-0.195652174,0,0,0,0
8642,AGCACAGCGGCTGGGCGTGGTGG,0,0,0,0,0.044156127,455,185.9185685,0,-0.565217391,0,0,0,0
8643,CTCCTCCATGCATAGACACAAAG,0,0,0.009704892,0.526876011,0.509948268,522.5,203.595343,0,-0.565217391,0,0,0,0
8644,GTTGAGTGTGTGTGTGTGTTTGA,0,0,0.008661616,0,0.164063988,485,156.8765087,0.130434783,0.217391304,0,0,0,0
8645,GGGAGGGAGGAGTGAAGAGTGAG,0,0,0.114625156,0,0.133988,455,192.9071537,0.1,-0.086956522,0,0,0,0
8646,ACCCCCAGTGATCAGAGCGGTGA,0,0,0.005847481,0,0.272415361,425,200.870979,0,-0.260869565,0,0,0,0
8647,GGCCTCGCATCTGCAGCACCTGG,0,0,0.066097027,0.561633746,0.561633746,620,211.4554388,1,1.847826087,0,0,0,1
8648,AGTGTGTGAGTGCGTGTGTGGAG,0,0,0.031259968,0.240178592,0.23590875,455,187.4262484,0.347826087,0.97826087,0,0,0,0
8649,GGAACTGACTGAGCACGAGAAGA,0,0,0.02413441,0,0.185123143,552.5,190.5890827,0.108695652,-0.456521739,0,0,0,0
8650,AAATGAGAAGAAAAACCAGAGAG,0,0,0,0,0.007670066,290,147.4572321,0.013043478,-0.065217391,0,0,0,0
8651,GGTGAGAGAGTCTGTGCATGAGA,0,0,0.022270927,0,0.185392306,462.5,184.8773855,0.152173913,-0.173913043,0,0,0,1
8652,GGAAGGCCTTCTACGGCACCCAG,0,0,0.049777778,0.091240976,0.089775258,425,192.4193539,0,0.326086957,0,0,0,1
8653,GCGGCCCCAAAGTCTGGCCCAGG,0,0,0.049715909,0.261227608,0.251939516,455,171.1614795,0,-0.065217391,0,0,0,0
8654,GTCTTTTTTTCATTTTTCTGTAG,0,0,0.001056315,0,0.113084086,455,165.8293945,0.07826087,0.065217391,0,0,0,0
8655,ATTGATGACTACATCCTCAAAAG,0,0,0.082392553,0,1.002692848,627.5,215.9908352,0.008695652,1.152173913,0,0,0,0
8656,CTCATCCATAAAGATACACATAG,0,0,0.021885522,0,0.205917821,425,193.5311583,0,-0.108695652,0,0,0,0
8657,GACCTCCACCACCCGGGCTCCAG,0,0,0.000388196,0,0.155096519,455,179.6187304,0,-0.456521739,0,0,0,0
8658,AGAATTCCTTCTGCCACACCAAG,0,0,0.059090909,0,0.044156127,455,185.9185685,0.004347826,0,0,0,0,0
8659,GGTGAGTGTGTGTGTGCATGTGG,1,0.001441174,0.415384615,0.964137288,0.964137288,567.5,192.2168864,0.047826087,-0.043478261,0,0,0,0
8660,GGTGTGTGAGCGAGTGAGTGTGG,0,0,0.078321678,0,0.124300022,357.5,181.1961647,0,-0.152173913,0,0,0,0
8661,AGGATGGAGGAATTAGGAAGCAG,0,0,0.008714597,0,0.032734684,387.5,139.6752155,0,0.152173913,0,0,0,0
8662,AAATGAGAAGATAAGCCACAGAG,0,0,0,0,0.079468745,365,185.8961531,0.060869565,0.173913043,0,0,0,0
8663,GGTTGGGGAGAGGTTGCTACTAG,0,0,0.00931677,0,0.116281868,455,174.4648992,0,-0.47826087,0,0,0,0
8664,AAATGAGAGCTAGAGGCTCAAAG,0,0,0.010636277,0,0.087580097,457.5,178.5950662,0.004347826,0.152173913,0,0,0,0
8665,GACCCCGTCCTCCCAGTCTCTGG,0,0,0.015015921,0,0.055958329,357.5,175.3936029,0.769565217,2.717391304,0,0,0,0
8666,CTCAGCTTAATCATTACCTTGGA,0,0,0.020740741,0,0.642348856,552.5,175.7823437,0.052173913,0.239130435,0,0,0,0
8667,GACATGAATGACCTCCCCATCAG,0,0,0.097222222,0.56958852,0.556494531,530,210.0007515,0,0.934782609,0,0,0,0
8668,GTAAGCTGAGTCATTACTTGGAG,0,0,0.067792593,0,0.305988667,552.5,188.8605298,0.108695652,0.543478261,0,0,0,0
8669,AAATTTTAAAAAGAGGCACATAG,0,0,0.02962963,0,0.496624264,622.5,208.7507788,0,0.173913043,0,0,0,0
8670,AGAAAGTGAGTGTGTGAGTGTGA,0,0,0.01875,0,0.601049167,552.5,196.8122889,0,0,0,0,0,0
8671,CCCATTCCTCAAGAGACAGAAGA,0,0,0.00259088,0,0.1589884,455,177.3361154,0,0.217391304,0,0,0,0
8672,TGTGTGTGAGTGTGCGTGTGTGA,0,0,0.003213958,0,0.163368333,455,182.7185474,0.017391304,0.260869565,0,0,0,0
8673,GAGTCCCTGAAGAAGAGGAAAGA,0,0,0.003129377,0,0.346494695,552.5,187.7391548,0,-0.065217391,0,0,0,0
8674,GAGCCCCAGCTGAAGGAGAAGGG,0,0,0.026322659,0.098005097,0.098005097,455,192.4247096,0,-0.326086957,0,0,0,0
8675,TGGAAGGGGGAAGGAAGAGTGGG,0,0,0.095652174,0,0.095234639,455,188.0241166,0,-0.173913043,0,0,0,0
8676,GGGTTGGGTGAGTTTGCTGAAAG,0,0,0.002592593,0.127075016,0.127075016,485,146.0662998,0.004347826,0.152173913,0,0,0,0
8677,GGAACACCTTCTTCAGCTCCTGG,0,0,0.139285714,0.070165135,0.068980913,455,181.2030422,0.013043478,0,0,0,0,0
8678,AGGAAGGAGGAAAGAGGAGGAGG,0,0,0.061085973,0,0.26991206,455,171.2747595,0.013043478,-0.413043478,0,0,0,0
8679,GGTGGGTGAGTGAAGGCGTGTAG,0,0,0.004846154,0,0.022109939,362.5,182.5661532,0.004347826,-0.304347826,0,0,0,0
8680,GACACCCTCCTCCCCTCCCCCAG,0,0,0,0,0.047610675,387.5,164.0598905,0.008695652,-0.347826087,0,0,0,0
8681,AAACACAAGCCATAAACTGCAAG,0,0,0.058562091,0,0.226695115,522.5,196.0414617,0,-0.282608696,0,0,0,0
8682,CCCCCCCCCCACCCCGCCCCTGA,0,0,0.010751427,0,0.526848592,552.5,185.1121831,0,0.152173913,0,0,1,0
8683,GGTCTAGACTCAGCAGGTGAAGA,0,0,0.002003205,0,0.141483199,455,193.8651704,0.952173913,3.239130435,0,0,0,0
8684,GCCATCCATGCAGAGCCACATAG,0,0,0,0.514500513,0.499142289,560,198.1198377,0,0.260869565,0,0,0,0
8685,AAATGAGAAACTGAGGCCCAAAG,0,0,0.006145405,0,0.067280336,392.5,174.8387461,0,-0.086956522,0,0,0,0
8686,GGGGAGGGAGTGTGAGTGTGTAG,0,0,0.020601613,0,0.10444789,455,181.0956866,0,1.217391304,0,0,0,0
8687,GGGTTAGAACCAGCAGCCGTAGG,0,0,0.068658614,0.15797057,0.15797057,552.5,195.7898738,0,-0.02173913,0,0,0,0
8688,TGGGAGTGTGTGTGTGTGTGGGG,0,0,0.14,0,0.367241041,552.5,193.7261086,0.060869565,0.456521739,0,0,1,0
8689,TGGATGGATGAATGGGTAGGCGA,0,0,0.001062091,0,0.037612163,387.5,142.9094871,0,-0.02173913,0,0,0,0
8690,GGTTCTGTGCAGAAGAAGAAAAG,0,0,0.041269841,0.814229167,0.814229167,620,213.546199,0,-0.260869565,0,0,0,0
8691,GCCCCAAACTCAGAACGTGAAAG,0,0,0.026923077,0.084899764,0.084899764,425,198.7075508,0,-0.130434783,0,0,0,0
8692,GGTGAGTGGGTGTGTGTGTGGGA,0,0,0.021604938,0,1.773597222,567.5,196.6541086,0.043478261,0.282608696,0,0,0,0
8693,CGTGAGTGAGTGTGTGGGATGAG,0,0,0.002178649,0,0.084582907,417.5,130.3282891,0,-0.586956522,0,0,0,0
8694,GCCTCCCCAGTGCCTGGCCCAGA,0,0,0.002697919,0,0.59998238,462.5,172.0405799,0,-0.130434783,0,0,0,0
8695,GAGCCACTGCACCCCGCCTGAGA,0,0,0.001174081,0,0.240647808,552.5,175.7886357,0,-0.5,0,0,0,0
8696,GAGCCACTGCACCCCGCCTGAGG,0,0,0.016906763,0,0.240647808,552.5,175.7886357,0,0.086956522,0,0,0,0
8697,GTCAGCCAAGTCATCACCTGTGA,0,0,0.006666667,0,0.261885241,522.5,198.2216607,0.843478261,2.086956522,0,0,0,0
8698,AAAAAAGAAGAAGAGGAAGAAAG,0,0,0.006241427,0,0.19201875,485,165.303969,0,-0.086956522,0,0,0,0
8699,GACTCTGTCCCAGCCATCTTCAG,0,0,0.007058103,0.161125676,0.161125676,455,186.0913876,0,-0.891304348,0,0,0,0
8700,TGCATGTGAGTGTGTGCGTGGAG,0,0,0.036363636,0,1.286675824,622.5,216.51008,0.52173913,0.630434783,0,0,0,0
8701,TGGATGGAGGAGAGAGGGGGAAG,0,0,0.009150327,0,0.021241372,290,139.4236458,0,-0.369565217,1,0,0,0
8702,TGAAGGAAGGGATGAGGAGTCAG,0,0,0.080888889,0,0.510158313,522.5,208.7704155,0.013043478,-0.065217391,0,0,0,0
8703,AAGACAAAAGAAGAGGCACAGAG,0,0,0.059278856,0.89186724,0.878799588,622.5,214.1268992,0,0.456521739,0,0,0,0
8704,GGATGGTTCCCACCCACCTTGAG,0,0,0.053590982,0,0.778438874,620,215.357696,0,0.217391304,0,0,0,0
8705,AGGTTGGGGGAATGAGGGGTTGG,0,0,0.186666666,0,0.310333333,552.5,189.8032498,0,-0.347826087,0,0,0,0
8706,GATGTGTTTTCATTTCTCTCAGA,0,0,0.002841849,0,0.068319815,455,186.3029525,0,-1.586956522,0,0,0,0
8707,TACTTGTTTTCTTTGTTGTGGGA,0,0,0.000181554,0,0.067256227,387.5,148.9229663,0,0.239130435,0,0,0,0
8708,ATGAAAACAAATCAGTAGAGTGG,0,0,0.335123524,0,0.108371454,425,197.7248314,0.073913043,0.260869565,0,0,0,0
8709,GGTGTGTGAGCGTGTGTGTGAGA,0,0,0.007856341,0,0.635340376,462.5,191.8954852,0.004347826,-0.782608696,0,0,1,0
8710,AAGGACCACTCCACTCTCAAGGG,0,0,0.003809524,0.032847134,0.032847134,327.5,186.5957101,0,-0.326086957,0,0,0,0
8711,CCATCCCCAATGACTGGCCAAAG,0,0,0.018993352,0.318337199,0.318337199,425,202.9425958,0.113043478,-0.043478261,0,0,0,0
8712,GCCTATTCAAGGCCTGGCCAAAG,0,0,0.072652116,0,0.313028173,525,207.5124315,0,-0.02173913,0,0,0,0
8713,AGGGTGGGGGAAGGAGGAGTGAG,0,0,0.03099839,0.581724684,0.581724684,522.5,205.7272625,0.034782609,-0.369565217,0,0,0,1
8714,GAGTGGGTGGAGTTTGCTACAGG,1,0.002169001,0.226648352,1.090163934,1.055555556,560,186.3121831,0,0.02173913,0,0,0,0
8715,GAGCCCCTGCACCCAGCCTGAAG,0,0,0.001048979,0,0.106601012,455,163.3675981,0,0.065217391,0,0,0,0
8716,GGCCCTGCTACTGGGGGTGGTGG,0,0,0.114196078,0,0.215770049,522.5,195.1678617,0,0.130434783,0,0,0,0
8717,GGTGAGTGCGTGTCTGGGAGGGA,0,0,0.000285829,0,0.015796261,387.5,151.866924,0.030434783,-0.630434783,0,0,0,0
8718,GCCCCCCTCCGCCCCGCCCACGG,0,0,0.07044335,0,0.121931204,387.5,144.8443164,0,0.02173913,0,0,1,0
8719,TGCACTGCGGGCTGAGGTGGAGG,0,0,0.071052632,0,0.158845742,362.5,195.7544953,0.173913043,0.391304348,0,0,0,0
8720,AAATGAGAAGATAAAGAACAAGG,0,0,0.135143288,0,0.0256368,260,166.7914464,0,-0.391304348,0,0,0,0
8721,TATAACCAGTACATACTCAAAAG,0,0,0.032098765,0,0.24614019,522.5,200.1595981,0,-0.086956522,0,0,0,0
8722,TGGATGAACTAATGAGGAGCAGA,0,0,0.002761995,0,0.240915158,552.5,170.7277025,0.02173913,0.108695652,0,0,0,0
8723,TCCTCCTCAAAGGCCGGCCATGG,0,0,0.030216942,0,0.106481213,425,193.1104771,NA,0.108695652,0,0,0,0
8724,AGGATAGAGGAAGGAAGAGTTGA,0,0,0.018115942,0,0.063762765,455,190.6262696,0,-0.065217391,0,0,0,0
8725,GCTGCCACAGAGCCTGGCCAGAG,0,0,0.04641686,0.859763489,0.846587038,620,210.4234828,0,-0.065217391,0,0,0,0
8726,AAATTAGAAAAAGAGGTAAAAGA,0,0,0.003888889,0,0.167894875,485,161.1858326,0.9,0.239130435,0,0,0,0
8727,TGGAAGGTGGAATGATGTGTCGG,0,0,0,0,0.050674684,485,172.1001039,0,-0.108695652,0,0,0,0
8728,GGTGAGGGAGGGTGGGCATGGAG,0,0,0.002111614,0,0.028487877,357.5,170.9563806,0,-0.152173913,0,0,0,0
8729,ATGAGCACCATTGAGTACTGTGA,0,0,0.004930966,0,0.051506986,387.5,155.5102631,0.008695652,-0.5,0,0,0,0
8730,AGAAGAGAAAAAGAGACACAGGA,0,0,0.024691358,0,0.238119304,552.5,195.8062377,0,0.195652174,0,0,0,0
8731,CATGACCACTCCATTCTCAAAAG,0,0,0.005925926,0.468666667,0.468666667,432.5,199.9628947,0.065217391,0,0,0,0,0
8732,GTTGAGTGAGTGGGTGAGAGTGA,0,0,0.00153711,0,0.074311256,387.5,157.7265685,0.008695652,-0.369565217,0,0,0,0
8733,GGTGATTGTGTGGGTGTGTGAGA,0,0,0.003381642,0,0.078799562,455,182.968804,0,-0.52173913,0,0,0,0
8734,GAAAACAAAGCATATATTGAGAG,0,0,0.007277453,0.069357619,0.068124595,387.5,145.9956674,0,0.130434783,0,0,0,0
8735,CCTGCCTCTGCTCCAGTCACTGA,0,0,0.00267094,0,0.039828039,462.5,187.5126091,0,-0.173913043,0,0,0,1
8736,GGGAGGAGGCAGTTTTCTCCAGG,0,0,0,0.162635484,0.162635484,552.5,193.6630569,0.008695652,0.391304348,0,0,0,0
8737,GAAGACAAAGCACAGATTGAGAG,0,0,0.023879142,0,0.098373949,387.5,150.7033685,0.3,0,0,0,0,0
8738,ATAATGCCTTCTGCAGCAACGGA,0,0,0.008522727,0,0.318743398,552.5,186.4260161,0.030434783,-0.065217391,0,0,0,0
8739,GGCCCTGTGGGTGGAGGTGTCAG,0,0,0.014011438,0,0.36643875,455,171.8588994,0,-0.869565217,0,0,0,1
8740,GACCTCCACCACCCCAGCTCAGA,0,0,0.00207962,0,0.099539557,485,176.5373261,0,-0.543478261,0,0,0,0
8741,TGGATGGATAAATGATGAATGGA,0,0,0,0,0.043620975,485,162.2120574,0,-0.108695652,0,0,0,0
8742,CCAGTGAATATAAAGGAGGCAGA,0,0,0.008629191,0,0.043682208,327.5,188.7315941,0,0.152173913,0,0,0,0
8743,AAAGGAGAAGAAGAAGAAGAAAG,0,0,0.008896151,0,0.051461025,387.5,152.3852674,0,-0.02173913,0,0,0,0
8744,GAAGGCAAAGCAGAGACTGGAGG,0,0,0.005524297,0,0.25551675,455,170.4011595,0,-0.260869565,0,0,0,0
8745,GGTGTGTGAGTGTGTGTGCAAAG,0,0,0.011378149,0,0.080071819,417.5,129.0399691,0,-0.543478261,0,0,0,0
8746,GGGGGGTGAGGGTGTGTGTGAAG,0,0,0.017422222,0.327755523,0.316692045,455,190.1674852,0.173913043,-0.195652174,0,0,0,0
8747,TGTGAGTGTGTGAGTGCCTGTGA,0,0,0.013736264,0,0.073380489,455,180.3175658,0,-0.108695652,0,0,0,0
8748,AAAAAAAAAGAAGAGGCATAAGG,0,0,0.190476191,0,0.34064625,552.5,183.9068993,0,0.108695652,0,0,0,0
8749,GAGAAAGACCCAGAATCCCAGGA,0,0,0.005185884,0,0.032734684,387.5,139.4352155,0,-0.347826087,0,0,0,0
8750,GGAGACTGAGTGTGTGTGTTTGG,0,0,0.159090909,0,0.151635689,485,158.762305,0,0.086956522,0,0,0,0
8751,GGTGTGTTTGTGTGTGTGTGGGG,0,0,0.063636364,0,0.353596915,552.5,189.8659716,0.913043478,6.173913043,0,0,0,0
8752,GCATCCCCAGGGCCTAGCCAAGA,0,0,0.021733539,0,0.130306027,455,190.161754,0,0,0,0,0,0
8753,TGTGTGTGGGTGTGTGTGTGGAG,0,0,0.02933034,0,0.372455417,552.5,192.9657886,0.369565217,0.434782609,0,0,0,0
8754,GGTGGGTGTGTGTGTGGGGGGGG,0,0,0.006352941,0,0.111383028,485,162.2177886,0,0,0,0,0,0
8755,GCCAATGAGGCTGGAAGTGGTAG,0,0,0.066666667,0,0.258544304,552.5,197.2834372,0,-0.02173913,0,0,0,0
8756,GACTTTGTTTTATTGGTCTCCGA,0,0,0.002900568,0,0.056435585,455,191.5123256,0,-0.130434783,0,0,0,0
8757,CCCTCCCCATAGCCTGGCTCTGA,0,0,0.004590997,0,0.20233989,485,146.3226637,0,-0.043478261,0,0,1,0
8758,GGGGCGTGTGTGTGTGTGTGAGA,0,0,0.004861111,0,0.348646558,552.5,192.4377886,0.056521739,-0.195652174,0,0,0,0
8759,TGTGTGTGTGTGTGGGCGTGGGG,0,0,0.010909091,0,0.24614019,522.5,199.7448781,0.056521739,0.739130435,0,0,0,0
8760,GGGTGGGGTGGGTTTCCTGCCGA,0,0,0,0,0.026286255,387.5,160.9737101,0,-0.02173913,0,0,0,0
8761,GGAAGGGAGGAATGCGGAGTTAG,0,0,0.032463768,0,0.397208228,522.5,203.1766584,0.034782609,-0.108695652,0,0,0,0
8762,TTCCCCCTCCACCCCCTCTCCAG,0,0,0,0,0.104848333,485,180.685463,0.7,0.043478261,0,0,1,0
8763,GTCTTATTTTCCTTGTTCTGGAG,0,0,0.002918765,0.207602129,0.207602129,455,172.3203156,0,0.173913043,0,0,0,0
8764,ACTTGAGAAGCTGAGGCACAAGG,0,0,0.07394958,0,0.385203768,425,204.4858158,0,0.043478261,0,0,0,0
8765,CACTTCTTTTCATTGTTTTAAGG,0,0,0.156539889,0.084286125,0.082703287,485,154.8530828,0.013043478,0.086956522,0,0,0,0
8766,ACTTGAGAAGCTGAGGCACAAGA,0,0,0.005135387,0,0.385203768,425,204.4858158,0,-0.260869565,0,0,0,0
8767,GTCATCTTAGTCTTTGTCTAAGA,0,0,0.001752804,0,0.014586482,320,134.2885426,0,0.195652174,0,0,0,0
8768,GGAATCCCTTCCACAACGCCGGA,0,0,0.024291498,0,0.008761429,290,159.2728198,0,-0.413043478,0,0,0,0
8769,AGTGAGTGAGTGAGTGATTGTGA,0,0,0.013461538,0,0.046238115,387.5,163.2912351,0,-0.02173913,0,0,0,0
8770,TCTGCCTCCACTCAACTCAGCAG,0,0,0.008811426,0.097541749,0.095709979,455,165.431479,0.030434783,-0.173913043,0,0,0,0
8771,TGTGAGGGCGTGTGTGTGTGAGA,0,0,0.010893246,0,0.25438705,552.5,191.8709278,0,0,0,0,0,0
8772,CCCATCCATAGACAGACACTGGA,0,0,0.00380117,0,0.118019877,357.5,161.3412594,0.017391304,0.086956522,0,0,0,0
8773,GGGTGGGGGGACCCTTCTCCCAG,0,0,0,0.006462393,0.006367706,295,173.0569685,0,-0.565217391,0,0,0,0
8774,GAGAGAGAAGCAGAATTTTTGAG,0,0,0.067973856,0.240310978,0.240310978,522.5,201.3906744,0,0.173913043,0,0,0,0
8775,GGCAGCCTCCACCACGCCTCCGG,0,0,0.141473684,0,0.223971519,522.5,205.1588954,0.013043478,0.369565217,0,0,0,1
8776,GGCACTGAGGCTCGACCTGGAGG,0,0,0,0,0.036665336,387.5,168.3263255,0,-0.739130435,0,0,0,0
8777,GGCATCCCTTCTCCATCCCCAAG,0,0,0,0.02036783,0.02036783,387.5,166.4609203,0,0,0,0,0,0
8778,AACATGTTTTCATTTTTTTCTAG,0,0,0.010204082,0,0.083169333,455,178.6960451,0.265217391,0.369565217,0,0,0,0
8779,GAATGAGAAGACCAGCCACAGAG,0,0,0,0,0.051853356,357.5,184.6961531,0,-0.173913043,0,0,0,0
8780,GGGAGGGAGGAATGGGGAGTTAG,0,0,0.103162641,0,0.844444444,530,204.9046584,0,0.369565217,0,0,0,0
8781,GGTACTGCTGCAGGAGCTGGGAG,0,0,0.017893972,0,0.171534106,455,186.0100081,0.156521739,0.369565217,0,0,0,0
8782,GGTGAGTGAGGGTGCGAGTCCGG,0,0,0.021818182,0,0.034164895,290,140.6391837,0,0.195652174,0,0,0,0
8783,GACATTTTTGTCATTACATGAAG,0,0,0.065811966,0,0.114716268,552.5,187.7909024,0.060869565,-0.173913043,0,0,0,0
8784,CCCATCCATGCAGTGACTGAAGA,0,0,0.000900206,0,0.012121826,387.5,146.3977457,0,0.239130435,0,0,0,0
8785,CACTAGTTTTTATTGTTGTCAAG,0,0,0.00379867,0.178584677,0.172235,455,186.258263,0,1.804347826,0,0,0,0
8786,CCTGCCTCACCCCTACTGACAGG,0,0,0.043308271,0.077638572,0.077638572,455,177.1090495,0.013043478,-0.02173913,0,0,0,0
8787,TGTGAGTGAGTGAGTGTGTCTAG,0,0,0.035897436,0,0.103916143,387.5,151.5769685,0,-0.217391304,0,0,0,0
8788,GCCACCCTCCACCCTGCCCCTAG,0,0,0.003154758,0,0.133665,455,173.1313785,0,-0.130434783,0,0,0,0
8789,TGTGAGAGAATGTGTGCGTGTGA,0,0,0.056712963,0,1.68098692,627.5,213.0250828,0.008695652,0.108695652,0,0,0,0
8790,CCCTCTTTCCCTCCCTCCTGAGG,0,0,0,0.060150355,0.05902077,387.5,157.0578737,0.02173913,0.239130435,0,0,0,0
8791,ATAGGAGAAAAAGAAGCACAGAG,0,0,0.103518848,0.377392597,0.371023101,522.5,198.887642,0,-0.326086957,0,0,0,0
8792,AGTGTGTGAGTGTGTGGGAGTGA,0,0,0.000381971,0,0.202836708,485,166.177569,0,-0.043478261,0,0,0,0
8793,CCTGCCTCCGCTCCAATGACTGG,0,0,0.038095238,0.012188847,0.012188847,395,166.0490562,0.939130435,0.195652174,0,0,0,0
8794,AGATGAGAAGAATGGGCACAAAG,0,0,0.029037037,0,0.17145493,432.5,199.0214948,0,-0.282608696,0,0,0,0
8795,ATGAATACAATTCAGTAGAGGGG,0,0,0.128893663,0,0.108371454,425,197.7248314,0,-0.108695652,0,0,0,0
8796,AATTCCCACAACAACCTCAAGAG,0,0,0.025012025,0,0.196336672,522.5,200.4071589,0.004347826,-0.586956522,0,0,0,0
8797,GAATTGTTTTCATATTTCTATGA,0,0,0.00266125,0,0.025995992,357.5,155.6881939,0.1,0.152173913,0,0,0,0
8798,GACCCCCTCCCCACAGCCTGGGG,0,0,0.002011061,0,0.034342375,260,152.1259743,0,-0.52173913,0,0,0,0
8799,GGTGTGTGAGGGTGTGCATGTGA,0,0,0.006993007,0,0.323446009,462.5,187.458263,0,0.02173913,0,0,0,1
8800,GAACAGAAAGCAGACACTGGTGA,0,0,0.000145315,0,0.03933179,357.5,156.570074,0.104347826,1.413043478,0,0,0,0
8801,AAATGAGAAGATAAGGGAAAAAG,0,0,0.002011061,0,0.031518222,290,150.250468,0,-0.239130435,0,0,0,0
8802,GGCATCTTTGTGGTTACCTGGGG,0,0,0.146086956,0,0.166445786,425,197.7847987,0,0.152173913,0,0,0,0
8803,GGTTGGGGGAGGTTTGCTGCTGG,0,0,0.037916667,0,0.251369416,455,176.7021799,0,0.304347826,0,0,0,0
8804,GATTCAGAAGCACAGTTTTTAGA,0,0,0.011878655,0,0.330292552,522.5,206.5130955,0,0.043478261,1,0,0,0
8805,GACCCCCTGCACCCTCTCTCCAG,0,0,0,0,0.014800608,412.5,162.7586611,0,-0.326086957,0,0,0,0
8806,GACCCCCTACTCCCCGCCGAGGA,0,0,0.002289377,0,0.063728886,387.5,141.1245361,0,-0.565217391,0,0,0,0
8807,GATTTCCTTTCATTATTCTCAAG,0,0,0.078635621,0.164132398,0.164132398,522.5,200.2958136,0,0.02173913,0,0,0,0
8808,GCCTCTTTCCCAACCACACCCAG,0,0,0.001346527,0,0.013599659,345,116.3917463,0.060869565,-0.391304348,0,0,0,0
8809,GGCAGCGCTGCTGGGGGTGGCGG,0,0,0.189090909,0,0.141738197,522.5,197.9588941,0,0.152173913,0,0,0,0
8810,GGCCCTGGGGCTGGTGGCGGTGG,0,0,0.019447779,0,0.078958228,455,175.5962282,0,0.413043478,0,0,0,0
8811,ATGAACATTTGTGAGTAGAAGAG,0,0,0.164196538,0.352730832,0.352730832,555,170.0110663,0.013043478,-0.391304348,0,0,0,0
8812,GATCAGAGAGTGTGTGGGTGCAG,0,0,0.00597773,0.416345417,0.416345417,552.5,194.7171081,0,-0.02173913,0,0,0,0
8813,TGGACTGGAGCTGGAGGTGGCAG,0,0,0.053571429,0,0.822304167,620,211.6124027,0.02173913,-0.217391304,1,0,1,0
8814,GGTCCCCTGCACCCCGACTCTAG,0,0,0.041193416,0,0.367241041,552.5,193.4861086,0,0.195652174,0,0,0,0
8815,ATATGAGAAGATGAGGCTCAGAG,0,0,0.031425365,0,0.323140741,462.5,187.0205663,0,0.043478261,0,0,0,0
8816,AATCCTCACTACACCCTCAAGAG,0,0,0.018207283,0,0.128972515,525,203.6129114,0.104347826,0.369565217,0,0,0,0
8817,AAATGAGTAACAGAGGGACAGAG,0,0,0.002440087,0.281558646,0.281558646,455,183.8922518,0.160869565,-0.086956522,0,0,0,0
8818,GGTGGGTGGGTGGGTGGGTGCGG,0,0,0.007365729,0,0.136842006,455,183.466468,0.004347826,-0.260869565,0,0,0,0
8819,TGCCCTACGGCTGGAGGTAGAAG,0,0,0.065359477,0,0.359837588,552.5,185.1952193,0.1,-0.065217391,0,0,0,0
8820,GAGTCTGAGCAAAAGAAGTCAGA,0,0,0.00736532,0,0.058772425,387.5,141.8123157,0.026086957,0.02173913,0,0,0,0
8821,GGCACTGGGGTAGGGGGTGGAGG,0,0,0.102857143,0,0.099886603,327.5,187.9469773,0.060869565,0.456521739,0,0,0,0
8822,GGGTTTGAGCAGAAGAGGAAAGA,0,0,0.005793226,0,0.368797917,552.5,194.8995849,0,-0.97826087,0,0,0,0
8823,GGCATTGCTGGTGGAGCTGGGGA,0,0,0.001386413,0,0.196246288,455,186.7357049,0,0.130434783,0,0,0,0
8824,CTTGACCCAGAGGGCAGCAGTGA,0,0,0.005057579,0,0.119185689,485,150.3590104,0.347826087,0.434782609,0,0,0,0
8825,GGCTGTGTCTCTGAATGCATTAG,0,0,0.058811174,0.047944355,0.046239667,455,181.8974821,0.07826087,0.282608696,0,0,0,0
8826,GACCCCCTCAATCTGGCCTCCAG,0,0,0.004436214,0,0.023612285,327.5,180.6459569,0.008695652,0.195652174,0,0,0,1
8827,GGGAGAGACCCAAGACCCGTGGA,0,0,0,0,0.014189961,357.5,179.4847489,0,-0.195652174,0,0,0,0
8828,AATCACCACCATCTCCTCAAAAG,0,0,0.008298272,0.250894548,0.250894548,425,196.1192426,0,-0.326086957,0,0,0,0
8829,AGAAACAGTGAGTAGAGCGGGGA,0,0,0.027513227,0,2.287423687,627.5,218.34368,0.02173913,-0.304347826,0,0,0,0
8830,GGGTCCTTGCACAAGAAGAAAGG,0,0,0.103721489,0,0.480774398,522.5,205.7609018,0.617391304,0.673913043,0,0,0,0
8831,GGGTGGGGGGGATTTGTTCAAAG,0,0,0.036699588,0.062720628,0.062720628,290,147.1301049,0.126086957,0.934782609,0,0,0,0
8832,TGTGAGTGTGTGGGTGTGTGTGG,0,0,0.073043478,0,0.144140246,455,184.754788,0.034782609,0.282608696,0,0,0,0
8833,AGCGAGTGGGTGTGTGCGTGGGG,1,0.03450083,0.257142858,1.609911955,1.609911955,627.5,215.9122196,0,-0.326086957,1,0,1,0
8834,ACTTGAGAAAAAGAGGCAGAGAG,0,0,0.016775599,0,0.452917868,552.5,182.6922636,0.004347826,0.086956522,0,0,0,0
8835,CCCAGCCTTCCAGAAACCCACAG,0,0,0.01274821,0,0.078958228,455,175.1815082,0,-0.130434783,0,0,0,0
8836,GGCGCTGCCTATGGAGGTGGCAG,0,0,0.053168403,0,0.426292988,525,203.1447995,0,-0.02173913,0,0,0,0
8837,GGCATTGTGCCTGGAGGTGTGGG,0,0,0.155909091,0,0.60809025,552.5,172.6825267,0,-0.108695652,0,0,0,0
8838,GTCACATAAGCAGATTTTTTGAG,0,0,0.014292586,0.16932061,0.166462878,522.5,200.5838136,0,-0.152173913,0,0,0,0
8839,GAGTAGGAGGAGAAGAAGAAAGG,0,0,0.111111111,1.383907843,1.35209387,627.5,212.3339596,0,-0.5,0,0,0,0
8840,TTGATGGATGAAACAGGAGTGGG,0,0,0.100699301,0,0.052959633,425,193.8617145,1,5.869565217,0,0,0,0
8841,GTCACTTCCATTGACCACGGAAG,0,0,0.023515579,0,0.017015292,387.5,168.4721731,0,-0.195652174,0,0,0,0
8842,GCCACCCCCAGCCCTGGCCATGG,0,0,0.093637455,0.234927387,0.227726547,425,200.4204355,0,0.065217391,0,0,0,0
8843,TGTGAGTTTGTGTGTGGGTGTGG,0,0,0.022058823,0.379196691,0.372455417,552.5,191.1542916,0.086956522,0.217391304,0,0,0,0
8844,AAGAACAACAATGAGAAGAGAGA,0,0,0.034722222,0,0.143492089,455,192.3416734,0,0.413043478,0,0,0,0
8845,GCAGTGGGTACCGCGGAGGCCGG,0,0,0.072688114,0.275687211,0.266829791,425,202.870635,0.482608696,-0.5,0,0,0,0
8846,GCCAATGAGGCTGGAGGTGATGG,0,0,0.241071428,0,0.697447183,552.5,177.4342631,0,-0.065217391,0,0,0,0
8847,AACTCCAGTGAGGAGAGGGGTGG,0,0,0.022134387,0.239002985,0.239002985,462.5,184.6037462,0.004347826,-0.413043478,0,0,1,0
8848,AGTGTGGAGGAATGAGGAGCCAG,0,0,0.00736532,0,0.687682923,552.5,180.6608001,0,-0.217391304,0,0,0,0
8849,TGTGAGTGTGTGCGTGTGTGCAG,0,0,0.057309941,0,0.144140246,455,184.754788,0,0.152173913,0,0,1,0
8850,GGTGAGTGGGTGTGTGTGTGCAG,0,0,0.080658436,0,1.773597222,567.5,196.6541086,0.030434783,0.413043478,0,0,0,0
8851,AGTGTGTGACTGTGTGAGTGAGA,0,0,0.004242424,0,0.56142625,552.5,191.9338325,0,-0.304347826,0,0,0,0
8852,CGCGTCCATCCAGAGAGAAAGGG,0,0,0.010960906,0,0.19201875,485,166.352289,0.017391304,-0.217391304,0,0,0,0
8853,AAAAAACCAGAAGAGGCACACAG,0,0,0.031525573,0,0.891277473,620,211.5550822,0,-0.347826087,0,0,0,0
8854,CCCTGTGTCTCTGGGGGCGTGGG,0,0,0.040178571,0.003769055,0.003713831,320,131.5332193,0,-0.173913043,0,0,0,0
8855,TGGATGGATGACAGAGAAGTGGA,0,0,0.006297796,0,0.061135346,357.5,177.0386876,0,0.5,0,0,0,0
8856,CAATGAGAACAAAATGCACACAG,0,0,0.011721612,0,0.14358594,425,190.5019215,0,-0.326086957,0,0,0,0
8857,GTGTGAGAGCAGAAGAAAAAGAG,0,0,0.072727273,0,0.187751667,552.5,190.4623627,0,0,0,0,0,0
8858,GCTGAGAGTGTGTGTGTGTGGGG,0,0,0.169615385,0,0.25438705,552.5,191.6309278,0,-0.565217391,0,0,0,0
8859,GAGCCACTGCACCCAGCCTCTAG,0,0,0.016558887,0,0.146830007,522.5,198.7192141,0.02173913,-0.347826087,0,0,0,0
8860,GATGCGCGCGTGTGTGCGTGTGA,0,0,0.011542277,0,0.569608261,620,211.3287188,0,0.217391304,0,0,0,0
8861,TGTGTGTGAGCGTGTGAGTGTGA,0,0,0.007856341,0,0.33831875,455,190.6954852,0.995652174,1.565217391,0,0,0,0
8862,GACAGCCATGTCCTCCCCTCAGA,0,0,0.001495726,0,0.142049486,485,147.6428993,0,-0.52173913,0,0,0,0
8863,ATGAACACCAGTAAAGATAGGAG,0,0,0.051978188,0.004700448,0.004562706,290,152.7818987,0,-0.52173913,0,0,0,0
8864,GAGTGGGAGCTGGAGAAGAAGGA,0,0,0.004180602,0,0.177367355,425,200.3962918,0,-0.239130435,0,0,0,0
8865,GGGTGGGGTGAGGGCGCTCCAGA,0,0,0,0,0.012888062,362.5,179.8946929,0,-0.260869565,0,0,0,0
8866,GACTTGTGTTCTTTATTCTGTGG,0,0,0.013533256,0,0.082649928,357.5,157.0394611,0.265217391,-0.043478261,0,0,0,0
8867,CTAGGAGAAGAAGAGGAACAGGA,0,0,0.012626263,0,0.609583333,552.5,197.1002889,0.682608696,NA,0,0,0,0
8868,CATTGCTTTTCATTGTTCTCCAG,0,0,0.055555555,0.801938915,0.778438874,620,215.597696,0.02173913,-0.239130435,0,0,0,0
8869,GGATGGTTTTTATTGTTCTCTAG,0,0,0.035397531,0.782934488,0.782934488,522.5,210.9135963,0,-0.326086957,0,0,0,0
8870,TGGATAGTGGAAAGAGGAGCTGG,0,0,0.026973027,0.151887413,0.146760412,455,167.6772786,0.004347826,-0.086956522,0,0,0,0
8871,AGATGATGTGAAGAGGCACAAGG,0,0,0.201142857,0,0.569608261,622.5,209.5172219,0,-0.108695652,0,0,0,0
8872,GGGATGGAGGAGGGAGGAGAGAG,0,0,0.026281243,0,0.132796733,357.5,164.8469791,0,-0.086956522,0,0,0,0
8873,GGCACAGTGCCTGGAGGTGCGGG,0,0,0.13,0,0.349267027,552.5,172.1848627,0.013043478,0.913043478,0,0,0,0
8874,GCCCCCTTCCCACCCACTGTGGA,0,0,0.006565126,0,0.059141775,485,160.3690828,0,0,0,0,0,0
8875,GGGAGGGAGAAATGAGGAGGAAG,0,0,0.02614076,0.654642614,0.642348856,552.5,175.7823437,0.113043478,0.065217391,0,0,0,0
8876,CACACCCATGTCCTCCCCAGCAG,0,0,0.02246732,0.485473295,0.476356426,552.5,178.3908993,0,0.195652174,0,0,0,0
8877,GGCCCAGAATGAGCTCTTCATGA,0,0,0.001334154,0,0.028412066,387.5,149.2990871,0.013043478,-0.543478261,0,0,0,0
8878,GTGTGGGGTAAATTTGCTCCCAG,0,0,0.076649956,0,0.396115165,522.5,202.2923828,0,-0.239130435,0,0,0,0
8879,GGTCAGAGAGGGAGTGCGTGGGA,0,0,0.008908371,0,0.209884409,425,200.213815,0,0.043478261,0,0,0,0
8880,TGGTTGAAGGAGTGAGGAGGGAG,0,0,0.021027266,0.225883475,0.221867769,455,171.0895188,0.773913043,-0.195652174,0,0,0,0
8881,GGGTTGGTGGAATGAGGAGTAGG,0,0,0.260869565,2.606310014,2.543507363,627.5,216.426583,0.304347826,-0.086956522,0,0,0,0
8882,ATGAAACTCAGTGATTAGAGGGA,0,0,0.003526476,0,0.158440571,525,197.7239967,0,-0.086956522,0,0,0,0
8883,GCCACTGGGGCTGTGGGTGGCAG,0,0,0.02,0,0.060024367,425,190.0139768,0.069565217,0.413043478,0,0,0,0
8884,AAATTAGAAGAAGATGGAGAAAG,0,0,8.17E-05,0,0.048855403,387.5,151.9705474,0.008695652,-0.413043478,0,0,0,0
8885,ATGGACACCATTGGGCAGAGTGG,0,0,0.074786325,0.021380321,0.021380321,357.5,183.1687058,0.091304348,0.239130435,0,0,0,0
8886,GACTACTTTATATTGTTCTCAAG,0,0,0.023310023,0.422106805,0.422106805,522.5,204.9038759,0.02173913,-0.065217391,0,0,0,0
8887,GGTGTGTGTGTGTGTTGGTGTGG,0,0,0,0,0.060818669,485,175.6773627,0,-0.108695652,0,0,0,0
8888,CCTGCCCAACAGGACAGTATGGA,0,0,0.017410714,0,0.10391963,455,167.0833985,0.117391304,0.369565217,0,0,0,0
8889,ACCCCCCTCCAGCCCTCCTCAAG,0,0,0,0,0.133988,455,193.9554737,0,NA,0,0,0,0
8890,TCAGTGAATAGAGAGGAGGCAGA,0,0,0.024305555,0,0.443035994,530,205.6609984,0,0,0,0,0,0
8891,AAAAGAAAAGAAAAGCCACAGGA,0,0,0,0,0.068338689,455,189.1554728,0.026086957,0,0,0,0,0
8892,GAGTCCGAGAAGGAGAGGGAGAG,0,0,0.009697357,0,0.061843976,387.5,152.974832,0,-0.239130435,0,0,0,0
8893,CACTGGTTTTCTTTTTTCTCTAG,0,0,0.005643739,0.205125328,0.198201266,425,195.988558,0.043478261,0.173913043,0,0,0,0
8894,GGCACTGCGGCTGGCGTGGCAGA,0,0,0.000676407,0,0.011004742,320,121.4459342,0.756521739,-0.086956522,0,0,0,0
8895,GGAATGGGGGAATGAGGAGGGGG,0,0,0.092838875,0.700844318,0.687682923,552.5,178.4345831,0.282608696,0.282608696,0,0,0,0
8896,CCTTCCTCCCCACTAATCACTGG,0,0,0.116363636,0,0.117154697,455,188.3301372,0,-0.217391304,0,0,0,0
8897,GGCATCCTTCCTGCAGCTCCTGG,0,0,0.1,0.281815562,0.281815562,552.5,185.1571133,0,-0.065217391,0,0,1,0
8898,GGCGCTGCCGCTGGAGCCGGCGA,0,0,0.002356712,0,0.069304995,485,167.9571753,0,-0.130434783,0,0,0,0
8899,GGTGAGTGGGTGTGGGTGTGTGG,0,0,0.015555556,0,0.168469286,462.5,181.247087,0,-0.260869565,0,0,0,0
8900,GGGGCTGGGGCTGGAGGTGGGAG,0,0,0.052083333,0,2.392592593,627.5,215.898583,0,-0.5,0,0,0,0
8901,GGTGTGTATGTGTGTGTGTGCGA,0,0,0.007070707,0,0.353596915,552.5,189.8659716,0,-0.195652174,0,0,0,0
8902,GAGTCCCAACAAAAGAGGAAAAG,0,0,0.018872549,0.114941414,0.113094965,455,184.1548273,0,-0.152173913,0,0,0,0
8903,GGTGTGTGAGTGTGTGACAGAGA,0,0,0.001603335,0,0.035730071,442.5,140.7542357,0.017391304,-0.043478261,0,0,0,0
8904,ATAACAAAAGAAGAGGCACACGA,0,0,0.018896447,0,0.891277473,620,214.4148992,0,-0.434782609,0,0,0,0
8905,AAAGGGGAAGGAGGGGCACATGG,0,0,0.135416667,0,0.071579746,425,198.6711476,0,0.217391304,0,0,0,0
8906,GTCATATTAATCATTACATAGAG,0,0,0.113425926,0,0.068456337,485,149.8613464,0,0.47826087,0,0,0,0
8907,AAATGAATAGAAGATGAACATGA,0,0,0.001984127,0,0.100825818,455,178.5238696,0,0.326086957,0,0,0,0
8908,GCCTCTCCAAAGCATGTCCAGAG,0,0,0.021064815,0.100366922,0.09769047,462.5,185.9887203,0,0.086956522,0,0,0,0
8909,CCCTGTCTCTATAGATAGATAGA,0,0,0.030849359,0,0.080805497,357.5,180.1013039,0.026086957,0.065217391,0,0,0,0
8910,GACACTGAGGCTGGAAGAGGTGG,0,0,0.366666667,0,0.053377333,485,173.1484239,0,0.195652174,0,0,0,0
8911,GATTCAGAGCAGAAAAATAACAG,0,0,0.075526507,0.049613002,0.049613002,455,177.2556611,0,-0.282608696,0,0,0,0
8912,CCCTGTCTGGATGGATGGATAGA,0,0,0.011083209,0,0.278359952,525,201.6352187,0,-0.52173913,0,0,0,1
8913,ATAAACTTCTGTGAGTAGAGAAG,0,0,0.065678615,0.859763489,0.846587038,620,208.1972658,0.026086957,0.152173913,0,0,0,0
8914,GAGAAGGAGAAGAAGAAGAAAGG,0,0,0.117913832,0,0.760552802,622.5,210.2603596,0,-0.195652174,0,0,0,0
8915,GCCTCTACCCCTCCCACTTTAAG,0,0,0.048611111,0.097359808,0.094231782,455,180.5775685,0,-0.043478261,0,0,0,0
8916,GAGAAGGAGAAGAAGAAGAAAGA,0,0,0.008188461,0,0.760552802,622.5,210.2603596,0,0.282608696,0,0,0,0
8917,GGTGGGTCAGTGAGTGAGTGAAG,0,0,0.037112426,0,0.223964003,455,184.3264314,0,-0.391304348,0,0,0,0
8918,GGGCAGTGAGTGTGTGGATGTGG,0,0,0.010779877,0,0.117805637,485,171.3889557,0,-0.086956522,0,0,0,0
8919,GGGTCCGCTTCTGCAGCACCTGG,0,0,0.183006536,0.89186724,0.878799588,622.5,214.1268992,0,-0.434782609,0,0,0,0
8920,GGTCACTGGGTGTGTGTGTGGGG,0,0,0.112299465,0.217598685,0.213926133,552.5,191.5945246,0,0.130434783,0,0,0,0
8921,GACATGTTTTCATTGCTCTTAAG,0,0,0.024691358,0,0.240344974,492.5,165.1003742,0.1,0.47826087,0,0,0,0
8922,AAAACTAGTGAGTAGAGAGTGGG,0,0,0.303333333,0.080042299,0.077196351,485,154.3250828,0.182608696,0.347826087,0,0,0,0
8923,TTAGACACAAGTGAGTAGAGTAG,0,0,0.104166667,0.848305879,0.822304167,620,213.8386196,0.473913043,-0.347826087,0,0,0,0
8924,GATGAGTGTGTGTGTGTGTTGGG,0,0,0.165846154,0,0.164063988,485,156.8765087,0.017391304,0.02173913,0,0,0,0
8925,CGCGCTGCTGCTGGAGCTGGCAG,0,0,0.014524328,0,0.372455417,552.5,193.3805086,0.095652174,0.5,0,0,0,0
8926,GGCACTGGGGCGGGCGGTGGCGG,0,0,0.087662338,0,0.335376707,432.5,195.377061,1,0.173913043,0,0,1,0
8927,TGGATGGATGAATGGGTGGTAGG,0,0,0.034666667,0,0.017678619,387.5,154.6237537,0,-0.695652174,0,0,0,0
8928,GGCAGTGAGGTTGGTGGTGGGGA,0,0,0.001666667,0,0.212805723,425,194.3747578,0,0.413043478,0,0,0,0
8929,GTGTGGGGAGAATTTGCTTCTGA,0,0,0.012237762,0,0.149930235,455,176.5361193,0,-0.217391304,0,0,0,0
8930,AAATTAGAACAAGAGATACAAGA,0,0,0.003888889,0,0.091675932,485,174.6454066,0.026086957,0.152173913,0,0,0,0
8931,GCCTCTCCCAAGTCTGGCCTGGG,0,0,0.222857143,0.092803209,0.089670612,455,166.8173152,0.008695652,-0.195652174,0,0,0,0
8932,AAAACCGAAGCATGGTTTTTAGA,0,0,0.007583333,0,0.0854635,425,197.5334948,0.030434783,-0.130434783,0,0,0,0
8933,AGGTTTGGGGAGTTTGCTACAGG,0,0,0.077142857,0.318743398,0.318743398,552.5,185.3776961,0,5.217391304,0,0,0,0
8934,CACACCAGTTAGTAGATGGGTGG,0,0,0.023214286,0.114096302,0.110039545,485,167.7988192,0,0.239130435,0,0,0,0
8935,GGGACTGAGCCTGGAGGTGAAGA,0,0,0.008463542,0,0.599576987,552.5,173.4428467,0.013043478,-0.043478261,0,0,0,0
8936,GGTGTGTCTGTGTGTGCATGTGA,0,0,0.006455083,0,0.180012975,552.5,185.4287494,0.926086957,4.804347826,0,0,0,0
8937,GACCCCCTCCAGCCCGAGCCCAG,0,0,0.001977831,0,0.015962717,345,134.3264553,0,-0.086956522,0,0,0,0
8938,GACAAGGGTGGCCTCCCCATGGG,0,0,0.073333333,0.458313578,0.458313578,522.5,206.7957953,0,-0.304347826,0,0,0,0
8939,GCCTCTGTCACATCCACCGTCGG,0,0,0.089215686,0.1152679,0.1152679,455,171.5777623,0.973913043,1.391304348,0,0,0,0
8940,GTTTCCCTCAAGCCTGGCCACAG,0,0,0.081018518,0,0.822304167,620,211.3724027,0.004347826,-0.326086957,0,0,0,0
8941,TCCTAGTTTTTATTGTTCTCAAG,0,0,0.031339031,0.807015306,0.794051205,522.5,211.4415963,0,-0.304347826,0,0,0,0
8942,ATGAAGAACATTGAGTTGAGGAG,0,0,0.004320988,0,0.184954377,455,187.0980043,0.343478261,-0.456521739,0,0,0,0
8943,GAGTAAGAGAAGAAGAAGAAGGG,0,0,0.459863946,0,1.35209387,627.5,212.3339596,0,0,0,0,0,0
8944,CTGAACACCAGTAAATGGAGCAG,0,0,0.034069736,0.064367863,0.063223545,357.5,174.5075468,0,0.195652174,0,1,0,0
8945,AACGGAGAAGGAGAGGGACAGGG,0,0,0.010241597,0,0.316692045,455,190.5822052,0.026086957,0.130434783,0,0,0,0
8946,GGTGACTGGGTGTGGGGGTGCAG,0,0,0.000346603,0,0.054569206,455,178.261103,0.42173913,-0.239130435,0,0,0,0
8947,GGAGGAGAAGAAGAGACACACAG,0,0,0.129629629,0,0.272333333,552.5,200.7979741,0,-0.217391304,0,0,0,0
8948,GCCTGCCCCAACCCTGGCCGCAG,0,0,0.035986159,0.198479073,0.198479073,455,169.0981993,0.02173913,0.086956522,0,0,1,0
8949,ACCACCAGTAAATAGAACGGCAG,0,0,0.165618655,0.276221715,0.276221715,455,185.2660521,0,0.413043478,0,0,0,0
8950,GGTGAGTGTGAGTATGAGTGGGA,0,0,0.0109375,0,0.026551897,357.5,176.3848402,0.134782609,-0.304347826,0,0,0,0
8951,GCCTCCTGCCCACCCGCCTGTAG,0,0,0.005865594,0.067505517,0.06522685,485,159.8881732,0,-0.043478261,0,0,0,0
8952,GAAGCCAAACCATATACTGCTGA,0,0,0.000992063,0,0.35314247,522.5,197.839322,0,3.652173913,1,0,0,0
8953,TGGATGAATGAATGAAGAGTTGA,0,0,0.037037037,0,0.191811376,560,196.768613,0,-0.108695652,0,0,0,0
8954,GCCTCTCTCCCTCCCTCCTAGGG,0,0,0,0,0.036229041,387.5,154.6746929,0.173913043,0.065217391,0,0,0,0
8955,GTCATCTTAGTCATTTTAGGAAG,0,0,0,0,0.005335167,400,124.7541298,0.956521739,4.97826087,0,0,0,0
8956,CTTGCCCCAAACGTCACTAAAGA,0,0,0.001999231,0,0.035480203,357.5,173.8668674,0,-0.413043478,0,0,0,0
8957,AACTCCCTCCACCCCACCCCCAG,0,0,0.051494253,0,0.090617958,485,170.2899742,0,-0.239130435,0,0,0,0
8958,AATGACCACTTCATCTTCAAAGA,0,0,0.006574622,0,0.60458,470,198.0814904,0,-0.108695652,0,0,0,0
8959,GCATGAGAGGAAGAGGGACAAGA,0,0,0.002139745,0,0.372455417,552.5,194.0141086,0.047826087,-0.152173913,0,0,0,0
8960,GGTGTGCGTGTGTGTGTGTGGGG,0,0,0.07,0,0.241506693,552.5,190.5826078,0.434782609,-0.5,0,0,0,0
8961,GTTGATTGTGTGTGTGTGTGAGA,0,0,0.008249158,0,0.225335527,552.5,192.2281246,0.013043478,0.108695652,0,0,0,0
8962,GAGTTTAAGCAGAAGAAGAGAGG,0,0,0.451871657,0,0.272825204,555,176.6049153,0,-0.586956522,0,0,0,0
8963,ATAGCCCCATAGGGCAGAAATAG,0,0,0.116194626,0,0.281815562,552.5,188.2569303,0,0.282608696,0,0,0,0
8964,TGGATGGAGGAATTTGGGGCCAG,0,0,0.000502806,0,0.004454793,290,130.7928606,0,-0.217391304,0,0,0,0
8965,CCAGTGATTGGAGCAGAGGTGGG,0,0,0.098039216,0,0.154716633,455,159.7638251,0,-0.413043478,0,0,0,0
8966,CCTGCCCTCACTCTACCCACCAG,0,0,0.102750545,0.352151751,0.346494695,552.5,187.7391548,0.008695652,-0.02173913,0,0,0,1
8967,GTCAGCCCCAATGCCTTGGGAGG,0,0,0.011785714,0.058894431,0.058894431,455,182.9032035,0,-0.326086957,0,0,0,0
8968,GCCATCGATGTCCTCTAGATCAG,0,0,0.003899968,0.020922224,0.020550273,442.5,155.2621298,0,-0.739130435,0,0,0,0
8969,CGGGGGAGGGAGTTTGCTCCTGG,1,0.033890646,0.446428571,1.737215529,1.737215529,627.5,217.1432192,0,-0.391304348,0,0,0,0
8970,AAATGAATTGAGGAGGCACATGG,0,0,0.185714286,0.276017117,0.267928704,525,202.0411214,0,0.108695652,0,0,0,0
8971,AGAATCTCTTCTGGAGCTCCCAG,0,0,0,0.032745994,0.031581692,455,179.7543013,0,-0.434782609,0,0,0,0
8972,GGGCTGGAGGAAAGAAGAGTAGA,0,0,0.016230572,0,0.105393,455,191.5386536,0,-0.369565217,0,0,0,0
8973,AGAAGAGAAGAGGAAGCACAGAG,0,0,0.067134673,0.201603863,0.198201266,425,196.163278,0,0.5,0,0,0,0
8974,ACATGAGAAAAAGAGGCAAGTGA,0,0,0.016690009,0,0.20233989,485,146.0826637,0.165217391,0,0,0,0,0
8975,GGTATGTGCGTGTGTGTGTGCAG,0,0,0.022626263,0,0.353596915,552.5,192.0921886,0,-0.108695652,0,0,0,0
8976,TGATGAGAAGAAAAGGCTCAGGG,0,0,0.369230769,0,0.120099,455,184.0373462,0,-0.434782609,0,0,0,0
8977,GAATTGTTTTCTTTTTTGTCTGA,0,0,0.000382128,0,0.040346442,357.5,171.3255447,0,-0.152173913,0,0,0,0
8978,CCTATACCTCGAGAGACACAGGA,0,0,0.004749947,0,0.451897188,522.5,207.5561153,0,-0.195652174,0,0,1,0
8979,AACTCCAGTGAGTAGGTCTGAGG,0,0,0.02039627,0.033027225,0.033027225,417.5,149.3038631,0.086956522,-0.130434783,0,0,0,0
8980,TGTGAGTGTGTGTGAGTGTGCGA,0,0,0.01125731,0,0.099818052,455,180.047087,0,-0.413043478,0,0,0,0
8981,AAGTGAGAAAATGAGGCCCAGGA,0,0,0.002514861,0,0.138653257,455,180.5408298,0,-0.369565217,0,0,0,0
8982,CCCATATATCCAGGGACCCAGGA,0,0,0.004657187,0,0.018139485,455,177.9683173,0,-0.391304348,0,0,0,0
8983,GGGTGGGGGGAGTTTTATTTAGA,0,0,0,0,0.01135084,350,113.0398632,0.004347826,-0.152173913,0,0,0,0
8984,AGGATGGAGGAGAGAGGATTTGG,0,0,0.333333333,0,0.100314079,357.5,171.2365791,0,0.152173913,0,0,0,0
8985,CGTGATTAAGTGTGTGCGTGTGA,0,0,0.033068783,0,1.538821954,627.5,215.514199,0,0.173913043,0,0,0,0
8986,CAAGAAGAAGAAGAGGCACCAGA,0,0,0.007327742,0,0.697447183,552.5,179.9004801,0.091304348,-0.260869565,0,0,0,0
8987,GAACAAAGAGCCTAGACTGCTAG,0,0,0.046458739,0,0.757100402,530,207.7980986,0.460869565,-0.282608696,0,0,0,0
8988,GGTAAAGTTCCTGCATCCGTGGA,0,0,0.004340278,0,0.424071175,522.5,203.8963022,0,0.260869565,0,0,0,0
8989,GAGGCGGAGCAGATGATGAAGGA,0,0,0.00154321,0,0.052168566,455,183.9151203,0,-0.717391304,0,0,0,0
8990,TGGATGAAAGAATAAGGTGTAGA,0,0,0.016741071,0,0.017436519,455,175.7945209,0,-0.282608696,0,0,0,0
8991,GAGTTCAAGTAAAAGAAGAAGAG,0,0,0.144926388,0.429009774,0.422434911,522.5,202.8206623,0,-0.173913043,0,0,0,0
8992,GGAAGTGCGGCCGGGGGTGGGGG,0,0,0.320210526,0,0.195426448,425,195.460558,0.004347826,-0.5,0,0,1,0
8993,ATAAACAACAGTGAGTAGAAGGA,0,0,0.031738281,0,1.377791534,560,179.6345831,0,0.217391304,0,0,0,0
8994,GCTTTCTTCCCACCCCCCTTAGG,0,0,0,0.156877149,0.154229434,552.5,198.3092701,0.026086957,0.217391304,0,0,1,0
8995,TGTGTGTGAATGTGTGTGTGTAG,0,0,0.041062477,0.571587811,0.56142625,552.5,191.9338325,0,-0.586956522,0,0,0,0
8996,CCTGCCCCCACTGTGCTCACCAG,0,0,0.01474537,0.091867193,0.08905134,425,188.1187407,0.8,-0.195652174,0,0,0,0
8997,GACCCTCTAGACCCCACCTCTGA,0,0,0.021494709,0,0.083779968,552.5,191.1740733,0.008695652,-0.260869565,0,0,0,0
8998,GGTGGGTGAGTGAATGGGTGGGA,0,0,0.001527149,0,0.033370636,357.5,175.7870637,0,-0.152173913,0,0,0,0
8999,TGTGCATGAGTGTGTGCATGCAG,0,0,0.08974359,0,0.187751667,552.5,190.7023627,0.1,0.282608696,0,0,1,0
9000,AGTGAGTGGGTGAGTGAGTGAGG,0,0,0.193846154,0,0.144140246,455,184.754788,0.043478261,0.152173913,0,0,0,0
9001,CAGCCCCTGCAGCCCGCCTCGGG,0,0,0.098261527,0,0.424071175,522.5,206.9961192,0,0.065217391,0,0,0,0
9002,GCCCACCTCCACCCCATCTCTGA,0,0,0.014550264,0,0.104848333,485,179.397143,0,-0.47826087,0,0,0,0
9003,GAATGAGAAGCAGAAGCAAAGAG,0,0,0.041830065,0,0.07836346,357.5,168.0148948,0,-0.326086957,0,0,0,0
9004,GGCTCTGAGGCCAGAGGTGGTGG,0,0,0.361722488,0,0.272415361,425,198.0111621,0,1.02173913,0,0,0,0
9005,GCCTCTTTGCCTTCCACCATAAG,0,0,0.010699588,0,0.052430423,357.5,167.2767987,0,-0.760869565,0,0,0,0
9006,AGTGTGTGTGTGTGTGAGTGAGA,0,0,0.006363636,0,0.372455417,552.5,192.9657886,0,0,0,0,0,0
9007,AAGTGAGAACAAGGGGAACAGGA,0,0,0.003696845,0,0.078305104,455,181.0549679,0.065217391,0.130434783,0,0,0,0
9008,AGTGTGTGTGTGTGTGAGTGTAG,0,0,0.023757576,0,0.372455417,552.5,192.9657886,0.008695652,-0.086956522,0,0,0,0
9009,CCTGCCTCATCTCTGCTCTCTGA,0,0,0.016927083,0,0.067967565,455,165.2934617,0.030434783,0.413043478,0,0,0,0
9010,GGAATTCCTTCTTCTACACCAAG,0,0,0.014444444,0.015693448,0.015441344,357.5,176.419248,0,-0.173913043,0,0,0,0
9011,GTATGGGGGAAGTGTGCTCCAGG,0,0,0,0,0.20338988,522.5,201.8010789,0,-0.065217391,0,0,0,0
9012,GGTGCGAGTGTGTGTGAGTGTGA,0,0,0.008506944,0,0.241506693,552.5,190.5826078,0.195652174,0.260869565,0,0,1,0
9013,GGCAGTGAGGCTGGGGGTGCGGG,0,0,0.108642857,0,0.176947,455,163.4672415,0,5.02173913,0,0,0,0
9014,GGGTGGGAGCTGTCTGCTCCTGG,0,0,0.035164835,0.103956883,0.103956883,425,193.2391783,0,-0.260869565,0,0,0,0
9015,AATGACAACTTCATTCTCAAAGA,0,0,0.001068376,0,0.27147665,432.5,197.5797139,0,-0.695652174,0,0,0,0
9016,GAGGAAGAGCAGAAGGAGAAAGA,0,0,0.004428855,0,0.156419304,555,197.9636701,0.047826087,0.130434783,0,0,0,0
9017,GATGTGTGTGTGTGTGCGTCTAG,0,0,0.020512821,0,0.426140229,552.5,176.5742997,0,0.065217391,0,0,0,0
9018,AATTATCACTTCATCCCCAAAAG,0,0,0.019013666,0.197655107,0.194319155,455,189.3242212,0,0.586956522,0,0,0,0
9019,ACATGAGCAGATGAGGAACAGAG,0,0,0.013580247,0.299915,0.299915,455,187.1579715,0.034782609,0.108695652,0,0,0,0
9020,TGTGAGTGAATGTGTGCATATGG,0,0,0.60576923,0,0.125900376,485,151.6473304,0.026086957,0.152173913,0,0,0,0
9021,AAAAGGGAAGAAAAGACACACAG,0,0,0.081400081,0,0.060534271,455,189.7526696,0,0.326086957,0,0,0,0
9022,GGGAGGGCTGAATGAGGAGTGGA,0,0,0.009717046,0,0.833979885,620,210.8520827,0,0.239130435,0,0,0,0
9023,CCCTCCCCATAGCCAGGCCCTGG,0,0,0.082927908,0.17544422,0.172149493,455,162.8636421,0,-0.086956522,0,0,0,0
9024,GCTGTCGCAAAGCCTGGCCAAAG,0,0,0.033360566,0.89186724,0.878799588,622.5,214.1268992,0.004347826,0.086956522,0,0,1,0
9025,GTTACTTCAAATGACTAAGGCAG,0,0,0.098214286,0.113110241,0.113110241,552.5,187.5029024,0.060869565,0,0,0,0,0
9026,GAGACAGAACAGAAAAAGAATAG,0,0,0.069361078,0,0.141738197,522.5,198.3736141,0.013043478,-0.108695652,0,0,0,0
9027,ACATGATATGTAGAGGCACAGGG,0,0,0.08288854,0,0.33136789,522.5,206.3869551,0.086956522,2.913043478,0,0,0,0
9028,TGTGTCTGAGTGTGTGTGTGCAG,0,0,0.029996939,0,0.368797917,552.5,195.1395849,0.647826087,3.326086957,0,0,0,0
9029,AGTATGTGAGTGTGTGTGTGTAG,0,0,0.035636364,0.620616516,0.609583333,552.5,196.0519689,0,0.239130435,0,0,0,0
9030,GGCATGGCTGGTGGAGGTGGCGG,0,0,0.048484848,0,0.280029596,522.5,205.9358319,0,0.239130435,0,0,1,0
9031,CAGGTGAGTAGAGTGGAGGGTAG,0,0,0.004970548,0.102464755,0.102464755,455,169.6552154,0.017391304,-0.5,0,0,0,0
9032,AAAAGAAAAGAAGAGGAAGAAAG,0,0,0.007201646,0,0.131148806,485,164.2091082,0,0.108695652,0,0,0,0
9033,AAAAAAGAAGAAAAGGCAGAGAG,0,0,0.012345679,0,0.19301625,455,176.7907595,0,0.304347826,0,0,0,0
9034,CTTAACAAAAGTGAGTAGAGGGG,0,0,0.23877551,0.848305879,0.822304167,620,211.6124027,0,-0.043478261,0,0,0,0
9035,TACTTCTTTTCATACTTCTCTGA,0,0,0.0079939,0,0.036314742,425,191.5678098,0,0,0,0,0,0
9036,AAACAAAATGGATAGACTGCTAG,0,0,0.0325,0,0.293524998,522.5,207.2241519,0,0.130434783,0,0,1,0
9037,GGTGTGTGAGTGTGTAGGTTGGG,0,0,0.014973262,0,0.043721755,417.5,142.4995431,0,-0.195652174,0,0,0,0
9038,GTCAAGTTATCCATTACCTGAAG,0,0,0.035108025,0,0.422106805,522.5,204.9038759,0,0.043478261,0,0,0,0
9039,GGAACCGATTCTGCAGCTCCGGG,0,0,0.152941176,0.20468015,0.201225633,552.5,187.005349,0,-1.043478261,0,0,1,0
9040,GCCTGATTTTCATTCTTCTCCAG,0,0,0.035555556,0,0.243723101,522.5,201.6786744,0.191304348,0.47826087,0,0,0,0
9041,AAAAGAAGAAAAGAGGCACATGA,0,0,0.022633745,0,0.858607543,620,207.8516658,0,-0.086956522,0,0,0,0
9042,CACACACATACAGAGACACATGG,0,0,0.585281386,0.784601902,0.760552802,620,210.8939596,0,-0.543478261,0,0,0,0
9043,AAAATAGAAGAAAAGACACAGGA,0,0,0.009157509,0,0.100056646,455,190.2503336,0,-0.152173913,0,0,0,0
9044,TGGATTTAGAGATGAGGAGTGGG,0,0,0.231111111,0.283947266,0.275626467,522.5,203.8090151,0.008695652,-0.152173913,0,0,0,0
9045,TTCCCCCTCCAGCCCGCGTCTGA,0,0,0.002992892,0,0.152684,455,185.8205663,0.995652174,2.217391304,1,0,0,0
9046,AGTGTGTGAGAGTGTGAGTGTGG,0,0,0.114545455,0,0.33831875,455,190.6954852,0,-0.52173913,0,0,0,0
9047,GCAAACCCTTCTACAGCAGCTGG,0,0,0.039940828,0.200132056,0.19301625,455,177.4243595,0,0.152173913,0,0,1,0
9048,AGTGTGTGAGAGTGTGAGTGTGA,0,0,0.007954545,0,0.33831875,455,190.6954852,0.008695652,0.065217391,0,0,0,0
9049,GGCACAGCCACTGCAGGTGGAGA,0,0,0.012962963,0,0.069239967,522.5,196.8233146,0.073913043,0.326086957,0,0,0,0
9050,AATTGAGAATTAGATGCACAGAG,0,0,0.006535948,0.203034972,0.203034972,425,193.2431583,0,-0.739130435,0,0,0,0
9051,GAATTCAAAGCATAAATTGCAAG,0,0,0.033126032,0,0.155096519,455,181.8449474,0,-0.239130435,0,0,0,0
9052,CACTGGGTATCTGGATTGATAGA,0,0,0.006184292,0,0.225335527,552.5,192.2281246,0,-0.086956522,0,0,0,0
9053,ATGTCCCCAAAGCCTGGCCTCAG,0,0,0.063636364,0.700844318,0.687682923,555,181.2944001,0,0.152173913,0,0,0,1
9054,CACCCCCACCAACCTGCCTCCAG,0,0,0.007054674,0,0.198201266,425,194.177061,0,0.260869565,0,0,0,0
9055,AACAAATGTGAGTAGAGAGGAGG,0,0,0.125,0,0.121741508,555,188.3191819,0,0.108695652,0,0,0,0
9056,GGCACTGCTGCTAGAGGTGCAGG,0,0,0.210989011,0,0.277547972,462.5,169.8032992,0,0.434782609,0,0,0,0
9057,GCCACTGCGGCCAGAGGTGTCAG,0,0,0.109872314,0,0.132796733,357.5,164.6069791,0,-0.369565217,0,0,0,0
9058,TGTGTGTGTGTGTGTGCGTGAAG,0,0,0.056565657,0,1.632770745,627.5,215.1518996,0,-0.347826087,0,0,0,0
9059,GGTGTTTGAGTGTGTCAGTGCAG,0,0,0,0,0.060221432,485,177.851159,0.026086957,0,0,0,0,0
9060,TGTGGGTGTGTGTGTGCGTGTGA,0,0,0.03,0,1.632770745,627.5,215.1518996,0,0.065217391,0,0,0,0
9061,CCTGCCTCCGTGCTACCCCCAGG,0,0,0.022468404,0.046629818,0.045200552,290,153.5197048,0,-0.195652174,0,0,0,0
9062,CAAGGAGAAAAATAGGCACATAG,0,0,0.038888889,0.535768434,0.535768434,522.5,203.835343,0.086956522,0.369565217,0,0,0,0
9063,GACTTGCCTTCATTTTTCTCCAG,0,0,0.025462963,0,0.489147117,530,200.7099807,0.069565217,-0.673913043,0,0,0,0
9064,CCCTGTGGCTTTGCATAGATTAG,0,0,0.02339981,0,0.045550747,357.5,177.2448036,0,-0.5,0,0,0,0
9065,GGTGAGTGACTCTGGGCGCGGGG,0,0,0.002920892,0,0.05473002,357.5,161.5371416,0.004347826,-0.586956522,1,0,1,0
9066,GGGGTGGAGGAAGGTGGAGTAGA,0,0,0.002166037,0,0.155902215,425,194.6200579,0,-0.804347826,0,0,0,0
9067,AAATGAGAAAAAGGGCAACATGA,0,0,0,0,0.012403648,387.5,164.294542,0,-0.130434783,0,0,0,0
9068,GGCACTGGGGCTAGGGGAGGGGA,0,0,0.017857143,0,0.029084216,357.5,166.9705076,0,-0.47826087,0,0,0,0
9069,GAGAAAGAGCAGAAGAATAAAAG,0,0,0.04367179,0,0.178245253,555,189.8287627,0,-0.195652174,0,0,0,0
9070,GACAACGAAGCTGAGGTATTTAG,0,0,0.011396011,0,0.024931944,387.5,167.4838204,0.108695652,0.043478261,0,0,0,0
9071,GGATGAGAAGAAGAGGGAAAGAG,0,0,0.005228758,0,0.202836708,485,167.225889,0,-0.847826087,0,0,0,0
9072,GCCCCTTTGCCACCAACCTGTGG,0,0,0.015708244,0.110071443,0.108114617,455,163.0219981,0,0.347826087,0,0,0,1
9073,GGGGGGTGTGTGTGTGTGTGTAG,0,0,0.026133333,0,0.348646558,552.5,192.4377886,0.017391304,0.02173913,0,0,0,0
9074,GCCAGTTTTCCACCCACCTCGGG,0,0,0.022727273,0,0.40341275,552.5,175.9406997,0,-0.913043478,0,0,0,0
9075,AAATGAGAAGAAGAGTAATCAGG,0,0,0,0,0.01135084,350,113.0398632,0,-0.108695652,0,0,0,0
9076,AATGCCATCTACATCATCAAAAG,0,0,0.041666667,0,0.168075602,552.5,195.1402564,0,0.065217391,0,0,0,0
9077,GACTATGAGCCGAAGAAGAAGGA,0,0,0.005668934,0,0.451897188,522.5,209.3676123,0,-0.434782609,0,0,0,0
9078,GGTGTGTGCGTGTGTGTGTGCAG,0,0,0.025140292,0.699446792,0.699446792,560,194.1657886,0.856521739,-0.043478261,0,0,0,0
9079,GGCACAGACAGAGCACCTGTGGG,0,0,0.101901813,0.238352117,0.234114746,485,155.2109526,0.4,0.456521739,0,0,0,0
9080,AAACAACAAGAAGAGCCACATAG,0,0,0,0.176585759,0.176585759,552.5,197.3664733,0.013043478,0.152173913,0,0,0,0
9081,GCCCCTTCCCCTCCCATCTTTAG,0,0,0.026095376,0.289617489,0.28472943,455,186.5243715,0,-0.891304348,0,0,0,0
9082,TGTGAATGAGTATGTGTGTGTAG,0,0,0.112921811,0,0.181448575,455,188.7118045,0,-0.47826087,0,0,0,0
9083,GCCTCATCCACATCCACCTTCGG,0,0,0.525777778,0.298915007,0.294333934,522.5,199.8231421,0.017391304,-0.434782609,0,0,0,0
9084,GGTGTATGAGTGTGTGTGTGTGA,0,0,0.011784512,0,0.692578247,560,196.3395849,0,-0.195652174,0,0,0,0
9085,CCAGTGCTTCGGGCGGAGGCGGA,0,0,0.004571357,0,0.403866344,522.5,201.0091654,0,-0.130434783,0,0,0,0
9086,AGATGGGGGGAGTGTGTTCCCAG,0,0,0,0.091177255,0.089556326,455,186.0467043,0,0,0,0,0,0
9087,AGTGTGTGAGTGTGGGAGTGTGG,0,0,0.007636364,0,0.163368333,455,182.7185474,0,0.043478261,0,0,0,0
9088,TGTGTGTGTGTGTGCGCGTGCGA,0,0,0.004132231,0,0.24614019,522.5,199.7448781,0,0.217391304,0,0,0,0
9089,AAATCCGAGCAGAAGTTGAATAG,0,0,0,0.105251596,0.103380457,485,180.397463,0,-0.217391304,0,0,0,0
9090,GAGTCCCAGAAGGAGAAAAAGAG,0,0,0.069746377,0,0.068265755,455,176.902429,0.573913043,1.130434783,0,0,0,0
9091,AACCCTAGGGAGTAGAGCTGAGG,0,0,0.135254102,0,0.184365431,552.5,181.8326357,0,-0.086956522,0,0,0,0
9092,GGCACGACGGCTGGAGGTGGGGG,0,0,0.571428571,0,2.156891484,635,217.4308352,0,-0.52173913,0,0,1,0
9093,TGTGTGTGGGTGTGTGCGGGGGG,0,0,0.060606061,0,0.321904489,552.5,183.2038997,0.004347826,-0.02173913,0,0,0,0
9094,GGGCCCCCAAACCCTGGCCACAG,0,0,0.030891129,0,0.694060843,525,209.8422996,0.073913043,-0.173913043,0,0,0,0
9095,ATCAACACAAATGAGTAAAGTAG,0,0,0.059171598,0,0.103762287,455,183.0588027,0,-0.239130435,0,0,0,1
9096,ATTGCCCCACTGGTCATTAAGGA,0,0,0.001424501,0,0.050409494,357.5,180.3446206,0,0.195652174,0,0,0,0
9097,GGCGCTGCGGCAGCAGGAGGAGG,0,0,0.142857143,0,0.021598022,357.5,173.5477816,0.586956522,0.934782609,0,0,0,0
9098,GAATTCAAAGCATGGACTGCAGG,0,0,0.135757576,0,0.419407407,530,206.5988954,0,0.086956522,0,0,0,0
9099,TACTTGTCTCCATTTTTCTCGGG,0,0,0.076190476,0,0.371023101,522.5,196.901425,0,0.173913043,0,0,0,0
9100,GGTGTGTGGGTGTGTGTATGTGG,0,0,0.078321678,0,0.069304995,485,167.5424553,0.008695652,0.043478261,0,0,0,0
9101,ACTGAACTCTACATTCTCAAAGG,0,0,0.020845481,0.247907189,0.243723101,522.5,199.8671775,0,-0.413043478,0,0,0,0
9102,CACTTGTCTTCATTTTTATCAAG,0,0,0.014245014,0.086235484,0.083169333,455,176.4698282,0.965217391,0.630434783,0,0,0,0
9103,CCCGCCTCCGCTCTCCCCACCGG,0,0,0.08250573,0.320559556,0.320559556,462.5,184.6788674,0,-0.130434783,1,0,1,0
9104,GGGTGGGGTGAGGTAGCTCACGG,0,0,0.040274599,0,0.037807551,357.5,154.3962776,0.030434783,1.065217391,0,0,0,0
9105,GCCTCATTCCCTCCCTCTTTAAG,0,0,0,0,0.015083826,387.5,166.9861564,0,-0.043478261,0,0,0,0
9106,GAGAAGGAGCAGAAAAAGAATGG,0,0,0.12805122,0,0.23197741,525,201.0450744,0.060869565,0,0,0,0,0
9107,CAAGTGAGTAAACTGGAGGCAGG,0,0,0.224561404,0,0.048105723,327.5,191.5914111,0,-0.52173913,0,0,0,0
9108,GCGTCCCCAAAACCTGCCCTTGA,0,0,0.004575163,0,0.123313651,387.5,152.8321886,0,0.195652174,0,0,0,0
9109,AAATGGGAAAAAGAGGAATAAGA,0,0,0.00997151,0,0.1015764,485,160.6881686,0.008695652,-0.565217391,0,0,0,0
9110,GGCAAGAGAGTGTGTGTGTGGGA,0,0,0.0109375,0,0.389730931,552.5,194.4291081,0,-0.347826087,0,0,0,0
9111,GGCACTGAATCTGGAGGTGGGGG,0,0,0.339508929,0,1.305480952,630,208.3486663,0.013043478,-0.434782609,0,0,0,0
9112,GATGCCCACAACATCATCAAAAG,0,0,0.111111111,0.250819,0.250819,552.5,195.6315177,0.052173913,0.217391304,0,0,0,0
9113,GGCACTGTGGCAGGTGGTGTTGG,0,0,0.098,0,0.082649928,357.5,157.0394611,0,0.173913043,0,0,0,0
9114,GCTGGCTCCCCTCTACTCCCTGA,0,0,0.003148426,0,0.485227553,552.5,182.1719436,0,-0.217391304,0,0,0,0
9115,TTCTAATTTTCATTGTTCTCTGA,0,0,0.025252525,0,0.789491758,620,215.885696,0,-0.326086957,0,0,0,0
9116,TGTGAGTGTGCGTGTGCATGTGA,0,0,0.019230769,0,0.105235585,455,183.5868027,0.056521739,-0.086956522,0,0,0,0
9117,GGGACTGCAACTGGAGGTGGGGG,0,0,0.3,0,1.411272096,627.5,210.9204832,0,-0.108695652,0,0,0,0
9118,GGGTGGGGGGTGGAGGCTCCTGG,0,0,0.002484472,0.011358673,0.011192246,265,177.6243895,0,-0.369565217,0,0,0,1
9119,CTTGACCTACAATGCAGTAAGGG,0,0,0.14,0.268108399,0.259890517,425,197.5964421,0,-0.130434783,0,0,0,0
9120,AAATGAAAAGCAGAGGCTCAAGA,0,0,0.013888889,0,0.209131564,462.5,186.3634022,0,-0.065217391,0,1,0,1
9121,GGGAAAGACCCTGCACCCCTAGG,0,0,0.099616858,0.069475259,0.067801157,395,164.6474737,0.273913043,-0.043478261,0,0,0,0
9122,GGCACTGAGGCTGGGCGTGGTGG,0,0,0,0,0.123181997,462.5,185.8047356,0.017391304,2,0,0,0,0
9123,GTCACAGCCACTGGAGGTGGAGG,0,0,0.277171717,0,0.464697762,620,208.2224992,0,0.108695652,0,0,0,0
9124,AACAGCAGTGAGGAGAGACGAGG,0,0,0.037781109,0.037170378,0.035915682,387.5,152.2410262,0,-0.326086957,0,0,0,0
9125,CGCCTCAATCCAGAGTCACATAG,0,0,0,0.182754694,0.176585759,552.5,198.4147933,0,-0.326086957,0,0,0,0
9126,TGAATGAAGGAATAAGGAATAAG,0,0,0.104166667,0,0.050045703,455,173.9016346,0.047826087,0.043478261,0,0,0,0
9127,GGCATTGTGGCTGGTTGTGGTGG,0,0,0,0,0.065950602,455,183.3164156,0,0.065217391,0,0,0,0
9128,AAATGATAAGAAGATGAACATGA,0,0,0.002645503,0,0.198365461,462.5,182.8236866,0,-0.130434783,0,0,0,0
9129,CCTGTCCCACAGGGCAGGAAGGG,0,0,0.181818182,0.656790123,0.656790123,560,193.4483467,0.008695652,-0.065217391,0,0,0,0
9130,TGGGTGGAGGAATGATGGATGGA,0,0,0,0,0.01681386,417.5,144.8666409,0,-1.065217391,0,0,0,0
9131,GGCACTAGGGATGGAGGAGGGAG,0,0,0.083333333,0,0.106298047,455,182.0635853,0,0.108695652,0,0,0,0
9132,GCCTCTGTCCTACCCATGTTTGG,0,0,0.011261941,0.042283246,0.040924748,387.5,164.1772911,0.2,0.608695652,0,0,0,0
9133,GAAATCTTTTGATTGTTCTCTAG,0,0,0.018237935,0.466186427,0.451897188,522.5,209.7823323,0,1.565217391,0,0,0,0
9134,AATAACCACTGCATTCTGAAAGA,0,0,0.000361111,0,0.043821816,357.5,172.4659614,0.62173913,-0.065217391,0,0,0,0
9135,GGGTTGTTTTAATAGTTCTCTGG,0,0,0.185714286,0.122563934,0.122563934,425,200.5627316,0,-0.217391304,0,0,0,0
9136,CCCATACATCTGTAGACACAGGG,0,0,0.061904762,0.088622944,0.087264738,362.5,193.9685113,0,-0.130434783,0,0,0,0
9137,GAAAGAGAAGAAGAGGAAGAAGA,0,0,0.001929012,0,0.202836708,485,166.592289,0,-0.739130435,0,0,0,0
9138,GGTGAGTGAGTGTGTTACTCCAG,0,0,0,0,0.007062745,375,118.3645298,0,0.086956522,0,0,0,0
9139,AGCAATGTGGATGGAGGTGGAGG,0,0,0.3375,0,0.794051205,522.5,208.5817793,0,-0.043478261,0,0,0,0
9140,AGGACCACCACTGAGTACAGAGA,0,0,0.005952381,0,0.172235,455,186.018263,0.008695652,-0.52173913,0,0,0,0
9141,TGTGAGTGAGGGTGTGTGTCTGA,0,0,0.005555556,0,0.149027027,387.5,154.8462053,0,0.108695652,0,0,0,0
9142,AAATGAAAAAAAGAGAGACAAAG,0,0,0.014233842,0,0.059597087,485,173.5505458,0,0,0,0,0,0
9143,AAAAAAGAAGAAGATTCACACAG,0,0,0,0,0.069289873,455,185.5426325,0,0.02173913,0,0,1,0
9144,AGGAAAACCAATGAGTATAGAGG,0,0,0.520000001,0.106088187,0.104202175,455,185.520599,0,-0.152173913,0,0,0,0
9145,AAATAAGAAGTAGAGGAAAAGGG,0,0,0.053333333,0,0.101174436,387.5,159.9474853,0,-0.391304348,0,0,0,0
9146,GTCCCCCGCCACCCCGGCACTGG,0,0,0.008963585,0,0.19201875,485,164.126072,0,-0.304347826,0,0,0,0
9147,GGCAAGGCGGGGGGAGGTGGTGG,0,0,0.040816326,0,0.22549028,425,202.1795118,0,-0.608695652,0,0,0,0
9148,GCCCCCCGCCCCCCAGCCTCAGG,0,0,0.051216931,0,0.223580696,425,195.4230778,0,-0.086956522,0,0,0,0
9149,GAAATCCCTGCTGCTGCTCCGGA,0,0,0.002938034,0,0.076598956,455,174.3379087,0,0.326086957,0,0,0,0
9150,GGCACCATGCCTGGAGGTGGGAG,0,0,0.082491582,0,0.496624264,622.5,206.9392818,0,-0.065217391,0,0,0,0
9151,GAGGCAGAGAAAAAGAAGAAAGA,0,0,0.032600308,0,0.374191978,522.5,203.8325791,0,0.304347826,0,0,0,0
9152,CACACCCATGCAGAGACACATGA,0,0,0.019640853,0,2.461181435,627.5,213.8799436,0.560869565,0.543478261,0,0,0,0
9153,AAAATGGAAGAAGAGGCTCATGG,0,0,0.051020408,0,0.178245253,555,189.8287627,0,4.456521739,0,0,0,0
9154,GGTGTGAGAGTGTGGGGGTGTGG,0,0,0.000935829,0,0.105930922,455,180.3353666,0,0.260869565,0,0,1,0
9155,GAGACCAGTGAGAAGAGCAGTGG,0,0,0.247252747,0,0.201035939,455,178.4246795,0.330434783,0.565217391,0,0,0,0
9156,GATGTGTTTTCATTATTTTCTGG,0,0,0.259978992,0,0.082004963,455,178.1680451,0,0.02173913,0,0,0,0
9157,CCAAGTGTCCGTGGATGGATGGA,0,0,0.003821282,0,0.687929438,522.5,206.5765799,0.030434783,-0.456521739,0,0,0,0
9158,GGCACCGCGGCGGGAGGCGCAAG,0,0,0.021645022,0,0.036569509,387.5,147.1369823,0,0.02173913,1,0,1,0
9159,GTTGTGTGTGTGTGTGTGTGCGG,0,0,0.064793389,0,0.372455417,552.5,192.7257886,0,-0.152173913,0,0,1,0
9160,CCCATTCATCCAGAAATACTAGG,0,0,0.244705883,0.040495461,0.039128525,387.5,145.0832834,0,0.152173913,0,0,0,0
9161,GGGGTGGAGGCAGGAGGAGTGAG,0,0,0.016173073,0.322857199,0.322857199,425,202.5969958,0,-0.782608696,0,0,0,0
9162,GAGTTTGAGTAGAAGAAGAAGAG,0,0,0.144186968,0,1.35209387,627.5,212.3339596,0,-0.260869565,0,0,0,0
9163,TGTGTGTGACTGTGTGTGTGGGG,0,0,0.067878788,0,0.56142625,552.5,191.9338325,0,0,0,0,0,0
9164,CTCTCCCCAAAGATTGGCCACAG,0,0,0.047483381,0.088164995,0.086676978,425,197.8214948,0,-0.217391304,0,0,0,0
9165,CATGCACTAAAGGGCAGTAAGGA,0,0,0.041377315,0,0.760552802,620,209.0824626,0,-0.108695652,0,0,0,0
9166,AATAACCAATACAGCCTTAAAAG,0,0,0,0,0.026821933,455,177.3041017,0,-0.065217391,0,0,0,0
9167,GCGCTGAGTGGAGCGGAGGCAAG,0,0,0.042546809,1.299248042,1.299248042,620,212.8066636,0.013043478,0.108695652,0,0,0,0
9168,TGGATGTAGGAATGAGGGTAAGG,0,0,0.085714286,0,0.026431993,442.5,123.5078861,0.086956522,0.02173913,0,0,1,0
9169,AGGATCCCTTGTGCAGCTCCTGG,0,0,0.06875,0.176084492,0.16982371,455,187.018583,0,-0.217391304,0,1,0,1
9170,AAATGGCAAGAAGAGGCAAAGGA,0,0,0.014615221,0,0.387025317,560,185.4828353,0.008695652,0.673913043,0,0,0,0
9171,ACTGAGTGGGTGTGTGCCTGAGG,0,0,0.197802198,0,0.189613667,552.5,189.5768864,0,-0.217391304,0,0,0,0
9172,ATCCTCTTAGTCATTCCCCGGGG,0,0,0,0,0.090617958,485,170.2899742,0,0.043478261,0,0,0,0
9173,GGGTGGGGGGAGCTTACTACAGA,0,0,0.02349624,0,0.053331398,395,162.8642536,0.326086957,0.282608696,0,0,0,0
9174,AAATGTAAAGAAGATGCAAACGA,0,0,0.003036929,0,0.052435807,455,170.0758137,0,-0.47826087,0,0,0,0
9175,GGAAATGAGGGTGGAGGTGGAGA,0,0,0.005588624,0,0.7469375,522.5,208.0537793,0.008695652,0,0,0,0,0
9176,TAGATGGAGAAAGGAGAAGTGAG,0,0,0.049851769,0.217271959,0.217271959,455,183.482832,0.02173913,0.173913043,0,0,0,0
9177,GGTGTGTAAGTGTGTGTGTTTGG,0,0,0.118787879,0,0.25419625,485,156.688152,0,-0.608695652,0,0,0,0
9178,AAATGAAGAGAAGAGAAACAAGG,0,0,0.342222222,0,0.064709107,485,175.4424653,0.739130435,0.456521739,0,0,0,0
9179,GTGTCAGAGAAGAAGAAGAATGA,0,0,0.04064454,0,1.489014768,627.5,213.3822796,0.765217391,-0.086956522,0,0,0,0
9180,GCCTCTCTCCCCCACACCATGGG,0,0,0.018092105,0.023707685,0.023707685,357.5,166.7135342,0,0.434782609,0,0,0,0
9181,CAGTGTGTCTCTTGAAGGATAGA,0,0,0.006887052,0,0.098655853,455,191.6442536,0.065217391,0.043478261,0,0,0,0
9182,GCCCCCCGGCATCCCGCCTCCGG,0,0,0.192063492,0,0.43009247,522.5,204.1843022,0,0.413043478,0,0,0,0
9183,AACACCAGTGATTAGATTGAGGG,0,0,0.057949863,0,0.021131597,320,127.9368553,0.008695652,-0.130434783,0,0,0,0
9184,GAATGAAAAAAAAAGGCACAGGA,0,0,0.059829059,0,0.36592984,522.5,202.3257622,0.017391304,-0.217391304,0,0,0,0
9185,GCCTCCTCTGAGCCTGGCCGAGG,0,0,0.207107843,0.245051041,0.240915158,552.5,170.7277025,0,-0.173913043,0,0,0,0
9186,GGGCCTGGGGCTGGAGCTGGAGG,0,0,0.02669303,0,0.570616297,552.5,193.712472,0,-0.02173913,0,0,0,0
9187,AGCTGGGGGGACTTTGCTTCTGG,0,0,0.084580578,0.255580574,0.255580574,455,180.2078996,0,-0.108695652,0,0,1,0
9188,ACCTTGATCTCATTGTTCTCCAG,0,0,0.148076923,0.58761959,0.569608261,620,212.6170388,0,-0.347826087,0,0,0,0
9189,TGTGTGTGAGTGTGTGAGTGTGG,0,0,0.16969697,0,1.290123457,560,198.1255689,0,-0.47826087,0,0,0,0
9190,GGTAAAGTCCCAGCTTCAGTAAG,0,0,0.005982906,0,0.082004963,455,175.9418282,0,0.543478261,0,0,0,0
9191,TGGATGAAGGCATGAGGGGAGAG,0,0,0.023333333,0,0.046570654,387.5,148.0258023,0.008695652,-0.130434783,0,0,0,0
9192,ATGAACATCAATGAGTCGACAAG,0,0,0.017156863,0.133935682,0.133935682,387.5,151.7463883,0,-0.043478261,0,0,0,0
9193,ACCTCCGCCCAGCCTGGCCACAG,0,0,0.020915033,0.54989158,0.54989158,620,207.8653024,0,-0.434782609,0,0,0,0
9194,CTCACTGCGGATGAAGGTGGGAG,0,0,0.066287879,0,0.124304193,425,201.0907316,0,-0.195652174,0,0,0,0
9195,AAATGAGGTGAAGATGGACAAGA,0,0,0.000256769,0,0.090197035,455,176.94727,0.552173913,-0.02173913,0,0,0,0
9196,GAGTTCCACCTGAAGAAGAAAGA,0,0,0.005033695,0,0.316132585,522.5,205.3386351,0,-0.239130435,0,0,0,0
9197,AATTACCAATACATACACAAAGA,0,0,0.002565336,0,0.094763973,455,179.173487,0.052173913,-0.173913043,0,0,0,0
9198,GGTGAGTGAGTCTGTTGGGGGGG,0,0,0,0,0.014008099,320,142.4613627,0,0.02173913,0,0,0,0
9199,GCTGCCCAAAGGCCTGGCCAAGG,0,0,0.181542969,0.770556077,0.7469375,522.5,208.4684993,0,-0.717391304,0,0,0,0
9200,GACCACCTCCAGGCAGCCTCAGA,0,0,0.000534445,0,0.073007317,327.5,186.4892374,0.22173913,-0.02173913,0,0,0,0
9201,GGCATTGGGGCTGGAGGAAGAGA,0,0,0.013528138,0,0.09280538,485,158.6405298,0,0,0,0,0,1
9202,GTTGTGTGGGTGTGTGGGTGAGG,0,0,0.009074704,0.372455417,0.372455417,552.5,192.7257886,0,-0.086956522,0,0,0,0
9203,TGGATGGATGAATGGGGGATGGA,0,0,0.006878307,0,0.014464324,387.5,144.8618649,0,-0.413043478,0,0,0,0
9204,GAGTGCGAGCAGAAGCAGGGTGG,0,0,0,0,0.035772345,417.5,132.7376542,0,-0.02173913,0,0,0,0
9205,GAGAAAGAGCAGAGGAAGAAAGG,0,0,0.117913832,0,0.128972515,525,203.6129114,0.043478261,-0.173913043,0,0,0,0
9206,CTTGCTCCACAGAGCAGACAGGA,0,0,0.008210181,0,0.021728988,387.5,151.7433622,0,-0.173913043,0,0,0,0
9207,AAATAAGGAGCAGAGGCATATAG,0,0,0.030419753,0.271971206,0.262790744,455,177.8337794,0,-0.065217391,0,0,0,0
9208,GGCACTGCATCTGGAAGTAGAAG,0,0,0.09672619,0,0.043620975,485,162.2120574,0.391304348,0.434782609,0,0,0,0
9209,GCATCCCCACAGGCTGGGCAGGG,0,0,0.005252525,0.109062622,0.109062622,455,178.7576098,0,-0.130434783,0,0,1,0
9210,GCGTCCTCAGAGCCAGGCCACGG,0,0,0.130665205,0.249861055,0.249861055,522.5,197.0900612,0,0.02173913,0,0,1,0
9211,GCCTCACACCCACCCACCTCCAG,0,0,0.011234568,0.268059698,0.259011269,555,174.7934183,0.091304348,-0.347826087,0,0,0,0
9212,GCCTCCCCCCGGACTGGCCAGAG,0,0,0.012345679,0.160069055,0.157723721,427.5,194.519079,0,-0.217391304,0,0,0,0
9213,TGGATGGAGGAAAGAGATGGCGG,0,0,0.057013575,0,0.016621805,320,126.1536352,0,-0.173913043,0,0,0,1
9214,GACTCCCCATAGCCTAGCAAAGA,0,0,0.019098548,0,0.079007985,485,165.9318378,0.004347826,-0.108695652,0,0,0,0
9215,GGCACTATGGCTCGAGGTGCGGA,0,0,0.010964912,0,0.165681589,455,167.0800818,0,0.173913043,0,0,0,0
9216,CCTGCCTCCATTCTCCTCCCTGG,0,0,0.016204485,0.061738132,0.061738132,357.5,163.0231584,0.082608696,-0.217391304,0,0,0,0
9217,AGATGAGAAAAAGAGAAACAGGA,0,0,0.024197531,0,0.096565315,485,175.6937266,0,0.108695652,0,0,0,0
9218,CCCAGCCACCCAGAGTCCCATGG,0,0,0,0.031493772,0.030962232,485,171.2401405,0,-0.195652174,0,0,0,0
9219,AGGACCACCAATGACTAGGGCAG,0,0,0.08575,0.919204167,0.919204167,622.5,216.0488192,0,0.347826087,0,0,0,0
9220,GGCCCTGCGGCTGGAGATATGGG,0,0,0.164705882,0,0.080071819,417.5,129.4546891,0.008695652,-0.608695652,0,0,0,0
9221,CACCCACCCCACCCGGCCTCAGG,0,0,0.033163265,0,0.243723101,522.5,200.1071775,0.173913043,0,0,0,0,0
9222,GACTTGTATTAATCTTTCTCAGA,0,0,0.00170068,0,0.030250211,327.5,184.0238931,0,0.065217391,0,0,0,0
9223,TCCTCCCCAGAAGCTGGCCAAGA,0,0,0.004910213,0,0.263598069,425,196.9928426,0,-0.282608696,0,0,0,0
9224,TGTGTGTCAGTGTGTGCCTGTGG,0,0,0.106560107,0,0.310333333,552.5,189.3885298,0,0.108695652,0,0,0,1
9225,ACCTTGTTTTAATTGTTCTCTGA,0,0,0.036830357,0,1.562222222,530,213.9299163,0.017391304,-0.239130435,0,0,0,0
9226,GAGGCAGAGGAGAAGAAAAATAG,0,0,0.040509259,0.169898861,0.164163878,552.5,186.1253463,0,-0.065217391,0,0,0,0
9227,GGTTGGGGGGATTTTGTTCTGAG,0,0,0.006980057,0.127859777,0.123313651,387.5,152.8321886,0,-0.02173913,0,0,0,0
9228,GCTGAGAGTGTGTGTGCCTGGAG,0,0,0.044871795,0,0.129506134,552.5,187.1937056,0.004347826,0.47826087,0,0,0,0
9229,CCAGCCCCACAGGGCTGTCACAG,0,0,0,0.087702315,0.08458401,485,170.3955742,0.02173913,-0.586956522,0,0,1,0
9230,AATTACCACTTTATCCTAAAAGG,0,0,0.032440932,0,0.080449006,357.5,178.9568826,0.139130435,-0.369565217,0,0,0,0
9231,GGCTCTTTCCTACTCATCTTTGA,0,0,0.005086915,0,0.050409494,357.5,180.1046206,0,-0.326086957,0,0,0,0
9232,GAGTCTGAGAAGAAGTGGAAGGA,0,0,0,0,0.052790978,485,174.1477426,0,-0.130434783,0,0,0,0
9233,GCGTGGGGGGTGTTTGCTCCCGG,1,0.016485578,0.213017752,0,4.468220339,537.5,215.1299163,0,-0.260869565,0,0,0,0
9234,AAATGACAAGGGGAGGCAGAAGA,0,0,0.002801589,0,0.08830715,357.5,172.1226351,0.013043478,-0.413043478,0,0,0,0
9235,GGTAGGCCTGCTGCAGCACCAGA,0,0,0.007843137,0,0.749905063,620,210.6059596,0.02173913,-0.304347826,0,0,0,0
9236,AAATGATGTGAAGAGACACATGG,0,0,0.251428571,0,0.102694193,555,192.468796,0.108695652,-0.130434783,0,0,0,0
9237,AAGAACAAAACATAGACTGCAGG,0,0,0.432280701,1.299248042,1.299248042,620,212.8066636,0,-0.043478261,0,0,0,0
9238,CTTGCACCACAGACCAGAAATGA,0,0,0.017006803,0,0.010278156,357.5,170.8521775,0.004347826,-0.217391304,0,0,0,0
9239,GCCTGTCCCAACCCTGGCCATGG,0,0,0.168547419,0.252106148,0.248242453,522.5,204.4498152,0.613043478,0.260869565,0,0,0,0
9240,AGGCTCCCTTCGGCAGCACCTGG,0,0,0.097058823,0.717100207,0.694060843,522.5,210.0822996,0,0.043478261,0,0,0,0
9241,ATGAACACCAGTGAATAAAATGG,0,0,0.610859729,0.054402529,0.053151896,395,143.6320452,0,0.195652174,0,0,0,0
9242,GATGAGTGAGTGAGGGGGTGGAG,0,0,0.000446688,0,0.063223545,357.5,174.2675468,1,0.347826087,0,0,0,0
9243,TGTGTGTGAGTGTGTGTGTGCGA,0,0,0.011784512,0,1.290123457,560,198.1255689,0.782608696,-0.043478261,0,0,0,0
9244,GGTGAGTGATTGGGTGAGTGGGG,0,0,0.098913043,0,0.349031259,462.5,184.922832,0,0.065217391,0,0,0,0
9245,GGATGAGGGGACTCTGCTCCTGG,0,0,0.113445378,0.064642998,0.062566115,425,197.5307309,0.034782609,-0.086956522,0,0,1,0
9246,AAATCAGAAGGGTAGGCACAGAG,0,0,0.028688272,0,0.144239237,362.5,194.4661753,0.452173913,-0.5,0,0,0,0
9247,GGTCCACTCTGAGCACCTGATGA,0,0,0.003309918,0,0.389730931,552.5,192.2028912,0,0.543478261,0,0,0,0
9248,AACACCAGAGTGGAGAGAGGTGG,0,0,0.040133779,0.036800757,0.036800757,357.5,174.0874821,0,-0.195652174,0,0,0,0
9249,GAGAGCGAGGTGCTCCCCATGGA,0,0,0.006114051,0,0.424071175,522.5,205.7077992,0,-0.543478261,1,0,1,0
9250,ATTAACAACAGTGAGTAAACGGA,0,0,0.006696429,0,0.127597274,485,153.0112498,0,-0.239130435,0,1,0,0
9251,AAGTGGGAAGAAGAGTCTCAGAG,0,0,0,0,0.031841181,485,174.1742568,0,0,0,0,0,0
9252,TGTGCGTGTGTGTGTGTGTGGAG,0,0,0.036296296,0,0.372455417,552.5,192.9657886,0,-0.065217391,0,0,0,0
9253,AAATGAGGAAAACTGGCACAAAG,0,0,0.039848098,0,0.072488853,425,189.9699414,0.034782609,0.239130435,0,0,0,0
9254,TGGATGGATGGATGAGCAGCTGG,0,0,0.00741533,0,0.077890861,387.5,150.8864249,0.439130435,0.260869565,0,0,0,0
9255,GAATGAGAAGAAGAGACACCAGA,0,0,0.015782828,0,0.256639548,492.5,165.9739742,0,-0.152173913,0,0,0,0
9256,AAGAACAGGAGTGAGGAGAGAGA,0,0,0.008094584,0,0.15797057,552.5,194.6119768,0,0.173913043,0,0,0,0
9257,GGTGAGTTAGTGAGTGAATGTGA,0,0,0.00970784,0,0.041781429,387.5,160.1914182,0,-0.086956522,0,0,0,0
9258,AGATGAGAAGAAGATGGAGAGAG,0,0,0.000217865,0,0.051461025,387.5,153.0188674,0,-0.326086957,0,0,1,0
9259,GCTGAGTCAGGGTGTGGGTGGAG,0,0,0.002598909,0.33831875,0.33831875,455,188.6439883,0.656521739,3.217391304,0,0,0,0
9260,AAATGTAAAGCAGAGGCAGAAGA,0,0,0.002480159,0,0.108589077,455,178.0527516,0,0.673913043,0,0,0,0
9261,AAAGCAGTAGAAGAGCCACAAAG,0,0,0,0.258544304,0.258544304,552.5,196.6498372,0,-0.260869565,0,0,0,0
9262,GAGTCGGGGCAGAAGAGGACAGA,0,0,0.001021242,0,0.14600196,485,156.190488,0.995652174,2.282608696,0,0,0,0
9263,GAATTGATTTCATTATTATCCAG,0,0,0.099636892,0,0.05600939,455,176.6584643,0.634782609,1.413043478,0,0,0,0
9264,CTTCCCTCACAGGGAAGGAAAGG,0,0,0.031862745,0.055812434,0.05392847,455,176.3128643,0,-0.086956522,0,0,0,0
9265,GGCCCAGCCTGAGCACTGGGGGA,0,0,0.001896592,0,0.047299809,417.5,132.5531388,0.013043478,0.086956522,0,0,0,0
9266,AGTGTGTGAGTGTGTGAGTGTGA,0,0,0.010606061,0,1.290123457,560,198.1255689,0,-0.565217391,0,0,0,0
9267,GGTGTGTGGGTGTGTGCCTGTAG,0,0,0.029928919,0,0.356082003,560,189.7285664,0,-0.173913043,0,0,0,0
9268,GGGTGGGGGGAATTAGTACCAAG,0,0,0.043583857,0.013580979,0.013580979,290,150.8674336,0,0.152173913,0,0,0,0
9269,AATGGAAAAGATGAGGCACAGAG,0,0,0.038126362,0,0.474043556,522.5,207.6991188,0,-0.543478261,0,0,0,0
9270,TGGGAGGAGGAAAGAGGATTGAG,0,0,0.037393162,0.19301625,0.19301625,455,176.7907595,0.134782609,-0.217391304,0,0,0,0
9271,AACTTGCTTTCATTTTACTCTGG,0,0,0.047142857,0,0.111580572,455,181.6236866,0.004347826,0.543478261,0,0,0,0
9272,AACATCAGTGAGTAGAACTCAAG,0,0,0.043995511,0.080071819,0.080071819,417.5,129.0399691,0,-0.195652174,0,0,0,0
9273,CCCAGTCCACCAGAGACACAGAG,0,0,0.061315193,0.489552393,0.482379464,620,209.0660987,0.008695652,0.195652174,0,0,0,0
9274,TCGATGGAGGAATAAGAAGCTAG,0,0,0.011421911,0,0.040009058,387.5,149.1971044,0.973913043,2.869565217,1,0,0,0
9275,CTAGTGATTAGAGGGGAGACTGG,0,0,0,0,0.07431375,455,173.4729985,0,-0.391304348,0,0,0,0
9276,TGTGAGTGTGTGTATGTGTGGGG,0,0,0.21,0,0.055495857,455,182.6149239,0,-0.086956522,0,0,0,1
9277,GGCACTGCGGCTGGAGCTATAAG,0,0,0.030501089,0,0.117321346,425,131.5282891,0.004347826,0.304347826,0,0,0,0
9278,CCCACTGGGGCTGGAGGTGGGGG,0,0,0.317896389,0,2.543507363,627.5,217.060183,0.447826087,0.869565217,0,1,0,0
9279,ATGGACAACAGTGAGTTCAGAGG,0,0,0.025793651,0,0.113428797,485,168.8171387,0.6,-0.260869565,0,0,0,0
9280,TTGAGGAAGGAATGTGGAGTTAG,0,0,0.021117845,0,0.275145253,522.5,201.0814776,0.026086957,-0.217391304,0,0,0,0
9281,CATGTGTGAGTGTGTGCGAGCGG,0,0,0.062794349,0,0.526848592,552.5,186.9236801,0,-0.195652174,0,0,0,0
9282,AACACTAGTCAGAAGAGCGCTGG,0,0,0.110204082,0,0.135166339,455,165.7853591,0,-0.108695652,0,0,0,0
9283,GAGAGAGAGCAGAAGAAGTAGAG,0,0,0.037037037,0.30174375,0.30174375,555,184.5040961,0.391304348,0.956521739,0,0,0,0
9284,AAACACATAGCACAGCCTGCAGG,0,0,0,0,0.105393,455,189.3124366,0.62173913,0.130434783,0,0,0,0
9285,TGGATGAGTGAATGAGTAGTTGA,0,0,0.006790123,0,0.229867816,555,188.7711108,0.347826087,3,0,0,0,0
9286,GATGAGTCAGTGAGTGAGTGGGG,0,0,0.168229404,0,0.23590875,455,185.3747514,0,0.086956522,0,0,0,0
9287,GGCACTGGGGCTGGAGCCTGCAG,0,0,0.011204482,0,0.03400814,442.5,138.9427388,0.034782609,1.826086957,0,0,0,0
9288,AAGTCACAGCAGAAGAGGAAAGA,0,0,0.007041098,0,0.251888977,552.5,194.0447241,0.008695652,-0.413043478,0,0,0,0
9289,GGTGAGTGAGTGAGTGGGTGCAG,0,0,0.010558069,0,0.895856013,470,191.1145684,0,-0.02173913,0,0,0,0
9290,AACAGGGAAGCAGAGGCACAGGA,0,0,0.004049239,0,0.451897188,522.5,209.7823323,0.02173913,0.608695652,0,0,0,0
9291,TAACCCCTCCACCCCACCGCAGG,0,0,0.216666667,0,0.089349306,485,170.6355742,0.395652174,1.239130435,0,0,0,0
9292,TGTGTGTAAGTGTGTGTGTGAGA,0,0,0.011784512,0,0.609583333,552.5,193.825752,0.091304348,NA,0,0,0,0
9293,AAATAAAAAGAAAAGGCACTGAG,0,0,0.124444444,0.17451794,0.17451794,455,168.8915787,0.02173913,0.239130435,0,0,0,0
9294,GTCTTGTTATCATTGTTTCCAAG,0,0,0.03104941,0.06193027,0.059728305,485,158.8288864,0,0.065217391,0,0,0,1
9295,AACTCCACACAGCCTGGCCAAGA,0,0,0.011363636,0,0.89998622,620,211.5850828,0,0.086956522,0,0,0,0
9296,GACATCGATAGCCTCCCCACTGG,0,0,0.033939394,0,0.59998238,462.5,172.0405799,0,-0.347826087,0,0,0,0
9297,GGTGTTAGAGTGTGTGTGTGTGG,0,0,0.098989899,0.239135105,0.239135105,555,192.7564041,0,-0.086956522,0,1,0,0
9298,GCCAGTGTGGCTGGAGGTGCAGG,0,0,0.155769231,0,0.697447183,552.5,177.4342631,0.091304348,0.065217391,0,0,0,0
9299,GTCTCCTCCAATCACAAGGTAAG,0,0,0.044206015,0,0.043948881,387.5,154.4010536,0,0.239130435,0,0,0,0
9300,CCTGCCTCCTCTCTTCTTAAAGG,0,0,0.052232143,0,0.02886304,387.5,137.4403088,0.195652174,0.456521739,0,0,0,0
9301,GAAGCAGAAGATGAGGCACAAGA,0,0,0.011367394,0,0.703915663,522.5,209.3219796,0.882608696,-0.108695652,0,0,0,0
9302,TGTGAGTGGGTGTGTGAGTGTGA,0,0,0.021604938,0,0.788265432,560,195.4541086,0,-0.826086957,0,0,0,0
9303,AGCAGCCATCCAGGGACACAAGG,0,0,0.207768116,0.227816524,0.223971519,522.5,206.0324954,0.056521739,-0.130434783,0,0,0,0
9304,TGGGAGTGAGTGAGTGAGTGGGA,0,0,0.011217949,0,0.232606028,455,188.1865684,0,-0.934782609,1,0,0,0
9305,GCCCTTCTCCCACCCACCCTCAG,0,0,0.020246413,0.34064625,0.34064625,552.5,183.9068993,0,-0.195652174,0,0,0,0
9306,TGGATGCACGAATGAGTTGTCAG,0,0,0.011996973,0,0.045054092,485,166.4475945,0,0.065217391,0,0,0,0
9307,GGGACCCCTGGTGCAGCACCTGA,0,0,0.005304784,0,0.687929438,522.5,206.1618599,0.008695652,-0.304347826,0,0,1,0
9308,TGGAATGAGGAATGAGTAGGAGG,0,0,0.014705882,0,0.153788731,485,158.001985,0.082608696,0.152173913,0,0,0,0
9309,GCCTCTTTCCCATCTCCCTGAGA,0,0,0,0,0.010153707,290,141.0676321,0.008695652,-0.260869565,0,0,0,0
9310,CCAAATGTCTTTGGATGGATGGA,0,0,0.007642563,0,0.7469375,525,210.2799963,0,0.086956522,0,0,0,1
9311,AATAAAAATTACATCCTCAATGA,0,0,0.038085937,0,0.329465174,620,210.1974548,0,-0.02173913,0,0,0,0
9312,ATTTCAGAAGAAGAGACACAGGA,0,0,0.028011204,0,0.254924684,552.5,199.8552541,0.073913043,0.065217391,0,0,0,0
9313,GCCTCCCCAAAGCCAGCATACAG,0,0,0.008777019,0,0.008312935,345,127.8355341,0,-0.043478261,0,0,0,0
9314,CCGATCCCTCTGGAGACACAGAG,0,0,0.012345679,0.385203768,0.385203768,425,201.6259989,0.943478261,3.260869565,0,0,0,0
9315,GTTGAGTGTGTATGTGTGTGTGA,0,0,0.011548821,0,0.183248065,455,186.2980081,0,0.02173913,0,0,0,0
9316,TACCCCCTTCACCCCTCCCCCGA,0,0,0,0,0.055367572,485,167.2037938,0,-0.065217391,0,0,0,0
9317,AAATGAGAAGCAAAGACATATAG,0,0,0.04418146,0,0.015883906,290,155.4341699,0.104347826,0.260869565,0,0,0,0
9318,GACTCCCCCCACCGCCCCTCTGG,0,0,0,0,0.038523101,455,186.2989725,0,0.130434783,0,0,0,0
9319,AGCGAGTGAGTGAGTGAGTGAGA,0,0,0.008653846,0,0.232606028,455,188.1865684,0,0.282608696,0,0,0,0
9320,GCCTCTTTCCACTGCACCTTCAG,0,0,0,0.020546959,0.020546959,300,184.1153107,0,0,0,0,0,0
9321,CCCTGTGTCTCTGAATGCAGAGG,0,0,0.06302521,0.030975006,0.030975006,395,146.1998821,0,-0.630434783,1,0,1,0
9322,AATTAACACTACATCCTAGATGA,0,0,0.004734848,0,0.059141775,485,160.3690828,0.047826087,-0.065217391,0,0,0,0
9323,ACCTGTTTCTCTGGGTGGGTGGA,0,0,0.009672619,0,0.096436474,455,171.8617977,0,-0.086956522,0,0,0,0
9324,GCCTCACCACAGCCTGCCCTGAG,0,0,0.011328976,0,0.134467805,485,154.2985686,0,0,0,0,1,0
9325,TGGATGGATGGATGAGGTGATGG,0,0,0.0975,0,0.039653529,387.5,146.4492027,0.030434783,0.02173913,0,0,0,0
9326,CCTCCCACAGCTCTCCTCACTGA,0,0,0.007520053,0,0.160011882,522.5,197.7764173,0.134782609,0.369565217,0,0,0,0
9327,GGGTGTGGGGAGCTCTCTCCTGG,0,0,0,0.015693448,0.015441344,357.5,176.419248,0,0.02173913,0,0,0,0
9328,GGAACTGGCTCTGGAGGTGGAGG,0,0,0.24375,0,0.757342138,622.5,206.6206663,0,0.02173913,0,0,0,0
9329,GAGTCCCAGCATTAGATGAAAGA,0,0,0.000734509,0,0.071632981,357.5,178.6152871,0,-0.195652174,0,0,0,0
9330,GACAACCAAGAGGAGTTTTTAGA,0,0,0.014777612,0,0.254561754,425,201.582315,0.091304348,0.434782609,0,0,0,0
9331,GTCATCTTAGACATGGCCTCGGG,0,0,0.003090659,0,0.015263278,290,144.3368689,0,0.195652174,0,0,0,0
9332,GAGTCCCAGAAGAAGAATAAAGA,0,0,0.027584876,0,0.347045353,560,187.6017495,0,-0.217391304,0,0,0,0
9333,GGGCACAACCCAGCAGCCGTCAG,0,0,0.014397367,0,0.106834384,552.5,196.8688093,0.565217391,-0.369565217,0,0,0,0
9334,GCCACTGGGGCTGGGGTTGGAGG,0,0,0.072321429,0,0.163368333,455,180.6670504,0.030434783,0.065217391,0,0,0,0
9335,AAATGAGAAGCACAGGAAAAAGG,0,0,0.033684211,0,0.035554092,290,151.7364848,0,0.130434783,0,0,0,0
9336,AAATGGAAAGAAGAGGGCCAAGG,0,0,0.008003201,0,0.046870481,485,168.6213909,0,-0.5,0,0,0,0
9337,GGGTGGTGGGAGGTGGCCCCCAG,0,0,0.000828157,0.020523922,0.019864519,357.5,167.6871438,0,-0.152173913,0,0,0,0
9338,CCAGTGGGGAGGGGGGAGGCTGG,0,0,0,0.042406754,0.041756842,425,193.5017538,0,-0.065217391,0,0,0,0
9339,CCAGGAAGCAGAGCTGAGGCTGG,0,0,0.084395604,0.14405229,0.141738197,522.5,197.9588941,0.456521739,0.043478261,0,0,0,0
9340,GTCACTGGGGGTGGAAGTGGAGG,0,0,0.102272727,0,0.143492089,455,192.3416734,0.060869565,0.02173913,0,0,0,1
9341,AACCACAGTGAGAAGAGAGGAGA,0,0,0.005221023,0,0.114018038,455,182.1154262,0.013043478,0.260869565,0,0,0,0
9342,AAAAGAGAATGAGAGGCACTTAG,0,0,0.03912037,0.343598507,0.337490089,455,169.9669799,0,-0.043478261,0,0,0,0
9343,TACTTCTTTTCATTCTTCACAGG,0,0,0.05312869,0.085423231,0.085423231,455,172.4589945,0,-0.02173913,0,0,0,0
9344,CACACCCATACAGACACACATGA,0,0,0.011937557,0,0.371023101,522.5,198.472922,0,0.065217391,0,0,0,0
9345,GGGGTGTGAGTGTGTGTGTGCGA,0,0,0.005892256,0,1.196117745,560,197.5975689,0,-0.173913043,0,0,0,1
9346,GACATCTTAGACATTAAGTGAAG,0,0,0.010237417,0,0.066310475,387.5,166.3204719,NA,0,0,0,0,0
9347,GAGGGCGAGCAGAAGCAGAGTGG,0,0,0,0,0.113563,485,162.6120542,0,-0.173913043,0,0,0,0
9348,GGCACAGGGGCTGGAGGGGAGAG,0,0,0.045138889,0,0.074328271,485,151.7532658,0,-0.391304348,0,0,0,0
9349,AATCTCCAATACATCCTCCACGG,0,0,0.034140302,0,0.30473625,552.5,182.3302997,0.07826087,0.326086957,0,0,0,0
9350,TGTGAGTGTGTGTGGGTGTGTGA,0,0,0.000972222,0,0.099818052,455,180.047087,0,-0.673913043,0,0,0,0
9351,GGTGAGTGTATGAGTGTGTGTGA,0,0,0.012564102,0,0.114442385,455,179.7630516,0.5,-0.347826087,0,0,0,0
9352,TGTGAGTGTGTGTGGGTGTGTGG,0,0,0.014,0,0.099818052,455,180.047087,0,0.173913043,0,0,0,0
9353,AGTGAGTGAGTCTGTGACTGTGA,0,0,0.007352941,0,0.05878334,387.5,165.0744552,0.034782609,2.043478261,0,0,0,0
9354,TTCTCCCTCCTCCCCGCCTCGGG,0,0,0.179020979,0,0.794051205,522.5,211.8563163,0.008695652,-0.130434783,1,0,1,0
9355,ACCAACCATCCAGAGACTCTTGG,0,0,0.15,0,0.136699648,485,155.3507468,0,0.02173913,0,0,0,0
9356,GTCATATTTTTATTGTTCTCAAG,0,0,0.027626694,0,0.480400979,522.5,210.0703323,0.986956522,-0.434782609,0,0,0,0
9357,GGCCCCCCACACCCCACCTCCAG,0,0,0.177777778,0,0.15797057,552.5,194.6119768,0,-0.152173913,0,0,1,0
9358,GCCCTCTCAGAGCCTGGCCAAGA,0,0,0.012907362,0,0.858607543,620,209.6631628,0.873913043,2.891304348,0,0,0,0
9359,CCCTCACCACAACCTGGCCATGG,0,0,0.206349206,0,0.392225327,522.5,204.7061791,0.939130435,-0.347826087,0,0,1,0
9360,GTCAATTTTGTCTTTACCTGTGG,0,0,0.083571429,0,0.19526388,522.5,202.6665951,0,-0.304347826,0,0,0,0
9361,GACACTGCGGCTGAGGGAGGGGA,0,0,0.019097222,0,0.012392231,357.5,167.6904605,0,-0.108695652,0,0,0,0
9362,GCTGTCTCCACTCTACCCACCAG,0,0,0.09924307,0.571587811,0.56142625,552.5,191.9338325,0.052173913,0.630434783,0,0,0,0
9363,GCCACTTTCCCTCCTACCTGTGG,0,0,0.001867414,0,0.087057924,357.5,159.2656781,0,-0.152173913,0,0,1,0
9364,ATGATCAACAGTGAGTAGTCAAG,0,0,0.014141414,0.20797875,0.20797875,485,146.9262632,0,-0.173913043,0,0,0,0
9365,TATGACCAAATCATCCTCAAGGA,0,0,0.015698587,0,0.446837229,525,204.0183995,0,-0.217391304,0,0,0,0
9366,GCCCCCCAAGAGCCAGGCCAGAG,0,0,0.035071793,0.364865041,0.35314247,522.5,196.027825,0,-0.043478261,0,0,0,0
9367,GTGGAGTGTGTGTGTGTGTGTAG,0,0,0.023097643,0,0.367241041,552.5,193.4861086,0,-0.543478261,0,0,0,0
9368,ATGTAGAGCAGTGTGTAGAGGGA,0,0,0.007575758,0,0.128972515,522.5,201.8014144,0.052173913,-0.391304348,0,0,1,0
9369,GGCCCAGACTGAGCTCCTTGCAG,0,0,0.00621983,0.018220116,0.017686193,320,116.1212675,0,-0.152173913,0,0,0,1
9370,GCCAGCCCAAATCCTGGCCCGGA,0,0,0.001734377,0,0.324843,455,172.1843796,0.026086957,0.02173913,0,0,0,0
9371,TCCCATGTCCCACCCACCTTTAG,0,0,0.056388568,0.932255747,0.932255747,620,214.6548992,0,0.217391304,0,0,0,0
9372,CGTGTGTGAGTGTGTACCTGCGG,0,0,0.123685838,0,0.053377333,485,175.1999208,0,1.108695652,0,0,0,0
9373,GGTGGGTGAGTAGGTGGGTGGAG,0,0,0.002673487,0,0.11019029,357.5,179.7101479,0.056521739,-0.391304348,0,0,0,0
9374,CATGACCACTACTTCCTAAGCAG,0,0,0.02745098,0.053915257,0.052902764,387.5,147.1397463,0,-0.108695652,0,0,0,0
9375,GTCAACTCCAATGATTAGGACAG,0,0,0.009259259,0.362968205,0.352133333,462.5,167.7670585,NA,-0.086956522,0,0,0,0
9376,GACTTGTTTTGATTGTCCAGTGA,0,0,0.000205965,0,0.040156499,320,124.0982054,0,0,0,0,0,0
9377,GCCTCTTTCACGCCCACTCTCGG,0,0,0.111001642,0.040026433,0.040026433,387.5,150.3208299,0.1,0.152173913,0,0,0,0
9378,TACTTGGTTTCTTTGTTTTCAGA,0,0,0.008753501,0,0.104283172,455,183.6773855,0,0.326086957,0,0,0,0
9379,GACGTGTTTTCATTTTTTTATGG,0,0,0.02869898,0,0.034681612,387.5,141.5584452,0.013043478,-0.152173913,0,0,0,0
9380,GCTGAGGAAGTGTGTGCATGAAG,0,0,0.073094326,0,0.211957667,552.5,188.053669,0,0.108695652,0,0,0,0
9381,ATCATCTTCATCATTACATGAGG,0,0,0.258461538,0,0.174634187,552.5,184.8251499,0,-0.217391304,0,0,0,0
9382,AAATGAGAAGGAGTGGGACCTAG,0,0,0.001201558,0,0.018994662,290,143.2070207,1,3.891304348,0,0,0,0
9383,TGGAAGGAGTAACGAGGAGGGGA,0,0,0.003930437,0,0.235330927,455,166.2830231,0,0.195652174,0,0,0,0
9384,CCAGTGAGCAGAGCGGACAGCAG,0,0,0.00478824,0.023253146,0.022506057,442.5,121.9312865,0.1,0.065217391,0,0,0,0
9385,CCCTGTGACTCTGTAAGGTTCAG,0,0,0.02707416,0,0.011549968,387.5,156.4245726,0,-0.652173913,0,0,0,0
9386,GACTCCCCACAGCCTACCCAAAG,0,0,0.014788407,0.096565315,0.096565315,485,175.6937266,NA,0.086956522,0,0,1,0
9387,AAATGGGAAAAATAGGCACTGGG,0,0,0.12,0,0.135166339,455,165.7853591,0.052173913,0.260869565,0,0,0,0
9388,GGTGAGGTAGTGTGTGCCTGTAG,0,0,0.045388526,0,0.37681363,560,189.493669,0,-0.086956522,0,0,0,0
9389,CCAGTGCGCAGCACGGAGGCTGG,0,0,0.09810028,0,0.108455691,425,195.6416179,0,0.086956522,1,0,0,0
9390,GACTCCGAGCAGCAGAAGGATGG,0,0,0.030364373,0.402781,0.402781,462.5,179.6246795,0,-0.239130435,0,0,0,0
9391,GGATTTCTTTCTGCAGCAGCCAG,0,0,0.016756103,0.30174375,0.30174375,552.5,182.6925991,0.008695652,0.47826087,0,0,0,0
9392,GTTGTGTATGTGTGTGCGTGTGA,0,0,0.009641873,0,0.833979885,620,210.6120827,0,-0.108695652,0,0,0,0
9393,GGTGGGTGAGTGGGTGGGTTAAG,0,0,0.002005115,0,0.098373949,387.5,150.2886485,0,0.043478261,0,0,0,0
9394,GACACCCTCCTCCCCTCATCAGA,0,0,0,0,0.028124449,387.5,169.3845571,0.008695652,0.173913043,0,0,0,0
9395,AAATGTGAAAAGGAGACACAAAG,0,0,0.124828532,0,0.067462756,455,187.4177532,0,-0.391304348,0,0,0,0
9396,TAGAGGCAGGAATGAGGAGTTGA,0,0,0.025854701,0,1.65734355,627.5,216.4884992,0.647826087,2,0,0,1,0
9397,GACCTCCTCCTCCCTGCCTCTGA,0,0,0.000906501,0,0.418675556,432.5,198.6745747,0,0.043478261,0,0,0,0
9398,TGTGAGTGTATGTGTGTGTGCGA,0,0,0.018148148,0,0.343031439,552.5,189.2623722,0.130434783,-0.152173913,0,0,0,0
9399,AAGTGAGAAGAAGAGGAATGAGA,0,0,0.006989833,0,0.078950813,417.5,129.8002891,0,0.195652174,0,0,0,0
9400,AAATGAGACACAGAGACACAAAG,0,0,0.055308642,0,0.073322394,457.5,186.7299736,0,0.173913043,0,0,0,0
9401,GCCCCCCGAGAGCCTTGCCACAG,0,0,0,0.238119304,0.238119304,552.5,192.9464207,0,-0.065217391,0,0,0,0
9402,TGGATGGATGGATCAGTAGTTGG,0,0,0.037142857,0,0.026551897,357.5,176.3848402,0.330434783,0,0,0,0,0
9403,GGGATGGAGGAAGGGGGACTTGA,0,0,0.005049106,0,0.054642629,357.5,164.745658,0,-0.413043478,0,0,0,0
9404,GACCCCCCCCACCCCGCCCCCGG,0,0,0.275862069,0,2.933823529,567.5,187.7521831,0,-0.456521739,0,0,0,0
9405,TCCTCTTTCTCTCCCACCTCTGA,0,0,0.00198059,0,0.316035637,455,169.3545632,0.586956522,-0.02173913,0,0,0,0
9406,CACTTCACAAAGCCTGGCCACAG,0,0,0.064279155,0.932255747,0.932255747,620,215.2884992,0.004347826,-0.065217391,0,0,0,0
9407,TGTCTTTGAGTGTGTGCGTGTGG,0,0,0.128342246,0,0.789491758,622.5,215.252096,0,2.282608696,0,0,0,0
9408,CCCTGTGGCTCTGCAGGGTTTAG,0,0,0.015187377,0,0.011549968,387.5,156.4245726,0.013043478,-0.130434783,0,0,0,0
9409,CCTGCCTCCTCTGTTCTCTCCAG,0,0,0.003093434,0.043049833,0.043049833,357.5,159.7539215,0,0.260869565,0,0,0,0
9410,GGGTGGGGGGAGTGGGGGCCCAG,0,0,0,0.003990621,0.00393215,290,146.9443494,0.313043478,-0.5,0,0,0,0
9411,GTCTTGTTTCCATTGTTGTTGGG,0,0,0.015515151,0.125900376,0.125900376,485,151.4073304,0.139130435,-0.239130435,0,0,0,0
9412,GACCCTCACCCCCCCGCCCCGGG,0,0,0.081970443,0,0.1589884,455,177.3361154,0,-0.152173913,0,0,1,0
9413,AAGTGCGAGCAGAAGCAGAAAGA,0,0,0,0,0.541956882,560,201.8232541,0,0.108695652,0,0,0,0
9414,GTCTTCTTAGTCATAAATTGAAG,0,0,0.028654971,0,0.030398918,387.5,157.7099341,0.004347826,-0.086956522,0,0,0,0
9415,AAGGACACCAGTGAGGAGAGTGG,0,0,0.18306213,0.541956882,0.541956882,560,201.9979741,0.02173913,0.239130435,0,0,0,0
9416,TAATTTTTTTCATTGTTCTCAGG,0,0,0.577777778,1.481577778,1.447518519,627.5,218.086016,0,0.130434783,0,0,0,0
9417,TGGATGGATAAATGAGGGATGGA,0,0,0.009876543,0,0.049707623,485,154.07715,0.482608696,-0.304347826,0,0,0,0
9418,GACACAGAAGTAGAATTTGTGGA,0,0,0.004668534,0,0.042608891,357.5,166.2289108,0,-0.217391304,0,0,0,0
9419,AAAGGGGAAGAAGAGCCGCAGGG,0,0,0,0,0.030658184,485,173.8286568,0.126086957,0.326086957,0,0,0,0
9420,CGTGTGTGCGTGTGTGCGTGTGG,0,0,0.148423006,0,1.632770745,627.5,215.1518996,0,0.260869565,0,0,0,0
9421,AAAAGAGATGGAGAGGCAGAGGA,0,0,0.001612103,0,0.169128619,455,177.388536,0.634782609,0.97826087,0,0,0,0
9422,CCCGAGTGAGTGTGTGTGTGCGA,0,0,0.006868132,0,0.601049167,555,197.4458889,0,-0.434782609,0,0,0,0
9423,AATTGAAAATAAAAGGCACAGGA,0,0,0.036764706,0,0.343418542,522.5,201.7977622,0,-0.391304348,0,0,0,0
9424,GGGGTGTGAGTGTGAGTGTGTGA,0,0,0.003411306,0,0.152925168,455,182.1905474,0,-0.217391304,0,0,0,0
9425,CCCATCCATCCACACTCCCAAGA,0,0,0,0,0.004562706,290,152.7818987,0.308695652,0.608695652,0,0,0,0
9426,GGCTCCCCACTGCCGGGCCAGGA,0,0,0.000247739,0,0.205917821,425,193.5311583,0,-0.217391304,0,0,0,0
9427,CTTGTCCAACAGGTCAGTAAGGA,0,0,0.007659933,0,0.398171589,530,204.3726784,0.060869565,-0.152173913,0,0,0,0
9428,AGATGAAAAATAGAGGCACAGAG,0,0,0.059563153,0,0.499492352,522.5,205.3549991,0,-0.282608696,0,0,0,0
9429,TGGATGGAGGAATGAGTGGATGG,0,0,0.05625,0,0.072999949,425,136.8529557,0,NA,0,0,0,0
9430,CACCCCCACCACCCTGCCACCAG,0,0,0.00282187,0,0.141195423,455,171.1451615,0.460869565,-0.02173913,0,0,0,0
9431,GGCATGTGTTCATTTTTCTCTGA,0,0,0.002771479,0,0.402848101,522.5,200.7795615,0,-0.391304348,0,0,0,0
9432,GGCTTCCCTTCTGCAGCCCAGGG,0,0,0.025974026,0.132301321,0.127597274,485,155.2374668,0,0.152173913,0,0,0,0
9433,GGTGAGCGTGTGTGTGCATGTGG,0,0,0.285576923,0.236540885,0.230233128,560,188.6337056,0,-0.130434783,0,0,0,0
9434,CACATCCATCCAAAGTCAAAGAG,0,0,0,0.034422714,0.033198795,387.5,161.4242536,0.269565217,-0.413043478,0,0,0,0
9435,AACAAGAGTGAGGAGGGCGGTGA,0,0,0.000995381,0,0.057616956,455,189.3379496,0.034782609,-0.130434783,0,0,0,0
9436,GGTTGGTTAGTGTGTGCCTGTGG,0,0,0.077922078,0,0.294620253,552.5,188.5149298,0,-0.217391304,0,0,0,0
9437,CCCTGTGTCTTTGGAGATATGGA,0,0,0.004602235,0,0.009832243,345,149.2720461,0.726086957,3.565217391,0,0,0,0
9438,TGTGTGTGCGTGTGTGCGCGCGA,0,0,0.003980694,0,0.321904489,552.5,183.2038997,0,0,0,0,0,0
9439,GGGTGCAGGGAGTGTGGTCCTGG,0,0,0,0.035039743,0.033913968,455,182.4055395,0.130434783,-0.347826087,0,0,0,0
9440,ACTTGAAAAAAAGAGGCACAGAG,0,0,0.134204793,0,0.846587038,620,211.0570828,0.013043478,-0.152173913,0,0,0,0
9441,TTGAGAAACAGTGAGTAGAGCGG,0,0,0.434571429,0,0.82579023,620,213.025879,0.491304348,0,0,0,0,0
9442,CCCATCCCTTCAGGGTCACATGA,0,0,0,0,0.032217268,455,182.1808361,0,0.391304348,0,0,0,0
9443,TGGGTGGTAGAATGAGGAGGGGG,0,0,0.030387155,0.410714338,0.40341275,552.5,174.1292028,0,-0.47826087,0,0,0,0
9444,AAGTTAGAAAAAGAGGAACAGAG,0,0,0.020702332,0,0.52553761,552.5,191.4058325,0.439130435,0.086956522,0,0,0,0
9445,GGGCCCCTCCACCCCAGCTCGAG,0,0,0.006100218,0,0.103380457,485,180.157463,0,-0.108695652,0,0,0,0
9446,AATCAAGGAGAAGAGGCACAAGA,0,0,0.020158913,0,1.286675824,622.5,213.410263,0,0,0,0,0,0
9447,GACTTGGCTTCATTGTGGTCCAG,0,0,0.002392242,0,0.073738285,485,167.3075579,0,0.47826087,0,0,0,0
9448,AAATAAGAAGAATGGACACAGAG,0,0,0.03145679,0,0.014189961,357.5,179.4847489,0.495652174,0.869565217,0,0,1,0
9449,GGCTACCCAAAGGCTGGCCATAG,0,0,0.014053579,1.119178082,1.089333333,530,209.3723595,0,0,0,0,0,0
9450,CCCACACCAAACCCTGGCCAGAG,0,0,0.043350674,0.440005705,0.425868976,522.5,208.8243156,0.6,1.956521739,0,1,0,0
9451,GGCTCTGAGGCTGGTGGTTGGGG,0,0,0.055151515,0,0.133665,455,170.2715615,0.152173913,0.608695652,0,0,0,0
9452,GGCTTTTTCTCATCCACCTTAGG,0,0,0.291653104,0,0.509948268,522.5,203.180623,0,0.108695652,0,0,0,0
9453,GAACAGAAAACATACTCTGCAAG,0,0,0,0,0.036748005,455,180.9268321,0,-0.739130435,0,0,0,0
9454,GGCAAAGACCCAGCCTGGGTGGA,0,0,5.71E-05,0,0.031571911,387.5,158.0555341,0,0.086956522,0,0,0,0
9455,GCCACTGTGGGGGGAGGTGGGGG,0,0,0.075721154,0,0.390673193,425,201.9139989,0.017391304,0.239130435,0,0,0,0
9456,CCCATCCATTAATAAACACAGAG,0,0,0.051672434,0.071270101,0.069181599,327.5,184.2718378,0.252173913,0.347826087,0,0,0,0
9457,AAATGAGAGGCAGAGCCAGATAG,0,0,0,0,0.026286255,387.5,160.9737101,0,-0.391304348,0,0,0,0
9458,GAGGACAAGAAGAAGAAGAAGAG,0,0,0.080246913,0.858607543,0.858607543,620,209.6631628,0.134782609,-0.108695652,0,0,0,0
9459,AAGAGAGAAAAAGAGACACAGAG,0,0,0.070416095,0,0.234785634,552.5,195.5182377,0.034782609,-0.391304348,0,0,0,0
9460,AACTCCAGTGAGTAGAGGCTTAG,0,0,0.006902744,0.041501642,0.040763835,442.5,125.0174669,0.747826087,0.304347826,0,0,0,0
9461,CTGAACCCCAGTGAGAAGGGGGA,0,0,0.008877841,0,0.061892065,485,168.7803934,0,-0.02173913,0,0,0,0
9462,CATGTGTGGGTGTGTGCGTGTGG,0,0,0.146520147,0.860350791,0.833979885,620,213.7118996,0,-0.065217391,0,0,0,0
9463,CCCCTCCACCCTGAGAGACAGGA,0,0,0.000443616,0,0.173969682,455,185.6644081,0.134782609,0.434782609,0,0,0,0
9464,TGGGTGGCTGGATGAGGAGTGGA,0,0,0.006448413,0,0.462858836,522.5,205.036719,0.056521739,0.47826087,0,0,0,0
9465,GAACACAAAGCATGGTTTGTAGA,0,0,0,0,0.005615984,320,132.1486785,0,0.152173913,0,0,0,0
9466,GCATCCGGGGAGAAGAAGAAAGA,0,0,0.011670525,0,1.2395125,620,210.3404466,0.026086957,-0.173913043,0,0,0,0
9467,CCTGCCCCACATAGCAGGAAAAG,0,0,0.026298488,0.060158187,0.059088708,357.5,176.3212457,0.913043478,1.760869565,0,0,0,0
9468,CCCGTCGATCCACAGACCCAAAG,0,0,0.006115507,0.08059482,0.07787432,455,181.0205654,0,-0.260869565,0,0,0,0
9469,TGTGCATGAGTGTGTGTGTGCAG,0,0,0.060493827,0,0.368797917,552.5,195.1395849,0,0.282608696,0,0,0,0
9470,CCAGTGAATAGAAAGAAGGCAGA,0,0,0.022435897,0,0.013537549,357.5,177.673252,0.113043478,-0.195652174,0,0,0,0
9471,GAGCCAGAGCAGAATGAGAAGGG,0,0,0.016506603,0.041920373,0.041920373,455,185.0449685,0.026086957,-0.239130435,0,0,0,0
9472,GGACCAGACAGAACACGAGAAAG,0,0,0.118518518,0.109062622,0.109062622,455,178.7576098,0.004347826,-0.217391304,0,0,0,0
9473,AAGCCCCCCCACCCCGCCCCCGA,0,0,0.00862069,0,0.519472711,552.5,184.8241831,0.065217391,-0.369565217,0,0,1,0
9474,TGTGTGTGTGTGTGTGCGTGCAG,0,0,0.056565657,1.632770745,1.632770745,627.5,215.1518996,0.008695652,0.304347826,0,0,0,0
9475,CCTGCTCCCTCTCTCCTCACTGG,0,0,0.141462054,0.145923766,0.145923766,522.5,195.8320772,0,-0.326086957,0,0,0,0
9476,TCCTCTTTCCTGTCCACCTTAGA,0,0,0.010802469,0,0.158845742,362.5,195.7544953,0.230434783,0.108695652,0,0,0,0
9477,TGTGAGTGAGTGTGTGTGTGAGA,0,0,0.032407407,0,5.899193548,567.5,200.6138889,0,-0.326086957,0,0,0,0
9478,AATAGTGAAGAAGAGACACAGGA,0,0,0.016673336,0,0.154229434,552.5,198.7239901,0.008695652,0.195652174,0,0,0,0
9479,GACATTTTAGTCATTACATTAGG,0,0,0.296153846,0,0.082703287,485,154.6130828,0,0.239130435,0,0,0,0
9480,CCCGGAGTCTCAGGAAGGATGGG,0,0,0.393939394,0,0.076958297,455,191.5358897,0.07826087,0.456521739,0,0,0,0
9481,TACTTTTTTTTACTGTTCTCTAG,0,0,0.041985305,0.195328606,0.195328606,425,201.6846118,0.017391304,-0.413043478,0,0,0,0
9482,GAGTCCTAGAAAAAGAAGAGAGG,0,0,0.353464052,0,0.193993875,455,166.9713824,0,-0.413043478,0,0,0,0
9483,CCTACCTCCAATGACTAGAGAAG,0,0,0.077947846,0,0.519472711,555,187.6840001,0,-0.47826087,0,0,0,0
9484,CCTGCCTCCCCTCCACCCAACAG,0,0,0.010457516,0.032035497,0.031520871,387.5,144.4453679,0.982608696,4.804347826,0,0,0,0
9485,AGGATGGAGGACTGTGGAGGGGA,0,0,0.000644995,0,0.091962596,357.5,160.1392781,0,-0.239130435,0,0,0,0
9486,TGCTCTGCGGCAGGAGGAGGGAG,0,0,0.087991021,0,0.152684,455,185.1869663,0,-0.065217391,0,0,0,0
9487,GGTGAGTATGTGTGTGAGAGTGA,0,0,0.005555556,0,0.106015171,485,160.4062917,0,-0.586956522,0,0,0,0
9488,ACTGACTTCTCCATCCTCAAAGG,0,0,0.109438776,0.542336973,0.542336973,522.5,207.2469185,0.126086957,-0.347826087,0,0,0,0
9489,GACATTGATGTCTGCCCCATTGA,0,0,0,0,0.093225905,432.5,197.4755108,0.139130435,0.413043478,0,0,0,0
9490,CACTTGTTTTTTTTGTTCACGGA,0,0,0.001453573,0,0.143861276,357.5,174.5058159,0,0.086956522,0,0,0,0
9491,AACTCTGAGCAGCAGAAGAAAGA,0,0,0.004699248,0,0.347016225,522.5,207.3866955,0,0.260869565,0,0,0,0
9492,TGGTTGGAGGAAGTAGGAGGAGG,0,0,0.007812137,0,0.038071996,357.5,160.0502949,0,0.891304348,0,0,0,0
9493,TGGAGGGAAGGATGAGGGGTTGA,0,0,0.007428571,0,0.099907201,455,182.2984827,0,-0.413043478,0,0,0,0
9494,GACTTTTGTCCATTGTTCTTAGG,0,0,0.078222222,0,0.349267027,552.5,172.1848627,0,-0.130434783,0,0,0,0
9495,GACTTCTCTTCATTGTTCACTGA,0,0,0.013528138,0,0.56665493,560,184.7661991,0.047826087,-0.304347826,0,0,0,0
9496,CCCTGGTTTTCATTGTTCTCTAG,0,0,0.093121693,2.426564496,2.426564496,627.5,218.87168,0.004347826,-0.260869565,0,0,0,0
9497,TAGCTGGGGGAATGGGGAGTGGA,0,0,0.009885621,0,0.402848101,522.5,200.7795615,0,0.456521739,0,0,0,0
9498,GGTGTGTGAGAGTGTGATTGTGG,0,0,0.084848485,0,0.062952983,387.5,165.2721519,0.360869565,0.152173913,0,0,0,0
9499,AGTGAGTGTGTATGTGTGTGTGG,0,0,0.2352,0,0.183248065,455,186.5380081,0,-0.630434783,0,0,0,0
9500,GGAGTGTGTGTGTGTGTGTGGGA,0,0,0.005050505,0,0.348646558,552.5,192.4377886,0.286956522,0,0,0,0,0
9501,GGAGTGTGTGTGTGTGTGTGGGG,0,0,0.072727273,0.36082635,0.348646558,552.5,192.4377886,0,0,0,0,0,0
9502,GAAACCTAAACAGAGTATTTTAG,0,0,0.063912208,0.371481653,0.358942188,552.5,190.3109717,0,-0.108695652,0,0,0,0
9503,GGACCTGGGGCTGGAGCTGGGAG,0,0,0.011995386,0,0.570616297,552.5,193.712472,0,-0.152173913,1,0,1,0
9504,GGATGGGGGAAGTATGCACCCAG,0,0,0.074897119,0.041990519,0.041990519,455,176.6177457,0,1.782608696,0,0,0,0
9505,GATTTCTCTTCATTGTACTCAAG,0,0,0.064814815,0,0.34522286,552.5,192.800088,0.87826087,0.391304348,0,0,0,0
9506,GACTTTTTTTCTTTGCTCCCTGG,0,0,0.040868455,0.024658033,0.024241864,387.5,161.6614897,0.526086957,0.804347826,0,0,0,0
9507,CTCGCCCCAGTGGGCAGGAAGAG,0,0,0.004431782,0,0.156407637,455,182.0268466,0.034782609,-0.02173913,0,0,0,0
9508,GCCTCTCCTAACCCTTGCCAAAG,0,0,0,0.045486123,0.044755422,455,188.4497093,0,-0.543478261,0,0,0,0
9509,TGGAGGGATGAGTGAGCAGTGAG,0,0,0.015038167,0.173969682,0.173969682,455,185.2496881,0,-0.173913043,0,0,1,0
9510,TGGATGGGTGGATGAGTAGTGGA,0,0,0.00441358,0,0.186788635,455,184.9242079,0.026086957,-0.130434783,0,0,0,0
9511,GACCCCCTCCGCCTCTCCCCGGG,0,0,0,0,0.006115509,290,153.2943058,0.086956522,-0.434782609,0,0,0,0
9512,GCTGCCTGCTCTCTACTCCCTGG,0,0,0.098669415,0,0.485227553,552.5,180.3604467,0.104347826,0.391304348,0,0,0,0
9513,GGCACTGCAGCTGGAAGCGCTGG,0,0,0.118075802,0,0.012289022,417.5,135.3908606,0,0.391304348,0,0,0,0
9514,AAAAGAGAAGAGGAGGAAGAGGG,0,0,0.020061728,0,0.094473225,387.5,158.8761885,0.226086957,-0.413043478,0,0,0,0
9515,TGTGAGTGCGTGTGTGAGTGTGG,0,0,0.266666667,0,0.788265432,560,195.4541086,0,0,0,0,0,1
9516,TGTGAGTGCGTGTGTGAGTGTGA,0,0,0.018518518,0,0.788265432,560,195.4541086,0,0.5,0,0,0,0
9517,CACATACACACAGAGACACACGA,0,0,0.037518037,0,0.464697762,620,208.2224992,0,-0.086956522,0,0,0,0
9518,GCTTGTGTCTCTGGGTGGCTGGG,0,0,0.084417167,0.139218687,0.139218687,455,173.7169785,0,-0.326086957,0,0,1,0
9519,CTTGCCCCAGAGGGCTGGATGGG,0,0,0,0.018826474,0.018524041,417.5,134.3589045,0.004347826,-0.130434783,0,0,0,0
9520,CCATGTGTTGCTGGAAGGATTAG,0,0,0.089365881,0.145916752,0.143454022,552.5,192.4320573,0,-0.065217391,0,0,0,0
9521,ATTTATGACTACATCCTCAAAAG,0,0,0.029960928,0,0.539222871,620,213.9172352,0.013043478,0.086956522,0,0,0,0
9522,GGTATCCCATGTCCAGCACCAGA,0,0,0.00479139,0,0.18513034,425,198.9828154,0.173913043,0.5,0,0,0,0
9523,ACCTCTCTCGCACCCACCTCCAG,0,0,0.005671296,0.447120905,0.438724268,552.5,174.6874829,0,0.152173913,0,0,0,0
9524,TGCACTGAAGCTGGAGGTGGAGA,0,0,0.029017857,0,1.632770745,627.5,213.3404027,0.034782609,0.173913043,0,0,0,0
9525,GACCCCCCCCCCCCAGCTTCTGG,0,0,0.057142857,0,0.041709922,357.5,170.2397445,0,-0.173913043,0,0,0,0
9526,GGTGAGTCTGTGTGTGAGTGAGG,0,0,0.172307692,0,0.628616737,560,192.3542916,0,-0.782608696,0,0,0,0
9527,CGGTTGGAGGAGGGAGGAGTGGG,0,0,0.102766798,0.286208544,0.286208544,425,201.110979,0.073913043,0.086956522,0,0,0,1
9528,GAACACAAAGAAAAGACAGTGAG,0,0,0.026923077,0.025116065,0.025116065,290,140.9096625,0,0.152173913,0,0,0,0
9529,ACCATCGATCCAGATATACATGA,0,0,0.002178649,0,0.111580572,455,181.6236866,0,-0.239130435,0,0,0,0
9530,GGGTGGGGGGAGCTAGCCCTGGA,0,0,0.004080926,0,0.011570503,290,132.9327247,0,-0.434782609,0,0,0,0
9531,TGGATGGGGGAGTGAGGAGGGGA,0,0,0.006490559,0,0.610033803,462.5,172.4464827,0,-0.043478261,0,0,0,0
9532,TGGAGGAAAGAATGAGGAGGGGA,0,0,0.005042017,0,0.275530908,552.5,174.4311189,0.07826087,-0.086956522,0,0,0,0
9533,CAAATACATACAGAGACACAGGA,0,0,0.035225268,0,0.749905063,620,211.6542796,0,0,0,0,0,0
9534,CACCCCCCCACCCCCGCCTCCAG,0,0,0.064197531,0,0.73132116,522.5,204.8783629,0.656521739,-0.260869565,0,0,0,0
9535,TGTGTGTGAATGTGTGTGTGAGA,0,0,0.010998878,0,0.56142625,552.5,191.9338325,0.452173913,0.826086957,0,0,0,0
9536,AAAGAGGAAGAAGAAGCACACGA,0,0,0.025287893,0,0.23197741,525,201.0450744,0.013043478,0.02173913,0,0,0,0
9537,AATGCCAACTACATGCTAAAAGG,0,0,0.010096154,0.05485428,0.05392847,455,175.8981443,0.030434783,0.130434783,0,0,0,0
9538,CACCCCCATCCAGAGACGCACAG,0,0,0.026619132,0.315950226,0.310333333,552.5,191.3747467,0,0.217391304,0,0,0,0
9539,TGTGTGTGACTGTGTGAGTGTGA,0,0,0.004713805,0,0.56142625,552.5,191.9338325,0,1.956521739,0,0,0,0
9540,GCTTTTTTTCCACCAACCTTCAG,0,0,0.022055041,0.242694227,0.242694227,522.5,199.2168781,0,-0.369565217,0,0,0,0
9541,CTTTGTGACTCTGGATGTATTAG,0,0,0.086419753,0,0.305988667,552.5,189.9088498,0,-0.152173913,0,0,1,0
9542,CACACCCACCACCCCGCCTCAGA,0,0,0.033416875,0,2.543507363,627.5,216.426583,0.026086957,-0.239130435,0,0,0,1
9543,GGAACTGCTGATGGAGGTGGGAG,0,0,0.089876543,0,0.893501135,530,209.6821359,0.034782609,0.130434783,0,0,0,0
9544,GGTGAGTGGCTGTGGGCGTCCGG,0,0,0.005714286,0,0.08997611,455,158.9038617,0,0.391304348,0,0,0,0
9545,GAGAGAGAGGAGAAGAAGAAAAG,0,0,0.026748971,0,0.760552802,622.5,210.2603596,0,-0.282608696,0,0,0,0
9546,GAGAGGGAGAAGAAGAAGAAGAG,0,0,0.032098765,0,0.760552802,622.5,210.2603596,0,0.065217391,0,0,0,0
9547,GGGTGGGTGCAGCTGGCTCCCAG,0,0,0.00255848,0.132411937,0.130382635,425,187.4021045,0,0.065217391,0,0,1,0
9548,GCCTCCCCAAATCATTGTCACAG,0,0,0,0,0.003373263,290,157.1329557,0.686956522,0.413043478,0,0,0,0
9549,TCCTCTTCTCCACCCACCATAGG,1,0.018118418,0.25,0.321904489,0.321904489,552.5,181.3924028,0,-0.195652174,0,0,0,0
9550,CCTTCCCCAAGTCCTGGCCAGGA,0,0,0.008525546,0,0.385203768,425,204.7258158,0,0.260869565,0,0,0,0
9551,GTAATCTTATCCATTACTTGAGG,0,0,0.301785715,0,0.156407637,455,182.0268466,0,-0.195652174,0,0,0,0
9552,GTCTCCTTTGTCATGACCTGGGG,0,0,0.019090909,0,0.234278012,522.5,198.8712781,0.352173913,-0.347826087,0,0,0,0
9553,AATGACCTCAACATCATCATCGG,0,0,0.220408163,0.09929575,0.09929575,485,156.6824208,0.456521739,0.130434783,0,0,0,0
9554,GAGTTGTTTTGATTCCTCTCAAG,0,0,0.005892256,0.038568442,0.037917497,357.5,180.9464688,0.02173913,-0.02173913,0,0,0,0
9555,AAATAAGTAGAAGAGGAATAGAG,0,0,0.020740741,0.188664711,0.182296282,485,163.077752,0,-0.130434783,0,0,0,0
9556,CCTGGCCCTGCTGTACTCACTGA,0,0,0.003417969,0,0.220438397,522.5,202.0693983,0.060869565,-0.260869565,0,0,0,0
9557,GGCACTGGGGCTGGGTTTGGAGG,0,0,0,0,0.025390982,412.5,163.6186245,0.065217391,0.326086957,0,0,0,0
9558,TGTGTGTGTGTATGTGCGTGTGA,0,0,0.014141414,0,0.43009247,522.5,206.2357992,0,-0.47826087,0,0,0,0
9559,GCACACAGAGCAAACACTGCTGG,0,0,0.108791209,0.158578648,0.155902215,425,192.1538409,0,-0.369565217,0,0,0,0
9560,GGAATCAGTTCTGCACTACCCAG,0,0,0,0.065765582,0.064709107,485,175.4424653,0.230434783,0.369565217,0,0,0,0
9561,GGAGAGAGAGTGAGTGAGTGAGA,0,0,0.014022436,0,0.15082587,455,185.8033876,0.139130435,0.108695652,0,0,0,0
9562,GGGTGGGGTGAGATTGCAACCAG,0,0,0.027350427,0,0.020886916,387.5,149.5695659,0,-0.391304348,0,0,0,0
9563,GCTGAGTGAGCGTGTGAATGAAG,0,0,0.038658777,0,0.066310475,387.5,166.3204719,0,-0.413043478,0,0,0,0
9564,GAATTATTTGCATTGCTCTCAGA,0,0,0.020061728,0,0.142045308,552.5,194.6058537,0,-1.413043478,0,0,0,0
9565,GAGTTCTTGAAGAAGAAGAAAGA,0,0,0.009379509,0,0.820866552,620,207.4369458,0,0.195652174,0,0,0,0
9566,ACCCCTTCCCCACCTACCTTGGG,1,0.181843885,0.03882353,0.416921397,0.402848101,522.5,201.0195615,0.1,-0.239130435,0,0,0,1
9567,GAGGGAGAAGAAGGGGCACAGAG,0,0,0.046210562,0.224627092,0.220835918,522.5,206.1592154,0.182608696,0.282608696,0,0,0,0
9568,CACCTCCCCAACCCCGCCTCGGA,0,0,0.027356902,0,1.317695783,620,209.8201266,0,0.239130435,0,0,0,0
9569,CCCTGTGCCTGTGGATGGGCCGA,0,0,0.000591856,0,0.10958374,387.5,141.9844995,0.104347826,0.5,0,0,1,0
9570,GCAAACAAATCATAGACTTCTAG,0,0,0.092917479,0.476283266,0.45934875,552.5,182.3466636,0.460869565,-0.02173913,0,0,0,0
9571,GGCTCTGCAGGTGGAGGTGGCAG,0,0,0.026515151,0,0.862516064,530,209.3365359,0.956521739,3.239130435,0,0,0,0
9572,ATCTGAGAAGATGAGGCAGAAGG,0,0,0.012987013,0,0.24194961,455,179.9678996,0,0.869565217,0,0,0,0
9573,GAACAAAAAGCACAGCATGCTAG,0,0,0,0,0.022182528,387.5,169.6401585,0.108695652,0.434782609,0,0,0,0
9574,GAGTTAGAGAAGAAGAAGACTGG,0,0,0.116391184,0.367894601,0.367894601,552.5,173.9963597,0,0.065217391,0,0,0,0
9575,GGTGGGTGAGTGGGTGCGGATGA,0,0,0.003057065,0,0.080487776,387.5,140.5267596,0.695652174,0.956521739,0,0,0,0
9576,TGGAGGGAGGGAAGAGGACTGAG,0,0,0.033471264,0.105252857,0.101700018,357.5,171.4342758,0.02173913,-0.413043478,0,0,0,0
9577,GGGGAGTGTGTGTGGGGGTGGGG,0,0,0.000882353,0,0.093437277,455,179.519087,0.069565217,-0.413043478,0,0,0,0
9578,AAGTGAGAAAAAGAGGCAAGTGA,0,0,0.012981118,0,0.188866751,485,145.7946637,0.52173913,0.413043478,0,0,0,0
9579,ACAGTCAGAAGAGGGGAGGCCAG,0,0,0,0.084213517,0.082792192,522.5,201.815051,0.02173913,-0.065217391,0,0,0,0
9580,AGGCTGGAAGAATGATGAGTCGG,0,0,0,0.166395667,0.166395667,552.5,197.0781938,0.060869565,0,0,0,0,0
9581,AAAGGAGATGTAGAGGCACAGGA,0,0,0.00801282,0,0.862516064,530,209.3365359,0,-0.108695652,0,0,0,0
9582,GACACTGCAGCTCCAGGTGGAAG,0,0,0.025448236,0,0.052959633,425,193.8617145,0,0,0,0,0,0
9583,CCCACCCTTCTAGTGACACATGA,0,0,0.004884005,0,0.11831363,425,196.9425947,0,2.347826087,0,0,0,0
9584,CTCACCTCCAATAGTTAGGGAAG,0,0,0.005318139,0.024040939,0.02322943,362.5,183.8544732,0.004347826,0,1,0,1,0
9585,GATTTGTTTTTATTGTGCTGAGA,0,0,0.000101662,0,0.139103814,387.5,154.3182053,0,-0.108695652,0,0,0,0
9586,TGGTTGGGGGAATGGGGATTAGG,0,0,0.202222222,0,0.133665,455,170.2715615,0,-0.108695652,0,0,0,0
9587,GACAAGGAAGCAGATTTTTCTGA,0,0,0.000257679,0,0.107052935,455,164.7810745,0,-0.239130435,0,0,0,0
9588,GGGTGGGGGTAGTTAACTCCAAG,0,0,0.121954191,0.10798312,0.10798312,462.5,183.9128161,0.073913043,-0.108695652,0,0,0,0
9589,CCTGTGGGTAGAGAGAAGGCAAG,0,0,0.045213379,0,0.02594292,455,187.3612087,0.173913043,0.260869565,0,0,0,0
9590,GGGGGGGGTGGGTTTGCTCGTGG,0,0,0.012745098,0.227946458,0.223894076,455,170.998936,0,-0.369565217,0,0,0,0
9591,AAGTCAGAGCTGAAGAGGAAAGA,0,0,0.00315126,0,0.204682844,455,190.1978212,0,-0.130434783,0,0,0,0
9592,ACAGTGAGCATAGCGGAGGATGG,0,0,0.177514793,0,0.236507827,455,171.872536,0.42173913,-0.152173913,0,0,0,0
9593,AGATGCCAGGAAGAGGCACATGG,0,0,0.166666667,0,0.344612998,620,210.8310548,0.108695652,-0.173913043,0,1,0,0
9594,TGTGAGTGTGTGTTTGCCTGGGG,0,0,0.076190476,0,0.028252436,455,178.1777017,0.373913043,0.456521739,0,0,0,0
9595,AACACCGGGGAGAACAGCGGCAG,0,0,0.021390374,0.060945553,0.05907749,425,189.1506967,0.6,1.369565217,0,0,0,0
9596,AAGTGAGAAGATGTGGGACATGG,0,0,0.006390704,0,0.04183074,357.5,178.3306038,0,0.043478261,0,0,0,0
9597,CACCACCTCCACCACCCCTCGGA,0,0,0,0,0.040577667,455,188.9840695,0,0.173913043,0,0,0,0
9598,CTCCCCCTCCACCCCACCTCCAG,0,0,0.134680134,0,0.541956882,560,202.8715741,0.039130435,0.304347826,0,0,0,0
9599,ATTTCCCCAAAGCCTGGCAAAAG,0,0,0.0625,0.519472711,0.519472711,555,187.6840001,0,0.304347826,0,0,0,0
9600,CACACCCTCCACCCACCCTCGGG,0,0,0,0,0.072985333,455,186.8309525,0,-0.782608696,0,0,0,0
9601,GTCATCTTTGTCCTGCCCTGTGG,0,0,0,0,0.014877494,357.5,174.2454516,0.060869565,0.326086957,0,0,0,0
9602,TGTGACCACTACATCCTTATTGG,0,0,0.308571429,0.139315909,0.136699648,485,156.3990668,0,-0.130434783,0,0,1,0
9603,CCAGGGAGGAGAGAGGGGGCCAG,0,0,0.006344227,0.05268594,0.05268594,455,181.3266039,0,0.695652174,0,0,0,0
9604,GGCACTTCGGCTGGGCATGGTGG,0,0,0,0,0.017342041,412.5,164.3352607,0,0.108695652,0,0,0,0
9605,GAGCCACTCCACCTGGCCTCTAG,0,0,0.00441358,0,0.035806336,425,191.0398098,0,0.260869565,0,0,0,0
9606,GAGTTGTCTTTATTGTTCTGGGG,0,0,0.009049774,0.37462874,0.361308608,455,172.2044994,0,-0.065217391,0,0,0,0
9607,GGTGTGTGGGTCTGTGTGTGTGA,0,0,0.004159239,0,0.173969682,455,185.2496881,0,3.217391304,0,0,0,0
9608,GGTGTGTGGGTCTGTGTGTGTGG,0,0,0.059893048,0,0.173969682,455,185.2496881,0.360869565,0,0,0,0,0
9609,AAAGGAGAAGAAGAAGGAGAGGG,0,0,0.004325259,0,0.051461025,387.5,152.3852674,0,-0.065217391,0,0,0,0
9610,GACTTGGTTTCATAGGTTTCAAG,0,0,0.021008403,0.005071417,0.00490848,387.5,162.4658754,0,0,0,0,0,0
9611,GGAGAGTGAGTTTGTCCGTGGAG,0,0,0,0.255289214,0.248097968,462.5,194.8674737,0,-0.130434783,0,0,0,0
9612,AATTGCCACTACACCCACAATGG,0,0,0.039896104,0.087709362,0.086229035,455,184.4127843,0,0.195652174,0,0,0,0
9613,AAATGGGAACAAGAGGAACTGGG,0,0,0.08,0,0.134467805,485,154.2985686,0,-0.152173913,0,0,0,0
9614,TCTCCCCTCCACCCCTCCTCAGA,0,0,0,0,0.268520667,555,201.1435741,0,0.195652174,0,0,0,0
9615,CACCCCCCCCGCCCCGCCCCCAG,0,0,0.033205619,0,0.292400968,455,179.1220994,0,-0.282608696,0,0,0,0
9616,GAGCCCCTCCCCTCCCCCTCAAG,0,0,0,0,0.054753998,357.5,185.6541699,0.156521739,0.304347826,0,0,0,0
9617,TGGAAGGAAGAATGAGAAGGCAG,0,0,0.01372549,0.155313909,0.155313909,485,155.8281887,0,-0.630434783,0,0,0,0
9618,GGTGTGTGTCTGTGTGTGTGTGG,0,0,0.040727273,0,0.325662758,552.5,187.9740522,0.295652174,0.152173913,0,0,0,1
9619,GGTGTGTGTCTGTGTGTGTGTGA,0,0,0.002828283,0,0.325662758,552.5,187.9740522,0,0.239130435,0,0,0,0
9620,GGTGAGTGAGGGTGAGTGTGAGG,0,0,0.108070175,0,0.145653695,365,178.9767837,0,-0.195652174,0,0,0,0
9621,GGTGAGTGAGTGTGAAGGTCTAG,0,0,0.00378397,0,0.009657223,345,129.5808415,0,0.304347826,0,0,0,0
9622,GGTGAGTGTGAGCGTGTGTGTGG,0,0,0.165789474,0,0.068963652,357.5,178.5247043,0,0.108695652,0,0,0,0
9623,GCCAGTGTGGCTGGAGGTGGAGA,0,0,0.025240384,0,2.543507363,627.5,215.771863,0.013043478,0.108695652,0,0,0,0
9624,AGGATGGAGGAAGGTGGAGATAG,0,0,0.007608696,0,0.072336432,357.5,158.356058,0.004347826,-0.282608696,0,0,0,0
9625,GGCACTGCTGGTAGAAGTGGAGA,0,0,0.008547008,0,0.030809736,357.5,182.2223895,0.004347826,-0.804347826,0,0,0,0
9626,GGCCCAGCCTGAGCAGGCGGCGG,0,0,0.021608644,0.021131343,0.021131343,417.5,136.2508239,0.008695652,0.195652174,0,0,0,0
9627,GGCTTGTTTCCCTTCTTCTCAGG,0,0,0.03062201,0.185677158,0.182543366,425,192.0451416,0.017391304,-0.02173913,0,0,0,0
9628,GGAAAAGACCAAGCATCAGTGGG,1,0.001870907,0.302884615,0.348356328,0.337957632,462.5,188.218583,0,-0.934782609,0,0,0,0
9629,GGCTTGTCTTCATTGTTCAGAGG,0,0,0.013445378,0.219695863,0.219695863,485,147.9745832,0,-0.152173913,0,0,0,0
9630,TGGAGACAGGAATGAGCAGTCAG,0,0,0.026840959,0.239135105,0.239135105,555,192.7564041,0,0.086956522,0,0,1,0
9631,CCCATCCATTGATAGACACTTGG,0,0,0.042352941,0,0.118019877,357.5,161.3412594,0,-0.260869565,0,0,0,0
9632,TGCCATGTGGCTGGAGGTGGAGG,0,0,0.176470588,0,1.364942529,620,213.938263,0,-0.456521739,0,0,0,0
9633,GACATCTGAGTAATGACCTGAAG,0,0,0.005745489,0,0.198201266,425,193.937061,0,0.108695652,0,0,0,0
9634,GCCTCTTTGGAACCCTCCTTCAG,0,0,0,0.074463599,0.073322394,457.5,186.7299736,0,-0.02173913,0,0,0,0
9635,AGATGGGGGGAGTTTGCTGTAAG,0,0,0.0065625,0.22076596,0.216620121,485,150.7864001,0,0.02173913,0,0,0,0
9636,GAATTCGAGCAGAACTAGAAGGA,0,0,0,0,0.068319815,455,185.8882325,0,0.217391304,0,0,0,0
9637,GGCACTGAGGCTGCAAGAGGTGA,0,0,0.012896825,0,0.007186647,387.5,161.7492392,0.086956522,-0.02173913,0,0,0,0
9638,GGCAAGAGAGTGTGTGCATGGGA,0,0,0.016225961,0,0.208990259,552.5,189.9918859,0.1,0.934782609,0,0,0,0
9639,TGGATGGAGGAGAGAAGAATGGA,0,0,0.024801587,0,0.014080868,290,153.9481532,0,-0.195652174,0,0,1,0
9640,GAACCCAAAGCAGCCACTGCCAG,0,0,0.001976285,0.022470918,0.022109939,362.5,182.5661532,0,-0.934782609,0,0,0,0
9641,CCTGCTTCTGGTCCACTCACTGA,0,0,0.004030258,0,0.04172441,425,195.5849673,0.760869565,-0.217391304,0,0,0,0
9642,AATTGAAAAGAAAAGGCTCACGA,0,0,0.022624434,0,0.08087923,455,181.3661654,0.108695652,-0.369565217,0,0,0,0
9643,AGACGAGAAGAAGAAACACAGAG,0,0,0.126310393,0,0.069289873,455,186.5909525,0,-0.195652174,0,0,0,0
9644,GACTTCACTTCATTGTTCCCTGA,0,0,0.011428945,0,0.195655995,555,181.1830183,0.02173913,0.326086957,0,0,0,0
9645,ATATGAGAAAAACAGGCAAAAAG,0,0,0.031756158,0.184321624,0.177767966,455,173.7209431,0.343478261,0.217391304,0,0,0,0
9646,AAATGAGAAGCTGAAGGACAGGA,0,0,0.000512623,0,0.038456342,260,170.0606832,0.008695652,0.217391304,0,0,0,0
9647,GGGACTGCTGCAGGGGGTGGGGG,0,0,0.138666667,0,0.11940556,425,192.7890976,0,-0.152173913,0,0,0,0
9648,CCTAGACATACAGAGACACAGAG,0,0,0.091802469,0,0.749905063,620,210.6059596,0,-0.413043478,0,0,0,0
9649,GAACACAAATCATGGACCCCTAG,0,0,0.018885696,0,0.012121826,387.5,146.3977457,0,-0.565217391,0,0,0,0
9650,CGTGTGTGTGTGTGTGCGTGTAG,0,0,0.04040404,1.632770745,1.632770745,627.5,215.1518996,0,-0.130434783,0,0,0,0
9651,TGTGAGTGTGTGTGTGTGAGGGA,0,0,0.005555556,0,0.123933228,485,163.5061086,0,-0.108695652,0,0,0,0
9652,GGCCCCCACCACCCCGCCACAGA,0,0,0.012698413,0,1.055555556,560,186.3121831,0.07826087,0.456521739,0,0,0,0
9653,GGGAAAGAAACAGAATCCTTTGA,0,0,0.012037037,0,0.037787938,455,167.8612986,0.147826087,-0.02173913,0,0,0,0
9654,TGGTGGGGGCAGGGTGCTCCAGG,0,0,0,0.08119996,0.079829497,425,193.0697584,0,0.108695652,0,0,0,0
9655,CCTGCCTCCTCTCTCAACACGGA,0,0,0.008207071,0,0.022309918,412.5,161.726705,0.260869565,-0.282608696,0,0,0,0
9656,AAGTGAGATGAAGAGACAGAGGA,0,0,0.00318287,0,0.05168083,485,166.6757938,0,-0.52173913,0,0,0,0
9657,CTTGCCCCACAGGGTTTTTATGA,0,0,0,0,0.007295024,345,135.9704415,0,-0.304347826,0,0,0,0
9658,ACCAGCCCTCCAGAGACACCTGG,0,0,0.062337662,0,0.697447183,552.5,177.6742631,0,-0.413043478,0,0,0,0
9659,CTATTGAGGAGAGAGGAGGCCAG,0,0,0.018569534,0.136846598,0.136846598,522.5,202.487435,0,-0.173913043,0,0,0,0
9660,GGGTGGCTGGCCTTTGCTCCAGG,0,0,0.090992647,0.250719313,0.243372227,425,199.7708181,0,-0.326086957,0,0,0,0
9661,TGGATGGTGGAAGGATGAATGGA,0,0,0,0,0.029998911,387.5,158.5644367,0,-0.260869565,0,0,0,0
9662,AAATGAGCAGAAGAGAGAGAGGA,0,0,0.000218838,0,0.029843878,417.5,147.0776461,0,-0.52173913,0,0,0,0
9663,GACTTGTTTAAATTGTTCTTTGG,0,0,0.192857143,0,0.59998238,462.5,172.0405799,0,-0.326086957,0,0,0,0
9664,GACCTGTTTTCATTTTTATGGAG,0,0,0.000759077,0.035309333,0.034681612,387.5,141.5584452,0.013043478,-0.108695652,0,0,0,0
9665,AACCCGCTCCACCGGGCCTCCAG,0,0,0,0,0.036314742,425,191.5678098,0.056521739,0.130434783,0,0,0,0
9666,AGTGAGTGAGTGGGTGCCAGAGA,0,0,0.002218279,0,0.039962519,387.5,153.5293462,0,0.130434783,0,0,0,0
9667,GGTCAGAGAGTGTGGGGGTGGAG,0,0,0.00035323,0,0.105930922,455,180.7500866,0.095652174,0.282608696,0,0,1,0
9668,GCCACCCCAAAGGCTGACAAGGG,0,0,0.025974026,0.074311256,0.074311256,387.5,157.0929685,0,-0.260869565,0,0,0,0
9669,AGAGGAGAAGAAGAAGGACAAGA,0,0,0.001922338,0,0.163368333,455,182.8932674,0,-0.108695652,0,0,0,0
9670,CCAGTGAGGACAGCAGAGGTTGA,0,0,0.005202081,0,0.054220132,357.5,157.6655144,0,0.02173913,0,0,0,0
9671,AGTGTGTGAGTGTGTGTGTGCAG,0,0,0.03959596,0,1.290123457,560,198.1255689,0,-0.217391304,0,0,1,0
9672,GAGCCTCTCCACCCCTCCCCTGA,0,0,0,0,0.051173326,485,168.8495902,0.852173913,-0.217391304,0,0,0,0
9673,CGTGTGTGTGTGTGTGGGTGTGA,0,0,0.000636618,0,0.372455417,552.5,192.9657886,0,0.065217391,0,0,0,0
9674,CGTGTGTGTGTGTGTGGGTGTGG,0,0,0.009167303,0,0.372455417,552.5,192.9657886,0.17826087,3.326086957,0,0,0,0
9675,GACTTCTTTTCTTTGCTCTTGGA,0,0,0.003156566,0,0.03209161,387.5,155.2718897,0.034782609,0.217391304,0,0,0,0
9676,GTCATTGCGGCTGGAGGGGTGGG,0,0,0.094490358,0,0.136699648,485,155.1107468,0,-0.130434783,0,0,0,0
9677,TGGATGGAGAAAGCAGGAGGCAG,0,0,0.004774084,0,0.031684616,357.5,155.9321585,0.060869565,-0.086956522,0,0,0,0
9678,AGTTGAGATAAAGAGGCACAGAG,0,0,0.081986928,0,0.757342138,620,209.4804832,0,0,0,0,0,0
9679,GCCCCAAACTGAGCAAGTGCAGA,0,0,0.010926573,0,0.081933305,485,162.1507934,0.017391304,0.413043478,0,0,0,0
9680,GGTGAGTCAGTGAGTAAGTGGGG,0,0,0.198816568,0,0.036665336,387.5,168.3263255,0,-0.195652174,0,0,0,0
9681,GTGATGGAAGAATGAGGAGCAGA,0,0,0.002470356,0,0.426140229,552.5,177.8626197,0,0.347826087,0,0,0,0
9682,TAGTCCCAACAGAAGCAGAAAGA,0,0,0,0,0.11364824,552.5,195.568613,0,-0.065217391,0,0,0,0
9683,GGCACTGAGCCTGGAGGAAGAGA,0,0,0.008597884,0,0.081354538,485,154.9371134,0,0.239130435,0,0,0,0
9684,GGTGACTGAGAGTGTCTGTGGGA,0,0,0,0,0.031812153,387.5,172.9093953,0.065217391,0.239130435,0,0,0,0
9685,AGTGACCACTACATACTCATTAG,0,0,0.027654321,0,0.399880226,462.5,168.8153785,0,-0.152173913,0,0,0,0
9686,AGAAGGCCTACTGCAGCACCGGG,0,0,0.246857143,0,0.797205949,620,211.1339596,0.382608696,0.695652174,0,0,0,0
9687,GGTGTGTGAGTGTTGGTGTGTGA,0,0,0.000157127,0,0.023109381,357.5,171.0793627,0,-0.391304348,0,0,0,0
9688,AAATGATAATATGAGGCAAAGAG,0,0,0.017195767,0,0.146542136,455,173.3609824,0,0,0,0,0,0
9689,TGAATGCCTTCTGAAGAACCAGG,0,0,0.081666667,0.055945476,0.05495089,455,184.7887203,0,-0.02173913,0,0,0,0
9690,GACATGTTTTCATTTCTCTTAGG,0,0,0.013605442,0,0.030434884,387.5,149.6933526,NA,-0.130434783,0,0,0,0
9691,GGGACTGGGGCTGGAGCTGGGGG,0,0,0.075630252,0,1.196117745,560,195.786072,0.008695652,0.217391304,0,0,0,0
9692,ATGGGGGAGGAATGAGGAGTTAG,0,0,0.065993266,0,1.304945055,620,216.79808,0.113043478,4.391304348,0,0,0,0
9693,GAATGAGACGAACAGGCAGATGG,0,0,0.030075188,0,0.124577037,455,174.9928992,0,-0.347826087,0,0,0,0
9694,TGAATCCCTTCTTCAGCTACTGG,0,0,0.064285714,0.039962519,0.039962519,387.5,153.5293462,0.026086957,1.195652174,1,0,1,0
9695,CTTCCCCCAGATGCCAGTAATAG,0,0,0.008798391,0,0.096597642,425,193.9793785,0,-0.173913043,0,0,0,0
9696,CGTGAGTGTGTATGTGAGTGTGA,0,0,0.012962963,0,0.183248065,455,186.5380081,0.034782609,-0.239130435,0,0,0,0
9697,GGGAGGAGGGAATCTGCTCCAGG,0,0,0.126984127,0,0.071635385,425,196.5879341,0,-0.043478261,0,0,0,0
9698,GCCTCTCTCCCATCTACCTCCAG,0,0,0.000756173,0.045164943,0.044402666,357.5,155.9728772,0,-0.217391304,0,0,0,0
9699,GACCCCCCCCACCCCACTGCAGA,0,0,0.011160714,0,0.015193247,417.5,142.6404239,0,-0.543478261,0,0,0,0
9700,GACTAGATTTCATTGTTTTAAGG,0,0,0.140625,0,0.088386347,485,152.967566,0,0.173913043,0,0,0,0
9701,CCATGAGAAGAAGTGCCACAGGG,0,0,0,0,0.040577667,455,190.0323895,0.091304348,0.02173913,0,0,0,0
9702,GACATGATTTCATTTTCCTCTGG,0,0,0.042016807,0,0.105930922,455,180.7500866,0.026086957,-0.043478261,0,0,0,0
9703,CGCATCCATCCAAACACTCAGGA,0,0,0.006080876,0,0.032186532,357.5,169.8303246,0.147826087,-0.043478261,0,0,0,0
9704,GCCATCCATCCAGGGAAACCAGG,0,0,0.045191041,0.040774781,0.040009058,387.5,149.4371044,0,0.02173913,0,0,0,0
9705,GACCACAAAGAATAGACTTGCAG,0,0,0.003267974,0.118008053,0.113812211,387.5,144.5563164,0,-0.130434783,0,0,0,0
9706,GAGATACATGTCCTGCCCATGAG,0,0,0.004137731,0.164132398,0.164132398,522.5,200.2958136,0,-0.347826087,0,0,0,0
9707,GACTCTAAAGCAGAGATTTTGGA,0,0,0.037304867,0,0.106834384,552.5,196.8688093,0,-0.086956522,0,0,0,0
9708,TGCATGGAAGACTGAGGTGTTAG,0,0,0.008434548,0,0.091983865,455,181.5727859,0,0.108695652,0,0,0,0
9709,TTGATGGAGCAATGGGGAATGGA,0,0,0.008207071,0,0.123105465,455,169.0132421,0.169565217,0.086956522,0,0,0,0
9710,TCCATCAATCCAGAGGAACATAG,0,0,0.017450142,0.072907546,0.071611412,485,178.5422822,0.039130435,0.043478261,0,0,0,0
9711,GGGAAACACCTAGCATGGGTGAG,0,0,0.000430144,0.042283246,0.040924748,387.5,164.1772911,0,-0.260869565,0,0,1,0
9712,AAAGGAAAGGAAGAAGCACAGAG,0,0,0.101670298,0.16532348,0.160011882,522.5,197.7764173,0,-0.173913043,0,0,0,0
9713,AACACCAGTGGGAAGAGCAATAG,0,0,0.078125,0.040365105,0.040365105,290,135.5849959,0,-0.304347826,0,0,1,0
9714,GGCCCCTTCCACCCTGTCTCCAG,0,0,0.005242798,0,0.111580572,455,181.3836866,0.143478261,0.456521739,0,0,0,0
9715,GAAGACAAACCACAGACTGAGAG,0,0,0.020467836,0,0.235330927,455,166.6977431,0,-0.434782609,0,0,0,0
9716,GGGTGGTGGGAGTGTGCTCATGG,0,0,0,0.12983896,0.126181524,462.5,169.2400346,NA,NA,0,0,0,0
9717,GGCCCTGCTACTGGGGGTGGCAG,0,0,0.029606391,0,0.215770049,522.5,195.1678617,0,-0.130434783,0,0,0,0
9718,GGTGTGTGGGTGTGTGCGTATAG,0,0,0.058922559,0,0.802811443,560,178.0142997,0,-0.565217391,0,0,0,0
9719,GCCCCCCTCCACCCAACCACCGA,0,0,0.003464349,0,0.02299038,387.5,156.7165526,0,0.108695652,0,0,0,0
9720,GATGAGTGAGTGTGGACATGGGG,0,0,0.029289941,0,0.014305125,387.5,162.0412193,0.443478261,-0.043478261,0,0,1,0
9721,CAGGCCTCTGCTCTACCCACCGA,0,0,0.015597148,0,0.367241041,552.5,193.4861086,0,-0.369565217,0,0,0,1
9722,GCCTTGTTTGCATTTTTCTTAGA,0,0,0.001169218,0,0.172149493,455,162.6236421,0,-0.326086957,0,0,0,0
9723,AACACCCTCCTCCCGGCCTCCGG,0,0,0.011659919,0,0.223580696,425,197.8892947,0.808695652,1.739130435,0,0,0,0
9724,CTTGCCTCCTTTATACTCACAGA,0,0,0.006070319,0,0.283021289,425,198.2388593,0,0.217391304,0,0,0,0
9725,GGTGGGGGAGTGTGGGGGTGCAG,0,0,0.000322953,0,0.105930922,455,180.3353666,0.17826087,0.130434783,0,0,1,0
9726,TCCTCCCCCAAGCCTGGCCCAGG,0,0,0.12987013,0,0.911667232,560,179.3026197,0,-0.217391304,0,0,0,0
9727,CCCTCTGTCTCTGTATGGGGGAG,0,0,0.003594771,0,0.030988834,387.5,138.3868955,0.039130435,-0.152173913,0,0,0,0
9728,TCCTCCCCAAAGCCAGACCACAG,0,0,0.140090968,0,0.345753086,462.5,185.2068674,0,-0.239130435,0,0,0,0
9729,TGGATGCAAGAAGGAGCAGTGAG,0,0,0.007033248,0,0.088958845,455,182.3716072,0,0.304347826,0,0,0,0
9730,TGTGCGTGTGTGTGTGCCTGAGA,0,0,0.009920635,0,0.189613667,552.5,188.5285664,0.673913043,-0.065217391,0,0,0,0
9731,TGTGTGTGTCTGTGTGCGTGAAG,0,0,0.022626263,0,0.805112123,620,208.9601632,0,1.891304348,0,0,0,0
9732,GACTTGTTTTCACCCTCCTCAAG,0,0,0.011258092,0.00787944,0.00776399,295,162.8683622,0,-0.043478261,0,0,0,0
9733,TGGAGGGAGGAATGGAGAGTTGG,0,0,0.416,0,0.129751704,462.5,187.6162325,0,-0.260869565,0,0,0,0
9734,GAGTCAGAACAGCAGAAGGAGGA,0,0,0.003272691,0,0.067736793,455,173.2069152,0,0.086956522,0,0,0,0
9735,GACATCCAAGCAGAGATGTTAAG,0,0,0.034371493,0,0.034610809,485,172.81674,0,-0.543478261,0,0,0,0
9736,TGGATGGATGAATGGGCAGAGAG,0,0,0.011895425,0,0.037612163,387.5,142.9094871,0,0.043478261,0,0,0,0
9737,GGCACCGCGGAGGGAGGGGGAGG,0,0,0.113636364,0,0.048671649,357.5,178.0444986,0,0.695652174,0,0,1,0
9738,AGCACTGGGGCGTGAGGTGGAGG,0,0,0.086785714,0,0.286208544,425,198.8847621,0,0,0,0,0,0
9739,TCACTGAGTAGAGCAGAAGCAGG,0,0,0.344956082,0,0.083169333,455,178.6960451,0,-0.043478261,0,0,0,0
9740,GGCGATGCGGCTGCAGGAGGCGA,0,0,0.007086168,0,0.043898418,455,179.9755621,0,-0.043478261,0,0,0,0
9741,TACTTATTTTCCTTGGTCTCAGG,0,0,0.091093117,0,0.08106274,455,192.4094897,0,-0.130434783,0,0,0,0
9742,GCTTCCTTCCCTCCCACCTGGGA,0,0,0.002553105,0,0.193778595,455,172.0323156,0.056521739,0.173913043,0,1,0,0
9743,GGCAATGGCCCAGCATCTGTAGG,0,0,0.129513344,0,0.185123143,552.5,188.3628658,0.008695652,0.152173913,0,0,0,0
9744,GAGTGAGAACAGAAGATGAAAGA,0,0,0.003316327,0,0.213926133,552.5,191.1798046,0,0.108695652,0,0,0,0
9745,GCCTCTTCCCCAGCCCCTTTAGG,0,0,0,0.01897074,0.018665989,387.5,163.8891033,0,-0.456521739,0,0,0,0
9746,CTCTGTATTTCTGGAAGGATAGA,0,0,0.05021809,0,0.107893899,552.5,195.328613,0,0.02173913,0,0,0,0
9747,TCCTGTGTATCTGGAAGGATAGG,0,0,0.779220779,0,0.331135655,560,199.1517938,0.034782609,-0.47826087,0,0,0,0
9748,AACTTGTTTTAATTTTTCTGGAG,0,0,0.001470588,0.105723716,0.103738294,357.5,161.6252948,0.826086957,-0.673913043,0,0,0,0
9749,TGTGTATGAGTGCGTGCGTGTGA,0,0,0.019936204,0,0.351943434,522.5,206.6263755,0.039130435,0.413043478,0,0,0,0
9750,ATATGAGAGGAAGAGTCCCAGAG,0,0,0,0,0.032613551,485,172.2884605,0.056521739,-0.195652174,0,0,0,0
9751,CCCTCCCCAAGGCCTGGCTCCAG,0,0,0.012626263,0.124264815,0.121931204,387.5,145.0843164,0,-0.413043478,0,0,0,0
9752,GGTATTCTTTCTGCAACACCAGA,0,0,0.039828431,0,0.154229434,552.5,196.4977732,0.026086957,0.108695652,0,0,0,0
9753,CTCACCCCACTGGGCAGAAATGA,0,0,0.005494505,0,0.16982371,455,186.144983,0,1.369565217,0,0,0,0
9754,TGGCAGGAGGAATGAAGAGAAGA,0,0,0.006893382,0,0.113563,485,162.6120542,0,-0.043478261,0,0,0,0
9755,GGCCCTGGAGCTGGGGGTGGAGA,0,0,0.006583884,0,0.234278012,522.5,197.0597811,0.143478261,0,0,0,1,0
9756,GGAACAACGGCTGGGGGTGGGGA,0,0,0.033904321,0,0.164132398,522.5,200.2958136,0,-0.043478261,0,1,0,0
9757,ATAAACACCAGTGAGGACAGTAG,0,0,0.032051282,0,0.104736419,492.5,177.1602408,0,-0.369565217,0,0,0,0
9758,GAGGAGGAGGAGAAGAAGAAGAG,0,0,0.018004115,0,0.760552802,622.5,210.2603596,0,-0.217391304,0,0,0,0
9759,AGAAGAGAAGAAGAGACAGATGA,0,0,0.003306878,0,0.085785,485,170.0499742,0,0,0,0,0,0
9760,CCTCCTTCTGCTCTTCTCACCAG,0,0,0.022303922,0.1464432,0.141738197,522.5,198.3736141,0,-0.456521739,0,0,0,0
9761,AAAGGAGAAGCAGAGGCATGTGA,0,0,0.006127451,0,0.115428206,387.5,144.2107164,0.191304348,-0.173913043,0,0,0,0
9762,GGGGGTGGGGAGTTTGGTTCTGG,0,0,0.011312217,0,0.116171344,485,164.806305,0.039130435,0.130434783,0,0,0,0
9763,GGCCCAGCCTGAGCACCCGCCAG,0,0,0.002546473,0.047299809,0.047299809,417.5,132.5531388,0.434782609,0.173913043,0,0,1,0
9764,GAACAGAAAGCACACACAGCAGA,0,0,0.004984051,0,0.018486885,357.5,168.2843406,0.034782609,2.173913043,0,0,0,0
9765,GGTGAGTGTGTGTGTGGGTGTGA,0,0,0.00245098,0,1.773597222,567.5,196.6541086,0.02173913,-0.543478261,0,0,0,0
9766,TACTTGTTTTCTCTGTTTTCTGA,0,0,0.01174812,0,0.059088708,357.5,176.5612457,0,0.065217391,0,0,0,0
9767,TGCACTGGGGCTGGAACTGGCGG,0,0,0.151260504,0,0.104848333,485,177.8256461,0,0.02173913,0,0,0,0
9768,AACTTTTTTTTATTTTTCTCTGG,0,0,0.026373626,0.139991782,0.135266321,425,196.9769107,0,0.086956522,0,0,0,0
9769,AAAGGAGAAGAAGAGGCAATGGA,0,0,0.011160714,0,0.440166667,492.5,151.6408001,0,0,0,0,0,0
9770,CTCTGTGTTTCTGGGTGGAGAAG,0,0,0.023655674,0.114205581,0.114205581,455,163.6555981,0,-0.086956522,0,0,0,0
9771,GGCCCCCTCCAGCCACCCTCAGG,0,0,0,0,0.034090618,357.5,179.7484521,0,0.282608696,0,0,0,0
9772,AGTGAATGAGTGTGTGTGAGTGA,0,0,0.008333333,0,0.122716208,485,165.679905,0,-0.260869565,0,0,0,0
9773,AACAACAGGGAGTAGGGCTGAGA,0,0,0.003149408,0,0.049760729,485,165.9154738,0.030434783,-0.086956522,0,0,0,0
9774,GATGTGTGTGTGTGTGTGTGAGA,0,0,0.005982906,0,0.372455417,552.5,192.7257886,0.082608696,-0.065217391,0,0,0,0
9775,GGCACAGCCGGAGCAGGTGACAG,0,0,0.007197481,0.238119304,0.238119304,552.5,192.9464207,0,0,0,0,1,0
9776,CCTCCCTTCCCTCTACTCCCAAG,0,0,0.009939148,0,0.45934875,552.5,179.4868467,0.013043478,0.065217391,0,0,0,0
9777,GTCAGTGTGGCTGGAGTTGGGGG,0,0,0.083522727,0,0.609583333,552.5,193.585752,0,-0.347826087,0,0,0,0
9778,AAATGCATAGCATAGACTGCTGA,0,0,0.015428571,0,1.364942529,620,213.938263,0.265217391,-0.391304348,0,0,0,0
9779,AGTGAGTGTGTGTATGTGTGTGA,0,0,0.013125,0,0.055495857,455,182.6149239,0.052173913,-0.065217391,0,0,0,0
9780,CACTAGTCGTCATTGTTCTCAGG,0,0,0.221088435,0.860350791,0.833979885,620,210.8520827,0,-0.717391304,0,0,0,0
9781,CACACACATGCAGAGACACACAG,0,0,0.06808829,0,0.760552802,620,210.8939596,0,-0.282608696,0,1,0,0
9782,AAATGAAAAGAAGAAGAAGAAGA,0,0,0.003812636,0,0.033368241,387.5,150.8756866,0.034782609,-0.456521739,0,0,0,0
9783,GCCTTTTTCCCACTCATGTTGGG,0,0,0.029037037,0.017191035,0.016900891,387.5,159.863051,0,0.826086957,0,0,0,0
9784,TGTAAATGAGTGTGTACGTGTGA,0,0,0.0625,0,0.164761667,552.5,199.2519901,0.004347826,0.195652174,0,0,0,0
9785,TCCATCCCTCCAGAAACACACGG,0,0,0.403361345,0.844444444,0.844444444,530,203.0931615,0,0.152173913,0,0,0,0
9786,GAATGAGAAGATGAGCCACAAAG,0,0,0,0,0.266642786,462.5,195.3954737,0,-0.304347826,0,0,0,0
9787,ATGAAAGACAGTGAGTGGAGGGA,0,0,0.005221206,0,0.227610521,555,190.9449072,0,0.543478261,0,0,0,0
9788,GATCGCCGCCTCCCCGCCTCAGG,0,0,0.093076923,0,0.7469375,522.5,208.0537793,0,0.217391304,1,0,1,0
9789,GTCTGTCCAGAGCCTGGCCACGG,0,0,0.281385282,0.784601902,0.760552802,620,210.8939596,0,-0.108695652,0,0,0,0
9790,CTTGGACCACACGGCAGTACAGA,0,0,0.004655271,0,0.196530015,455,171.2719956,0.052173913,-0.586956522,0,0,0,0
9791,AGAATCCCTCCTGCCGCAACTGA,0,0,0.003896104,0,0.130040984,455,169.2532421,0.008695652,0.108695652,0,0,0,0
9792,TGTGAGTGTGTGTGTGAGGGAGG,0,0,0.07,0,0.123933228,485,163.5061086,0.104347826,-0.456521739,0,0,0,0
9793,AAATGAGAGGCAGATGTACAGGG,0,0,0.017777778,0,0.047757775,357.5,173.8170033,0,0.847826087,0,0,0,0
9794,GACGTGTTTTCATTTCTCTTGAG,0,0,0.00462963,0,0.030434884,387.5,149.6933526,0,0.347826087,0,0,0,0
9795,GAGTCCCAGAAGAATAAGAGAGA,0,0,0.004520211,0,0.10567146,455,160.4804613,0.017391304,0.260869565,0,0,0,0
9796,ACCTTTGTCTCTGGAGGGCTCAG,0,0,0.005570292,0,0.090617958,485,169.8752542,NA,-0.217391304,0,0,0,0
9797,AATCACCAATACAGCATCAAAGA,0,0,0,0,0.023537615,455,185.4390091,0,-0.369565217,0,0,0,0
9798,GGGTGGGGGAAGATTGCTGGCAG,0,0,0.001231775,0,0.066984255,387.5,136.8233432,0,-0.543478261,0,0,0,0
9799,GACATCCATGTCCCCCATATAGA,0,0,0.004092262,0,0.010987004,387.5,158.7681902,0,-0.326086957,0,0,0,0
9800,AGAATCCATCCAGATACACAAGA,0,0,0.005981136,0,0.397208228,525,204.2249784,0,0.130434783,0,0,0,0
9801,CCCATCCACCCACAGAAAAACAG,0,0,0.020152947,0.041697714,0.041027871,387.5,154.0067881,0,-0.02173913,0,0,0,0
9802,TGTGAGTGTGTGTGTGAATGGAG,0,0,0.05025641,0,0.073001262,485,168.8307753,0,-0.130434783,0,0,0,0
9803,GGTGTGTGCGTGTGTGTGTGTAG,0,0,0.025140292,0,0.699446792,560,194.1657886,0,0.108695652,0,0,0,0
9804,GACCCCCGCACCCCCACCTCTGG,0,0,0.254222222,0,0.120003918,455,187.589937,0,-0.282608696,0,0,0,0
9805,CACCCCCACCACCCCAGCTCAAG,0,0,0.008714597,0,0.104848333,485,177.8256461,0,-0.434782609,0,0,0,0
9806,CCAGTGAATAGAAAGCAGGCAGA,0,0,0,0,0.013537549,357.5,177.673252,0,-0.065217391,0,0,0,0
9807,AAAGGAAAAGCAGAGGCACAGAG,0,0,0.064814815,0.987960905,0.964154618,530,210.9131355,0,0.630434783,0,0,0,0
9808,ACCTCCACAAAGCCTGGTCCTGG,0,0,0.09862013,0.095152766,0.09336586,485,154.255886,0,-0.086956522,0,0,1,0
9809,TCCTCTCACCCACCCACCTGGAG,0,0,0.025163399,0.485473295,0.476356426,552.5,176.5794023,0,-0.391304348,0,0,1,0
9810,AGAAGAGAAAAAGAGGTACAAGA,0,0,0.011522634,0,0.56142625,552.5,192.1085525,0.943478261,-0.369565217,0,0,0,0
9811,AGTGATCACTACATGCTCACAGG,0,0,0.008441558,0,0.113084086,455,165.8293945,0.052173913,-0.52173913,0,0,0,0
9812,TCAATGAGCAGAGCTGAGGCTGA,0,0,0.008241758,0,0.24614019,522.5,200.1595981,0.556521739,0.543478261,0,0,0,0
9813,AAATGAGAAAAAGAGAAAAAAAG,0,0,0.048395062,0,0.027486212,417.5,145.1857267,0.252173913,-0.130434783,0,0,0,0
9814,AAATGTTAAAAGGAGGCACAAAG,0,0,0.07133059,0,0.255573121,522.5,202.3229983,0,-0.152173913,0,0,0,0
9815,CTTGGGGTACAGGGCAGTAACAG,0,0,0.032026144,0.539222871,0.539222871,625,210.6426982,0,-0.086956522,0,0,0,0
9816,TGAGGGTGAGTGTGTGGGTGTGA,0,0,0.00210084,0,0.601049167,552.5,196.3975689,0,-0.282608696,0,0,0,0
9817,GGTGTGTTTGTGTGTGTGTGTGG,0,0,0.063636364,0,0.353596915,552.5,189.8659716,0,0.02173913,0,0,0,0
9818,GGTGTGTTTGTGTGTGTGTGTGA,0,0,0.004419192,0,0.353596915,552.5,189.8659716,0.02173913,-0.086956522,0,0,0,0
9819,GAATGAGAAGAAGAAGAAGAAGA,0,0,0.003812636,0,0.054360238,387.5,153.2588674,0.073913043,0.195652174,0,0,0,0
9820,GCATCCCCAAAACGTGGCCAAAG,0,0,0,0.209033801,0.203459566,432.5,200.5167149,0,0.130434783,0,0,0,0
9821,AGAAGAGCGGCTGGAGGTGGGGG,0,0,0.4056,0,0.778438874,620,215.597696,0.008695652,0.043478261,0,0,0,1
9822,GGTGTGTGTGAGTGTGTGTGGGG,0,0,0.076363636,0,0.196246288,455,186.7357049,0,-0.47826087,0,0,0,0
9823,GAATGAAAAGAAGAGGAAGAGGA,0,0,0.004050926,0,0.138537471,485,165.0827082,0.265217391,-0.760869565,0,0,0,0
9824,GACACTGAAGCACAGTCTCTGAG,0,0,0.019738325,0.043414677,0.04268194,387.5,156.1805845,0.152173913,0.239130435,0,0,0,0
9825,TGGTGGGGGGGGTTTGCTTTTGG,0,0,0.09,0.124264815,0.121931204,387.5,145.0843164,0,0.456521739,0,0,0,0
9826,CCCACCCACCCACATACACACAG,0,0,0.014394962,0,0.090665591,425,190.2455575,0.065217391,-0.217391304,0,0,0,0
9827,GACATCGAAGTACAGTTATTAGA,0,0,0.003816846,0,0.063280011,357.5,176.7589425,0,-0.065217391,0,0,0,0
9828,AGTGGGTGAGTGTGAGAGTGTGG,0,0,0.175073684,0,0.163368333,455,182.7185474,0,-0.108695652,0,0,0,0
9829,GACACTGAAACTCAGTTTTTAAG,0,0,0.031535629,0,0.144812296,425,195.2068586,0,-0.5,0,0,0,0
9830,ACCACCAGGGGGCAGAGCGGAAG,0,0,0.064710387,0.193991629,0.187758966,425,199.2708154,0,-0.086956522,0,1,0,0
9831,TGCATCTTAGTCTTTAGCTGAAG,0,0,0.003843137,0,0.23590875,455,188.4745684,0.9,5.369565217,0,0,0,0
9832,AAGTCCAAGAAGGAGAAGAATGA,0,0,0.035326087,0,0.36592984,522.5,202.3257622,0.413043478,-0.130434783,0,0,0,0
9833,GGACCTGCTGCTGGGGGTGGGGG,0,0,0.106039216,0,0.242694227,522.5,199.6315981,0.547826087,-0.043478261,0,0,1,0
9834,CCCTGTGTCTCCGGGTGGGGCAG,0,0,0.010565015,0.024388262,0.023640729,290,129.3912781,0,0.065217391,0,0,1,0
9835,TTAATGGAGGACTGAAGAGTTAG,0,0,0.032562467,0.129804532,0.125422944,455,193.4274737,0.073913043,0.282608696,0,0,0,0
9836,CATTTGTTTTCATTTTTCTCAGG,0,0,0.070153061,0.832622222,0.832622222,530,205.6649784,0.047826087,0.043478261,0,0,0,0
9837,GCCCCCCTCCACCCCCACCCCAG,0,0,0,0,0.033027225,417.5,149.9374631,0.073913043,-0.02173913,0,0,0,0
9838,TGGGTGTGAGTGTGTGTGTGAGG,0,0,0.084848485,0,0.601049167,552.5,196.3975689,0,0.434782609,0,0,0,0
9839,TCTGAGTGAGTGTGTCCGAGAGG,0,0,0,0,0.090617958,485,170.9235742,0.439130435,0.195652174,0,0,0,0
9840,GTCTGCCTAAATCCTGGCCAGGA,0,0,0.012747669,0,0.703915663,522.5,206.8557626,0,-0.086956522,0,0,0,0
9841,GTCACCCAAGCAGGGTTTGTGGA,0,0,0.004050926,0,0.050756291,455,174.1896346,0.082608696,-0.195652174,0,0,0,0
9842,GTACACTAAGCATAAACTGACAG,0,0,0.038819568,0,0.127663522,455,165.2321977,0,0.5,0,0,0,0
9843,CAATGAGAAGACAAGGTACAAAG,0,0,0.025191183,0,0.116067105,357.5,180.9984679,0,-0.239130435,0,0,0,0
9844,GAGCCACCCCACCCAGCCTCCAG,0,0,0.026748971,0,0.240310978,522.5,199.5791775,0,-0.086956522,0,0,0,0
9845,CACTCCCCAAACCCTGCCCAAGA,0,0,0.004493776,0,0.299915,455,190.2577885,0.226086957,0.782608696,0,0,0,0
9846,GGGTGGAGGGAGATGGCTGCGAG,0,0,0.001121795,0.033541582,0.033541582,357.5,162.3624772,0,-0.108695652,0,0,1,0
9847,TCCAGTTTCTCTGGATGAATAAG,0,0,0.048840049,0,0.211957667,552.5,190.5198859,0,-0.52173913,0,0,0,0
9848,CCAGTGTGTAGAGCTGAGAATGG,0,0,0.022321429,0,0.036141705,387.5,134.7241978,0.191304348,0.130434783,0,0,0,0
9849,ATATGAGATGAAGAGTCAGAGAG,0,0,0,0,0.052414635,485,166.9637938,0.42173913,-0.152173913,0,0,0,0
9850,ATGAACACAAGTGAGCAATGCAG,0,0,0.055226824,0.009434634,0.009283074,417.5,141.7804605,0,0.065217391,0,0,0,0
9851,GACAGGGAAGCAGGGTATTTAGG,0,0,0.074666667,0.052168566,0.052168566,455,183.5004003,0.004347826,-0.217391304,0,0,0,1
9852,GAACACTAAGCATTAACAGCTAG,0,0,0.037956911,0.007901975,0.007648097,357.5,165.5472797,0.017391304,0.043478261,0,0,0,0
9853,GCTTCCTCAACCCCTGGCCACAG,0,0,0.030667892,0.263094174,0.263094174,425,202.342635,0,-0.369565217,0,0,1,0
9854,GGGATGGAGCAGTGAGGACTGGA,0,0,0.00860218,0,0.238731956,455,175.7441632,0,0.217391304,0,0,0,0
9855,CAATGAGAAAACTAGGCACAGAG,0,0,0.016374269,0,0.263598069,425,196.9928426,0.47826087,-0.195652174,0,0,0,0
9856,GCCTCTCCAAGGCCTGAACAGGG,0,0,0.303333333,0,0.038086554,387.5,164.7744879,0.004347826,0.434782609,0,0,0,0
9857,GAGGCAGTGAAGAAGAAGAATGA,0,0,0.014969529,0,0.760552802,620,208.4488626,0.034782609,0.130434783,0,0,0,0
9858,AAAGGAAAAGAAAAGGAACAGGA,0,0,0.018696581,0,0.152967414,455,185.4577876,0,-0.260869565,0,0,0,0
9859,GACTCTGCAGCTGAAGGTGGGGG,0,0,0.259615384,0,0.136846598,522.5,202.487435,0,0.086956522,0,0,0,0
9860,CATTCCAAGCAGCAGAAGAAGAG,0,0,0.019493177,0.391755507,0.391755507,522.5,206.7894987,0,-0.413043478,0,0,0,0
9861,GACATATTTTCATTTTTCTCTGG,0,0,0.068027211,0,0.456394074,530,203.5333944,0,-0.456521739,0,0,0,0
9862,GAACACAATTCAGAAACTGCCAG,0,0,0.031031543,0.07966379,0.07966379,425,186.5421411,0.113043478,0.304347826,0,0,0,0
9863,GAACAGGAAGCATAAACTCCTAG,0,0,0.038605841,0,0.052435807,455,170.0758137,0,-0.52173913,0,0,0,0
9864,AACTGAGAAGAAAAGACACCAGA,0,0,0.006243756,0,0.043333597,387.5,154.7466536,0.747826087,-0.217391304,0,0,0,0
9865,GAGCCACTACGCCCCGCCTCAGG,0,0,0.258673469,0,0.276109182,522.5,206.6961519,0,-0.934782609,0,0,0,0
9866,GAGGTGTTTTTAGTGTTCTCTGA,0,0,0.001741917,0,0.302995647,425,202.0689958,0,0.065217391,0,0,0,0
9867,TGGAGGGAGGAGAGAGGAGACAG,0,0,0.046666667,0.125714241,0.125714241,357.5,163.5586591,0,0.108695652,0,0,0,0
9868,GAAAACAAGGCATAAGCTGCTAG,0,0,0.026343721,0.042336113,0.042336113,455,182.8711722,0,0.065217391,0,0,0,0
9869,GGCAATGTGGCTGGAGTGGGGAG,0,0,0.010802469,0,0.113428797,485,168.4024187,0,0,0,0,1,0
9870,GGGAGGGAGGAATGAGGAGGGAG,0,0,0.028007957,0,1.492090395,560,181.9740801,0,-0.173913043,0,0,0,0
9871,CCTGCCTCAGCTTTGCTCCCTGG,0,0,0.080689655,0.029025941,0.028559661,357.5,160.7858776,0,-0.456521739,0,0,1,0
9872,TGATTGGAGAAATAAGGAGTTGA,0,0,0.023200757,0,0.193587958,522.5,201.1674789,0,-0.152173913,0,0,0,0
9873,GCATCCCCATAGCCTGGCTGGAG,0,0,0.069973087,0,0.188866751,485,145.7946637,0,0.065217391,0,0,0,0
9874,GGTGTGGTAGTGTGTGCCTGTAG,0,0,0.016504918,0,0.201225633,552.5,187.005349,0,-0.565217391,0,0,0,0
9875,TGTGTGTGTGTGTGCGCGTGCGG,0,0,0.059504132,0,0.24614019,522.5,199.7448781,0.108695652,0.217391304,0,0,0,0
9876,GACATCTATGTTTTCCCCAAAAG,0,0,0.031410256,0.082914747,0.081515342,357.5,162.4637983,0,-0.086956522,0,0,0,0
9877,TAACGTGAAGAAGAGACACACGG,0,0,0.462184874,0,0.164761667,552.5,199.2519901,0.126086957,-0.239130435,0,0,0,0
9878,TAGAAGGTGGAATGGGGAGTGGG,0,0,0.117857143,0.409763948,0.402848101,522.5,200.3648415,0.017391304,-0.326086957,0,0,0,0
9879,GACCCTGAAGTAGAGTGTTTGGA,0,0,0.000823859,0,0.194319155,455,189.3242212,0,-0.108695652,0,0,0,0
9880,TGTGAGTGTGTGTGTGTGTGTGG,0,0,0.28,0,0.788265432,560,195.4541086,0.22173913,-0.02173913,0,0,0,0
9881,GTCACCTCTAGTAACTTGGGTGG,0,0,0.07,0.071144321,0.068963652,357.5,178.5247043,0,-0.434782609,0,0,0,0
9882,ACCTTACATGCAGAGACACACAG,0,0,0.059577254,0,0.797205949,620,211.5486796,0.160869565,-0.043478261,0,0,0,0
9883,ACACTCCCTCCTGCAGCACCTGG,0,0,0.117285068,1.317695783,1.317695783,620,213.0946636,0,-0.456521739,0,0,0,0
9884,AGCCCCCTCCACCCCCTCTCCAG,0,0,0,0,0.104848333,485,180.685463,0.004347826,-0.173913043,0,0,0,0
9885,GACCCCCTGCATCAGGCCTCAGG,0,0,0.005833333,0,0.016384823,327.5,181.677913,0.026086957,-0.195652174,0,0,0,0
9886,CCCATCCACACACACACACACAG,0,0,0.023817119,0,0.07966379,425,186.5421411,0,-0.043478261,0,0,0,0
9887,GGTGTGTGAATGTCTGTGTGGGG,0,0,0.067878788,0,0.079416941,455,180.2946479,0.317391304,0.347826087,0,0,0,0
9888,TGCACTGCAGCTGGGGGTCGGGG,0,0,0.187315271,0,0.086270403,455,170.2851981,0,0.043478261,0,0,0,0
9889,GTGATGGAGGAATGACCAGTGGG,0,0,0,0,0.104848333,485,180.685463,0.869565217,0.456521739,0,0,0,0
9890,AAATGAAAAGAATAGGCTCCAGG,0,0,0.034090909,0,0.032473591,387.5,144.7565655,0.373913043,-0.304347826,0,0,0,0
9891,GGTGTGTACGTGTGTGCGAGAGA,0,0,0.004122861,0,0.289306566,552.5,180.1040828,0.008695652,-0.195652174,0,0,0,0
9892,GAGTCCAAGGAGAGAAAGAAGGG,0,0,0.1708061,0.035370056,0.034285916,425,185.9788766,0.02173913,-0.97826087,0,0,0,0
9893,GACATGGCTGTCCTCCCCCAGGA,0,0,0.001731835,0,0.119456149,485,146.4285992,0,-0.239130435,0,0,0,1
9894,GGCCCCCTCCTCCTCGCCTCTGG,0,0,0.180512821,0,0.245884977,432.5,202.2907316,0.02173913,-0.391304348,0,0,0,0
9895,ACTTGAGAGGATGAGGCACAAGA,0,0,0.008558979,0,0.424071175,522.5,206.7561192,0,0.043478261,0,0,1,0
9896,GGCAATGAGGCTGGGGGAGGGGG,0,0,0.160952381,0,0.078958228,455,175.1815082,1,0,0,0,0,0
9897,TGCACTGGGGCGTGAGGTGGGAG,0,0,0.025,0,0.286208544,425,198.8847621,0.126086957,0.565217391,0,0,0,0
9898,GGAAGGGATGAATGAGGAGTAGG,0,0,0.244869565,0,0.822304167,620,213.4238996,0.030434783,0.086956522,0,0,0,0
9899,ATACACACCAGTGAGAAGATTGA,0,0,0.011697861,0,0.111973118,485,163.3723742,0.004347826,-0.065217391,0,0,0,0
9900,AAATGAGAAAAAGATACAGAAAG,0,0,0.004320988,0,0.019133259,387.5,151.9648162,0,-0.02173913,0,0,0,0
9901,TGTGCGAGTGTGTGTGCGTGCGG,0,0,0.2625,0,0.569608261,620,211.5687188,0.130434783,-0.173913043,0,0,0,0
9902,GTCACCGGGGATGGAGGTGGTGG,0,0,0.27892562,0,0.480400979,522.5,207.8441153,0,-0.152173913,0,0,0,0
9903,CGTGTGCGTGTGTGTGCGTGTGA,0,0,0.007440476,0,0.569608261,620,211.5687188,0.060869565,0.086956522,0,0,0,0
9904,CCCTGAGTCACTGCATGGAGAAG,0,0,0.014565826,0,0.052040787,455,163.645495,0,0.260869565,0,0,0,0
9905,GCCACTGTCTCACCCACATTCAG,0,0,0.036803728,0.191803177,0.185328808,552.5,185.5281495,0.191304348,0.152173913,0,0,0,0
9906,GGTTACTCAGTGTGTGCTTGTGA,0,0,0.007063643,0,0.178245253,552.5,188.0172658,0,-0.065217391,0,0,0,0
9907,TCCTCCCCCAAGACTGGTCAGAG,0,0,0.036630037,0,0.073380489,455,180.3175658,0,-0.543478261,0,0,0,0
9908,GTCTTGTCTTGATTTTTCTCTGG,0,0,0.025974026,0.227418991,0.223580696,425,195.4230778,0.986956522,1.934782609,0,0,0,0
9909,GACTTGTTTTAATTGCTCTGAAG,0,0,0.007625272,0.109138468,0.106375468,395,159.7438905,0,-0.217391304,0,0,0,0
9910,GGAGCCCCTTCTCTAGCACCTGA,0,0,0.013401559,0,0.082499774,425,195.8995748,0,0.043478261,0,0,0,0
9911,GCAAGCCCTTCTGCAGGTCCAGA,0,0,0.000904977,0,0.119478333,485,171.2622357,0,-0.086956522,0,0,0,0
9912,GACACCCAAGCAGAGGGTTAGAG,0,0,0.004083003,0.028836655,0.028349961,417.5,141.4046823,0,-0.326086957,0,0,0,0
9913,GGTAAGTGTGTGTGTGGGGGGGG,0,0,0.007941176,0,0.117323456,485,162.6325086,0,-0.413043478,0,0,0,1
9914,GGCTTGTTTTCATTGCTTGCAAG,0,0,0.022222222,0,0.01681386,417.5,145.5002409,0,-0.282608696,0,0,1,0
9915,AAGGGAGAAGAAGAGGAAGAAGA,0,0,0.001547229,0,0.189330488,485,166.064289,0,-0.326086957,0,0,0,0
9916,TGGAAGGAGCAAGCAGGAGTGGA,0,0,0.001552795,0,0.075982292,425,191.7814384,0,-0.434782609,0,0,0,0
9917,GCCTCCACAGCGCCTGCCCACAG,0,0,0.01016703,0.195444222,0.192304556,455,184.608888,0.008695652,-0.065217391,0,0,0,0
9918,AGAGAGAGAGTGTGTGCCTGTGA,0,0,0.01860119,0,0.208990259,552.5,190.8654859,0.969565217,6.630434783,0,0,0,0
9919,TAATGATAAGAAGAGCCACCAGG,0,0,0,0,0.081933305,485,162.3907934,0.839130435,0.347826087,0,0,0,0
9920,AAAAGAGCAGAACAGGCACACAG,0,0,0.022277917,0,1.034177215,530,206.9272625,0.956521739,2.239130435,0,0,0,0
9921,GGCCCAGGCAGAGCCCGCGAGGA,0,0,0.005102041,0,0.069215924,455,171.4780918,0.008695652,0.065217391,0,0,0,0
9922,AGTGGGTGAGTGAGTGCGTGCGG,0,0,0.448615384,0,1.150704225,530,209.6123595,0,-0.130434783,0,0,0,1
9923,GCATTGTCTTCATTTTTCTCTAG,0,0,0.025220459,0,0.397208228,522.5,201.1251615,0,-0.5,0,0,0,0
9924,GGTGAGTGTGAGTGCGTGTGTGA,0,0,0.003977273,0,0.047757775,357.5,173.8170033,0.5,0.717391304,0,0,0,0
9925,CCCACGCAGCCTGAGACACAAAG,0,0,0.026748971,0.252106148,0.248242453,522.5,204.4498152,0.191304348,0.434782609,0,0,0,0
9926,GCCTCTTCCCCAGCCACCGCTAG,0,0,0.000803489,0.076412446,0.076412446,387.5,138.7152626,NA,-0.586956522,0,0,0,1
9927,AAGTCCGGGGAAAAGAAGAAGGA,0,0,0.016635802,0,0.648306325,522.5,203.3923462,0.2,-0.152173913,0,0,0,0
9928,GGGTGGGGGAAGGTAGCTCCAGG,0,0,0.140961098,0.237245266,0.231791352,432.5,191.7019215,0,-0.02173913,0,0,0,0
9929,GGCCCTGACAGAGCACCTGCTGA,0,0,0.002273637,0,0.134467805,485,154.2985686,0,-0.086956522,0,0,1,0
9930,GAGTCCCTGCAGCAGAAGACCGA,0,0,0.00097901,0,0.165681589,455,167.0800818,0,0.5,0,0,0,0
9931,GGTGTGTGTGTGTGTGCGTGTGA,0,0,0.015151515,0,3.673734177,635,216.3518996,1,-0.02173913,0,0,0,0
9932,GGTGTGTGTGTGTGTGCGTGTGG,0,0,0.218181818,0,3.673734177,635,216.3518996,0.017391304,-0.326086957,0,0,0,0
9933,AAAAGAGAATAAAAGGCATATAG,0,0,0.042735043,0,0.177767966,455,173.0873431,0,0.326086957,0,0,0,0
9934,AGTGAGAGTGTGTGTGTGTGGGA,0,0,0.0153125,0,0.25438705,552.5,191.8709278,0.030434783,-0.804347826,0,0,0,0
9935,TCCTGTCTCTATGGATGGATAAG,0,0,0.133680555,1.066997778,1.066997778,530,211.7867355,0,-0.369565217,0,0,0,0
9936,AAAAGAGAGAAACAGGCACACAG,0,0,0.032344235,0,0.311578392,522.5,199.8755627,0.02173913,-0.065217391,0,0,0,0
9937,AGGACTGGGGCTGGGGGTGGGAG,0,0,0.04875,0,0.397208228,522.5,201.3651615,0,0.152173913,0,0,1,0
9938,GGTTTGGGGGTGTTTGATCCTGG,0,0,0.021538462,0,0.316692045,455,190.1674852,0,4.239130435,0,0,0,0
9939,GGTGTGTGGGTGTGTGTGTTGGG,0,0,0.079191919,0,0.155313909,485,155.8281887,0,0.217391304,0,0,0,0
9940,TAGTTGGAGGAATGAGAAGCAGA,0,0,0.003172753,0,0.268517165,485,159.962689,0,-0.152173913,0,0,0,0
9941,AAAACCAGTGACTAGGGTGGGAG,0,0,0.014705882,0.025893985,0.025893985,387.5,168.2441404,0.017391304,0.369565217,0,0,0,0
9942,TATTGAAAAGAAGAGACACATGG,0,0,0.705882353,0.183399615,0.183399615,552.5,199.0003933,0.026086957,0.195652174,0,0,0,0
9943,GGGGTGTGTGTGTGTGTGTGTAG,0,0,0.013198653,0.36082635,0.348646558,552.5,192.4377886,0,0.347826087,0,0,0,0
9944,AGTGAGTGAGTGTGAGAGAGAGA,0,0,0.004824561,0,0.054360238,387.5,153.2588674,0.017391304,0.260869565,0,0,1,0
9945,AGAATCTCTTCTCCAACACCTGG,0,0,0.307894737,0,0.071983419,455,190.0290728,0.017391304,-0.195652174,0,0,0,0
9946,GAACCACTGCACCCCGCCCCAAG,0,0,0.035630157,0,0.181784315,552.5,182.1782357,0,-0.195652174,0,0,0,0
9947,CACAGCGAGGCAGAGTTTCTAGA,0,0,0.005473454,0,0.321904489,552.5,183.2038997,0,-0.130434783,0,0,0,1
9948,GTCATTTTACTCATTCCCTTAGG,0,0,0,0,0.060073929,485,157.9962538,0.017391304,-0.630434783,0,0,0,0
9949,TAACCAGAGGAAGAGGCACATGA,0,0,0.023537193,0,0.833979885,620,213.0782996,0,-0.239130435,0,0,0,0
9950,GGGTGGGTGGATTGTGCTCATGG,0,0,0,0,0.045950893,357.5,159.607298,0.486956522,0.826086957,0,0,0,0
9951,GAATACACAGAATACACTGCTGA,0,0,0.00487013,0,0.212805723,425,194.7894778,0,-0.326086957,0,1,0,1
9952,AGTGTGTCAGTGTGAGCGTGTGG,0,0,0.11659919,0,0.402848101,522.5,200.6048415,0,NA,0,0,0,0
9953,GGCACTGGGCCAGGAGGAGGAGA,0,0,0.009523809,0,0.12706804,455,177.9690129,1,2.717391304,0,0,0,0
9954,ACCCCTTTCCCACTCACCTGAGA,0,0,0.005233564,0,0.10391963,455,169.5496154,0,-0.02173913,0,0,0,0
9955,TGTGAGTGAGAGTGTGCATTGGG,0,0,0.363461538,0,0.075868305,387.5,150.4089831,0,0.065217391,0,0,0,0
9956,TGTGTGTGGGTGTGTGTGTGTGA,0,0,0.007856341,0,0.372455417,552.5,192.9657886,0,0.086956522,0,0,0,0
9957,TGTGTGTGGGTGTGTGTGTGTGG,0,0,0.113131313,0.379196691,0.372455417,552.5,192.9657886,0,-0.282608696,0,0,0,0
9958,GCCTTACCAAAGCCTGGTAAAAG,0,0,0.042207792,0.058108731,0.056147255,485,159.9543628,0,-1.02173913,0,0,0,0
9959,TACCTATTTTCATTGTTCTGGGA,0,0,0.002643214,0,0.421955546,552.5,179.4028161,0.1,-0.369565217,0,0,0,0
9960,GACATGTTTTTATTTTTCTTGGA,0,0,0.000436072,0,0.098205585,357.5,160.7516948,0,-0.369565217,0,0,0,0
9961,GCATCTGCCTCACCCACCTTTGG,0,0,0.479815456,0.859763489,0.846587038,620,208.1972658,0,-0.108695652,0,0,0,0
9962,GACATGTTTTTATTTTTCTTGGG,0,0,0.006279435,0,0.098205585,357.5,160.7516948,0,-0.043478261,0,0,0,0
9963,AAAGGAGAAGCAGGTGCACAGGG,0,0,0.016666667,0,0.031708053,327.5,186.2501101,0.404347826,1.152173913,0,0,0,0
9964,CATCACCCCCACCCCGCCTCCAG,0,0,0.072751323,0,1.345833333,620,214.283863,0,0.195652174,0,0,0,0
9965,CCAGGGAGGAGAGGGGAGTCTGG,0,0,0,0.044612589,0.043106678,455,171.5647151,0,-0.130434783,0,0,0,0
9966,CTGTCCCCACTGGGCAGCAATGG,0,0,0.023976024,0.16982371,0.16982371,455,186.144983,0,-0.260869565,0,0,0,0
9967,GGCATCCCTGCTGCAGAATCGGG,0,0,0.046153846,0.177529458,0.174373379,485,161.9461526,0.004347826,0.02173913,0,0,0,0
9968,GGCATTTTTTCATTCTTCTCTGA,0,0,0.004810005,0,0.243723101,522.5,202.0933944,0.430434783,0,0,0,0,0
9969,GCCCTCTTAGCCAGTACCTGTAG,0,0,0,0,0.124304193,425,200.2171316,0.339130435,1.391304348,0,0,0,0
9970,GCCTCCCCAGTCCCTGGCCTTGG,0,0,0.054298643,0,0.150040774,392.5,163.1244795,0.004347826,-0.173913043,0,0,0,1
9971,GCCACCCAAAAGCCAGGCCTAGA,0,0,0.007466583,0,0.176947,455,163.8819615,0,0.086956522,0,0,0,0
9972,GAGTGGGAGGAGTTAGCTCATGG,0,0,0.244939271,0.186915845,0.186915845,455,164.5155615,0,-0.108695652,0,0,0,0
9973,GGAATCCCATCAGCAGGACTCAG,0,0,0.003398693,0.071341285,0.069049196,387.5,149.4004082,0.056521739,-0.152173913,0,0,0,0
9974,AAATGATGAGAAGAGGAAAAGAG,0,0,0.021728395,0,0.12450836,485,161.9828912,0,-0.130434783,0,0,0,0
9975,AAAACAGAAACAGAGGCACAGAG,0,0,0.036213992,0.708556299,0.697697198,522.5,205.8162599,0.291304348,-0.130434783,0,0,0,0
9976,GACTCTGAGCAGAGGAGGAAAAG,0,0,0.007625272,0,0.051438206,455,184.2607203,0,-0.369565217,0,0,0,0
9977,GGCAGTGGGGCTGGGGGAGGGGG,0,0,0.167142857,0,0.078958228,455,175.1815082,0,-0.195652174,0,0,0,0
9978,CCCTGTGGCTCTGCATGGTATAG,0,0,0.024679487,0,0.029419779,387.5,136.5753985,0,-0.47826087,0,0,0,0
9979,GCCTCCCATAACCCTGCCCAGGG,0,0,0.048581315,0.165585601,0.165585601,455,183.4381912,0,0.260869565,0,0,0,0
9980,TGAATGGAGGGATAATGAGTGGA,0,0,0,0,0.021080997,357.5,183.5143058,0,0.02173913,0,0,0,0
9981,GTCACTTCCCAGGAATAGGGAAG,0,0,0.008916324,0.105116388,0.105116388,425,190.4991576,0,-0.326086957,0,0,0,0
9982,CCTGCTCCACAAGGCAGTCACAG,0,0,0.039846743,0.153931028,0.148457925,455,178.7099156,0,0.02173913,0,0,0,0
9983,GACTCCCTCAACCCAGCCTTGGA,0,0,0.003209877,0,0.162968187,455,161.9900421,0.2,0,0,0,0,0
9984,TCCTCCCCAAGGCCTGGCCCCGA,0,0,0.010258838,0,0.828110169,462.5,177.0323164,0.330434783,-0.217391304,0,0,0,0
9985,GGCTCTTTCTCACCCAGCTGCAG,0,0,0.001762061,0.247304309,0.247304309,485,155.8445526,0.273913043,0.565217391,0,0,0,0
9986,AGTGAGTGAGTGTGGGTCTGGAG,0,0,0.002592593,0,0.032020193,387.5,158.5835341,0,-0.304347826,0,0,0,0
9987,GTCTTCCATTCTGCAGCACCAGA,0,0,0.007834022,0,1.345833333,622.5,214.458583,0.030434783,-0.5,0,0,0,0
9988,CCTGTCTAGGCTGTACTCACAGG,0,0,0.034917355,0.332955756,0.322750216,522.5,201.3527622,0.369565217,0.173913043,0,0,0,0
9989,GGTGTGTGTGTGAGTGTGTGTGG,0,0,0.070489511,0,0.136842006,455,183.466468,0.008695652,0.173913043,0,0,0,0
9990,GGTGTGTGTGTGAGTGTGTGTGA,0,0,0.004895105,0,0.136842006,455,183.466468,0,-0.347826087,0,0,0,0
9991,GCCAACTCCAATAACTAGGCTAG,0,0,0.050235479,0.26991206,0.26991206,455,171.0347595,0.108695652,-0.086956522,0,0,0,0
9992,ACCAACCCAGAGCCTGGCCAGGG,0,0,0.136054422,1.317695783,1.317695783,620,212.0463436,0.07826087,-0.347826087,0,0,1,0
9993,TGGAAGGAGGGATGAAGGGTAGA,0,0,0.009027778,0,0.028124449,387.5,168.9698371,0,-0.413043478,0,0,0,0
9994,ATGAATAACAATGAGTAGAATGG,0,0,0.565848215,0,0.210470358,455,170.9465154,0,-0.565217391,0,0,0,0
9995,GGTGTGTGTGTATGTGTGTGAGG,0,0,0.095030303,0,0.173969682,455,185.2496881,0,-0.391304348,0,0,0,0
9996,CACTGTGTGTCAGGATGGGTCAG,0,0,0.035016835,0.155457617,0.149930235,455,176.5361193,0,-0.043478261,0,0,0,0
9997,GGTGTGTGTGTATGTGTGTGAGA,0,0,0.006599327,0,0.173969682,455,185.2496881,0.626086957,2.565217391,0,0,0,0
9998,GAGTCCCAGAAGAGGAAAAAGAG,0,0,0.049907407,0,0.026283198,455,174.7625649,0.086956522,-0.52173913,0,0,0,0
9999,TGGGTGGAGCAACGGGGAGTGGA,0,0,0.008908991,0,0.136666136,425,189.6283215,0,-0.086956522,0,0,1,0
10000,CCTGCCGCCACTCTGCTCTCAGG,0,0,0.192156862,0.079823765,0.079823765,455,166.8700613,0,-0.913043478,0,0,1,0
10001,CTGATTCATCCAGAGACAAAAGA,0,0,0.012561843,0,0.297519338,552.5,185.8980161,0.004347826,-0.347826087,0,0,0,0
10002,CCCTGTCTGTCTGGATGGGGAGA,0,0,0.00195586,0,0.082397692,485,144.971439,0,-0.02173913,0,0,0,0
10003,AACCCCAGTGAGCTGAGCAGTGG,0,0,0.106147722,0,0.028759421,357.5,166.4398949,0.2,0,0,0,0,0
10004,GACCCCATCCACCCCTACACCAG,0,0,0,0,0.021415438,417.5,147.7942823,0,-0.760869565,0,0,0,0
10005,TGGATGGGTGGATGAGGAGTGGG,0,0,0.254222222,0.804368914,0.786690476,530,207.110319,0,-0.173913043,0,0,0,0
10006,GACACCCTCCAGCCCGCAGCTGA,0,0,0.003498775,0,0.04809546,387.5,154.4389663,0.047826087,-0.02173913,0,0,0,0
10007,AGGGACACCAGTGAGGGGAGAGA,0,0,0.002227093,0,0.104848333,485,179.811863,0,-1,0,0,0,0
10008,TGTGAGTGAGTTGGTGGGTGTAG,0,0,0.001530155,0,0.116067105,357.5,180.9984679,0,0.108695652,0,0,0,0
10009,GGTGAGTGAGCATCTGGGTGGAG,0,0,0.004066812,0,0.021380578,260,172.6285201,0.069565217,-0.086956522,0,0,0,0
10010,AGATGAGAAAGAGAGGGACAAAG,0,0,0.007401598,0.311591569,0.311591569,455,186.7520688,0.72173913,0.413043478,0,0,0,0
10011,AAATAACAAGAACAGGCCCAGGG,0,0,0.047786132,0,0.07787432,455,180.6058454,0,-0.086956522,0,0,0,0
10012,AGGATGGATGAATGAGAAGACGG,0,0,0.28,0,0.164063988,485,157.1165087,0,-0.47826087,0,0,0,0
10013,GGCGCGGGGGCTGGAGTTGGCAG,0,0,0.014880952,0,0.350124604,552.5,192.454488,0.034782609,0.260869565,0,0,0,0
10014,GGTGAATGAGAGTATGCCTGTGA,0,0,0.01860119,0,0.014739991,357.5,174.1214144,0,-0.195652174,0,0,0,0
10015,TGTGAGGGGGTGTGTGCATGTGG,0,0,0.271493213,0,0.129506134,552.5,187.4337056,0,0.130434783,0,0,0,0
10016,TGGATGGAGAAGTGATGTGTAAG,0,0,0,0,0.020850843,387.5,163.780404,0,-0.586956522,0,0,0,0
10017,CCTGGTGGCTCTGGGTGGATGGA,0,0,0.014223452,0,0.397208228,522.5,200.4915615,0.060869565,0.043478261,0,0,0,0
10018,TGTGAGTGTGTGTGTGAGAGAGG,0,0,0.08,0,0.123933228,485,163.5061086,0.034782609,0.282608696,0,0,0,1
10019,TGTGAGTGTGTGTGTGAGAGAGA,0,0,0.005555556,0,0.123933228,485,163.5061086,0,0.130434783,0,0,0,0
10020,ACCTGAGAAAATGAGGCACAGAG,0,0,0.027160494,0,0.639230037,522.5,205.7241631,0.034782609,0,0,0,0,0
10021,GACCACCCCCACCCCACCCCCAG,0,0,0.040868455,0,0.081441456,485,166.7754372,0,0,0,0,0,0
10022,GAAGGAGAAAAAGAGGCAGAGGA,0,0,0.005063657,0,0.485227553,552.5,182.5866636,0,0.543478261,0,0,0,0
10023,GTCACAGAAGCAGATATTTTAGG,0,0,0.087704503,0.043384841,0.041920373,455,185.6785685,0,-0.195652174,0,0,0,0
10024,CCCATCACTCCACTGACACACAG,0,0,0.01871345,0.054593343,0.053756663,425,192.5784971,NA,-0.717391304,0,0,0,0
10025,CCCGTCCGTCAAGAGAGACAAGG,0,0,0.020220588,0.326702656,0.321188687,455,188.0103883,0.330434783,0.5,0,0,0,0
10026,CACCCCCTCCCCGCCTCCTCGGG,0,0,0,0,0.058493115,357.5,186.1821699,0,-0.043478261,0,0,0,0
10027,GAGATCGAAGCAGGGTCTTTTGG,0,0,0.104812834,0.087992023,0.085021828,455,184.7583843,0,1.043478261,0,0,0,0
10028,GAACAAAAAGGAGAGACTCCTGG,0,0,0.027147141,0,0.061528511,357.5,170.9366118,0.039130435,0.108695652,0,0,0,0
10029,AAATGAGCAAAACAGGAACAGAG,0,0,0.020376868,0.196330083,0.196330083,455,180.623015,0,-0.52173913,0,0,0,0
10030,AGCATGGAGGAATGAGGATTAGG,0,0,0.256410257,1.111338983,1.111338983,560,189.1240001,0,0.065217391,0,0,0,0
10031,AACTTGTCCTCATTTTTCTCAGA,0,0,0.008241758,0,0.24614019,522.5,197.9333811,0,-0.434782609,0,0,0,0
10032,AATTGAAAAGAGGAGGCACAGGA,0,0,0.03540305,0,0.885414687,530,209.7727188,0.004347826,-0.326086957,0,0,0,0
10033,TACATCTTAGTCTTTTCCTGGAG,0,0,0,0,0.105393,455,192.1722536,0.213043478,-0.260869565,0,0,0,0
10034,GGGTGCGAGAAGAAGAAGAATGA,0,0,0.028888889,0,2.461181435,627.5,213.8799436,0.004347826,0.086956522,0,0,0,0
10035,GAGTTATTTACAGTGTTCTCTGA,0,0,0.007763975,0,0.30419944,522.5,202.394959,0,-0.108695652,0,0,0,1
10036,AGGAAGGAGGAAGGAGGAGGAAG,0,0,0.005967604,0,0.26991206,455,171.2747595,0,-0.086956522,0,0,0,0
10037,AATGCAGAAGAAGAGGAACAAAG,0,0,0.041938998,0,0.570616297,555,195.5239689,0.895652174,5.173913043,0,0,0,0
10038,AAAGGAGAAGAAGATACATAGGA,0,0,0.002861722,0,0.02299038,387.5,156.0829526,0,0.456521739,0,0,0,0
10039,GACTTGGTTTTATTGTTACCAGA,0,0,0.001867033,0,0.035179271,387.5,154.4154023,0.613043478,0.891304348,0,0,0,0
10040,TGGATGGATGAATGAGATGCCAG,0,0,0.005866068,0,0.027507403,417.5,131.6931754,0.039130435,-0.347826087,0,0,0,0
10041,TGGAAGGAGAAAGGAGGTGTAGA,0,0,0.004227053,0,0.105010613,455,177.9972898,0,-0.282608696,0,0,0,0
10042,GGTGTGGCAGTGTGTGCCTGTGG,0,0,0.062682416,0,0.201225633,552.5,187.005349,0,-0.065217391,0,0,0,0
10043,GGTGCGTGTGTGTGTGCATGTGA,0,0,0.014423077,0,0.356082003,560,189.7285664,0.3,0.195652174,0,0,0,0
10044,GACTTCTGTTCCTTGTTCTGAAG,0,0,0.002006651,0.193097176,0.186579128,455,169.4604987,0.291304348,-0.630434783,0,0,0,0
10045,GCCACCCCAGAGCCTGACCCTGG,0,0,0.056116723,0.238352117,0.234114746,485,155.2109526,0,0.043478261,0,0,0,0
10046,TAGTGAGGAGAAGAAGCACACAG,0,0,0.109352053,0,0.397208228,522.5,201.3651615,0,-0.043478261,0,0,0,0
10047,ACTTTCCCAAAGTCTGGCCAGAG,0,0,0.071458333,0.573580538,0.573580538,522.5,207.8843595,0.013043478,-0.456521739,0,0,0,0
10048,ACCATGCATCCACAGAGACATGG,0,0,0.012383901,0.145308048,0.142724794,455,186.9285844,0,-0.47826087,0,0,0,0
10049,CTTGCCACTCAGGGCTGGAATGA,0,0,0,0,0.020128062,485,170.1452797,0.92173913,-0.413043478,0,0,0,0
10050,AGAGTGTGTGTGTGTGCGTGTGA,0,0,0.00974026,0,0.822304167,620,213.4238996,0,-0.413043478,0,0,0,0
10051,TGGATGGGGGACTGAGGATTCAG,0,0,0.033354992,0.448191781,0.43624,462.5,178.8360827,0.756521739,-0.086956522,0,0,0,1
10052,TGGATGGAAGGATGATGAATGGA,0,0,0,0,0.026286255,387.5,160.9737101,0,0.130434783,0,0,0,0
10053,CCTGCCTCTGCCCTCCTCCCCAG,0,0,0.012126712,0.036901197,0.036308406,357.5,162.5690977,0.008695652,0,0,0,0,0
10054,GGTGAGTGAGTGAGTGCAGAAAG,0,0,0.029123521,0,0.013599659,345,116.3917463,0,-0.217391304,0,0,0,0
10055,AGATGAGAAGAAAAGACAAAAAG,0,0,0.082051282,0,0.033198795,387.5,161.4242536,0,-0.347826087,0,0,0,0
10056,CCAGGGAGTAGAGAGGAGTGAAG,0,0,0.002277415,0.030988834,0.030988834,387.5,138.3868955,0,0.043478261,0,0,0,1
10057,GGGTGGTGGGAATTTGCTCTAGA,0,0,0.011111111,0,0.416653087,462.5,173.1631188,0,-0.065217391,0,0,0,0
10058,AGATTTGAAGATGAGGCACAGAG,0,0,0.014814815,0,0.425868976,522.5,208.1695956,0,-0.130434783,0,0,0,0
10059,GGCTCTGCCTCTGGAGTTGGGGA,0,0,0.004833491,0,0.325662758,552.5,188.3887722,0,0.217391304,0,0,0,0
10060,AAATGGGAAGAAGTGGTACTCAG,0,0,0.027654321,0,0.021754292,387.5,147.6511204,0,-0.586956522,0,0,0,0
10061,GGCCCTGAGGCAGGAGGAGGGGA,0,0,0.008496732,0,0.144953165,455,182.0871493,0,-0.543478261,0,0,0,0
10062,TGTGGGTGGGTGTGTGTGTGTAG,0,0,0.058074074,0,0.372455417,552.5,192.9657886,0,-0.304347826,0,0,0,0
10063,CCAGCCCCAGCTATACTCACCAG,0,0,0.041971917,0.231546693,0.227827067,522.5,202.8297183,0,-0.413043478,0,0,0,0
10064,TGTGAGTGACTGGGTGGGTGAGA,0,0,0.000426257,0,0.217271959,455,183.722832,0,-0.02173913,0,0,0,0
10065,GGCAAAGACCCTGCATCCCTTAG,0,0,0.014899957,0.512062667,0.512062667,462.5,181.4078996,0.069565217,0.239130435,0,0,0,0
10066,GGTGTGTGTGTCTGTACGTGTGG,0,0,0.115508022,0,0.073975905,455,188.9473733,0.108695652,-0.130434783,0,0,0,0
10067,TGGATGAAGGGGTGAGTAGTAAG,0,0,0.030426955,0,0.102729469,357.5,181.884524,0,0.086956522,0,0,0,0
10068,AAATGAGAGAAAAAGGCAGAAAG,0,0,0.018613485,0,0.098147193,455,170.0011628,0,0,0,0,0,0
10069,AGTACTGGGGGTGGAGGTGGGGG,0,0,0.099441964,0,0.782934488,522.5,209.3420993,0.008695652,0.043478261,0,0,1,0
10070,AAAAGAGCAGCAGAGTCACAGGA,0,0,0,0,0.143492089,455,191.7080734,0,-0.456521739,0,0,0,0
10071,GGCTCCCCAGAGCATGGCCCAAG,0,0,0.007970201,0.095709979,0.095709979,455,165.191479,0.686956522,0.391304348,0,0,0,0
10072,GTCATCTTCATCAATACCCGGAG,0,0,0.023612885,0,0.037787938,455,167.8612986,0,-0.043478261,0,0,0,0
10073,TGGATGGAAGGATAAGAAGTCAG,0,0,0.075833333,0,0.026551897,357.5,176.3848402,0,-0.391304348,0,0,0,0
10074,GCTTCTTTCCCTCCCTCCTGAGA,0,0,0,0,0.055090774,387.5,156.5298737,0,0.217391304,0,0,0,0
10075,GGCACTGGGGCTACAGGTGTGAG,0,0,0.046153846,0,0.0361443,357.5,157.8240779,0,-0.543478261,0,0,0,0
10076,TGTGAGTGTGTGTGTGTTTGTGA,0,0,0.012962963,0,0.073001262,485,168.8307753,0,-0.369565217,0,0,0,0
10077,TGAGAGAGAGTGTGTGTGTGTAG,0,0,0.075617284,0,0.410516581,552.5,195.3027081,0,-0.326086957,0,0,0,0
10078,TGTGAGCGTGTGTGTGCGTGTGG,0,0,0.4125,0,1.115182419,627.5,214.0570388,0,-0.173913043,0,0,0,0
10079,ACTGTGTGAGTGTGTGTGTGTGA,0,0,0.007342657,0,0.609583333,552.5,196.6855689,0.147826087,-0.065217391,0,0,0,0
10080,ACTGTGTGAGTGTGTGTGTGTGG,0,0,0.105734266,0,0.609583333,552.5,196.6855689,0,-0.130434783,0,0,0,0
10081,AACACCAGGAAGTAGATTGGAGA,0,0,0.006448413,0,0.060753761,485,163.8390389,0,-0.02173913,0,0,0,0
10082,CGTGTGTGAGTGTGTGTGTTAGA,0,0,0.005892256,0,0.268517165,485,159.787969,0,-0.804347826,0,0,0,0
10083,TCCTCCTGCCCTCCCACCTTTGG,0,0,0.222222222,0,0.425868976,522.5,206.5980986,0,0.02173913,0,0,0,0
10084,GAAGGAGAAGAAGAGGAATAAGA,0,0,0.009348291,0,0.202836708,485,166.592289,0.104347826,0.347826087,0,0,0,0
10085,GACTTGTGTTAATATTTCTCTAG,0,0,0.012610229,0.030721032,0.030250211,327.5,184.0238931,0.065217391,-0.891304348,0,0,0,1
10086,TGGATGGATGGATGGGGAGCAGA,0,0,0.001422559,0,0.054220132,357.5,157.6655144,0,-0.043478261,0,0,0,0
10087,GGTGTGTGTGTGTGTGGGGGTGG,0,0,0.003208556,0,0.111383028,485,162.2177886,0,-0.282608696,0,0,0,0
10088,GATTTGTTTTCAATGATCTGTGA,0,0,0.001767534,0,0.043333597,387.5,154.7466536,0,-0.52173913,0,0,0,0
10089,CAGGCCCCGCAGGGCAGGAAGAG,0,0,0.024374802,0.19034295,0.186959075,552.5,189.0488864,0.439130435,-0.304347826,0,0,0,0
10090,GGGGCTGGGGCTGGTGGTGGAGG,0,0,0.040178571,0,0.397208228,522.5,200.4915615,0,-0.282608696,0,0,1,0
10091,TCCTCCACAAAGCCCCGCCAGAG,0,0,0,0,0.049848983,455,185.3213717,0.02173913,-0.195652174,0,0,1,0
10092,AATTCAGAAGAAGATGCACATGA,0,0,0.005502201,0,0.785713928,530,204.3766584,0,-0.304347826,0,0,0,0
10093,GACCCTCTCCTCCCCTCCTGAGG,0,0,0,0,0.036200902,387.5,156.7579065,0.004347826,-0.239130435,0,0,0,0
10094,GGGGTGTGAGTGAGTGTGTGGAG,0,0,0.015229215,0.22854304,0.220828507,455,186.8982484,0,-0.282608696,0,0,0,0
10095,CGTGAGTGTGCGTGTGAGTGGGG,0,0,0.133333333,0,0.206712756,455,188.0240249,0.186956522,0.108695652,0,0,0,0
10096,ATGAAGAGCAGTGAGTAATGTGG,0,0,0.119822485,0,0.056147255,485,158.1428658,0,-0.108695652,0,0,0,0
10097,TGGATGGAGGAACAAAGAGATGA,0,0,0.023129112,0,0.005645158,290,143.635469,0,-0.043478261,0,0,0,0
10098,GGGAGGGAGGAATGGGGACTGGG,0,0,0.178374813,0.141195423,0.141195423,455,172.9566585,0,-0.130434783,0,0,0,0
10099,CCTGCTTCTGCTCTACTCAGTGA,0,0,0.003319036,0,0.485700923,560,177.5166357,0.008695652,0.195652174,0,0,0,0
10100,CACCCCATCCACCCCGGCTACAG,0,0,0.004084967,0,0.183397224,485,158.6931082,0.082608696,0.456521739,0,0,0,0
10101,AAATGATATAAAGAGACACAGGG,0,0,0.32,0,0.094581352,552.5,190.5768765,0.826086957,-0.543478261,0,0,0,0
10102,GAACTCAAAGCATGGATTGCCAG,0,0,0.020531238,0,0.170568858,462.5,186.4863843,0.073913043,-0.804347826,0,0,0,0
10103,TGGAGGAAGGAGTGAGGAGAAAG,0,0,0.067407407,0.221867769,0.221867769,455,170.6747988,0,0.152173913,0,0,0,0
10104,CAAGGAGAGGACGAGGCACAGGG,0,0,0.093984963,0.444369398,0.43009247,522.5,206.6505192,0,0.173913043,0,0,0,0
10105,GACTCCCTCCAACCCCCATCCAG,0,0,0,0,0.024931944,387.5,167.8985404,0,0,0,0,0,0
10106,GCCTGTGCCCCAACCACCTTGGG,0,0,0.135746606,0,0.360782974,522.5,202.9293617,NA,0.608695652,0,0,0,0
10107,CCAATCCCTGCAAAGACACACAG,0,0,0.034567901,0.511018119,0.502808992,522.5,201.0811261,0.4,0.086956522,0,0,0,0
10108,CCCTGTACCCCTGGATGGATCAG,0,0,0.138271605,1.492111985,1.459318315,627.5,209.9252658,0,-0.108695652,0,0,0,0
10109,GCCTCTTTCCTGCCCACCTGTGG,0,0,0.039215686,0.312186779,0.304283316,365,169.3162159,0,-0.804347826,0,0,0,0
10110,CGTGGGTGAGTGAGTGCGCGCGG,0,0,0.098219022,0,0.203890405,455,177.6643595,NA,NA,1,0,1,0
10111,AAAGGAGAAATAGAGGAACAAGA,0,0,0.005816714,0,0.29581478,455,186.1184688,0,-0.152173913,0,0,0,0
10112,TGTGTGTGACTCTGTGCGTGGGG,0,0,0.077005348,0.669826867,0.648306325,522.5,205.2038431,0.547826087,0.043478261,0,0,0,0
10113,CCCCTCCTTCCAGCGCCACATGA,0,0,0,0,0.038523101,455,186.2989725,0,-0.086956522,0,0,0,0
10114,CGTGTGTGCGTGTGTGCCTGCAG,0,0,0.018323828,0,0.189613667,552.5,188.5285664,0.013043478,-0.5,0,0,0,0
10115,GTTGTGTGTGTGTGTGAGTGAGA,0,0,0.004499541,0,0.372455417,552.5,192.7257886,0,0.043478261,0,0,0,0
10116,ATGAGGACCAGTGAGCACAGGAG,0,0,0.02962963,0.031184504,0.030658184,485,173.4139368,0,-0.152173913,0,0,0,0
10117,GACACTGAAGCAGGGATTTGAAG,0,0,0.018023371,0,0.009718801,387.5,151.3488055,0,-0.304347826,0,0,0,0
10118,GGGCTTGGGGCTGGAGGTGGAGA,0,0,0.005013369,0,1.286675824,622.5,213.410263,0,-0.5,0,0,0,0
10119,CCCTGGGACACGGGATGGATGGA,0,0,0.013605442,0,0.374191978,522.5,201.6063622,0,0,0,0,0,0
10120,GAACACAGACCACAGACAGCCAG,0,0,0.040025991,0.101581695,0.099949861,455,176.1857928,0,-0.173913043,0,0,0,0
10121,GTCTTCTTTCCATTGTTCCCCAG,0,0,0.018914326,0.288151376,0.277905994,552.5,181.4342796,0.486956522,0.391304348,0,0,0,0
10122,TTGAAGACCAGTGAGAAGAAAAG,0,0,0.110479798,0.073965375,0.072576354,485,162.9879902,0,-0.543478261,0,0,0,0
10123,CCCTTCCCCAAGCCTGCCCAGGA,0,0,0.004244122,0,0.372455417,552.5,192.9657886,0.956521739,5.043478261,0,0,1,0
10124,GGGAAGAAAGTGTGTGCGTGTGG,0,0,0.39375,0,0.878799588,620,212.3154022,0.004347826,-0.456521739,0,0,0,0
10125,AAGAGTAGCAGTGAGTAGAGAGA,0,0,0.025255102,0,0.82579023,620,212.785879,0.030434783,0.065217391,0,0,0,0
10126,ACAATGAGGAGAACGGAGGCAGG,0,0,0.514285714,0.355433782,0.355433782,522.5,204.8672991,0,-0.673913043,0,0,0,0
10127,TGCACTGCGGGCGGAGGCGGCGG,0,0,0.101503759,0,0.08473962,357.5,179.8304826,0,-0.173913043,0,0,0,0
10128,GGTGTGTGTGTGAGTGGGTGTGA,0,0,0.00061703,0,0.136842006,455,183.466468,0.026086957,0.086956522,0,0,0,0
10129,GTAACTGCGGCTGGCGGTGGTGG,0,0,0.150413223,0,0.785713928,530,205.4249784,0.095652174,0.326086957,0,0,0,0
10130,CCCATCCATCAGGAGAGCCAGAG,0,0,0.001573469,0.028562528,0.028124788,290,158.8443715,0.07826087,0.565217391,0,0,0,0
10131,TGTGTGCGAGTGTGTGTGTGTGG,0,0,0.116666667,0.42388108,0.416345417,552.5,194.5423881,0.239130435,0.869565217,0,0,0,0
10132,GAGTCCCAGAAGATGAGGAAAGG,0,0,0.056078431,0,0.05162771,455,179.1997871,0,-0.043478261,0,0,0,0
10133,GACTTGCTTTCAGTGAGCTCAGG,0,0,0.019181586,0.02545128,0.025042424,387.5,169.0429617,0.704347826,0.630434783,0,0,0,0
10134,AACAGCAGTGAGGAGAGTGGGGG,0,0,0.100621118,0.232075362,0.225538028,462.5,184.1890262,0.004347826,-0.239130435,0,0,0,0
10135,CTCTGTTTCTTTGCATGGATGGA,0,0,0.004757148,0,0.084899764,425,198.7075508,0,-0.065217391,0,0,0,0
10136,GAGCCCCTGCACCCAGCCTATAG,0,0,0.008916324,0,0.106601012,455,163.3675981,0,-0.173913043,0,0,0,0
10137,GGCAGTGCGGGTGGAGGGGCAGG,0,0,0.021428571,0,0.071821995,387.5,149.1206631,0.039130435,-0.434782609,0,0,0,0
10138,GTCCACCGCCACCCCGCCTTTGG,0,0,0.091428571,0,0.697447183,552.5,177.4342631,0,-0.260869565,0,0,0,1
10139,TTCTGTGTCTGTGGATGCATGGA,0,0,0.007515632,0,0.172235,455,187.306583,0.295652174,0,0,0,0,0
10140,AGTGTCCCACAGGGCAGGAATGA,0,0,0.012373737,0,0.310333333,552.5,192.2483467,0,-0.217391304,0,0,0,0
10141,ACCTGTGTCTCTGGTGGGTTAAG,0,0,0.009664694,0.024285613,0.024285613,387.5,156.9565526,0.656521739,2.326086957,0,0,0,0
10142,GCCAGTGTGGCTGGAGTTGGGGA,0,0,0.006310096,0,0.609583333,552.5,193.585752,0,-0.260869565,0,0,0,0
10143,TGTGTGTGAGTGTGTGGGGGGAG,0,0,0.001386413,0,0.202836708,485,166.177569,0,-0.586956522,0,0,0,0
10144,TGGATGCAGTAATGATGACTTAG,0,0,0,0,0.051230178,485,163.788657,0,0.173913043,0,0,0,0
10145,ACCTGTTCCTCACCCACCTTGAG,0,0,0.131764706,1.317695783,1.317695783,620,209.8201266,0.191304348,-0.413043478,0,0,0,0
10146,GGGAAGGAGGAAGCAGGAGTAGG,0,0,0.053470159,0,0.086676978,425,196.7731748,0.92173913,0.217391304,0,0,0,0
10147,CTCATCCCTTCTGCAGCCCCAGG,0,0,0.037105751,0.317269355,0.305988667,555,193.0086667,0,-0.02173913,0,0,0,0
10148,GGTGTGTGGGTCTGTGTGTGGGG,0,0,0.059893048,0,0.173969682,455,185.2496881,0,-0.217391304,0,0,0,0
10149,AATGCCCACTGCATCTTCACCAG,0,0,0.005892256,0,0.063027465,387.5,157.2555705,0,-0.239130435,0,0,0,0
10150,GAGACTGAGGAAGAGTTTTTCAG,0,0,0.060185185,0,0.276109182,522.5,206.6961519,0,-0.195652174,0,0,0,0
10151,GACACAGCAGCTGGATGTGGAGA,0,0,0,0,0.095572195,552.5,195.9258098,0.017391304,-0.739130435,0,0,0,0
10152,AAAAGAGAAGAAGAAGAAGAAGA,0,0,0.001815541,0,0.051461025,387.5,152.3852674,0,0.02173913,0,0,0,0
10153,AACAGCAGGGAGAAGACCGGCAG,0,0,0.015686275,0,0.136842006,455,183.466468,0,0.239130435,0,0,0,0
10154,GGTGGCTGAGTCTGTGCCTGTGA,0,0,0.008594347,0,0.087696665,455,182.9862623,0,-0.217391304,0,0,0,0
10155,GGGAGCGGGGAGTCTGGTCCAGA,0,0,0.000378939,0,0.052168566,455,183.9151203,0,-0.108695652,0,0,0,0
10156,TGGATGGAGGCACCATGAGTTGA,0,0,0,0,0.007183083,260,174.5429852,0.082608696,-0.456521739,0,0,0,0
10157,GGTGAGAGTGTGTGGGAGTGAGA,0,0,0.000850694,0,0.061604575,455,177.6639062,0.330434783,NA,0,0,0,0
10158,AACAGCAGTATCTAGAGCGGTGG,0,0,0.09122172,0.348609699,0.343267022,460,198.9737594,0,-0.043478261,0,0,0,0
10159,GGACACAAAGCAAACACTGAAGG,0,0,0.075524476,0.072336432,0.072336432,357.5,158.116058,0.004347826,-0.086956522,0,0,0,0
10160,CCCTGTGGATATGGAGGGATGGA,0,0,0.011332417,0,0.07961172,455,188.6218931,0,0.043478261,0,0,0,0
10161,GGTGCGTGTGTGTGTGTGAGAGA,0,0,0.002777778,0,0.111383028,485,162.2177886,0,-0.47826087,0,0,0,0
10162,CCTGCCTAAGCTCTACCCCCAAG,0,0,0.021095335,0,0.106015171,485,160.4062917,0,-0.130434783,0,0,0,0
10163,GGCTTGTTTTCATTTTTCTCAGG,0,0,0.114285714,2.960465116,2.960465116,537.5,207.1529784,0,-0.239130435,0,0,0,0
10164,CACATGTTTTCATTTTTCTTAGA,0,0,0.00101231,0,0.186915845,455,166.9817785,0,-0.086956522,0,0,0,0
10165,GAAGACAAAGCATGAAATGCGGG,0,0,0.10248366,0.023506109,0.023109381,357.5,171.4940827,0.065217391,-0.304347826,0,0,0,0
10166,GACATATTCTCATTATTCTCTGA,0,0,0.02872944,0,0.141738197,522.5,198.3736141,0,0.043478261,0,0,0,0
10167,AATAGAGAAGCAGAGGTACAGAG,0,0,0.016267248,0,0.316692045,455,190.5822052,0,-0.826086957,0,0,0,0
10168,AGCCCCCCCCACCCCGCCCCTGG,0,0,0.19862069,0,0.526848592,552.5,185.1121831,0,-0.260869565,0,0,0,0
10169,GGTGGAGGTGTGTGTGCGTGGAG,0,0,0.065882353,0,0.329465174,622.5,209.7827348,0,-0.282608696,0,0,1,0
10170,GGCTTCCCAAAGCTTGGCCCTGA,0,0,0.005123701,0,0.10391963,455,168.8948954,0.486956522,-0.086956522,0,0,0,0
10171,AAGGGAGAAGAAGAGGAGCAGGG,0,0,0.071296296,0,0.117805637,485,171.3889557,0,-0.239130435,0,0,0,0
10172,CCCTCCTTCCCACCCATCTGAGA,0,0,0.003713607,0,0.162452885,485,159.290305,0.1,0.065217391,0,0,0,0
10173,AGATGAGAGGAGGAGGCAGACAG,0,0,0.012482853,0,0.149930235,455,176.5361193,0.017391304,-0.130434783,0,1,0,0
10174,GATCAGTTTTCATAGTTCTCTGA,0,0,0.009561984,0,0.210193223,525,204.8708954,0,-0.434782609,0,0,0,0
10175,GGCTTTCTCCCACCCACCTTGGG,0,0,0.304347826,1.696339869,1.65734355,627.5,216.4884992,0,0.065217391,0,0,0,0
10176,GATGAGTGAGTAGGTGGGTGGAG,0,0,0.003141918,0,0.116067105,357.5,180.7584679,0,0.260869565,0,0,0,0
10177,AAAAGAGAAGATGACACACAGAG,0,0,0.011223345,0,0.034090618,357.5,179.1148521,0.004347826,-0.086956522,0,0,0,0
10178,GGAGGGTGGGTGCGTGCGTGGGA,0,0,0.018796992,0,0.333568181,522.5,203.9245791,0,-0.086956522,0,0,0,0
10179,CCCCTCCTTCCTGAGACCCAGGA,0,0,0.000666933,0,0.144953165,455,182.0871493,0,1.413043478,0,0,0,0
10180,CCCTGTCTCTCAGGCTGGATGGA,0,0,0.010416667,0,0.240660381,432.5,196.0936972,0.013043478,-0.195652174,0,0,0,0
10181,AAATGCACAGAAAAGGCACAAAG,0,0,0.046620047,0,0.218273699,525,202.4316977,0.017391304,-0.043478261,0,0,0,0
10182,GCATCTTTCCCTCACACCCTAGG,0,0,0.02789272,0.036702989,0.036050492,357.5,168.568715,0,-0.108695652,0,0,0,0
10183,CTGGCCCCACCAGGCAGTCATGA,0,0,0.002681992,0,0.134282034,357.5,173.9778159,0.030434783,0.043478261,0,0,0,0
10184,CTTGCCTCACTGGGCGGTAGTAG,0,0,0.00953159,0.041569724,0.040868125,387.5,156.1607097,0,-0.130434783,0,0,0,0
10185,TGGAGGGAGGGAGGAGGAGGGGA,0,0,0.001329923,0,0.141811796,357.5,165.0446758,0,0.086956522,1,0,1,0
10186,GAGGCTGGCCAGAAGAAGAATGA,0,0,0.015914352,0,0.482379464,620,209.4808187,0,-0.043478261,0,0,0,0
10187,GGCAATGAGGCTGGGCGTGGTAG,0,0,0,0,0.065950602,455,183.3164156,0,-0.260869565,0,0,0,0
10188,CCAGTGACTTGAGAGGAGGTAGA,0,0,0.003959276,0,0.08601783,455,162.331662,0,0.130434783,0,0,0,0
10189,GCCTCTCACACACCCACCTGAGA,0,0,0.005841503,0,0.394296494,552.5,171.5876659,0,0.130434783,0,0,0,0
10190,CCCTGTGGCTCTGCAGGGAACAG,0,0,0.015865385,0,0.016064133,387.5,150.0349726,0,-0.152173913,0,0,0,0
10191,AAATTAAAAAAAGAGGAACACAG,0,0,0.033876543,0,0.36403873,552.5,189.5506517,0,0.217391304,0,0,0,0
10192,TGGAGGGAGTAGTGATGAGTCAG,0,0,0,0.115210221,0.111508688,455,187.9154172,0.2,-0.717391304,0,0,0,0
10193,GCCTCTTTCCCTCCACCTTTAGA,0,0,0,0,0.006067346,290,154.5651188,0.32173913,-0.413043478,0,0,0,0
10194,TGGATGGCGGAAAGAGGACTGGA,0,0,0.009236453,0,0.34314,462.5,177.0528626,0.352173913,0.5,0,0,0,0
10195,AGTGAGTGTGGGTGTGTGTGTGG,0,0,0.1008,0,0.206712756,455,188.0240249,0,0.086956522,0,0,0,0
10196,AGTGAGTGTGGGTGTGTGTGTGA,0,0,0.007,0,0.206712756,455,188.0240249,0.026086957,0.260869565,0,0,0,0
10197,GGTGTGTGGGTGTGTCTGTGTGG,0,0,0,0,0.060818669,485,175.6773627,0.039130435,0.152173913,0,0,0,0
10198,CCCTGTGACTCTGAATGCAGCAG,0,0,0.013071895,0,0.01830564,387.5,141.9000652,0,-0.065217391,0,0,0,0
10199,AAATGAGAGGAAGAAACAAAGGA,0,0,0.018674136,0,0.012693183,387.5,152.9967722,0,-0.543478261,0,0,0,0
10200,CCCTCCCCCAAGCATAGCCAAGG,0,0,0.142857143,0,0.024792954,455,186.3126091,0.052173913,0.391304348,0,0,0,0
10201,CTTGTCCCATGGGGGAGTAAGGG,0,0,0.019465241,0.199193974,0.195994071,425,192.4828383,0.017391304,0.02173913,0,0,0,0
10202,AAATAAGGGGTAGAGGCACAGAG,0,0,0.033799726,0,0.462858836,522.5,204.621999,0.030434783,0.065217391,0,0,0,0
10203,TGAATTGAGGCAAGAGGAGTGAG,0,0,0.035897436,0.186305221,0.183312366,425,201.1566118,0.191304348,0.413043478,0,0,0,0
10204,GGCACTATGGCAGGATGTGGTGA,0,0,0,0,0.082693196,455,188.7124759,0.008695652,0.326086957,0,0,0,0
10205,GACTTCCTGCACCCCGACTCTGA,0,0,0.010213243,0,0.353596915,552.5,192.0921886,0,0.130434783,0,0,0,0
10206,AGATGAAAAAAAGAGGCACCAAG,0,0,0.043995511,0,0.438724268,552.5,174.4474829,0.995652174,0.173913043,0,0,0,0
10207,GGCCCCTACTGAGCACCAGAGGA,0,0,0.002829415,0,0.046870481,485,168.6213909,0,0.326086957,0,0,0,0
10208,GGTGAGTGTGTGTATTTGTGTGA,0,0,0,0,0.008228696,387.5,165.326498,0,0.195652174,0,0,0,0
10209,GAGGAAGAGGAGAAGAAGAAAGA,0,0,0.008956129,0,0.760552802,622.5,210.2603596,0,-0.52173913,0,0,0,0
10210,CCCCCCCCCCACCCCGCCCCCGG,0,0,0.154820549,0,0.526848592,552.5,185.1121831,0,0.217391304,0,0,1,0
10211,GATGACCACTACTTCCAGAAAGA,0,0,0.001481481,0,0.046238115,387.5,163.2912351,0.965217391,-0.130434783,1,0,0,0
10212,GTCTCCCCTAAGCCAGGACACAG,0,0,0.04408457,0.051736218,0.050816463,455,175.3698648,0.439130435,0.130434783,0,0,0,0
10213,GGTATGTGGGTGTGTGTGTGTGG,0,0,0.101818182,0,0.353596915,552.5,192.0921886,0.62173913,-0.47826087,0,0,0,0
10214,CCCATAAAGACAGAGACACACAG,0,0,0.096869489,0,0.303437425,620,206.0793184,0.017391304,0.02173913,0,0,0,0
10215,GGTGAGTCCCTGTGTGGGTGTGA,0,0,0.000574589,0,0.309968168,555,186.1625552,0,-0.413043478,0,0,0,0
10216,AAAGGAAGAGAAGAGGCAAATGG,0,0,0.196428572,0.34064625,0.34064625,552.5,182.0954023,0,-0.347826087,0,0,1,0
10217,AGTGTGTGCGTGTGTGAGTGTGG,0,0,0.087272727,0,0.372455417,552.5,192.9657886,0,0.195652174,0,0,0,0
10218,GCCTTCTTTCCACTGTTCTCAAG,0,0,0.058479532,0.318759987,0.308518702,522.5,202.682959,0,-0.434782609,0,0,0,0
10219,GGTGAGTGGGTGGGTGGGTGGAG,0,0,0.002652269,0,0.243274677,462.5,185.954788,0.008695652,-0.304347826,0,0,0,0
10220,GAAGACAAACCACAGACTGGTGA,0,0,0.000644995,0,0.235330927,455,166.6977431,0.939130435,2.260869565,0,0,0,0
10221,AAAGGTGAAGAAGGGACACAAAG,0,0,0.054012346,0,0.023306476,455,187.6128055,0,0.565217391,0,0,0,0
10222,AGATGAGAAATTGAGGCACAGAG,0,0,0.019854384,0,0.359810011,460,200.0220794,0,0.02173913,0,0,0,0
10223,GGGAAGCAGCCAGCATCCGTGGA,0,0,0.021110875,0,0.585715865,627.5,212.2710548,0.773913043,0,0,0,0,0
10224,CACCCCCCCCACCGGGCCTCGGG,0,0,0,0,0.060024367,425,190.2539768,0.452173913,0.52173913,0,0,0,0
10225,TATTTGTTTTCTTAGTTCTCCAG,0,0,0.036779835,0.110516529,0.108651272,425,199.3167149,0.286956522,0.565217391,0,0,0,0
10226,GACTCCCAAAAGAAGAAGAAAGA,0,0,0.010230655,0,0.51726468,620,207.3373024,0,0.043478261,0,0,0,0
10227,TGGTTGGGGCAATGAGGAATGAG,0,0,0.034567901,0.45934875,0.45934875,552.5,179.4868467,0,-0.02173913,0,0,0,0
10228,GGCACTGGGGCTGGGCATGGTGG,0,0,0,0,0.025390982,412.5,163.6186245,0.008695652,-0.086956522,0,0,0,0
10229,GGGTCGGGGGAGCTTTGTCCAGG,0,0,0,0.038521809,0.038521809,387.5,170.1378225,0,0.086956522,0,0,0,0
10230,GACCCCATCCACCCCTCAGCAGA,0,0,0,0,0.010902405,417.5,143.3570601,0.004347826,0.065217391,0,0,0,0
10231,CCTGCCCCAACTCTACTCCCAGA,0,0,0.007902299,0,0.18198627,552.5,177.1173025,0,-0.130434783,0,0,0,0
10232,GAACCCCTCCACTCTGCCACTGG,0,0,0.011555556,0,0.051004158,357.5,164.217658,0.834782609,2.304347826,0,0,0,0
10233,GTTCCCCCACAGGGCGGTTAGAG,0,0,0.012976891,0.090617958,0.090617958,485,170.2899742,0,0.086956522,0,0,0,0
10234,GACGTGTTCTCGTTGCTCTCAGG,0,0,0.277777778,0.07772152,0.07772152,455,189.3620933,0.282608696,-0.217391304,0,0,0,0
10235,AGGATGAAGGCATGAGGAGGAAG,0,0,0.018300654,0.269437679,0.264377816,455,173.4491356,0,0.02173913,0,0,0,0
10236,AAATGAGAGTAAGAAGAACATGA,0,0,0.016521423,0,0.079252091,455,175.0553506,0.082608696,0.369565217,0,0,0,0
10237,AAATCAGAAGAAACAGCACAAAG,0,0,0.037922861,0,0.022109939,362.5,182.5661532,0.004347826,-0.456521739,0,0,0,0
10238,AAAAAAGAAGAAGAAGAACAAAG,0,0,0.046994271,0,0.155096519,455,181.8449474,0,0.47826087,0,0,0,0
10239,GGGTGGGGGGAGTTAGGGCCAGG,0,0,0.011351909,0.047970327,0.046916034,395,159.7835341,0,-0.130434783,0,0,1,0
10240,TGTGTGTGTGTGTGTGCATGAGG,0,0,0.151048951,0,0.189613667,552.5,188.5285664,0,0.369565217,0,0,0,0
10241,GCTGTGTGTGTGTGTGTGTGTGG,0,0,0.070489511,0,0.372455417,552.5,192.7257886,0.334782609,0.695652174,0,0,0,0
10242,GCTGTGTGTGTGTGTGTGTGTGA,0,0,0.004895105,0,0.372455417,552.5,192.7257886,0.595652174,0.326086957,0,0,0,0
10243,GGAACTTCTGCTGGAGGTGCAGA,0,0,0.007860922,0,0.271673476,552.5,175.1914389,0,-0.543478261,0,0,1,0
10244,GCCCCAGACTGAGCGCAAGAAAG,0,0,0.072592592,0.032599744,0.032020193,387.5,158.3435341,0.173913043,0.260869565,0,0,0,0
10245,GATTGAGAGCAGAAGATGAATGA,0,0,0.002579365,0,0.34522286,552.5,194.6115849,0,-0.065217391,0,0,1,0
10246,ATGAGGCAGGAATGAGGAGTCAG,0,0,0.072592592,0,0.932255747,620,215.2884992,0,0.326086957,0,0,0,0
10247,GTCATCTCCAATGACTACATGGA,0,0,0.010521885,0,0.040763835,442.5,124.6027469,0,-0.347826087,0,0,0,0
10248,AAAAGAAAAGAAAAGGTACAAAG,0,0,0.053181386,0,0.152967414,455,185.4577876,0,0.02173913,0,0,1,0
10249,ATCTTGTTTTCGTTGTTGTCAGA,0,0,0.004377104,0,0.152684,455,185.8205663,0.004347826,-0.239130435,0,0,0,0
10250,GGTGTGTGTGTGTGGGCGGGGGG,0,0,0.002727273,0,0.07753416,455,168.9968781,0.4,0.152173913,0,0,0,0
10251,GACTTGTTTATAGTATTCTCTGA,0,0,0.004496782,0,0.069181599,327.5,184.2718378,0,-0.108695652,0,0,0,0
10252,CCTGCCCTCACTCTACTCACAGG,0,0,0.561458333,1.492111985,1.459318315,627.5,209.9252658,0,-0.108695652,0,0,0,1
10253,AAGAAAACCAGTCGGTAGAGAAG,0,0,0.040025991,0.052439572,0.052439572,425,196.0355108,0.834782609,-0.543478261,0,0,1,0
10254,GCCGCCCCACGGCCTGGTCAAGA,0,0,0.006045387,0,0.150596616,455,181.6812466,0,-0.543478261,0,0,0,1
10255,GGGTGGGGGGAATATGGTCAGGG,0,0,0.016993464,0.016572289,0.016064326,290,141.7210039,NA,-0.391304348,0,0,0,0
10256,GCAGCTTTCCCACCCCACTTCAG,0,0,0,0.101574684,0.098146003,485,179.523863,0,-0.195652174,0,0,0,0
10257,TGAATGGAGATATGAAGAGTGAG,0,0,0.055840456,0.13254304,0.130306027,455,190.161754,0.034782609,0.456521739,0,0,0,0
10258,GACCCCCTTCACCTCTCCTGGGA,0,0,0,0,0.009342164,387.5,149.1750092,0.043478261,-0.369565217,0,0,0,0
10259,AAAAGAGGAGAAGAGGAAGATGG,0,0,0.02037037,0.19201875,0.19201875,485,163.492472,0.973913043,-0.217391304,0,0,0,0
10260,TGGAAGGAGGTATGAGGGGATAG,0,0,0.008974359,0,0.071821995,387.5,149.1206631,0.013043478,0.52173913,0,0,0,0
10261,GGTGAGTGTGTGTGTGTGAAGAG,0,0,0.019444444,0,0.044208326,417.5,126.3685087,0,-0.043478261,0,0,0,0
10262,GGCCCTGCCTCAGTACGTGAAGG,0,0,0.096209913,0.07044805,0.068288723,425,196.4449307,0,-0.326086957,0,0,0,0
10263,GGGTCGGGGGTGTTTGTTCCGAG,0,0,0.029249763,0.635340376,0.635340376,462.5,191.8954852,0.726086957,-0.673913043,0,0,0,0
10264,AAAGGAGACGAAGAGCCGCAGAG,0,0,0,0,0.030962232,485,171.6548605,0,0.086956522,0,0,0,0
10265,AAAAGAGAAGAAAAAGCACCAGA,0,0,0.006529418,0,0.068478489,357.5,157.482458,0,-0.391304348,0,0,0,0
10266,TGTGTGTGTGTGTGTGTGTGGAG,0,0,0.026397306,0,0.372455417,552.5,192.9657886,0,-0.304347826,0,0,0,0
10267,GGGAGGGGCCAGTTTGCACCCAG,0,0,0.017727129,0.171583808,0.16579195,552.5,183.9515499,0,0,0,0,0,0
10268,ATCATCTGTCCAGAGACACAAGG,0,0,0.541666666,0,0.932255747,620,213.4770022,NA,NA,0,0,0,0
10269,GAGTCAGAGAAGCCGAAGAAGAG,0,0,0.00941242,0,0.043855756,425,191.2837744,0.113043478,-0.239130435,0,0,0,0
10270,AAGAACATCAGTGAGATGAGTGG,0,0,0.089743589,0,0.104848333,485,177.5856461,0,-0.086956522,0,0,0,0
10271,CGTGTGTGAGTGTGCACGTGTGG,0,0,0.070838253,0,0.072985333,455,186.4162325,0,-0.413043478,0,0,0,0
10272,AACCTCCACCTCCCCGCCTCAGG,0,0,0.140979021,0,0.794051205,522.5,208.5817793,0,-0.869565217,0,0,1,0
10273,CCCTGTGTCTCTGGGTTCCTCAG,0,0,0.004150702,0.008436547,0.008312935,345,127.8355341,0,-0.173913043,0,0,0,0
10274,CACCCCTTCCCCCCCTCCTCAGA,0,0,0,0,0.103232035,455,193.2983096,0,-0.326086957,0,0,0,0
10275,TGCGTGTGTGTGTGTGCGTGTGA,0,0,0.006493506,0,0.822304167,620,213.4238996,0.913043478,0.260869565,0,0,0,0
10276,GACTGTTTTTTTTTGTTCTCTGG,0,0,0.043760684,0.228999857,0.22549028,425,202.1795118,0,0.652173913,0,0,0,0
10277,TGGATGGATAAATGATGAATAGA,0,0,0,0,0.043620975,485,162.2120574,NA,NA,0,0,0,0
10278,CCAGAGAGAAGAGCGGAGCTGGA,0,0,0.004336002,0,0.127075016,485,146.0662998,0,-0.52173913,0,0,0,0
10279,AAGAAACAAGAAGAGGCACAAGG,0,0,0.173390653,0.89186724,0.878799588,622.5,214.1268992,0,0.130434783,0,0,0,0
10280,GGGAGTGCTGCTTGAGGTGGTGA,0,0,0.003333333,0,0.333568181,522.5,203.9245791,0.013043478,0.173913043,0,0,0,0
10281,GTGACCTCCAATTCCAAGGGTGA,0,0,0.002029221,0,0.014699722,357.5,180.2450689,0.069565217,-0.086956522,0,0,0,0
10282,CTTGGGCCACAGGCCAGCAAAGG,0,0,0.055102041,0.027014483,0.026558543,455,179.0631781,0,-0.108695652,0,0,0,0
10283,AAAGTGGAAGAAGAGGCAGAAGA,0,0,0.001162574,0,0.30174375,555,184.5040961,0,-1.173913043,0,0,0,0
10284,GAAGACAAACCACAAACTGCAAG,0,0,0.038527692,0,0.136666136,425,189.6283215,0.07826087,-0.086956522,0,0,0,0
10285,TGTGTGTGAGAGTGTGCGTATAG,0,0,0.066287879,0.394491477,0.387083187,455,174.5439964,0,-0.239130435,0,0,0,0
10286,AACTCCCCCCACCCCGCCCCCAG,0,0,0.051494253,0,0.526848592,552.5,184.4785831,0.060869565,0.130434783,0,0,0,0
10287,GGCCCAGGCTGCGCACGCGTGGG,0,0,0.04962406,0.06044547,0.06044547,387.5,145.8231494,0,0.543478261,1,0,1,0
10288,GAACACAATGCATAGATTGCCGG,1,0.055837563,0.28,1.773597222,1.773597222,567.5,196.6541086,0,-0.391304348,0,0,0,0
10289,TGGATGGATAAATGAAGGGTGGA,0,0,0.01382716,0,0.02714194,485,167.5367241,0,0.065217391,0,0,0,0
10290,GAATGAAAAGACAAGGCACAAAG,0,0,0.062977958,0,0.195480436,425,199.6013982,0.056521739,0.434782609,0,0,0,0
10291,TGGGGGGAGGAGTGTGGAGTGGA,0,0,0.004012346,0,0.188649398,425,195.114958,0,-0.391304348,0,0,0,0
10292,GCTTGCCCAATTCCTGGCCATGG,0,0,0.048816568,0.385203768,0.385203768,425,203.4374958,0,0.130434783,0,0,0,0
10293,AGTGTGTGTGTGTGTGGGTGTGG,0,0,0.011550802,0,0.372455417,552.5,192.9657886,0.047826087,0.108695652,0,0,0,0
10294,AGTGAGTGAGTCTGGGCTTGAAG,0,0,0.004117647,0,0.040919312,357.5,171.8535447,0,0.195652174,0,0,0,0
10295,TGTGAGCGTGTGTGTGCGAGAGG,0,0,0.117857143,0,0.219860766,552.5,182.1090389,0,-0.130434783,0,0,0,0
10296,GATGTGTTTTCATTTTTGTCTGG,0,0,0.008184524,0.082004963,0.082004963,455,178.1680451,0.065217391,0.086956522,0,0,0,0
10297,TGGATGTTGGAAGGAGGGGTGGA,0,0,0.001774623,0,0.074121341,455,178.7943484,0,-0.413043478,0,0,0,0
10298,TAACTTAAAGCATAGAATGCAAG,0,0,0.040852974,0.375472992,0.368797917,552.5,195.1395849,0.165217391,0.239130435,0,0,0,0
10299,AATGGAGAGGAAGAGGCAGAAAG,0,0,0.00953159,0,0.300469943,552.5,183.0906197,0,0.02173913,0,0,0,1
10300,ACATGAGGAAAAGAGGGACAGAG,0,0,0.008201404,0,0.56142625,552.5,189.8823356,0,0.173913043,0,0,0,0
10301,GGTGAGTGTGTGTGTGTGTTGGG,0,0,0.196,0,0.276113616,492.5,158.3165087,0,-0.347826087,0,0,1,0
10302,AGTGAGTGCGTGCGTGCATGCAG,0,0,0.072874494,0,0.073380489,455,180.3175658,0,-0.260869565,0,0,0,0
10303,TGTGAGTGCGTGTATGTGTGTGG,0,0,0.2,0,0.055495857,455,182.6149239,0,-0.652173913,0,0,0,0
10304,ATATGTTAAGAAGAGGCACTAGA,0,0,0.012368584,0,0.288195638,552.5,177.6532353,0,0,0,0,0,0
10305,TGTGAGTGCGTGTATGTGTGTGA,0,0,0.013888889,0,0.055495857,455,182.6149239,0.069565217,-0.130434783,0,0,0,0
10306,TGGATGGATGGATGAGCGGTGAG,0,0,0.008458969,0,0.036610572,387.5,162.6006916,0.026086957,0.47826087,0,0,0,0
10307,CTGGCCCCACAGGGGTGTCAAGA,0,0,0,0,0.022668515,387.5,156.4285526,0,-0.02173913,0,0,0,0
10308,CCCTCTTGCCCTTCCACCTTCAG,0,0,0.031687243,0,0.286208544,425,198.8847621,0,-0.130434783,0,0,0,0
10309,GGTGTGTGTGTGTGTGTTTGAGA,0,0,0.004713805,0,0.069304995,485,167.5424553,0,-0.391304348,0,0,0,0
10310,GGCGTGTGTGTGTGTGTGTGAGA,0,0,0.003030303,0,0.348646558,552.5,192.4377886,0,0.086956522,0,1,0,1
10311,GTCACCTCCCCTGACCAGGCTGG,0,0,0.038095238,0.053309659,0.052453279,387.5,153.5521541,0,-0.413043478,0,0,0,0
10312,GGCTCCCCATAGCCTAGTCAAGA,0,0,0.027402265,0,0.049160524,485,171.2565044,0,-0.5,0,0,0,0
10313,AAATGTGAAGACAAGCCACAGAG,0,0,0,0,0.028347543,357.5,182.9101691,0,-0.130434783,0,0,0,0
10314,GGTTCTGGGGCTGGACGTGGTAG,0,0,0,0,0.254924684,552.5,197.4101572,0,-0.02173913,0,0,0,0
10315,GGGTGGGGGGATTTTTTTCAAGG,0,0,0,0.019130428,0.018544055,320,136.0717627,0,-0.652173913,0,0,0,0
10316,CTCTGTGTCTCAGGCTGGAGTGA,0,0,0.002430724,0,0.091962596,357.5,159.8992781,0.030434783,-0.47826087,0,0,0,0
10317,AACTAGTTGTCATTCTTCTCAGG,0,0,0.075974026,0.254738974,0.24614019,522.5,199.7448781,0,0.043478261,0,0,0,0
10318,CCCTATGCCTTTGGATGGATTGA,0,0,0.018518518,0,1.411646586,530,209.7817793,0,0.086956522,0,0,0,0
10319,TGTGAGAGAGTGTGTGTGTGTAG,0,0,0.105864198,0,0.881154321,560,197.0307081,0.226086957,0.260869565,0,0,0,0
10320,TAACACAAAGACTAAACTGCAGG,0,0,0.185758514,0,0.110001703,327.5,191.0467943,0,4,0,0,0,0
10321,TGGAAGGAGGGAGAAGGAGTAAG,0,0,0.016485507,0,0.045787375,327.5,190.5430911,0,-0.347826087,0,0,0,1
10322,CACTCGTTTTGAGTGTTCTCTGG,0,0,0.046583851,0.322857199,0.322857199,425,202.1822758,0,-0.02173913,0,0,0,0
10323,GACTCCATCCACCCCAACTCTGA,0,0,0.019444444,0,0.067985517,485,177.6686822,0.139130435,-0.760869565,0,0,0,0
10324,GAGTGAGAGAGGAAGAAGAAGGA,0,0,0.021795635,0,0.422106805,522.5,204.9038759,0,-1.02173913,0,0,0,0
10325,GGTGAGTGAGTGGGTGGGTATGG,0,0,0.014386189,0,0.15803044,395,152.7769685,0,-0.586956522,0,0,1,0
10326,GGGAGGGAGGAATGAGGATATGG,0,0,0.229565217,0.223900568,0.219695863,485,150.0260801,0.013043478,-0.239130435,0,0,0,0
10327,AGTGAGCAAGTGTGAGCGTGTGA,0,0,0.024876645,0,0.275145253,522.5,199.5099807,0,-0.456521739,0,0,0,0
10328,AAAAGAAAAGGAGAGGAACAGGG,0,0,0.144444444,0,0.219371873,455,188.7270244,0,0.239130435,0,0,0,0
10329,CTCTCTTTCACACCCACCCTAAG,0,0,0.040249236,0,0.485227553,552.5,183.2202636,0.291304348,0,0,0,0,0
10330,GTCACTGGGGCTGCAGGTGCGGG,0,0,0.075139147,0,0.10391963,455,167.0833985,0,0.239130435,0,0,1,0
10331,TGTGAGTGAATGTGTAGGTGTGA,0,0,0.003812636,0,0.096565315,485,175.9337266,0,-0.130434783,0,0,0,0
10332,TGGGTGACAGAATGAGGAGTGAG,0,0,0.044642857,0,0.544570536,622.5,208.8836219,0,1.782608696,0,0,0,0
10333,AATGACAAAAACATTCTCAAGGA,0,0,0.00255102,0,0.140595268,522.5,193.6582809,0,0.173913043,0,0,0,0
10334,AAATGAGCTGAAGGGGAACATGA,0,0,0.003888889,0,0.050146859,455,179.515107,0.017391304,-0.217391304,0,0,0,0
10335,TGGATGGAGACATGAGGATGAAG,0,0,0.011387073,0,0.096062691,387.5,140.09258,0.043478261,-0.065217391,0,0,0,0
10336,AAGACCAGTCAGTGGAGTGGGGG,0,0,0.06,0.041990519,0.041990519,455,176.6177457,0.02173913,1.152173913,0,0,0,0
10337,GTGATCATAAGCATTACCTGTGG,0,0,0.163333333,0,0.469855806,522.5,205.0669991,0.256521739,0.5,0,0,0,0
10338,CCCTTCCACCCTGAGACACTAGA,0,0,0.008158508,0,0.198479073,455,169.5129193,0,0.260869565,0,0,0,0
10339,AAAGGAGAGGAAGGGGGACAGGA,0,0,0.000794299,0,0.05268594,455,181.7413239,0,-0.47826087,0,0,0,0
10340,AAAGTAGAAGGGGAGGCACAAGA,0,0,0.006112558,0,0.372711207,425,203.0918958,0,5.891304348,0,0,0,0
10341,AAATGAGGAACTGAGGCACAAAG,0,0,0.023659808,0,0.328178361,460,197.1622625,0.72173913,0.913043478,0,0,0,0
10342,GAAAACAAGGCAGAGAATGCTGG,0,0,0.068344775,0.139191225,0.136842006,455,183.881188,0,-0.065217391,0,0,0,0
10343,CCAGTGTGGAGAGCACAGGCCAG,0,0,0,0.027522044,0.027522044,455,181.3615914,0,-0.239130435,0,0,0,0
10344,AAAAAAAAAAAAGAGGCACACAG,0,0,0.099862826,0,0.858607543,620,209.6631628,0,-0.195652174,0,0,0,0
10345,GGCCACCTGCACCCAGCCTCTGG,0,0,0.062887377,0,0.24614019,522.5,199.5048781,0.5,0,0,0,0,0
10346,CTCTGTGTCTCTGTATGCATAAG,0,0,0.029928919,0.097861728,0.097861728,462.5,183.0974821,0,0.065217391,0,0,0,0
10347,TGCATTCCTTCTGCAGAACCTAG,0,0,0.048148148,0,0.363634746,552.5,195.8999049,0.017391304,-0.173913043,0,0,0,0
10348,AGTGAGTGAGTGAGTGAATGAGG,0,0,0.201301775,0,0.046238115,387.5,163.2912351,0,0.413043478,0,0,0,0
10349,AGTGAGTGAGTGAGTGAATGAGA,0,0,0.01397929,0,0.046238115,387.5,163.2912351,0,-0.565217391,0,0,0,0
10350,ACAAGAGAAAAAGAGGCAAAGAG,0,0,0.038800705,0.476283266,0.45934875,552.5,182.3466636,0.030434783,-0.782608696,0,0,0,0
10351,TCCTTGTTTTCATTGGCCTCTAG,0,0,0.049773756,0.106746041,0.104848333,485,180.685463,0.039130435,-0.152173913,0,0,0,0
10352,TGTATGTGACTGTGTGCGTGAGA,0,0,0.009090909,0,1.317695783,620,212.0463436,0.07826087,0.347826087,0,0,1,0
10353,TTATTAGAAGAAGAGGCACAAGA,0,0,0.015151515,0,2.426564496,627.5,218.87168,0,0,0,0,0,0
10354,GGGTGGGGAGCGTGGGCTCCTGA,0,0,0,0,0.018482879,327.5,183.1639297,0,-0.304347826,0,0,0,0
10355,GACCCCCTCTTCCCCGCCACTGA,0,0,0.005745888,0,0.430276044,462.5,178.4301799,0,0.347826087,0,0,1,0
10356,TAAAACGAAGCAGTGTTTTTTGG,0,0,0.264126984,0,0.220835918,522.5,205.7444954,0.008695652,0.195652174,0,0,0,0
10357,GTCATCTAGGTCATGCCCTGTGG,0,0,0,0,0.038443137,455,180.6449552,0,NA,0,0,0,0
10358,TCGGAGGAGGAATGATGAGTGGA,0,0,0,0,0.258544304,552.5,199.5096541,0,-0.108695652,0,0,0,0
10359,GGTTTCCCTTCTGCAGACCCTGG,0,0,0.039928699,0.117805637,0.117805637,485,171.3889557,0,-0.304347826,0,0,0,0
10360,AAATGAGAGGAAGAGGATAAAAG,0,0,0.017283951,0,0.020778974,442.5,138.0827754,0.017391304,-0.304347826,0,0,0,0
10361,CCTGTCTCCCCCCTCCTCACTAG,0,0,0.017050892,0.176582766,0.173746095,425,190.9968216,0,-0.347826087,0,0,0,0
10362,GACATCGATTTCCACCATATAAG,0,0,0.03912037,0.014581327,0.01413439,387.5,156.1596346,0.013043478,0.326086957,0,0,0,0
10363,AGATGAGCAAATGAGGCACACAG,0,0,0.027654321,0,0.648306325,522.5,203.1523462,0,0.130434783,0,0,0,0
10364,TGAAAGGAGGAAAGAGGAGAAAG,0,0,0.037860577,0.261227608,0.251939516,455,170.7467595,0.095652174,-0.043478261,0,0,0,0
10365,GGGGTGTGGGTGTGTGAGTGGGG,0,0,0.056565657,0,0.348646558,552.5,192.4377886,0,-0.434782609,0,0,0,0
10366,AAGTCAGAGCAGCAGCAGAAGGA,0,0,0,0,0.063762765,455,190.6262696,0.047826087,0,0,0,0,0
10367,TGTGTGTGGGTGTGTGAGTGAGA,0,0,0.007856341,0,0.372455417,552.5,192.9657886,0,-0.369565217,0,0,0,0
10368,GAGAAGGAGCAGAAGGAGAAGGA,0,0,0.001816966,0,0.156419304,555,197.9636701,0,-0.217391304,0,0,0,0
10369,CGTGTGTGAGTGTGTGTGAGAGA,0,0,0.002405002,0,0.202836708,485,166.177569,0.273913043,0.086956522,0,0,0,0
10370,GTTTCCCCACAGCCTTGCCAAAG,0,0,0,0,0.234785634,552.5,196.1518377,0.817391304,0.086956522,0,0,0,0
10371,GGTGAGTGTGTCTGTGCTAGGGG,0,0,0.060504202,0,0.026553909,387.5,151.352786,0,-0.347826087,0,0,1,0
10372,GCCTTGTCTGCTTTGTTCTCAGA,0,0,0.009093915,0,0.648306325,522.5,203.1523462,0.67826087,0.434782609,0,0,0,0
10373,GAAAACAAAGAATAGATTGGTAG,0,0,0.004494897,0,0.141078919,387.5,153.9726053,0.143478261,-0.02173913,0,0,0,0
10374,CCTGGCCCTCAGGGCAGCAAGGG,0,0,0.132244898,0.193045588,0.189613667,552.5,188.2885664,0,0.108695652,0,0,1,0
10375,AACTTGGTTGCATTGTTTTCAGG,0,0,0.170168067,0,0.195213011,552.5,186.4017495,0.008695652,-0.586956522,0,0,0,0
10376,ATGCACACCTGGGGGTAGAGGAG,0,0,0.018838908,0.098174747,0.096597642,425,193.9793785,0.134782609,0.47826087,0,0,0,0
10377,GGCTCATAATGAGCACCTGATAG,0,0,0.023902894,0.24565273,0.241506693,552.5,190.9973278,0,0.02173913,0,0,0,0
10378,GACATGTTTTCACTGTAATCAGA,0,0,0.007497376,0,0.043896945,387.5,162.4176351,0,0.130434783,0,0,0,0
10379,GAGAAGGAGTAGAAGAAGAAGGA,0,0,0.008892446,0,0.760552802,622.5,210.2603596,0,-0.065217391,0,0,0,0
10380,AAAAGAAATGAAGAGACACAGGA,0,0,0.01984127,0,0.107893899,552.5,194.695013,0,0.02173913,0,0,1,0
10381,GGCGCTGCAGGTGGAGGTGAAGG,0,0,0.094168527,0,0.223894076,455,170.998936,0,0.108695652,0,0,1,0
10382,GGTGAGTGAGGTTGTGCATTTGG,0,0,0.074556213,0,0.031930501,290,142.6928826,0,-0.434782609,0,0,0,0
10383,AAATTAGAAGAAGAAGCAGAGGA,0,0,0.00245098,0,0.266,462.5,174.1566585,0,0.043478261,0,0,0,0
10384,CAGTCCCTGCACAAGAAGAAAGG,0,0,0.111419568,0.496733714,0.480774398,522.5,206.0009018,0,0.152173913,0,0,0,0
10385,TAACAGAGAGCACAGACTGCTGA,0,0,0.020102339,0,0.351943434,522.5,204.8148785,0,-0.195652174,0,0,0,0
10386,TGGATGGAGAGATGGGGACTGAG,0,0,0.045829289,0,0.061738132,357.5,163.0231584,0,0.152173913,0,0,0,0
10387,TGGGTGGAGGAATGGATAGTTAG,0,0,0.026331018,0,0.026676601,412.5,165.8448415,0.247826087,0.456521739,0,0,0,1
10388,GACTGGTTTTCATGGATATCTGA,0,0,0,0,0.007550528,387.5,163.5607362,0,-0.608695652,0,0,0,0
10389,TGGATGGAGGAATGGACAGATAG,0,0,0.022303922,0,0.009657223,345,129.5808415,0,-0.456521739,0,0,0,0
10390,GTGTGGGTGGCGTTTGCTCCAGG,0,0,0.159090909,1.521645022,1.483122363,530,210.8300993,0.043478261,-0.652173913,0,0,0,0
10391,TAGATGCAGTAATGAGGAGGAGG,0,0,0.083409926,0,0.438724268,552.5,174.4474829,0,0.152173913,0,0,0,0
10392,AGATGAGAAAATGAGACACAAAG,0,0,0.064526749,0,0.117154697,455,188.9637372,0.008695652,-0.239130435,0,0,0,0
10393,AGATGAGACCAAGAGGCAGATGG,0,0,0.022857143,0.291009076,0.280662086,552.5,179.2604833,0.095652174,-0.02173913,0,0,0,0
10394,GATGAGTGAGTGGGTGAGGGTGA,0,0,0.001788369,0,0.074311256,387.5,157.7265685,0.039130435,1.630434783,0,0,0,0
10395,CCGGCTTTGGCTCTACTCACAGA,0,0,0.017464451,0,0.497494021,620,209.8264187,0,-0.543478261,0,0,0,0
10396,CGCCCAAACTGGGCAGGTGAGAG,0,0,0.020576132,0,0.091513804,455,191.8122929,0.286956522,-0.391304348,0,0,0,0
10397,AACACCAGTGGGAAGGGCTGAGG,0,0,0.057692308,0.016386164,0.015883906,290,155.4341699,0.004347826,0.326086957,0,0,1,0
10398,GGGGAAGAGGAATGAGGAGTGAG,0,0,0.077495974,0,0.789491758,622.5,215.252096,0,-0.152173913,0,0,0,0
10399,GGCTCTGCGGCTGAAGGAAGGAG,0,0,0.058922559,0,0.014565495,387.5,150.5158821,0.030434783,0.304347826,0,0,0,0
10400,AGCATCAGTGAGTAGAGCTTGGG,0,0,0.237575758,0.219695863,0.219695863,485,149.7860801,0,-0.52173913,0,0,0,0
10401,AGCACAGCAGCTGCAGGTGGGGG,0,0,0.21489796,0,0.082792192,522.5,201.815051,0,-0.717391304,0,0,1,0
10402,TGTGTGTGTGTCTGTGCGTGTGG,0,0,0.115508022,0,0.43009247,522.5,206.2357992,0.008695652,-0.195652174,0,0,0,0
10403,AAATGGGAAGATGAAGCAGAGGG,0,0,0.028011204,0,0.037772206,357.5,164.742894,0,-0.152173913,0,0,0,0
10404,GGTGAGTGAATGTGTGCCCTTGA,0,0,0.005959983,0,0.033924842,442.5,120.8993304,0,0.239130435,0,0,0,0
10405,GCTGAATGAATGTGTGTGTGTGG,0,0,0.301538462,0.339662881,0.339662881,552.5,191.1961685,0,-0.260869565,0,0,0,0
10406,GGAATGCATTCTGAAGCACTGGG,0,0,0.034125,0,0.056504655,455,165.5374145,0,-0.02173913,0,0,0,0
10407,GGTAAGAGAGTGTGTGCAAGGGA,0,0,0.010817308,0,0.066766665,485,159.771886,0.07826087,0.304347826,0,0,0,0
10408,AGGAGGAAGGAATGAGGAGGAAG,0,0,0.029281046,0.485473295,0.476356426,552.5,178.3908993,0,-0.347826087,0,0,0,0
10409,AAATGAGACTAAGAGGCAGAAGA,0,0,0.004030258,0,0.49895482,560,180.7004833,0.02173913,0.086956522,0,0,0,0
10410,GACACCAGAGAGTAGTGAGGGGA,0,0,0,0,0.032613551,485,172.5284605,0.043478261,0.108695652,0,0,0,0
10411,TTGAAGGAGGAAGGAGGAGGGAG,0,0,0.003797566,0,0.26991206,455,171.0347595,1,1.391304348,0,0,0,0
10412,GGGTGTGGGGAGTGTGAGCCTGG,0,0,0,0.010225039,0.010225039,387.5,159.365387,0,0.043478261,0,0,1,0
10413,TGAGTGTGAGTGTGAGCGTGTGA,0,0,0.010442774,0,0.397208228,522.5,203.1766584,0,0.413043478,0,0,0,0
10414,AGGAGGCAGGAATGAAGAGTCAG,0,0,0.114074074,0,0.186003667,552.5,198.2400733,0,-0.086956522,0,0,0,0
10415,AAATGAGAAGAAAATACAAAAGG,0,0,0.056514914,0,0.007670066,290,147.4572321,0,0.782608696,0,0,0,0
10416,AAAAAAGAAGAGGAGGAACAGAG,0,0,0.036061576,0.289617489,0.28472943,455,188.3358685,0.386956522,0.282608696,0,0,0,0
10417,TATTTGTTTTCATTGTTATATAG,0,0,0.047987892,0,0.134785853,485,156.1110668,0.017391304,-0.608695652,0,0,0,0
10418,GATCCTCTCAACTCCGCCTCCAG,0,0,0.100408951,0,0.30419944,522.5,202.394959,0.034782609,0.195652174,0,0,0,0
10419,GAGCCACTTCACCCAGCCTCCAG,0,0,0.02340535,0,0.146830007,522.5,198.7192141,0,0.173913043,0,0,0,0
10420,AAATAAGCAGAAGGGGCAGAAAG,0,0,0.005617284,0,0.070551028,455,172.4246785,0.104347826,0.282608696,0,0,0,0
10421,GGGTGGGGGATGTTTGCTGATAG,0,0,0.004653371,0.097631061,0.096062691,387.5,140.09258,0.234782609,-0.434782609,0,0,0,0
10422,GGAACTCAGGCTGGAGGTGGGAG,0,0,0.100408951,0,1.634140741,627.5,214.3890022,0,-0.304347826,0,0,0,0
10423,TGGGTGGAGGAGGGAGGAGAAGG,0,0,0.066236413,0,0.125714241,357.5,163.9733791,0.147826087,0.717391304,0,0,0,0
10424,GCCTCTTCCGTAGCCACCTTTGA,0,0,0.001133126,0,0.258140296,425,195.3790424,0,-0.086956522,0,0,0,0
10425,CGCTGCCCAAAGCCTGCCCAGAG,0,0,0.018186985,0.620616516,0.609583333,552.5,196.6855689,0.013043478,0.02173913,0,0,0,1
10426,GCCAGTGCTGGTGGAGGTGGGGG,0,0,0.055384615,0,0.485165286,522.5,207.4818159,0,0.108695652,0,0,0,0
10427,GGTGTGGTAGTGTGTGCCTGAGA,0,0,0.00442096,0,0.201225633,552.5,187.005349,0,-0.565217391,0,0,0,0
10428,GGTGTGTGGGTGTGTGGGTGCAG,0,0,0.003697102,0,0.699446792,560,194.1657886,0,0.086956522,0,0,0,0
10429,GACATGTTTTCATTTATCTTGAG,0,0,0.004810005,0,0.030434884,387.5,149.6933526,0,-0.02173913,0,0,0,0
10430,CATGTACATCCAGAGACACACAG,0,0,0.075231481,0.790014173,0.778438874,622.5,215.772416,0,-0.195652174,0,0,0,0
10431,CTGGCCTCACAGGGTAGGAAGGG,0,0,0.009027778,0.05600939,0.05600939,455,176.6584643,0,-0.434782609,0,0,0,0
10432,GCCTGCTCCCCTCCCACCTTTGA,0,0,0.012626263,0,0.406288793,522.5,205.3097786,0,-0.543478261,0,0,0,0
10433,AGGCTGGAGGAATGAGGACGCAG,0,0,0.007238595,0.223900568,0.219695863,485,150.4408001,0,-0.108695652,0,0,0,0
10434,CCCTCCCTCAAGCCTGGCCCCGG,0,0,0.081168831,0.434296023,0.426140229,552.5,175.0028028,0.004347826,-0.630434783,0,0,0,0
10435,GCCTCCCCAGCCCCTGGCCTGGG,0,0,0.070588235,0.15249042,0.150040774,392.5,163.1244795,0.02173913,-0.065217391,0,0,0,0
10436,GGCCCAGACTGGGGATGTGGGGA,0,0,0,0,0.00717679,290,145.4186891,0.013043478,0.043478261,0,0,0,0
10437,CCTGCCACCCCTCCACTCTCTAG,0,0,0.013960114,0.044379631,0.044379631,455,169.4378982,0,0.043478261,0,0,0,0
10438,CAATGAGGAGAAAAGGCAGACAG,0,0,0.018803419,0.203890405,0.203890405,455,175.8528626,0,-0.413043478,0,0,0,0
10439,GAACTCAAAGCATGGGTTGCAAG,0,0,0.003948315,0,0.014831394,387.5,167.9979584,0,0.108695652,0,0,0,0
10440,GGCACAGCAGCTGCGGGTGGTGA,0,0,0.010778061,0,0.021118991,425,187.6080294,0.465217391,2.065217391,0,0,0,0
10441,AATGACCTCTATAACCTGAAAGA,0,0,0.001322751,0,0.020557153,357.5,171.3215647,0.965217391,-0.760869565,0,0,0,0
10442,TTCTGTGTCTCTGAATGAATTGG,0,0,0.472027972,0.047944355,0.046239667,455,181.8974821,0,-0.543478261,0,0,0,0
10443,AGAGAGTGAGTGTGGGAGTGGGG,0,0,0.015,0,0.161081177,455,183.4788674,0.030434783,-0.086956522,0,0,0,0
10444,CAAAACAAAGCACACACTGCCGA,0,0,0.008993776,0,0.155902215,425,194.6200579,0,-0.217391304,0,0,0,0
10445,GCCTCTTCCCCGCCCTCCTCGGG,0,0,0,0.053043984,0.053043984,387.5,153.9580568,0.004347826,0.043478261,0,0,0,0
10446,GAAAAAAAAGCATAGCCTGAGGA,0,0,0,0,0.068705615,485,162.1143902,0,0.217391304,0,0,0,0
10447,AGTAACACAAGTTAGTAGAGGGG,0,0,0.108,0.344640983,0.333568181,522.5,204.9728991,0,-0.086956522,0,0,0,0
10448,GAATACATTGCATAGAGTGCTGA,0,0,0.000840336,0,0.353596915,552.5,190.2806916,0.047826087,-0.391304348,0,0,0,0
10449,GTCAACTTTGTCACTACCAGAAG,0,0,0.006349206,0,0.043106678,455,171.5647151,0,-0.152173913,0,0,0,0
10450,GAGTGGGAAGAGTATGCTCCCAG,0,0,0.087301587,0.136846598,0.136846598,522.5,200.261218,0,-0.086956522,0,0,0,0
10451,TAGGTGGAGGAATGCAGAGTAGG,0,0,0.144230769,0,0.069289873,455,186.5909525,0,0.130434783,0,0,0,0
10452,TCTTGGGAGGAATGAGGAGTAGG,0,0,0.140979021,1.286675824,1.286675824,625,216.27008,0,0,0,0,0,1
10453,CCCCACCATCCACACACACAGGA,0,0,0.001407261,0,0.148388855,425,193.3317379,0.039130435,-0.043478261,0,0,0,0
10454,GCTTCTGAGCAGAACAAGAAAGG,0,0,0.099489796,0.244436488,0.240310978,522.5,202.4389944,0.030434783,-0.456521739,0,0,1,0
10455,GAACACAACACATTGACTGCTGA,0,0,0.019753086,0,0.203459957,530,199.8092986,0.152173913,0.434782609,0,0,0,0
10456,GAATTCTTTTCTTTGTTTTCAAG,0,0,0.032828283,0.091080587,0.091080587,455,183.7465823,0.42173913,0.869565217,0,0,0,0
10457,GAAACCAAGGCAGAGGTTTTAGA,0,0,0.013888889,0,0.106383384,552.5,195.040613,0.034782609,-0.304347826,1,0,1,0
10458,AGATGTGAAGGAGAGGCAAAGGA,0,0,0.011054422,0,0.167467781,455,180.1959324,0.052173913,-0.304347826,0,0,0,0
10459,AAAGGAGAAAAAGAGACAAAGGA,0,0,0.017361111,0,0.079007985,485,165.2982378,0,-0.108695652,0,0,0,0
10460,GAGCACAAAGAATAAACTTCCAG,0,0,0.074558218,0.074469398,0.073145498,357.5,167.4868948,0,-0.956521739,0,0,0,0
10461,GTGCTGGAGGAGTGAGGAGTGGG,0,0,0.155157715,0.727282158,0.703915663,522.5,210.3702996,0,-0.565217391,0,0,0,0
10462,GCGTAGGGGGAGGTTGCTACTGG,0,0,0.067080745,0,0.19301625,455,177.4243595,0,-0.5,0,0,0,0
10463,GCCTGCCCACACCCTGGTCAAGG,0,0,0.068067227,0.135793742,0.133501865,455,179.7805098,0.32173913,-0.086956522,0,0,0,0
10464,GTCAGTGCGTATGGAGGTGGAGG,0,0,0.232670454,0,0.73132116,522.5,206.4498599,0.156521739,0.239130435,0,0,0,0
10465,AGTGTGTGAATGTGTGCCTGCGA,0,0,0.01010101,0,0.285817,552.5,187.4966103,0.034782609,-0.043478261,0,0,0,0
10466,ACGTACACCAGTGGGGAGAGGAG,0,0,0.022843823,0,0.038523101,455,189.1587895,0,-0.282608696,0,0,0,0
10467,GATCACAAAGCATGGACTGAAGG,0,0,0.164705882,0.212021789,0.205290939,462.5,171.0952154,0,-0.304347826,0,0,0,0
10468,TGGATGGATGAATAATGAATGGA,0,0,0,0,0.007057031,387.5,155.5646092,0,-0.47826087,0,0,0,0
10469,CCTACTTCGGCTCTACACACAGA,0,0,0.019160998,0,0.213926133,552.5,191.5945246,0,-0.217391304,0,0,0,0
10470,CCAGTGAGATGAGTGAAGGCAGG,0,0,0.600840336,0.019991128,0.019684751,455,181.3208727,0,-0.282608696,0,0,0,0
10471,TGTGAGTGTATGTGTGTGTGTAG,0,0,0.067753086,0,0.343031439,552.5,189.2623722,0.017391304,0.108695652,0,0,0,0
10472,TTCATCTTTCTCATTTCCTGGAG,0,0,0,0,0.153250409,552.5,192.9600573,0,-0.282608696,0,0,0,0
10473,AAAGGAGATGAAGAGGGAAAAGA,0,0,0.000656513,0,0.117323456,485,162.6325086,0,0,0,0,0,0
10474,TCCTCCAGGAAGCCTGGCCAGGA,0,0,0.022321428,0,0.569608261,622.5,209.7572219,0.326086957,-0.847826087,0,0,0,0
10475,GGGTGGGGGGAGATTGGGCTTGA,0,0,0.000282805,0,0.016621805,320,126.1536352,0.013043478,-0.413043478,0,0,0,0
10476,GGTTTGTGTGTGTGTGTGTGTGG,0,0,0.037024793,0.359667248,0.353596915,552.5,192.0921886,0,-0.130434783,0,0,0,0
10477,TGGATGGTGGGCTGAGGTGTGAG,0,0,0.009502924,0,0.076571946,357.5,176.7306656,0,0.065217391,0,0,0,0
10478,GAGCCTCTGCACCCAGCCTCTAG,0,0,0.016558887,0,0.146830007,522.5,198.7192141,0.843478261,2.760869565,0,0,0,0
10479,GGGTGGGTGGAGATCCCTCCCAG,0,0,0,0.025119359,0.024349417,357.5,175.105415,0.156521739,-0.413043478,0,0,0,0
10480,TTGATGGAGGAAGTAGGACTTGA,0,0,0.001378099,0,0.028759421,357.5,167.0734949,0,-0.434782609,0,0,0,0
10481,AAGAGAGAAGAAGAGGGAAAAAG,0,0,0.001901995,0,0.189330488,485,166.064289,0,0.130434783,0,0,0,0
10482,CCCATCCCTGGAGAGACACAGGA,0,0,0.002893519,0,1.18582967,530,206.0783629,0,-0.52173913,0,0,0,0
10483,GAAGCAGAAGCAGAGTTTCTAAG,0,0,0.035972754,0,0.297519338,552.5,185.2644161,0.034782609,-0.304347826,0,0,0,0
10484,CACTGTGCCCCTGGCTGGATGGG,0,0,0.105785124,0.377392597,0.371023101,522.5,196.661425,0,0.065217391,0,0,1,0
10485,GATGTGTGAGGGTGTGTGTGTGA,0,0,0.003988604,0,0.33831875,455,190.4554852,0,-0.695652174,0,0,0,0
10486,CTTGACCCACATGTCAGTTATGA,0,0,0.002191541,0,0.034711106,357.5,167.808395,0,0.086956522,0,0,0,0
10487,GGGAAAGGCCCACCACCTGTCGA,0,0,0.009189641,0,0.018665989,387.5,163.8891033,0,-0.282608696,0,0,0,0
10488,CGTACCCACCCAGAGACACACGG,0,0,0.441471572,0,0.822304167,620,213.1838996,0,0.108695652,0,0,0,0
10489,GTGTATTCCCCACCCACCTTGGG,1,0.001814198,0.25974026,1.345833333,1.345833333,620,214.043863,0.004347826,-0.086956522,0,0,0,0
10490,GGGGGGGGGAAGGTTTCTCCCAG,0,0,0,0,0.092152171,455,186.5469172,0,-0.52173913,0,0,0,0
10491,TGGATGGAGGGATGATGCCTGGA,0,0,0,0,0.008044562,320,139.5101572,0,-0.086956522,0,0,0,0
10492,GGGAAGTGAGTCTGTGTGTGGGG,0,0,0.111176471,0,0.280743218,455,189.0961885,0,-0.239130435,0,0,0,0
10493,GTGAGGACCAGTGAGTGGAGGGA,0,0,0.004411765,0,0.368797917,552.5,195.1395849,0.082608696,-0.282608696,0,0,0,0
10494,GATGCGTGAGTGTGTGGATGCAG,0,0,0.004466875,0,0.119478333,485,171.2622357,0,0.217391304,0,0,0,0
10495,TGTGGATGTGTGTGTGCGTGTGG,0,0,0.432,0,0.50455783,620,212.1659156,0.060869565,-0.02173913,0,0,0,0
10496,GACTTGTAGTCATTGTTTCCTGG,0,0,0.087825475,0,0.05397136,485,155.9690695,0,-0.260869565,0,0,0,0
10497,CCAGGGATCAGAGCTGAGGCCAG,0,0,0.013675214,0.238102959,0.234278012,522.5,196.6450611,0.117391304,-0.130434783,0,0,0,0
10498,AACAACAGTGAGGAGGGAGGTAG,0,0,0.004001944,0.019947774,0.019611103,387.5,165.7006003,0,-0.108695652,0,0,0,0
10499,TGGCTGAGGGAATGAAGAGTTAG,0,0,0.067102396,0,0.176585759,552.5,195.5549764,0.095652174,0.326086957,0,0,0,0
10500,AACCACCACTGCATCCTCAGGAG,0,0,0.029238754,0,0.361308608,455,174.4307164,NA,0.043478261,0,0,0,0
10501,GACACCTCCAATGAACAGGTGGG,0,0,0.087749288,0.032149525,0.032149525,387.5,150.3269526,0,-0.413043478,0,0,0,0
10502,AGGCACTCCAGTGAGTAGAGAGA,0,0,0.009007353,0,1.65734355,627.5,216.9032192,0.37826087,1.152173913,0,0,0,0
10503,GTGAACACCAGTAACCAGAGAGG,0,0,0.167832168,0.028245324,0.028245324,357.5,178.205232,0,0.152173913,0,0,0,0
10504,GCATCTTTCCCACCAAAATTAGG,0,0,0.048395062,0,0.031571911,387.5,158.0555341,0,-0.02173913,0,0,0,0
10505,GAACAAAATAGATAGACTGCCAG,0,0,0.033703704,0,0.246570675,525,202.2324155,0,-0.434782609,0,0,0,0
10506,GGCGCTTCTGCAGGAGGTGGAGG,0,0,0.152380952,0,0.280247265,522.5,204.2673384,0,0.195652174,0,0,0,0
10507,ACATGAGAAGAGGGAGCACAGGG,0,0,0.249237473,0,0.029531989,327.5,185.3976933,0.991304348,1.195652174,0,0,0,0
10508,TGGAGTGAGGAATGGGCAGTGGA,0,0,0.00453159,0,0.093833394,455,180.9325634,0.108695652,0.391304348,0,0,1,0
10509,GCCTCCCCAGGGCCTGGACTCAG,0,0,0.030246914,0.060748216,0.059772341,387.5,145.4172467,0.008695652,-0.130434783,0,0,0,0
10510,GAATGAGAAGAAGAAGGAAAAGG,0,0,0.023727138,0,0.054360238,387.5,153.2588674,0,-0.217391304,0,0,0,0
10511,GCTGCCCCACAGCCTGGCCCGGA,0,0,0.002260561,0,0.599576987,552.5,175.6690637,0,-0.152173913,0,0,0,1
10512,AAATGAGAATCAGGAGCACATGG,0,0,0.142745098,0,0.02663581,327.5,182.1319737,0,-0.260869565,0,0,0,0
10513,GAAGACAAACCAAAGACTGAGGG,0,0,0.069230769,0,0.235330927,455,166.6977431,0.508695652,0.760869565,0,0,0,0
10514,GTCTTGCTTTCATTGCTCTTGGG,0,0,0.1,0,0.081933305,485,162.1507934,0,-0.217391304,0,0,0,0
10515,GACTTGTATTCCTTGTGCTGAGG,0,0,0.00145693,0,0.118732172,387.5,150.2603716,0,0.391304348,0,0,0,0
10516,GGTAAGTGGGTGTGAGTGTGCAG,0,0,0.04202729,0,0.094763973,455,179.173487,0.382608696,0,0,0,0,0
10517,AAATGAGAAGAACAAGCATTAGA,0,0,0.007620862,0,0.018595452,290,127.608058,0.013043478,0.02173913,0,0,0,0
10518,ATCAGCTTAGTCATTCCCAGAGG,0,0,0,0,0.090617958,485,169.8752542,0,-0.434782609,0,0,0,0
10519,GAGTTCTTTTCATTGCTCTTTGA,0,0,0.004734848,0,0.067743736,485,162.4599902,0.956521739,5.065217391,0,0,0,0
10520,CCCATCCATACTGAAACAGAAAG,0,0,0.008811426,0.05473002,0.05473002,357.5,161.5371416,0.134782609,0.065217391,0,0,0,0
10521,TACTCCTAAACAGAGTTTTTAAG,0,0,0.087991021,0.89998622,0.89998622,620,210.9514828,0,0.02173913,0,0,0,0
10522,TGCACTGGGGCTGCAGGTTGCGA,0,0,0.012755102,0,0.07850044,455,173.7129985,0,-0.130434783,0,0,0,0
10523,GTCTTCTTAGAGATGACCTGTGA,0,0,0.000736532,0,0.104700416,327.5,190.1731943,0,-0.456521739,0,0,0,0
10524,GACTTATTTTCATTTATCTGGAG,0,0,0.00198059,0.018091479,0.017480796,387.5,148.7809686,0,-0.043478261,0,0,0,0
10525,GCCTCTTTCTCTTCCTCCTTAGA,0,0,0,0,0.041169777,357.5,179.7044167,0,-0.043478261,0,0,0,0
10526,AGGAACTCAAGTGAGTAAAGAGA,0,0,0.015144231,0,0.129506134,552.5,187.1937056,0.186956522,-0.108695652,0,0,0,0
10527,GGTTGGGGTGAGTTTGCTGAAAG,0,0,0.004320988,0.129915172,0.125295966,485,146.8266198,0,0.108695652,0,0,0,1
10528,GGAATAGAAGAATGAGGAGTGGG,0,0,0.461180124,0.513225057,0.497494021,620,212.9262356,0.004347826,0.108695652,0,0,0,0
10529,GGCCCAGAGAGAGCTAGTGACAG,0,0,0.027513227,0,0.035406129,455,178.7530358,0,-0.869565217,0,0,0,0
10530,CACATCCACCCACAGGCACACAG,0,0,0.01409297,0,0.06113461,455,188.2124732,0,-0.217391304,0,0,0,0
10531,AAAAGAGAAGTGGAGACACAGGA,0,0,0.007348618,0,0.070598108,357.5,187.09179,0.47826087,0.347826087,0,0,0,0
10532,GACTCCCCAGAGCCTGGAGACAG,0,0,0.007050563,0,0.090032355,485,157.7969304,0.856521739,-0.152173913,0,0,0,0
10533,ACCATCCATCCACAGCCAGAGGG,0,0,0,0.03506915,0.03506915,387.5,161.6642536,0.539130435,3.326086957,0,0,0,0
10534,GCCTCTCTCCTCCCCATCTTGGG,0,0,0.025978408,0,0.102729469,357.5,181.884524,0,-0.434782609,0,0,0,0
10535,CTTCCCCCACTTAGCAGTAATGA,0,0,0.004016172,0,0.151190526,362.5,194.8808953,0,0.043478261,0,0,0,0
10536,CCCACTGGGGCTGGATGTGGTGG,0,0,0,0,0.272333333,552.5,198.5717572,0.008695652,0.217391304,0,0,0,0
10537,GGGTGGGGGGATCTTCCTCCAAG,0,0,0,0,0.079468745,365,185.8961531,0,-0.108695652,0,0,0,0
10538,AGGGAGTGAGTGTGAGAGTGCGG,0,0,0.121578947,0,0.161081177,455,183.4788674,0.086956522,0.260869565,0,0,0,0
10539,TGGAGAGATGAATGAGGAGCCAG,0,0,0.008044893,0.244064714,0.244064714,552.5,175.0283157,0.004347826,0.456521739,0,0,0,0
10540,AAAGACCAATAAATCCTGAAGGG,0,0,0.058309038,0,0.091983865,455,181.5727859,0,-0.152173913,0,0,0,0
10541,GTAACCTCCACTGACTACTGCAG,0,0,0.028532236,0.054462694,0.053494469,387.5,156.2705831,0,1.391304348,0,0,0,0
10542,TGCTCTGGGGCTGGAGCTGGGAG,0,0,0.024955437,0,0.609583333,552.5,194.240472,0.326086957,-0.239130435,0,0,0,0
10543,GCTTCCCCAAACCCTCACCACAG,0,0,0,0,0.048287834,387.5,172.6813626,0,-0.065217391,0,0,0,0
10544,AACACCAGTGCGTAAAAGGGCAG,0,0,0.012146212,0.01555845,0.015320006,290,152.3534504,0.604347826,0.260869565,0,0,0,0
10545,GGATGCAAGCAGAAGAAGAAAGA,0,0,0.025,0,0.878799588,620,214.7604992,0.004347826,0.130434783,0,0,0,0
10546,CACACCCTCCATCCTGCCTCCGG,0,0,0.021592443,0,0.198201266,425,196.403278,0.791304348,0,1,0,1,0
10547,GGCACTGGGGATGAGGGTGGAGG,0,0,0.235044643,0,0.030250211,327.5,184.0238931,0,0.152173913,0,0,0,0
10548,TGTGAGTGAGGGTGTGAGAGTGG,0,0,0.053333333,0,0.112574373,387.5,161.2358053,0.008695652,0.217391304,0,0,0,0
10549,CCTTGTGTCTCTTAATGGGTGGG,0,0,0.058007812,0,0.028356789,357.5,166.7854949,0,-0.152173913,0,0,0,0
10550,CCCTGTGTCTCCTGATGGGGAGA,0,0,0.001306115,0,0.034137919,290,134.0989792,0,-0.173913043,0,0,0,0
10551,GCCTGTCCAGAGCCTGGTCAAAG,0,0,0.051587302,0,0.164163878,552.5,185.7106263,0,-0.369565217,0,0,0,0
10552,GGCTGGGGGGAGACGGCTCCCAG,0,0,0.000986193,0.022904218,0.022904218,362.5,183.3264732,0,-0.543478261,0,0,0,0
10553,GTCATCTTAGTCAAATCCTGTAG,0,0,0,0,0.015933794,400,177.2653679,0,-0.565217391,0,0,0,0
10554,GAAATCTAAGCAGATTTTTTTGG,0,0,0.045021645,0,0.27129322,522.5,200.7934776,0,-0.086956522,0,0,0,0
10555,AAATGAGAAGAAGAGGATGCAGG,0,0,0.006628788,0,0.012934678,400,104.9049558,0.026086957,0.47826087,0,0,0,0
10556,GACCCCCACCTCACTGCCTCCAG,0,0,0.00163635,0,0.078569341,327.5,186.1637572,1,1.891304348,0,0,0,0
10557,TGGATGGATGAATGAATAGCTGA,0,0,0.000841751,0,0.02413915,417.5,139.8280828,0,0.326086957,0,0,0,1
10558,CAACAAAATTCATAGACTGCAAG,0,0,0.083829365,0,0.487092835,620,208.4624992,0.004347826,0.282608696,0,0,0,0
10559,GGCACTGCTGCCGGTGCTGGTGG,0,0,0.02377709,0,0.042336622,357.5,172.3309866,0.034782609,0.326086957,0,0,1,0
10560,GAATTGGTTTCTTTGTTTTCTGA,0,0,0.007586368,0,0.102823208,455,183.1493855,0.017391304,0.326086957,0,0,1,0
10561,GTCATAGGAGTCAGTACCTGTAG,0,0,0,0,0.084038194,525,200.2918336,0.234782609,0.239130435,0,0,0,0
10562,AGGGAGTGAGTGTGTGTGTGCAG,0,0,0.054444444,1.272061728,1.272061728,560,198.8858889,0,-0.739130435,0,0,0,0
10563,TGTGATTGAGTGAGTGAGTGAGA,0,0,0.014957265,0,0.142724794,455,186.9285844,1,3.673913043,0,0,0,0
10564,TGTGTGTGTGTGTGTGCGCGCGA,0,0,0.004179728,0,0.321904489,552.5,183.2038997,0.004347826,0.086956522,0,0,0,0
10565,TGTGTGTGTGTGTGTGCGCGCGG,0,0,0.060188088,0,0.321904489,552.5,183.2038997,0,-0.586956522,0,0,0,0
10566,CTTGCCTCCGTTCTCCTCCCCGA,0,0,0.001096083,0,0.074184075,357.5,167.7748948,1,0.369565217,0,0,0,0
10567,CTCCTCCATTCAGAGACGCACAG,0,0,0.031316626,0,0.285817,552.5,187.6713303,0,-0.217391304,0,0,0,0
10568,TAGATGGAAGAAAGAGGAGTTGG,0,0,0.376584953,0,0.665582667,530,206.7008991,0.17826087,-0.02173913,0,0,0,0
10569,CGCACACATTCAGAGACACAGAG,0,0,0.157620536,0,0.760552802,620,210.8939596,0,0.043478261,0,0,0,0
10570,ATTACCCCACAGGACAGAAATGA,0,0,0.03125,0,0.046239667,455,181.2638821,0,-0.130434783,0,0,0,0
10571,GTTCCCTTCAATAACTAGGGGAG,0,0,0.050810709,0.554851378,0.545938102,522.5,205.1992625,0,-0.108695652,0,0,0,0
10572,TGGCTGGAGGAAGGAGGATCAGA,0,0,0.000387507,0,0.080487776,387.5,140.9414796,0,-0.608695652,0,0,0,0
10573,CGCTGTGTCTGTGTATGGGTTGG,0,0,0.017391304,0,0.041244131,357.5,170.3427317,0,-0.02173913,0,0,0,0
10574,CCCACTTTCCCCCTCACCTTGAG,0,0,0.017017853,0.11208573,0.110193987,425,198.9711149,0,-0.673913043,0,0,0,0
10575,GTCTTATTTCCATTGTTATCTAG,0,0,0.054148321,0.176049046,0.172919285,552.5,186.7589463,0,-0.195652174,0,0,0,0
10576,CATGCCCCACAGGACTGTGAAAG,0,0,0,0.01325319,0.012781965,387.5,159.2843895,0.039130435,-0.108695652,0,0,0,0
10577,AGTGTGTGAGTGTGTGGGTGTGA,0,0,0.001336898,0,1.290123457,560,198.1255689,0,-0.739130435,0,0,0,0
10578,GGGGCGTGTGTGTGTGTGTGTGA,0,0,0.004861111,0,0.348646558,552.5,192.4377886,0.2,-0.282608696,0,0,0,0
10579,CCATTGTGTTCATTGTTCTCTGG,0,0,0.356689342,0,1.345833333,622.5,215.332183,0.008695652,0.304347826,0,0,0,0
10580,GCCACTGCTGCTGGCTGTGGGGG,0,0,0,0,0.042336113,455,183.5047722,0,0.217391304,0,0,0,0
10581,ATGAAAACTTGTGACTAGAGGGA,0,0,0.013577874,0,0.13054088,522.5,194.2554777,0,0.934782609,0,0,0,0
10582,AAATGAGTAAATGAGGCACAAAG,0,0,0.034567901,0,1.099554023,530,204.5923462,0,0.065217391,0,0,0,0
10583,GGTGTGTGTGTGGGTGGGTGTGG,0,0,0.003348059,0,0.136842006,455,183.466468,0.004347826,-0.108695652,0,0,0,0
10584,TGTGTGTGTATGTGTGCGTGAAG,0,0,0.052794613,0,0.805112123,620,208.9601632,0.260869565,-0.173913043,0,0,0,0
10585,TGTGAGGGTGTGTGTGTGTGTGA,0,0,0.011437908,0,0.25438705,552.5,191.8709278,0.013043478,-0.043478261,0,0,0,0
10586,GGCTACTGCCCACCCACCTTAGG,0,0,0.265010352,0.82579023,0.82579023,620,212.785879,0.717391304,-0.173913043,0,0,1,0
10587,TGTGAGGGTGTGTGTGTGTGTGG,0,0,0.164705882,0,0.25438705,552.5,191.8709278,0.013043478,0.130434783,0,0,0,0
10588,TTCCTCTTAGTCAGTACCTGTGA,0,0,0,0,0.443035994,530,207.8872154,0,0.434782609,0,0,0,0
10589,GGTGTGTTTGTGTGTGGGTGTAG,0,0,0.00207962,0.353596915,0.353596915,552.5,189.8659716,0.2,0.217391304,0,0,0,0
10590,AAGATGGAAGAATGAGGAGGAGA,0,0,0.006666128,0,0.426140229,552.5,177.8626197,0,-0.173913043,0,0,0,0
10591,AAGTCCCAGAAGAATAAGAAAGA,0,0,0.00531994,0,0.253408778,522.5,197.6180612,0.026086957,-0.043478261,0,0,0,0
10592,AAAAGCAGAGAGTAGAGCGGTGG,0,0,0.482857143,0,1.532325837,627.5,214.6238996,0,0.173913043,0,0,0,0
10593,AAATGAGGAGAGGAGACCCAAAG,0,0,0.026154549,0,0.023730405,387.5,165.6723234,NA,NA,0,0,0,0
10594,GCCGCCCCCAAGCCTGACCTCGG,0,0,0.2,0,0.155313909,485,156.2429087,0.413043478,0,0,0,1,0
10595,CACCCCCTCCCCTCCGCCTCAGG,0,0,0.2,0,0.638640845,432.5,204.6705958,0.017391304,0.130434783,0,0,0,0
10596,AGTGTGTGGGTCTGTGCGTGTGA,0,0,0.00802139,0,0.43009247,522.5,206.2357992,0.908695652,5.673913043,0,0,0,0
10597,AGCCCTGGGGCTGGAGGAGGGGA,0,0,0.009453781,0,0.310333333,552.5,189.8032498,0,-0.413043478,0,0,0,0
10598,GGAACTGGGGGTGGGGGTGGCGG,0,0,0.090535714,0,0.220450566,425,195.1350778,0.030434783,-0.434782609,0,0,0,1
10599,AATGACCATTACCTGGTCAAGGA,0,0,9.84E-05,0,0.014877494,357.5,174.2454516,0.030434783,0.130434783,0,0,0,0
10600,CACTTGTTTGCAGAGTTCTCTGG,0,0,0.057675244,0.08119996,0.079829497,425,193.0697584,0.152173913,0.347826087,0,0,0,0
10601,GCCTCCTCAGAGCCTTGCCAGAG,0,0,0,0.296639614,0.28912975,560,195.7366569,0,-0.391304348,0,0,0,0
10602,TGGAGGGAGGAATGGTGAGGAGG,0,0,0,0,0.030434884,387.5,149.2786326,0.008695652,0.086956522,0,0,0,0
10603,GGTGAATGTGTGTGTGAGAGAGA,0,0,0.005555556,0,0.067386732,485,161.7201246,0,-1.02173913,0,0,0,0
10604,GGTGAGTCAGTGTGTGAGTGAGG,1,0.005327976,0.287179487,0,3.099576271,567.5,197.514072,0,-0.260869565,0,0,0,0
10605,AGTGCGTGTGTGTGTGCGCGGGG,0,0,0.074482759,0.321904489,0.321904489,552.5,183.2038997,0,0.195652174,0,0,0,1
10606,GAACCCTTCCTGCCCGCCTCCGA,0,0,0.006687243,0,0.263094174,425,202.342635,0,-0.47826087,0,0,0,0
10607,GGTGTGCACGTGTGTGCGTGTGA,0,0,0.009920635,0,0.544570536,622.5,208.4689019,0.195652174,-0.152173913,0,0,0,0
10608,CCAGTGTGCAGAGTGGACGCAAG,0,0,0.036562203,0.018015324,0.017436519,455,175.7945209,0.086956522,0.739130435,0,0,0,0
10609,CATGAACACTGCATCCTCCAAAG,0,0,0.027750411,0,0.176902586,455,180.4359324,0.013043478,-0.02173913,0,0,0,0
10610,CCCCTGCAGCCAGAGACACTCAG,0,0,0.016993464,0.248482175,0.244064714,552.5,175.4430357,0,-0.173913043,0,0,0,1
10611,GGGACTGTGGCTGGATGTTGGAG,0,0,0,0,0.08458401,485,167.5357572,0,0.47826087,0,0,0,0
10612,TCCTGTGTCTCTGGAAGTTTTGA,0,0,0.022662523,0,0.01776112,417.5,145.7402409,0,-0.282608696,0,0,0,0
10613,GGTGTGTGAATGAGTGAGTGCGG,0,0,0.10965035,0,0.206270847,455,182.434512,0.460869565,0.52173913,0,0,0,0
10614,GGGTGGGGGGAGGTAGAGCCTAG,0,0,0.006090912,0.010521352,0.010213034,290,149.0842135,0.013043478,-0.369565217,0,0,0,1
10615,GGTGAGAGAGAGTATGTGTGAAG,0,0,0.059548611,0,0.03111116,357.5,177.9614398,0.969565217,0.239130435,0,0,0,0
10616,AAAAGAGAAGAAGAAGAAAATGG,0,0,0.089635854,0,0.051461025,387.5,152.3852674,0.173913043,0,0,0,0,0
10617,GGGTGGGGGCGGTTTCCTGCTGA,0,0,0,0,0.03962298,387.5,159.941754,0,-0.152173913,0,0,1,0
10618,AAATCAAAAGAAGTGGCACAAGA,0,0,0.029100529,0,0.271951195,530,205.0893146,0,-0.456521739,0,1,0,0
10619,GCTGTCCCTTCTGCAGCTCCAGG,0,0,0.152714932,0,0.305988667,555,192.1350667,0,-0.282608696,0,0,1,0
10620,AAAAGAGAGGAAGAGGAACATGG,0,0,0.148148148,0,0.699446792,560,194.5805086,0.008695652,-0.195652174,0,0,0,0
10621,AAAACAGAAGAAGAGAGACACAG,0,0,0.005705986,0,0.099539557,485,178.763543,0,-0.043478261,0,0,0,0
10622,ATCATCCCAGCCATTACCTGTAG,0,0,0.106944444,0,0.542336973,522.5,207.4869185,0.013043478,0.173913043,0,0,0,0
10623,AAATGACTACAAGTGGCACAAAG,0,0,0.016296296,0,0.127932524,522.5,197.0860812,0,0.152173913,0,0,1,0
10624,ATGAAGGGCAGTGGGTAGAGGAG,0,0,0.02745098,0.086695529,0.084038194,525,200.2918336,0,0.108695652,0,0,0,0
10625,GCCATCTGAGTCATTTCCTATAG,0,0,0,0,0.119960915,485,161.4341572,0,0.086956522,0,0,0,0
10626,GGGATAGAGGAAGGAGGAGCAGG,0,0,0.02268431,0.166422094,0.163296796,455,170.7770955,0,-0.173913043,0,0,0,0
10627,CTCTCTTGCCCACTCACCTTGAG,0,0,0.090534979,0,0.223971519,522.5,204.2209984,0.060869565,-0.086956522,0,0,0,0
10628,GATTAGGTTTCATTGTTCTTGAG,0,0,0.015727124,0.461029603,0.44463744,552.5,177.8628993,0,0.065217391,0,0,0,0
10629,CAGCCGCTCCACCCTGCCTCCAG,0,0,0.00308642,0,0.240310978,522.5,202.6789944,0.060869565,0.130434783,0,0,0,0
10630,AGGGTAGAGGAAGGAGGAGTAGA,0,0,0.011322464,0,0.351943434,522.5,207.0410955,0,-0.173913043,0,0,0,0
10631,CTTGAGTGAGTGTGTGAGTTTAG,0,0,0.038496072,0,0.268517165,485,160.836289,0,0.195652174,0,0,0,0
10632,ATAGGAGAAACAGAGGCACAAAG,0,0,0.043995511,0.73132116,0.73132116,522.5,206.8645799,0,-0.369565217,0,0,0,0
10633,TACAGAGAAGCAGAGGTTTTTGG,0,0,0.192857143,0.164761667,0.164761667,552.5,198.8372701,0,-0.130434783,0,0,0,0
10634,GGTGAGGCACTGGGTGCGTGTGG,0,0,0.037772969,0.332281119,0.332281119,522.5,199.2259453,0.017391304,-0.239130435,0,0,0,0
10635,CCAGCGAGAGGAGCGGAGGCTAG,0,0,0.133744856,1.397632549,1.365503065,627.5,210.1601632,0.017391304,-0.695652174,0,0,1,0
10636,AGATGAGAAGTGGAGGCTCAGGG,0,0,0.088888889,0,0.08473962,357.5,179.5904826,0.134782609,0.413043478,0,0,0,0
10637,GGGTGGGGAGAGGCTGGTCCTGA,0,0,0.00019573,0,0.018514566,357.5,173.1156034,0,0.304347826,0,0,0,0
10638,TGCTCCCCAGGGCCTGGCCAGGA,0,0,0.017444981,0,0.73132116,522.5,207.7381799,0,-0.695652174,0,0,0,0
10639,ATGAACACCAGTTAATAAAAGAG,0,0,0.047511312,0.011750589,0.011570503,290,132.9327247,0,0.02173913,0,0,0,0
10640,GACTCCCTCCACCCTGTCTTGAG,0,0,0.001935802,0,0.068124595,387.5,145.9956674,0.356521739,0.847826087,0,0,0,0
10641,AAATGAGAAAAATAGACACTGGG,0,0,0.168,0,0.03657553,387.5,150.2829172,0,0.043478261,0,0,1,0
10642,GGTGAGTAAGTGTGTGATTCAGA,0,0,0.009259259,0,0.047299809,417.5,132.5531388,0.060869565,-0.326086957,0,0,0,0
10643,TGTGTGTGTGTTTGTGCGTGTAG,0,0,0.021756022,0.444369398,0.43009247,522.5,206.2357992,0.291304348,0.543478261,0,0,0,0
10644,ATATTAGAAGGAGAGTCACAGGG,0,0,0,0,0.143492089,455,194.1531704,0.073913043,0.239130435,0,0,0,0
10645,AATGGCCATTAAATCCTAAAAGA,0,0,0.016826923,0,0.088566384,455,180.8124659,0,-0.282608696,0,0,0,0
10646,GTTGAAGGAGTGTGTGTGTGTGG,0,0,0.174688057,0.251888977,0.251888977,552.5,193.8047241,0,-0.02173913,0,0,0,0
10647,TGTATTGAGGGATGAGGACTGGA,0,0,0.006744891,0,0.165123232,455,179.9079324,0,0.543478261,0,0,0,0
10648,ATGTACACCAGTGTTCAGAGCAG,0,0,0.008380097,0,0.010324191,392.5,175.1917679,0,0.369565217,0,0,0,0
10649,GGCCCAGCCTGGGCACATGGGAG,0,0,0.057274268,0.118732172,0.118732172,387.5,150.2603716,0.017391304,-0.282608696,0,0,0,0
10650,GAACAGAAAGAACAGACTCCAAG,0,0,0.034407138,0.062584794,0.061528511,357.5,170.9366118,0,-0.304347826,0,0,0,0
10651,TGGATGGAGGTAGGAAGAGAAGG,0,0,0.045150502,0,0.022040629,290,149.0445699,0.008695652,0,0,0,0,0
10652,GGCAGTCCTGCTGGAGCTGGGAG,0,0,0.013420479,0,0.241506693,552.5,190.5826078,0.060869565,0.173913043,0,0,0,0
10653,CCTGGCTCTGCTCTGCCCACCGG,0,0,0.240882353,0.094763973,0.094763973,455,178.758767,0,-0.760869565,0,0,1,0
10654,TGTGTGAGTGTGTGTGCGTGTGA,0,0,0.013257576,0,0.569608261,620,211.5687188,0,0.217391304,0,0,0,0
10655,AAAAGAGAAGAAAAAGCAAAAGA,0,0,0.012312617,0,0.051728355,357.5,163.872058,0,-0.195652174,0,0,0,0
10656,AGAAGAGCAGAAGAGCCACAGAG,0,0,0,0,0.258544304,552.5,197.6981572,0,0.02173913,0,0,0,0
10657,GACTTGATTGCATTGTGCACAAG,0,0,0.003812636,0.1146722,0.1146722,485,160.0909718,0,-0.152173913,0,0,0,0
10658,CCTGCCTCCGGGCTCCTCACTAG,0,0,0.008838384,0.177576184,0.177576184,335,192.2467943,0.27826087,0.217391304,0,0,0,0
10659,TACTTTATTTCATTTTTCTCTGA,0,0,0.005787037,0,0.166462878,522.5,200.8238136,0.2,0.195652174,0,0,0,0
10660,GACCACCTCAACCCAGCCTAGGA,0,0,0.003821282,0,0.162968187,455,161.5753221,0.039130435,0.413043478,0,0,0,0
10661,CTCCCTTTCCCACTCACCTTTGG,0,0,0.308123249,0.227816524,0.223971519,522.5,206.4472154,0,-0.413043478,0,0,0,0
10662,GCTGCTTTTCCACCCACTTTAGA,0,0,0.016784668,0,0.186959075,552.5,188.4152864,0,-0.391304348,0,0,0,0
10663,AAATGAGAATCTGAGCCACACAG,0,0,0,0,0.059041928,392.5,182.9736535,0.047826087,0.282608696,0,0,0,0
10664,GGAGAGTGCGTGTGTGTGAGAGA,0,0,0.003779289,0,0.115680928,485,162.9781086,0.395652174,1.891304348,0,0,0,0
10665,TGTGATTGTGTGTGTGCATGTGG,0,0,0.276923077,0,0.114716268,552.5,188.0309024,0,0.173913043,0,0,0,0
10666,AAATGAGCAGAAGAGAGATAAAG,0,0,0.003016591,0,0.029843878,417.5,147.0776461,0,-0.434782609,0,0,0,0
10667,AAATGAGCAGTAGATGGACAGGG,0,0,0.001108136,0,0.081930203,357.5,174.6769667,0,-0.586956522,0,0,0,0
10668,TGGATGGAGGATGGATGGGTAGA,0,0,0,0,0.008761429,290,159.2728198,0,0.195652174,0,0,0,0
10669,CTTGTATCAGAGGGCAGTAATGA,0,0,0.012966032,0,0.496624264,622.5,208.7507788,0.1,0.934782609,0,0,0,0
10670,GAAAGAGAAGCAGAGGCAGAAGA,0,0,0.001653439,0,0.292400968,455,181.3483164,0,0.02173913,0,0,0,0
10671,GATGTGTGAGGGTGTGCGTGTGA,0,0,0.008547008,0,1.483122363,530,212.6415963,0.030434783,0.130434783,0,0,0,0
10672,GGTGTGTGAGTGTATGTGTGTAG,0,0,0.032996633,0,0.170568858,462.5,186.4863843,0,-0.326086957,0,0,1,0
10673,GGTGAGTGGGGATGTGCCTGCGG,0,0,0.118518518,0,0.046785459,357.5,175.8707022,0.02173913,0.195652174,0,0,0,0
10674,CCCTGTTTCGCTGGATTGGTAGA,0,0,0.001860119,0,0.1146722,485,160.0909718,0,-0.195652174,0,0,0,0
10675,GACACTGAAGTAGAGGTGTTGAG,0,0,0.008547009,0,0.017015292,387.5,168.4721731,0,0.217391304,0,0,0,0
10676,GAGTCCCAGAAGAAGAGGAGAGA,0,0,0.00558379,0,0.15180415,485,153.7013718,0,-0.239130435,0,0,0,0
10677,AGGAGGGAGGAAGGAGGAGGGGG,0,0,0.029462916,0,0.26991206,455,171.2747595,0.004347826,-0.434782609,0,0,0,0
10678,GGGGAGGGGGAATGAGGAGTGAG,0,0,0.056830381,0,1.364942529,620,213.938263,0,-0.173913043,0,0,1,0
10679,TTTGCCTAACATGGCAGTAAAGG,0,0,0.203125,0.496733714,0.480774398,522.5,206.0009018,0.004347826,-0.152173913,0,0,0,0
10680,AAATGAAAAAAAAAAGCACAAAG,0,0,0.210222892,0,0.08905134,425,188.1187407,0.747826087,1.282608696,0,0,0,0
10681,TGTGTGTGTTTGTGTGCGTGTGG,0,0,0.177272727,0,0.805112123,620,208.9601632,0.104347826,0.239130435,0,0,1,0
10682,GGAGATTTAGTGTGTGCATGTGG,0,0,0.206043956,0,0.185123143,552.5,188.3628658,0,-0.043478261,0,0,0,0
10683,ATCAAAAGCAGTGATTAGAGGGA,0,0,0.002277697,0,0.240310978,522.5,199.5791775,0.039130435,0.217391304,0,0,0,0
10684,CCCATCCTTCCTGAGACTCCGGG,0,0,0.016233766,0,0.06044547,387.5,145.8231494,0,-0.543478261,0,0,0,0
10685,CACTGTGTCTCAGGGTGGCTCAG,0,0,0.020285615,0,0.06576318,357.5,166.288878,0.965217391,1.173913043,0,0,0,0
10686,GGTGAGTGAGGGGCTGGGTGGGA,0,0,0.000182682,0,0.01681765,260,170.8453,0,-0.086956522,0,0,1,0
10687,GACCCCCCCCCCCCCGCCCCCAG,0,0,0.028607918,0,0.4921,462.5,180.3220994,0,-0.695652174,0,0,1,0
10688,TCCTCTAACCTACCCACCTTTAG,0,0,0.055840456,0.551191454,0.542336973,522.5,207.4869185,0.065217391,0.347826087,0,0,0,0
10689,AACAACAGTGGGCAGAGAGGAAG,0,0,0.040935672,0.064366363,0.063280011,357.5,176.7589425,0.22173913,-0.239130435,0,0,0,0
10690,TGCATTGAGGAATGAGAATTGAG,0,0,0.041363301,0.116618157,0.114544945,485,165.151905,0,-0.043478261,0,0,0,1
10691,CCTGTGAGAAGAGCTTAGGCAGG,0,0,0,0.042460032,0.041743407,455,183.2167722,0.004347826,0.130434783,0,0,0,0
10692,AACCCCCCCCACCCCGCCTTCAG,0,0,0.07,0,1.492090395,560,180.1625831,0.786956522,0.173913043,0,0,0,0
10693,GCCCCGCCAAGGCCGGGCCACAG,0,0,0.002726035,0.133021237,0.128747462,425,196.1033107,0.447826087,0.847826087,0,0,1,0
10694,TGCATGGGGGCAGGAGGAGTGGG,0,0,0.029431438,0,0.302995647,425,199.8427788,0,-0.217391304,0,0,0,0
10695,GGTGTGTGCGTGTGTGTGTTCGA,0,0,0.004713805,0,0.155313909,485,155.8281887,0.082608696,0.02173913,0,0,0,0
10696,AAATGTGGAGAAGTGGCCCAGGA,0,0,0.003695305,0,0.026558543,455,177.2516811,0,-0.260869565,0,0,0,0
10697,TGAATGAATGAATGAGGAGACAG,0,0,0.058333333,0,0.271673476,552.5,175.1914389,0.47826087,-0.065217391,0,0,0,0
10698,TGTGTGTTTGTGTGTGCGTGAGA,0,0,0.009469697,0,0.833979885,620,210.8520827,0,1.173913043,0,0,1,1
10699,GACAAGGAAGCTGAGGTTTTAAG,0,0,0.008547009,0,0.073249464,455,191.1211697,0.034782609,0.97826087,0,0,0,0
10700,AAATAAGAAGAAGAAGAAAAAGA,0,0,0.011328976,0,0.048855403,387.5,151.9705474,0,-1.217391304,0,0,0,0
10701,GCCTGAGTCTCTGGATGGTGTAG,0,0,0.019494174,0.135459844,0.132915997,485,149.5284161,0,0.239130435,0,0,0,0
10702,GAGTGAGAGAAGAGGAAGAAAAG,0,0,0.058419753,0,0.118783686,522.5,199.4947749,0,0.086956522,0,0,0,0
10703,CTCTGGGTCTCTGGATGAACAAG,0,0,0.008476372,0.082703287,0.082703287,485,154.6130828,0.660869565,-0.152173913,0,0,0,0
10704,GGCACTGCAACTGGAAGTGATGG,0,0,0.5625,0,0.057745862,485,155.8224574,0.6,1,0,0,0,0
10705,GGTACTCTGGCTGGAGGTGGTGG,0,0,0.413574219,0,1.634140741,627.5,214.3890022,0,0.02173913,0,0,0,0
10706,AGATGAGTAAAAGAGACACAGGG,0,0,0.32,0,0.238119304,552.5,193.5800207,0.017391304,-0.826086957,0,0,0,0
10707,TGGGAGGAGGAAGGAGGAGAAAG,0,0,0.011888587,0.260141488,0.25551675,455,170.4011595,0,-0.02173913,0,0,0,0
10708,GTGTTGTTTTCATTTTTCTTGAG,0,0,0.004040404,0,0.184299023,455,167.0873785,0,-0.304347826,0,0,0,0
10709,GATGTGTGAGTGTGTGTGTGAGA,0,0,0.00997151,0,1.213101161,560,197.8855689,0,-0.5,0,0,0,0
10710,AGTGTGTGAGTGCGTGTGTGTGA,0,0,0.008373206,0,0.23590875,455,187.4262484,0,0.086956522,0,0,0,0
10711,CCTGACCCACGGGGCAGTTAGAG,0,0,0.044444444,0.287011089,0.27680625,455,180.6935964,0,0,0,0,0,0
10712,GGTGAGTGTGTGAGCGTGTGAGG,0,0,0.052867133,0,0.033301367,357.5,170.5477665,0.004347826,0.108695652,0,0,0,0
10713,GCCTCCCCCAGGCCAGGCGAGGG,0,0,0.026879699,0,0.040957653,357.5,164.0551144,0,-0.130434783,0,0,0,0
10714,AAAGGAAAAGAGGAGGCAAAGAG,0,0,0.050154321,0.167597955,0.167597955,455,177.4791188,0.182608696,0.565217391,0,0,0,0
10715,TGGATGGAGTAATACAGAGTGGA,0,0,0.011541193,0,0.008634228,392.5,171.0736315,0,0.108695652,0,0,0,0
10716,GGAATACCTCCTGAAGGACCTGG,0,0,0.010196078,0,0.045731719,455,179.7969839,0,0.152173913,0,0,0,0
10717,ATATAAAAAGAAGAGGCAGAAGA,0,0,0.00547138,0,0.34064625,552.5,184.5404993,0,0,0,0,0,0
10718,GGAATACCTCCTGAAGGACCTGA,0,0,0.000708061,0,0.045731719,455,179.7969839,0.039130435,-0.086956522,0,0,0,0
10719,GGCACTGGGGGTGTGGGTGGGGG,0,0,0.027857143,0,0.030250211,327.5,184.0238931,0.017391304,-0.152173913,0,0,1,1
10720,TAATGAGAAAAAAAGGCAGAAGA,0,0,0.007478632,0,0.187783063,455,173.9609431,0,0.043478261,0,0,0,0
10721,GACAACTAAGCAGAATATTTAAG,0,0,0.042494035,0.105930922,0.105930922,455,180.3353666,0.013043478,0.5,0,0,0,0
10722,GCCTCTTTAGCCCCCACCCTAGG,0,0,0.024198427,0.126813441,0.124776277,455,171.7843828,0.191304348,1.847826087,0,0,1,0
10723,AAATGAGAAAAACAGGGACAAGG,0,0,0.023116615,0,0.349031259,462.5,184.922832,0.013043478,-0.195652174,0,0,0,0
10724,CATGATCACAACATCCACAATAG,0,0,0.094331066,0,0.339662881,552.5,191.4361685,0.013043478,0.282608696,0,0,0,0
10725,TGGATGGATGGATGGAGAGTAAG,0,0,0.058419753,0,0.021335941,357.5,177.5146885,0,0.065217391,0,0,0,0
10726,GATTTGTTTTCATTAGTATCTGA,0,0,0.008375392,0,0.014104854,387.5,161.7532193,0.304347826,-0.043478261,0,0,0,0
10727,GGCTCTGAGGCTGGAGGGGAGAG,0,0,0.033512205,0,0.129409,485,152.6656498,0,-0.260869565,0,0,0,1
10728,GTTGAGTGAGTGAGGGCGAGAGA,0,0,0.000437063,0,0.051728355,357.5,164.505658,0,-0.260869565,0,0,0,0
10729,CGTGAGCGTGCGTGTGCGTGCGA,0,0,0.013640873,0,0.33136789,522.5,206.6269551,0,0.260869565,0,0,0,0
10730,TGTGTGTGTGTGTGTGCATGGGG,0,0,0.151048951,0,0.189613667,552.5,188.5285664,0,0.130434783,0,0,0,0
10731,AAATGAGAAGCAGCAGCATATGA,0,0,0.00258565,0,0.009528817,260,156.3757101,0.030434783,0.152173913,0,0,0,0
10732,AGCCCAGAATGGGCAGGTGAGGG,0,0,0.085714286,0.081866668,0.081866668,455,190.2356933,0,-0.043478261,0,0,1,0
10733,CCCCCTTGCCCACCCACCTACAG,0,0,0.049428105,0.710795455,0.697447183,552.5,178.0889831,0.013043478,0.173913043,0,0,0,0
10734,ATGAAGGCCAGTGAGAAGTGAGA,0,0,0.011997806,0,0.033652831,485,166.9944094,0,0.304347826,0,0,0,0
10735,AGAGAGTGAGTGAGTGAGTGAGA,0,0,0.014423077,0,0.232606028,455,188.1865684,0,0.152173913,0,0,0,0
10736,GTGTGGGGAGATTTAGCTCCCAG,0,0,0.023616734,0,0.121100973,425,193.0770976,0,0.086956522,0,0,0,0
10737,TGTGTGTGAGTCTGTGTGTGGGA,0,0,0.006238859,0,0.299915,455,189.2094685,0,0.086956522,0,0,0,0
10738,AAATGAGAACAAGGGGCACGTGA,0,0,0.009912854,0,0.161076351,462.5,166.631479,0.195652174,0.434782609,0,0,0,0
10739,CCCAGCATTCCAGAGGCACAGAG,0,0,0.01025641,0.173654876,0.168075602,552.5,195.1402564,0.326086957,0.543478261,0,0,1,0
10740,GCCTCCCCCAACCTTGGCCTTAG,0,0,0.034509804,0.027610004,0.026722935,357.5,158.7473346,0.37826087,0.065217391,0,0,1,0
10741,AAATGAAAGGATGAAGCACAGGA,0,0,0.014524328,0,0.075106267,425,190.9339168,0,-0.434782609,0,0,0,0
10742,AGGAAGGAGGAATGAGGGATGAG,0,0,0.037037037,0,0.103262324,485,161.7403468,0,-0.456521739,0,0,0,0
10743,AACAGCTAAGAAGAGGCACAGAG,0,0,0.013742871,0,0.531673751,620,213.6292352,0,-0.760869565,0,0,0,0
10744,GGGTTTGGGGAAGTTGCTCCGAG,0,0,0.012624799,0.162205582,0.157233763,425,198.910275,0.108695652,0.195652174,0,0,0,0
10745,AAAGGAGAGGAAGAGGGACCAGA,0,0,0.000386834,0,0.155313909,485,156.2429087,0,-0.695652174,0,0,0,0
10746,GCCTCCCCCATGCCCCGCCACAG,0,0,0,0,0.021335941,357.5,177.5146885,0,0.369565217,0,0,0,0
10747,AAATGTGAAACAGAGACACAAAG,0,0,0.069135802,0,0.07610128,455,188.90377,0,-0.608695652,0,0,0,0
10748,AAATGAGAAAAACATGCTCATGA,0,0,0.001949318,0,0.025554997,357.5,165.0785882,0,-0.217391304,0,0,0,0
10749,CCTGCCCCCTCTCCTCTCACAGA,0,0,0.002216642,0,0.034285916,425,185.9788766,0,-0.02173913,0,0,1,0
10750,GCGTCCCTAAAGCCGGGTCACAG,0,0,0.003645833,0.082004963,0.082004963,455,175.9418282,0,-0.086956522,0,0,0,0
10751,ATAAGAAAAGAAGAGACACACAG,0,0,0.089786756,0,0.176585759,552.5,198.4147933,0.07826087,-0.02173913,0,0,0,0
10752,CAATGTATCTCTGCATGGATAGG,0,0,0.27012987,0.150830932,0.150830932,522.5,204.4096346,0,-0.108695652,0,0,0,0
10753,GCCACCCCTCAGGCTGGCCACAG,0,0,0.003367003,0.311578392,0.311578392,522.5,199.8755627,0,-0.97826087,0,0,0,1
10754,AGATGAGAAAATGAGGCACAGAG,0,0,0.064526749,0,1.275482667,530,207.4521631,0,-0.543478261,0,0,0,0
10755,CTCATCTTAGTAAATACCTAAGA,0,0,0.02056254,0,0.051128458,357.5,162.707115,0.42173913,0.652173913,0,0,0,0
10756,GGCCCACTCCACCCCTCATCCAG,0,0,0,0,0.032293287,485,174.4622568,0,0.173913043,0,0,0,0
10757,GAGCCACTGCACCCAGCCTCGAG,0,0,0.016558887,0,0.146830007,522.5,198.7192141,0,-0.152173913,0,0,0,0
10758,ATCACTGCAGGTGGAGGTGGGAG,0,0,0.023863636,0,0.485165286,522.5,208.7701359,0,-0.195652174,0,0,0,0
10759,CCTGCCTAGGCTCTGCCCACAGA,0,0,0.012820962,0,0.090197035,455,176.94727,0,-0.086956522,0,0,0,0
10760,TACATCCATTTCCTCCCCACAGG,0,0,0.05078125,0,0.438724268,552.5,174.6874829,0,0.065217391,0,0,0,0
10761,AAAGACCACTACATGATCTATAG,0,0,0.004985755,0.023078805,0.022668515,387.5,156.4285526,0,-0.282608696,0,0,0,0
10762,CATGTGAGTAGAGAGGAGGAAGG,0,0,0.089839572,0.102464755,0.102464755,455,169.6552154,0,-0.608695652,0,0,0,0
10763,AGGATGGAGGAAGCAGGAGTGGA,0,0,0.007763975,0,0.17145493,432.5,199.2614948,0,0.152173913,0,0,0,0
10764,GGGGGGTGAGTGTGTGTGTGGGG,0,0,0.168,0,1.196117745,560,197.5975689,0,-0.108695652,0,0,0,0
10765,ATGAACCCCAGTGACAAGAAAAG,0,0,0.026364497,0.020073308,0.019734518,387.5,148.1837718,0.139130435,-0.130434783,0,0,0,0
10766,TGGAAGGAGGAGGGAGGAGAAGG,0,0,0.05298913,0,0.125714241,357.5,163.5586591,0,-0.260869565,0,0,0,0
10767,GACCCTGCAGCTGGAGGTGTGGA,0,0,0.009332579,0,0.426140229,552.5,176.9890197,0.004347826,NA,0,0,0,0
10768,GAGCCCCTCCACCCCCGCGCGGG,0,0,0,0,0.032564844,417.5,149.6494631,0,-0.086956522,0,0,0,0
10769,GACCTGTTTTCATTTCTCTTGGA,0,0,0.001283847,0,0.030434884,387.5,149.6933526,0.082608696,-0.086956522,0,0,0,0
10770,GACCTGTTTTCATTTCTCTTGGG,0,0,0.018487395,0,0.030434884,387.5,149.6933526,0.082608696,0.282608696,0,0,0,0
10771,GATCCTGAGAAGAAGAAGAAAGA,0,0,0.018080843,0,0.749905063,620,211.0206796,0.004347826,-0.173913043,0,0,0,0
10772,AAATGAGAGGGAGAGACAGAGAG,0,0,0.01404321,0,0.026286255,387.5,160.9737101,0.643478261,0,0,0,0,0
10773,GGGTGGGGGAACTTTGCACCAGG,0,0,0.329411765,0.237336648,0.237336648,462.5,182.2688298,0,-0.173913043,0,0,1,0
10774,CTGTCCCCACAGGCCAGTCACAG,0,0,0.004179728,0.074599572,0.073273358,455,175.4112154,0.043478261,0.086956522,0,0,0,0
10775,GGGGAGTGAGTGTGGACGGGGAG,0,0,0.00162037,0,0.022668515,387.5,156.4285526,0,-0.326086957,0,0,0,0
10776,GCCTTGTTTTCATAGTTCTAAGG,0,0,0.243197279,0,0.222321469,462.5,171.3832154,0.013043478,0.152173913,0,0,0,0
10777,GACTCCCCACAGCCAGGGCAGAG,0,0,0.004851635,0,0.076598956,455,174.3379087,0.995652174,0.130434783,0,0,0,0
10778,GAGTCCCAGAAGAACAGGAAAGG,0,0,0.028676471,0,0.092860578,455,176.6319501,0,-0.782608696,0,0,0,0
10779,AAAATAGAAAAAGAGGAACAAAG,0,0,0.016131687,0,0.532999604,552.5,191.0602325,0,-0.543478261,0,0,0,0
10780,GGTTCCCAGGAGAAGAAGAAAGG,0,0,0.106944444,0.873356588,0.846587038,620,211.0570828,0,-0.195652174,0,0,0,0
10781,GGGATGATGGAGTGAGGAGTGGG,0,0,0.296066253,0.496733714,0.480774398,522.5,206.0009018,0,0.282608696,0,0,0,0
10782,GAAACTGAGGCTGGGGGTGGGGA,0,0,0.021516204,0,0.397208228,522.5,201.1251615,0.026086957,-0.108695652,0,0,0,0
10783,GCCTGTGCCCCAGCCACCTTGGA,0,0,0.003342246,0,0.360782974,522.5,202.9293617,0,-0.847826087,0,0,0,0
10784,AGCCCAGACTGAGCGGGTGTTGA,0,0,0.00375,0,0.032149525,387.5,150.5669526,0,-0.02173913,0,0,0,0
10785,GCGTGGGGGCCGTTGGCTCCAGA,0,0,0.000384615,0,0.205917821,425,193.5311583,0.052173913,-0.152173913,0,0,1,0
10786,GGCACCTGGCCTGGAGGTGGCAG,0,0,0.034632035,0,0.496624264,622.5,206.9392818,0,6.02173913,0,0,0,0
10787,GACACTGAAGCAGAGAGGTTAAG,0,0,0.008582558,0,0.011803401,442.5,153.7161458,0.004347826,-0.5,0,0,0,0
10788,GAATTATTATCATTGTTATCAGA,0,0,0.030092592,0,0.113110241,552.5,187.5029024,0.052173913,0.413043478,0,0,0,0
10789,CCCACCCATCCACAGACTCTAGG,0,0,0.12631579,0.050081283,0.050081283,387.5,145.8514263,0,-0.065217391,0,0,0,0
10790,CATGGCCCCTACATCCACAAGGG,0,0,0.141061225,0,0.609583333,552.5,193.825752,0,-0.086956522,0,0,0,0
10791,CCCATCCAGCCATGGACCCAAGA,0,0,0.001146384,0,0.009879843,357.5,168.6783812,0,-0.260869565,0,0,0,0
10792,GAATTGTTTTCATTGTTGTTGAG,0,0,0.008987654,0,0.270047141,492.5,157.3110668,0,-1.869565217,0,0,0,0
10793,TGGGAGTGAGTGTGCGTGTGGGA,0,0,0.004419192,0,0.161081177,455,183.4788674,0.434782609,0.52173913,0,0,0,0
10794,ATGAACACCAGTGTTTTGTGAGA,0,0,0.000379867,0,0.006319527,290,141.6196828,0,-0.02173913,0,0,0,0
10795,GTCACCTCCAGTGCCAAGTGAGA,0,0,0.005862193,0,0.006115509,290,153.2943058,0,0.152173913,0,0,0,0
10796,AATTGTGAGGAAGAGGAACAAGA,0,0,0.010893246,0,0.210931167,552.5,191.9401246,0,0.239130435,0,0,0,0
10797,AATTAGGAAGACGAGGCACAGAG,0,0,0.029813095,0,0.41990681,522.5,207.8815956,0,0.239130435,0,0,0,0
10798,ATGCACACGAGTGAGTATAATGA,0,0,0.00948296,0,0.079068899,485,151.8056864,0,-0.108695652,0,0,1,0
10799,AGATGGGGGGATGTTGCTCCAAG,0,0,0.017558528,0,0.282201625,425,201.456579,0,-0.173913043,0,0,0,0
10800,AGGTGGGAGGATTTTGCTCGAGG,0,0,0.020361991,0,0.343144014,455,171.2464827,0,-0.260869565,0,0,0,0
10801,GGGATTGAGGGATGAGGAGAAGG,0,0,0.233152174,0.238667344,0.234185328,455,174.0463324,0,-0.239130435,0,0,0,0
10802,GAATTCCAGAAGAAGAAGAAAGA,0,0,0.019748264,0,0.846587038,620,210.0087628,0,0.282608696,0,0,0,0
10803,GAGTTTGAGCAGAAGAGAAAGAG,0,0,0.018716577,0.069802524,0.068624422,485,169.7162517,0.795652174,1.543478261,0,0,0,1
10804,AGGAGGGGGTAGTGTGCTCCCAG,0,0,0,0.209819018,0.206277769,522.5,201.6954789,0,-0.043478261,0,0,0,0
10805,AAATCAGAAGGTGAGTCACAGAG,0,0,0,0,0.067195789,357.5,186.67707,0,0.304347826,0,0,0,0
10806,GTCACCATCTATGACAAGGGCAG,0,0,0.159220885,0.15479763,0.15479763,552.5,191.4368399,0,-0.130434783,0,0,0,0
10807,GAATACAAGCCATAGACTGAGAG,0,0,0.027654321,0,0.371543143,552.5,172.2372833,0,-0.47826087,0,0,0,0
10808,GAACAGGAAGCAGAGACAGCAAG,0,0,0.015913612,0.047113964,0.047113964,455,180.1081814,0,-0.086956522,0,0,0,0
10809,GACATCCAAGCAGAGTTGTCAAG,0,0,0.003437149,0,0.088386347,485,152.967566,0.604347826,-0.108695652,0,0,0,0
10810,CACTTGTTTTCAGTCTTCTTGGG,0,0,0.015245624,0,0.072336432,357.5,158.356058,0.943478261,-0.108695652,0,0,0,0
10811,GGTGTGGGTGTGTGTGTGTGTAG,0,0,0.015527827,0,0.241506693,552.5,190.5826078,0,0.152173913,0,0,0,1
10812,GGTGTGAGTGTGTGTGGGTGTGA,0,0,0.000779857,0,0.241506693,552.5,190.5826078,0,-0.282608696,0,0,0,0
10813,AAAAGAGAAGAAGAAGAAGAAGG,0,0,0.026143791,0,0.051461025,387.5,152.3852674,0.02173913,-0.739130435,0,0,1,0
10814,GGTGAAAGAGTGTGAGCATGCAG,0,0,0.090924426,0,0.032626724,455,175.4004803,0.043478261,-0.347826087,0,0,0,0
10815,GGTGTGTGAGCTTGGGCGTGCGG,0,0,0.004662005,0,0.104700416,327.5,189.7584743,0,0,0,0,0,0
10816,ACATGAAAAGAAGAGACAGACGA,0,0,0.006820436,0,0.058591155,485,168.5403934,0,0.369565217,0,0,0,0
10817,TTCATCTTAGTCATCACCTTGGA,0,0,0.013257576,0,0.399880226,462.5,169.0553785,0,-0.195652174,0,0,0,0
10818,AAAAAAGAAGAAGAGGGCCAGGA,0,0,0.000321116,0,0.113428797,485,170.6286357,0,-0.347826087,0,0,0,0
10819,AGTGAGAGAGAGTGTGTGTGCGA,0,0,0.019140625,0,0.231071706,455,189.6006244,0,-0.173913043,0,0,0,0
10820,GATACCTGAGCAGAGTTTTAAAG,0,0,0.042013889,0.461029603,0.44463744,552.5,176.0514023,0,0.152173913,0,0,0,0
10821,TGCTCTGTGGCTGCAGGTGGTGA,0,0,0.01657197,0,0.223971519,522.5,203.5873984,0,-0.195652174,0,0,0,0
10822,GAGTGGTGGGTGTTTGCTCGTGA,0,0,0.000607738,0,0.264377816,455,173.2091356,0,-0.695652174,0,0,0,0
10823,GAGCCACTGCACCCGGCCTCCGG,0,0,0.014370748,0,0.146830007,522.5,198.7192141,0.017391304,-0.02173913,0,0,0,0
10824,GAACACAAAGCCAGGTCTGCAGA,0,0,0,0,0.006367706,295,173.0569685,0,0.260869565,0,0,0,0
10825,GGCCCCCTCCATCCTCCCTCCAG,0,0,0,0,0.034090618,357.5,179.7484521,0.004347826,-0.47826087,0,0,0,0
10826,GGCACTGTGGCTGCAGGTGGAGG,0,0,0.375,0,0.996830986,537.5,206.8609984,0,-0.413043478,0,0,0,0
10827,GACTCCAAGCATAAGAAGCATGA,0,0,0.002125417,0,0.165251584,455,177.8247188,0,-0.652173913,0,0,0,0
10828,GCTGTGTGTGTGTGGGCGTGGGA,0,0,0.000524476,0,0.24614019,522.5,199.5048781,0,-0.695652174,0,0,0,0
10829,CTCTGTGTGTCTGGGTGGGTCAG,0,0,0.035563973,0,0.081669315,455,170.0451981,0.056521739,-0.434782609,0,0,0,0
10830,GCCTCCCCAAACCACAGCCAGGG,0,0,0.050534759,0,0.004409678,295,168.3492674,0,0.369565217,0,0,1,0
10831,GGCTCCCCCAGGCCTGGCCCCAG,0,0,0.015224711,0.236507827,0.236507827,455,171.632536,0,0.065217391,0,0,1,0
10832,TGGATGAATGGATGAGGAATGGA,0,0,0.017195767,0,0.109665994,455,175.8789552,0,-0.108695652,0,0,0,0
10833,GGTCTGTGAGTGCGTGGGTGAGA,0,0,0.000620851,0,0.223964003,455,186.5526484,0,0,0,0,0,0
10834,AAGTCCGAGCTGAAGAGGATGGG,0,0,0.029321267,0.151879219,0.149027027,387.5,154.8462053,0,0.260869565,0,0,0,0
10835,GGTGAATGTGTGTTTGTGTGTGA,0,0,0.005185185,0,0.03033885,455,180.8289399,0.013043478,0.760869565,0,0,0,0
10836,GGTTGAGGGGAGTCTGCTCCAGG,1,0.010063623,0.142857143,0,0.250189101,530,206.4468314,0.008695652,0.891304348,0,0,0,0
10837,CCAATCCATCCAGAAATCCAGGA,0,0,0.0050351,0,0.031571911,387.5,158.0555341,0,-0.5,0,0,0,0
10838,CTTGTCCCACTGGGTAGTACAGG,0,0,0.00296673,0.098205585,0.098205585,357.5,160.3369748,0,-0.130434783,0,0,0,0
10839,AAATGTGATGCAGAGACACAAAG,0,0,0.044444444,0,0.0504863,455,189.9357261,0.065217391,-0.173913043,0,0,0,0
10840,AAATGAGAAGTGGAGCCTCAAGA,0,0,0,0,0.01256484,290,162.5420567,0,-0.52173913,0,0,0,0
10841,GTTGGGTGTGTGTGTGGGTGTGG,0,0,0.016171123,0,0.372455417,552.5,192.7257886,0,-0.065217391,0,0,0,0
10842,AGATGAAAAGCAGAGGGACAAAG,0,0,0.004880174,0.231071706,0.231071706,455,189.3606244,0.004347826,0.043478261,0,0,0,0
10843,AAAGGAGAAGAAGAGGGGAAAGA,0,0,0.000437675,0,0.037635675,442.5,141.1689557,0,-0.369565217,0,0,0,0
10844,GGTGTGTGCGGGTGTGTGTGTAG,0,0,0.010056117,0,0.196246288,455,186.7357049,0.026086957,0.130434783,0,0,1,0
10845,CCTGCCCCAGCTCCATTCACCGG,0,0,0.051805338,0.015301435,0.015301435,455,183.9294283,0,-0.239130435,0,0,0,0
10846,TGGAGATAGGAAGGAGGAGTAGA,0,0,0.006625259,0,0.218273699,525,204.2431947,0,0.260869565,0,0,0,0
10847,TGGTTGTAGGAATGATGAGTAGG,0,0,0,0,0.34930266,560,199.8547933,0.582608696,1,0,0,0,0
10848,GGCACTGAGGTTGGAGGTCAGAG,0,0,0.021791188,0,0.10958374,387.5,141.9844995,0,-0.260869565,0,0,0,0
10849,GCCTGCCCAGAGATTGGCCAAGG,0,0,0.094017094,0.075982292,0.075982292,425,191.7814384,0.269565217,-0.369565217,0,0,0,0
10850,GAATCCAAGCAGGAGAAGAAGGA,1,0.006077098,0.033967391,0,0.733598461,530,207.9894987,0,-0.47826087,0,0,0,0
10851,TTCATCTTAGTCCCTTCCTGGGG,0,0,0,0,0.015703557,357.5,180.7730689,0.004347826,-0.086956522,0,0,0,0
10852,GCCTGCTCCCCACCCACCTGTGA,0,0,0.006684492,0,0.39945125,552.5,175.8882791,0,0,0,0,0,0
10853,AGAGAAGGAGAAGAGGCACAGGA,0,0,0.022067901,0,1.364942529,620,213.698263,0.1,0.304347826,0,0,0,0
10854,GGGATCCATGACCTCCCCATAGA,0,0,0.014322917,0,0.534744255,522.5,209.8187355,0,-0.086956522,0,0,0,0
10855,AACTGAAAGGAAGAGTCACATGA,0,0,0,0,0.106383384,552.5,195.040613,0.317391304,-0.282608696,0,0,0,0
10856,CAATGAGATGAAGAAGTACATAG,0,0,0.058562092,0,0.099818052,455,180.047087,0.008695652,0.217391304,0,0,0,0
10857,GGCCCAGCGGCGGGAGGTGGGGG,0,0,0.152941176,0,0.795434599,530,210.0243156,0.039130435,-0.304347826,0,0,0,0
10858,GGCGGTGTGGCTGGAGGAGGAAG,0,0,0.056712963,0,0.294620253,552.5,188.5149298,0.004347826,-1.434782609,0,0,0,0
10859,GACTTCACAAGGCCTGGCCAAGA,0,0,0.015668044,0,0.542336973,522.5,209.0584155,0,-0.304347826,0,0,0,0
10860,TGGTGGGGAGACTTTGCTCTGAG,0,0,0.026470588,0.213673643,0.209660993,455,170.3865193,0,0.282608696,0,0,0,0
10861,GACATCCATGTCCTCATCACTGG,0,0,0.029166667,0,0.028349961,417.5,141.4046823,0,-0.130434783,0,0,0,0
10862,CCCTCCCCAGAACCCGGCCATGG,0,0,0.101010101,0,0.182543366,425,192.2851416,0,0.02173913,0,0,0,0
10863,CTTGCCCCACGTAGCAGTTAGGA,0,0,0.008629191,0,0.04543536,295,165.0064954,0.013043478,-0.260869565,0,0,0,0
10864,TGGATGGAGGGCTGAAGAGGAAG,0,0,0.007825937,0,0.028020644,290,150.82779,0,-0.456521739,0,0,0,0
10865,ATGATCAGGAGTAAGTAGAGAGG,0,0,0.133580705,0.332955756,0.322750216,522.5,201.3527622,0,-0.5,0,0,0,0
10866,AGTGTGCGTGTGTGTGCGTGGGG,0,0,0.135,0,0.569608261,620,211.5687188,1,-0.304347826,0,0,0,0
10867,GAAGATAAAGCATAGACTCTAGG,0,0,0.062438424,0,0.125827144,485,148.6548161,0,-0.434782609,0,0,0,0
10868,TGGTGGGGAGAGGCTGCTCCTAG,0,0,0.01242236,0.053868812,0.052959633,425,194.1017145,0,-0.369565217,0,0,0,0
10869,GGTGGGTGAGTATGGGTGTGCAG,0,0,0.004065185,0,0.076307487,357.5,175.0024469,0,-0.413043478,0,0,0,0
10870,GCCACCCATCCAGGGCCACACAG,0,0,0,0,0.040577667,455,188.9840695,0,-0.413043478,0,0,0,0
10871,TGTGAGTGAATGTGAGTGTGTGA,0,0,0.017511371,0,0.150462235,455,179.0151309,0,0.217391304,0,0,0,0
10872,GATTGAGAAGAAGAGGAAAAAAG,0,0,0.036601307,0,0.199996994,485,166.937889,0.043478261,-0.891304348,0,0,0,0
10873,GGACCCCCTTCTCCAGCGCCAGG,0,0,0.059442724,0.118001201,0.114018038,455,182.1154262,0.5,0,0,0,0,0
10874,TGGATTGAGAAATGAGGTCTTGA,0,0,0.009684972,0,0.051711622,485,156.2509464,0.42173913,0,0,0,0,0
10875,TGGCTGGAGGAATGAGGTCATGG,0,0,0.044497972,0,0.040763835,442.5,125.0174669,0,-0.108695652,0,0,0,0
10876,TGGATGGAAGAATAAAGAGATAG,0,0,0.0703125,0,0.009342164,387.5,149.1750092,0,-0.086956522,0,0,0,0
10877,AAATGAAAAGAAAAGGCGAAAAG,0,0,0.041025641,0,0.024530411,387.5,151.1461654,0.060869565,0.195652174,0,0,0,0
10878,TTCATGTTAGTAATTACCTCTGG,0,0,0.153061225,0,0.207602129,455,172.5603156,0.02173913,-0.434782609,0,0,0,0
10879,TGTGCGTGAGTGTATGTGTGTGG,0,0,0.175,0,0.090827917,455,185.2863843,0,-0.152173913,0,0,0,0
10880,GGGCAGTGAGTGTGGACGTGGGG,0,0,0.013235294,0,0.068319815,455,186.3029525,0,-0.717391304,0,0,1,0
10881,ACCTCTCCACAGCCTGGACAGGA,0,0,0.010416667,0,0.172919285,552.5,186.9989463,0.02173913,0,0,0,0,0
10882,GGTGAGTGAGTCGGTGAGCGCAG,0,0,0.00460946,0,0.031518222,290,150.250468,0,0.195652174,0,0,0,0
10883,TACCCCCTCCACCCTGCCCTCAG,0,0,0.001430396,0,0.058878491,387.5,137.1073786,0,-0.02173913,0,0,0,0
10884,GGGATGAAGGCGTGAGGAGTCAG,0,0,0.071640723,0.275687211,0.266829791,425,202.870635,0,-0.695652174,0,0,0,0
10885,TTCATCTCCAATGACGAGCGGAG,0,0,0.025600836,0.090617958,0.090617958,485,169.8752542,0,0.043478261,1,0,0,0
10886,CCCTCCCCAGGCCCTGGCCATGA,0,0,0.00948296,0,0.359810011,460,200.2620794,0.1,0.152173913,0,0,0,0
10887,TGGAAGGATGAATGCGGAGCTGA,0,0,0.000459137,0,0.108114617,455,162.6072781,0,-0.282608696,0,0,0,0
10888,AAGGGAGAAGAAGAGGAGCAGGA,0,0,0.004951132,0,0.117805637,485,171.3889557,0.02173913,0.043478261,0,0,0,1
10889,AAGTTAGAAGTAGAGGCAAAAAG,0,0,0.006267806,0,0.272930963,455,180.4055964,0.565217391,3.217391304,0,0,0,0
10890,AGTGTGTGTGCGTGTGCGTGTGA,0,0,0.009090909,0,0.485165286,522.5,207.7218159,0.252173913,0.065217391,0,0,0,0
10891,AGTGAGTGAGTGTGGGTGAGCAG,0,0,0.001555556,0,0.054360238,387.5,153.2588674,0.004347826,-0.195652174,0,0,0,0
10892,TAATGTGAAGCAGAGGCATACAG,0,0,0.034188034,0.176902586,0.176902586,455,180.4359324,0,-2.608695652,1,0,1,0
10893,AGGATGGAGGATTTAGGTGTTAG,0,0,0.011522634,0,0.022749916,357.5,174.4213816,0,-0.630434783,0,0,0,0
10894,CCAGGGAGGAGAGAGGAGGGAAG,0,0,0.002114742,0.0601085,0.0601085,455,165.1751151,0,-0.108695652,0,1,0,0
10895,TGTGAGCATGTGTGTGCGTGTGA,0,0,0.028645833,0,0.569608261,622.5,209.7572219,0,0.239130435,0,0,0,0
10896,GAATGGTTTTCATTATTCTAGAG,0,0,0.06767175,0.180901806,0.174469742,455,166.0390585,0.117391304,0.130434783,0,0,0,0
10897,TGTGTGTGAGTGAATGCGTGTGA,0,0,0.013111888,0,0.086676978,425,196.7731748,0,-0.260869565,0,0,0,0
10898,GAGGAAACCCCAGCATCCGTTAG,0,0,0.058760684,0.932255747,0.932255747,620,212.6034022,0.786956522,3.956521739,0,0,0,0
10899,TGGATGGATGGTTGATGAGTGGA,0,0,0,0,0.039168966,357.5,184.0056096,0.204347826,0.282608696,0,0,0,0
10900,AAAAGAGGAGAGGAAGCACAGAG,0,0,0.061540117,0,0.188649398,425,193.303461,0,0.260869565,0,0,0,0
10901,TGTGAGTGAATGTGTCTGTGTGA,0,0,0,0,0.096565315,485,175.9337266,0,-0.847826087,0,0,0,0
10902,CCCATCCATCCATTCACTCAAGA,0,0,0.001515152,0,0.003952577,295,158.43114,0.082608696,0.239130435,0,0,0,0
10903,TGGATGAATGAATGAGTAGGGGA,0,0,0.001633987,0,0.100708291,485,154.7333279,0,0.065217391,0,0,0,0
10904,GGAGAGTGTGTGGGTGTGTGGGG,0,0,0.052173913,0,0.134926218,455,184.226788,0,0.47826087,0,0,0,0
10905,TGGATGAAGGAATGAGGTGATAG,0,0,0.072916667,0,0.16598375,492.5,155.455886,0,0.02173913,0,0,0,0
10906,AGCACTTTCACACCCACCTTGGG,0,0,0.258385093,1.317695783,1.317695783,620,213.0946636,0,0.152173913,0,0,1,0
10907,AATGGCCACTGCATCATCTAAAG,0,0,0.065333333,0.046779047,0.045200008,387.5,163.6451705,0.004347826,0.347826087,0,0,1,0
10908,AGTGTGTGTGTGTCTGCGTGAGG,0,0,0.084155844,0,0.136846598,522.5,202.312715,0,0.086956522,0,0,0,0
10909,GACCCTGCGGCTGGACGTGATGA,0,0,0,0,0.119960915,485,163.6603742,0,-0.326086957,0,0,1,0
10910,AGATGAGAAGCAGAGGCTCAGAG,0,0,0.041481481,0,0.364518519,462.5,188.506583,0,-0.173913043,0,1,0,0
10911,GACAAAGAAGCAGAATATTTGAG,0,0,0.069052806,0,0.093833394,455,180.9325634,0.082608696,0.456521739,0,0,0,0
10912,ATGAACACAGGTGACTGGAGGGA,0,0,0.001591546,0,0.079252091,455,175.0553506,0,0.195652174,0,0,0,0
10913,GAACACCAAGCATACACAACCAG,0,0,0.01473064,0,0.016987468,387.5,146.4384644,0.091304348,-0.195652174,0,0,0,0
10914,GGGTGGGGGTAGTGGGCTGCCAG,0,0,0,0.016574742,0.016574742,357.5,157.6140574,0.039130435,0.304347826,0,0,0,0
10915,GGGACAGGGGCTGCAGGTGGAGG,0,0,0.119387755,0,0.1271669,522.5,202.1470144,0.12173913,0.282608696,0,0,0,0
10916,GGAGTACCTGCTGCAGCACAAGA,0,0,0.010075645,0,0.367894601,552.5,174.4110797,0,0.239130435,0,0,0,0
10917,GGTAAGTGAGTCACTGCGTGAGG,0,0,0.141370394,0,0.040589889,362.5,189.4717944,0,-0.130434783,0,0,0,0
10918,ACATCAGAAGGAGAGGCAGAAGA,0,0,0.003483294,0,0.27680625,455,180.6935964,0,0.52173913,0,0,1,0
10919,AATGACCATTTCATTCTAAAAGA,0,0,0.000671159,0,0.025484762,357.5,169.3797811,0,-0.586956522,0,0,0,0
10920,GTCTAGTTTTCATTGTGCTCCAG,0,0,0.011091305,1.25042735,1.213101161,560,197.8855689,0,-0.065217391,0,0,0,0
10921,CCCAGTGTCACTGGCTGGAAGGG,0,0,0.062615956,0.165917837,0.162968187,455,161.9900421,0,0.130434783,0,0,0,0
10922,GGGAAGGAGAGATGAGGAGTCAG,0,0,0.075222759,0,0.73132116,522.5,206.6898599,0.026086957,0.086956522,0,0,0,0
10923,GGGGCTGCGGCCGGAGGTGGTGG,0,0,0.296052632,0,1.296361181,530,211.2822996,0,-0.130434783,0,0,1,0
10924,TGTGAGTAAGCGTGTGTGTGTGA,0,0,0.021604938,0,0.33831875,455,188.8839883,0,-0.47826087,0,0,0,0
10925,ATGAACCCAGGTGAGTAGAGCAG,0,0,0.054012346,0,0.89164349,627.5,209.0653024,0.02173913,-0.108695652,0,0,0,0
10926,GGGTAAGAGTAGAAGAAGAAGAG,0,0,0.103579209,0.784601902,0.760552802,620,210.8939596,0.052173913,-0.782608696,0,0,0,0
10927,GACTCCGAAAAGAAGGAGAAGAG,0,0,0.010683761,0,0.143454022,552.5,192.4320573,0,0.108695652,0,0,0,0
10928,GGCGAGAGAGTGTGTGTGTAGGG,0,0,0.1640625,0,0.171185414,485,158.1651082,0,-0.152173913,0,0,0,0
10929,AAAAGAGAAATGGAGGCACAAGG,0,0,0.098765432,0.354121315,0.343267022,460,199.3884794,0.130434783,-0.217391304,0,0,0,0
10930,AATCTGTTTTCTTTGTTCTCGAG,0,0,0.034599673,0,0.694060843,522.5,210.0822996,0.07826087,0.413043478,0,0,0,0
10931,TGTGAGAGAGTGTGAGGGTGGGA,0,0,0.002069358,0,0.111580572,455,181.6236866,0,0.239130435,0,0,0,0
10932,CCTGTCCCAGCTCCACTCACTGG,0,0,0.107142857,0,0.08896183,522.5,199.9295342,0.008695652,-0.217391304,0,0,0,0
10933,CGGGCCTCTCAGGGCAGTAAGGA,0,0,0.01421875,0,0.561633746,620,212.0890388,0,0.173913043,0,0,1,0
10934,GCCTGCCTAAAGTCTGGTCAGGG,0,0,0.23625,0,0.114018038,455,179.8892092,0,-0.086956522,0,0,1,0
10935,AAATGAGGAAATGAGCCACACAG,0,0,0,0,0.106381852,455,186.1039203,0.004347826,1.826086957,0,0,0,0
10936,CCCAGACATCCAGAAGCACAAAG,0,0,0.02788671,0.0412246,0.039900114,455,184.6302485,0,-0.173913043,0,0,0,0
10937,GCCTCCAGGCAGCCTGGCCAGGA,0,0,0.007440476,0,0.501549463,625,204.7654855,0,-0.434782609,0,0,0,0
10938,GGAATCCCTTCTGGCCCTCCAGG,0,0,0,0.001782823,0.001756701,325,150.6420346,0,0.065217391,0,0,0,0
10939,GTGACCACCAGTGAGTGGGGAGA,0,0,0.002297794,0,0.202836708,485,166.177569,0,-0.065217391,0,0,1,0
10940,GGTGAGTGAGTGTGAGGGCCTAG,0,0,0.001043854,0,0.017686193,320,116.1212675,0.152173913,0.869565217,0,0,0,0
10941,TGTGTGTGAGTGTGTGTGTCCGG,0,0,0.072727273,0,0.268517165,485,159.787969,0.87826087,0.173913043,0,0,0,0
10942,TGTGAGTGTGTGTGCGTGTGGAG,0,0,0.01979798,0,0.099818052,455,180.047087,0.62173913,-0.086956522,1,0,1,0
10943,CCCCCCCGCCCCCCCGCCTCCAG,0,0,0.042680776,0,0.794051205,522.5,209.6300993,0,-0.673913043,0,0,0,0
10944,GGGGATGACCCAGCAGCCTTTGG,0,0,0.103021978,0.051899925,0.051899925,485,168.5039902,0.069565217,0.108695652,0,0,0,0
10945,GCCACTTCTGCTGGCGGTGGGGA,0,0,0.003996004,0,0.16811375,522.5,198.4100173,0,-0.195652174,0,0,0,0
10946,GAGACCGAACAGAAGGAGACCAG,0,0,0.003468753,0,0.069386993,485,159.9405938,0.486956522,0.717391304,0,0,1,0
10947,GGCATTGAGGGTGGGGGTGGGAG,0,0,0.017426347,0,0.212805723,425,194.3747578,0,-0.347826087,0,0,0,0
10948,AAGAGAGAAAAAGAGGCAAAGAG,0,0,0.030178326,0,0.452917868,552.5,182.0586636,0,0.065217391,0,0,0,0
10949,GACACCTGAGCTGAGTTTTACAG,0,0,0.02037037,0,0.210633958,455,168.8633019,0,-0.02173913,0,0,0,0
10950,GAGCCTCTGCACCCTGCCTCAGG,0,0,0.019160998,0,0.146830007,522.5,198.7192141,0.008695652,0,0,0,0,0
10951,AGTGTGTGAGTGTGTGCGTGTGG,1,0.029958948,0.327272728,0,6.012658228,635,220.31168,0,-0.260869565,0,0,0,0
10952,GGGTGGGGGGTGCTTGCCCCCAG,0,0,0.026990553,0,0.107076217,365,179.2472625,0.152173913,0.239130435,0,0,0,0
10953,TGGATGGATGAATGATGGATGGA,0,0,0,0,0.009283074,417.5,141.7804605,0,-0.065217391,0,0,0,0
10954,AAAGGAGAAGAAGAAGGAAAGGA,0,0,0.001029824,0,0.051461025,387.5,152.3852674,0.02173913,0.195652174,0,0,0,0
10955,GCCTCTTTCCCTTACACCATCAG,0,0,0.006049383,0.012387813,0.012197961,295,159.5973944,0,-0.543478261,0,0,0,0
10956,CGCTGGGTCTCTGGCTGGGTTGG,0,0,0.040654997,0.083848609,0.080867325,455,172.2189945,0,-0.282608696,0,0,0,0
10957,TGGATGGATGAATGATGGATGGG,0,0,0,0,0.009283074,417.5,141.7804605,0,0.02173913,0,0,0,0
10958,TGATAGGAGGAATGAGGAGTTGA,0,0,0.01657197,0,2.287423687,630,217.71008,0,-0.130434783,0,0,0,0
10959,AAGAGAGAAGAAGAGATACAGAG,0,0,0.035208048,0,0.098146003,485,179.523863,0,-0.260869565,0,0,0,0
10960,GTCTTTTTTTCATTTTTTTCAAG,0,0,0.011544012,0,0.050317447,455,177.5436611,0.039130435,-0.152173913,0,0,0,0
10961,AGAATCCCTTCAGCAGCCGCCGA,0,0,0.001190476,0,0.050805063,387.5,155.3125663,0.17826087,-0.108695652,0,0,1,0
10962,GGCTCTGTGGCTGGAGCTGAGGG,0,0,0.12282754,0,0.25419625,485,157.102872,0.365217391,0.369565217,0,0,1,0
10963,TCCTTATTTTCATTGTACTCTAG,0,0,0.108641975,0,0.368797917,552.5,196.1879049,0.97826087,1,0,0,0,0
10964,TGGATTGAGAAATGTGGAGAGAG,0,0,0.018148148,0,0.093603563,455,161.0776581,0.013043478,0.043478261,0,0,0,0
10965,CACATACATACACAGACACACGA,0,0,0.017113491,0,0.308518702,522.5,202.682959,0,-0.608695652,0,0,0,0
10966,CACATACATACACAGACACACGG,0,0,0.246434268,0,0.308518702,522.5,202.682959,0,-0.369565217,0,0,0,0
10967,CTTGCCCCACAGGTGGGTGAGAG,0,0,0.000249288,0,0.002823269,325,145.317368,0,-0.369565217,0,0,0,1
10968,GGCCCAGAATGAGCACATTGTGA,0,0,0.02832244,0,0.044208326,417.5,126.3685087,0,-0.173913043,0,0,0,0
10969,TGTGAGTGTATGTGTGTGTGAGG,0,0,0.261333333,0,0.343031439,552.5,189.2623722,0,-0.239130435,0,0,1,0
10970,GGTGAGTGGGTGGGAGAGTGAAG,0,0,0.012181823,0,0.033301367,357.5,170.5477665,0.052173913,-0.282608696,0,0,0,0
10971,AGCACCAGTGAGCAGTGTGGGGA,0,0,0,0,0.020657028,387.5,166.7489203,0,-0.043478261,0,0,0,0
10972,TCCTCTTTCCCTTCCACCATGGG,0,0,0.066666667,0,0.100314079,357.5,171.2365791,0,-0.173913043,0,0,0,0
10973,AAGAGAGAAGAGGAGACACAGAG,0,0,0.054488645,0,0.125422944,455,192.7938737,0.043478261,0.369565217,0,0,0,0
10974,AAATGAGAAGCAGAGAAATAAGG,0,0,0.086153846,0,0.015801819,320,143.9473794,0,-0.043478261,0,0,0,0
10975,CCCTGTGTCACTGGACACATTGA,0,0,0.017636684,0,0.016316208,442.5,150.5103933,0.334782609,-0.347826087,0,0,0,0
10976,TGGGTGAGGGAATGGGGAGTTGG,0,0,0.297916667,0.270578527,0.261885241,522.5,198.6363807,0.656521739,0.108695652,0,0,0,0
10977,TGGATGGATAAATGAGTAGATGA,0,0,0.004861111,0,0.129256726,485,152.1247722,0.004347826,0.173913043,0,0,0,0
10978,GAACACAAGGAATAGTCTGAGAG,0,0,0,0.035953115,0.034797995,387.5,154.5841101,0.091304348,0.369565217,0,0,0,0
10979,GGGTGGGGGGGGGTTGCACCTGA,0,0,0.007850241,0,0.107076217,365,179.2472625,0,0.217391304,0,0,0,0
10980,AAAGCAGAAAAAGAGGAACAGGG,0,0,0.213888889,0,0.532999604,552.5,191.0602325,0.004347826,-0.043478261,0,0,0,0
10981,AAAAGAGTTGAAGAGTCACAGGG,0,0,0,0,0.15797057,552.5,193.9783768,0.030434783,-0.130434783,0,0,0,0
10982,TTGGTTGTGGAATGAGGAGTGGA,0,0,0.007891414,0,0.82579023,620,213.200599,0,-0.130434783,0,0,0,0
10983,GGAGTCTCTTCAGCAGCAGCTGG,0,0,0.05078125,0.167597955,0.167597955,455,177.4791188,0.082608696,0.260869565,0,0,0,0
10984,GTCACAGAAGCAGTGTTTGTTAG,0,0,0.023344557,0.046617324,0.044959819,455,174.7868314,0,0.173913043,0,0,0,0
10985,GGTGAGTGCGTGGGTGTGTGAAG,0,0,0.018035427,0.243274677,0.243274677,462.5,185.954788,0,0.739130435,0,0,0,0
10986,GGTGTGTGTGTGTGTGCGTGCAG,0,0,0.056565657,3.673734177,3.673734177,635,216.3518996,0.02173913,-0.586956522,0,0,0,0
10987,TGAATCTCTTCTACAGCCCCAGA,0,0,0.009920635,0,0.082027617,455,181.8941654,0,-0.260869565,0,0,0,0
10988,GACCCTCTCCTCCCAGCCTGCAG,0,0,0.000968289,0,0.056406056,357.5,159.8393108,0,-0.065217391,0,0,0,0
10989,GATTTCTTTCCCTTGTTCTCTGA,0,0,0.004568713,0,0.386734172,522.5,204.1781791,0.32173913,0.717391304,0,0,0,0
10990,AAAACCACTGACTAGAGCTGCAG,0,0,0.048801743,0,0.24194961,455,177.1080827,0,-0.065217391,0,0,0,0
10991,AAATGAGATGAAACTGCACAGAG,0,0,0.004395604,0,0.012888062,362.5,179.8946929,0.017391304,0.065217391,0,0,0,0
10992,GCCTTCCCAGAGCCTGGCCACAG,0,0,0.091657314,5.833,5.833,635,215.3199436,0.186956522,0,0,0,0,0
10993,AGATGAGGAAAATAGGCACACAG,0,0,0.042587654,0,0.509948268,522.5,201.3691261,0,-0.326086957,0,0,0,0
10994,GAGTCCGAGCAGCAGAGTATTGG,0,0,0.014860681,0.01688051,0.016621805,320,126.1536352,0.030434783,-0.130434783,0,0,0,0
10995,GACATCTATGTTATCCCCGTTAG,0,0,0.011505588,0.061576337,0.061576337,357.5,168.8533983,0,0.130434783,0,0,0,0
10996,GCCAACCCGAAGCCTGGACAGGG,0,0,0.097680098,0.186301638,0.180012975,552.5,187.6549664,0.030434783,-0.304347826,0,0,0,0
10997,CACGCCCCCAACCCCGCCTCCAG,0,0,0.080246913,0,1.317695783,620,210.2348466,0,-0.347826087,0,0,1,0
10998,GGTGAGTGGGCGTGTGCGCCGAG,0,0,0.013622818,0,0.063728886,387.5,141.1245361,0.486956522,0.413043478,1,0,1,0
10999,ATGAACCCCAGTGAGAAAAGAGA,0,0,0.019121503,0,0.064811944,492.5,175.30506,0,0.217391304,0,0,0,1
11000,GTGCCCCTGCACCCCACCTCGGA,0,0,0.015632516,0,0.155758982,552.5,197.1837938,0,0,0,0,0,0
11001,CCCTCCCCAAACCCTGGCTGCAG,0,0,0.034602076,0,0.108090364,387.5,143.5982997,0.069565217,-0.130434783,0,0,0,0
11002,AAATGAGAAATAGAGCCAAAAGA,0,0,0,0,0.03962298,387.5,159.941754,0,-0.02173913,0,0,0,0
11003,GGCACTGGGCCAGGAGCTGGAGA,0,0,0.003361345,0,0.249597935,455,182.4062351,0.973913043,0.173913043,0,0,0,0
11004,GGCACTGGGCCAGGAGCTGGAGG,0,0,0.048403361,0,0.249597935,455,182.4062351,0.413043478,6.673913043,0,0,1,0
11005,GGCACAGGGGATGGTGGTGGCAG,0,0,0.021666667,0,0.128747462,425,193.8770938,0,0.065217391,0,0,0,0
11006,GCCTCGGCACAGCCTGGACAGAG,0,0,0.010949109,0.112123929,0.112123929,552.5,184.6157655,0.017391304,0.630434783,0,0,0,0
11007,ACTGTCCACTACATACTCACTAG,0,0,0.003741115,0,0.186915845,455,166.3270585,0.060869565,2.369565217,0,0,0,0
11008,CCCATCCAAACAGAAACAAACAG,0,0,0.084158108,0.06907724,0.067967565,455,165.2934617,0,1.673913043,0,0,0,0
11009,TTCCTCTTAGTATTTACCTGAGA,0,0,0.005252101,0,0.286208544,425,201.110979,0,-0.47826087,0,0,0,0
11010,AAATGAGAAGAAGTGGCAGACAG,0,0,0.017283951,0,0.297255,470,179.2128154,0.565217391,0.108695652,0,0,0,0
11011,GAGAAGGAGGAGAAGAAGAAGAG,0,0,0.013717421,0,0.760552802,622.5,210.2603596,1,0.152173913,0,0,0,0
11012,GAACACAAAGCAAAGAGGGAAGG,0,0,0.00678733,0.01688051,0.016621805,320,126.1536352,0,0.391304348,0,0,0,0
11013,ATCTCCCCAGACCCTGGCCAGGA,0,0,0.01671123,0,0.648306325,522.5,206.2521631,0,-0.108695652,0,0,0,0
11014,AAGGACCTCTACATCCTGATGAG,0,0,0.004444444,0.132301321,0.127597274,485,153.0112498,0,0.152173913,0,0,0,0
11015,AAAAGAGAAGGAGAGGGAGAGGG,0,0,0.00227591,0,0.106570406,387.5,160.3622053,0,-0.065217391,0,0,0,0
11016,GACTTGGGTTCAATGGTCTCTAG,0,0,0.026801253,0,0.065045258,455,186.9292558,0,0.260869565,0,0,0,0
11017,GCCGCACCACAGCCTGGCCTCAG,0,0,0.030092593,0.374553327,0.367894601,552.5,174.4110797,0,0.108695652,0,0,0,0
11018,GAGCCACTACACCCGGCCTCTGG,0,0,0.019897959,0,0.146830007,522.5,198.7192141,0,-0.130434783,0,0,0,0
11019,GCCTCTCTCCCTCCCTCCTCTAG,0,0,0,0,0.036229041,387.5,154.6746929,0,0.108695652,0,0,0,0
11020,TGAGAAGAAGAAGAGGCACAAGG,0,0,0.433333334,1.324349442,1.304945055,620,216.79808,0.569565217,0.326086957,0,0,0,0
11021,AAAAGAGAAGAAGAAGGAGAAGG,0,0,0.003295436,0,0.051461025,387.5,152.3852674,0.086956522,0.260869565,0,0,0,0
11022,CCTCCCTCCTCTCTACCCTCCAG,0,0,0.042387543,0.176849269,0.176849269,485,161.6005526,0,0.347826087,0,0,0,0
11023,TGGATGGATGAATGATGTATAGA,0,0,0,0,0.009283074,417.5,141.7804605,0,-0.282608696,0,0,0,0
11024,GTCTTCTTGGACATAACCTGTAG,0,0,0.047758285,0,0.130024297,425,193.9295144,0,0.260869565,0,0,0,0
11025,GATGAGTGAATTTGTGAGTGAGG,0,0,0.14174885,0.276221715,0.276221715,455,185.2660521,0.008695652,-0.02173913,0,0,0,0
11026,TGGCTTGAGGAATGACAAGTAAG,0,0,0,0,0.060221432,485,178.265879,0,-0.108695652,0,0,0,0
11027,AACTGAGAAGAAGAGGGACAGGA,0,0,0.0017507,0,4.623455128,567.5,200.0858889,0.717391304,1,0,0,0,0
11028,CAATGTGAAGAAGAGGCTGAGGG,0,0,0.038265306,0,0.062473706,485,161.2426828,0.008695652,0.260869565,0,0,0,0
11029,GCCTCCCAAATGCCTGGGCTCAG,0,0,0.004148148,0.068185438,0.068185438,387.5,147.3091661,0,-0.282608696,0,0,0,1
11030,GGTGAGTGAATGTGAAGGTGTGG,0,0,0.031785345,0,0.022309918,412.5,161.726705,0.004347826,-0.065217391,0,0,0,0
11031,TCCTTTTGACCACCCACCTTAAG,0,0,0.103703703,0,0.833979885,620,210.8520827,0.147826087,0.282608696,0,0,0,0
11032,TGGAAGGAGGAAGAAGGAGGAGG,0,0,0.017263427,0,0.038071996,357.5,159.6355749,0,-0.086956522,0,0,0,0
11033,CCCTGAGCCTCTGGATGCCTGGA,0,0,0.005929575,0,0.056147255,485,158.1428658,0.043478261,0.130434783,0,0,1,0
11034,CTTTCCCAACAGGACATTAAAAG,0,0,0.011489899,0.087709362,0.086229035,455,182.6012873,0,-0.304347826,0,0,0,0
11035,GTTGCTTACAATGACTAGGGCAG,0,0,0.067238137,0,0.778438874,620,212.912599,0,0,0,0,0,0
11036,GGTGAGCGGGTGGGTGCGTGGAG,0,0,0.03099839,0.410776772,0.410776772,530,204.5577183,0.017391304,0.043478261,0,0,0,0
11037,TGGATGTAGGAAATAGGGGTCGG,0,0,0.042197802,0,0.01104408,357.5,170.2549807,0,-0.02173913,0,0,1,0
11038,ATGATTATCAGTGAGTTGAGGGA,0,0,0.00273569,0,0.350124604,552.5,192.039768,0,-0.02173913,0,0,0,0
11039,AATGACATCTACATCCACTAAAG,0,0,0.023931624,0,0.12450836,485,161.9828912,0,-0.413043478,0,0,0,0
11040,CTTGCCCCACAGTCCAGTGGAAG,0,0,0.009558824,0,0.010338516,290,130.175895,0,0.02173913,0,0,0,0
11041,TAATGAGAAACAGAGCCACAGAG,0,0,0,0,0.139204545,455,190.689754,0.282608696,0.652173913,0,0,0,0
11042,GGGGGGGGTGTGTGTGCGTGTAG,0,0,0.032941176,0.561633746,0.561633746,620,211.0407188,0.056521739,0.282608696,0,0,0,0
11043,AAATGAGAAAAACATGAACAAGA,0,0,0.001819363,0,0.050197315,357.5,169.5158104,0,-0.108695652,0,0,0,0
11044,AACACCAGTGATGATAGTGGGGG,0,0,0.009214388,0,0.013651529,260,162.3542242,0,-0.260869565,0,0,0,0
11045,GCCACTCTCACCCCCACCTTAGG,0,0,0.074665831,0.435792537,0.422434911,522.5,203.2353823,0,-0.130434783,0,0,0,0
11046,AGTGACTGAGTCTGTGCCTGGGG,0,0,0.154698243,0,0.09237382,455,184.2745823,0,-0.608695652,0,0,1,0
11047,TGTGAGTGTGTGTGTGTATGTGG,0,0,0.193846154,0,0.073001262,485,168.8307753,0,-0.108695652,0,0,0,0
11048,CCCTCTTCCCCAGCCAGCTTAAG,0,0,0.001485443,0.240178592,0.23590875,455,185.6147514,0.017391304,0.326086957,0,0,0,0
11049,CCCTGAGCATCTGGAAGGATGGG,0,0,0.675324675,0,0.090966306,552.5,193.0659928,0.030434783,0.173913043,0,0,0,0
11050,AGTGTGTGTGTGTGTGTGTGAGG,0,0,0.091636364,0,0.372455417,552.5,192.9657886,0,-0.108695652,0,0,0,0
11051,GTCATTTTAGTCATGACTTGGAG,0,0,0.007738095,0,0.094492858,462.5,178.9836611,0,-0.52173913,0,0,0,0
11052,AGTGTGTGTGTGTGTGTGTGAGA,0,0,0.006363636,0,0.372455417,552.5,192.9657886,0.034782609,0.391304348,0,0,0,0
11053,GAATGAATAGAAGAGGCAGAAGG,0,0,0.053571429,0.359837588,0.359837588,552.5,182.9690023,0.047826087,0.434782609,0,0,0,0
11054,GCTTCCCTCCACCCCGCATCCGG,0,0,0.232692308,0,0.305988667,555,192.1350667,0.126086957,0.108695652,0,1,0,1
11055,TTCATCCATCCAGGGACACTTAG,0,0,0.065993266,0,0.10391963,455,170.1832154,0,-0.173913043,0,0,0,0
11056,AAAAGAAAAAAAAAGGCACATAG,0,0,0.106362773,0,0.348294667,522.5,201.4521622,0.595652174,0.152173913,0,0,0,0
11057,CCAGTGAGGGGAGCCGAGGCTAG,0,0,0.024317247,0.383591198,0.383591198,530,197.2414617,0.2,0.282608696,1,0,1,0
11058,CCAGTGCCTAGAGCAGAGCCTGG,0,0,0.113590264,0,0.086670755,455,168.7619807,0,-0.108695652,0,0,0,0
11059,AATTGAAAAGAAGACTCACAAGA,0,0,0,0,0.046662434,455,184.7933717,0.765217391,0.456521739,0,0,0,0
11060,GGGTGGGGGGAGATGGTACCTGG,0,0,0.010769231,0.010521352,0.010213034,290,149.0842135,0,-0.739130435,1,0,0,0
11061,TCTTTCCCTCCAGAGACACAAAG,0,0,0.048611111,1.366780156,1.345833333,620,214.698583,0,0.239130435,0,0,0,0
11062,GGTGAGTGAGAGAGTGAGAGAGA,0,0,0.004807692,0,0.035554092,290,151.7364848,0.426086957,0.369565217,0,0,0,0
11063,CCCTCTTGCCCTTCCACCTTTGG,0,0,0.122222222,0,0.286208544,425,198.8847621,0.091304348,-0.086956522,0,0,0,0
11064,AAAGGAGAGGAAGAGACACCAGA,0,0,0.006576178,0,0.069386993,485,159.9405938,0,-0.586956522,0,0,0,0
11065,GAACCCAGATCATAGAATGCCAG,0,0,0.036044239,0,0.532999604,552.5,188.8340156,0,0.02173913,0,0,0,0
11066,AGCGCGTGTGTGTGTGCGTGTAG,0,0,0.03,0,0.822304167,620,213.4238996,0.004347826,-0.586956522,0,0,0,0
11067,TGTGAGTGTGTGTGTGTGTTGGG,0,0,0.196,0,0.164063988,485,157.1165087,0.017391304,-0.543478261,0,0,0,0
11068,TGTGAGTGTGTGTGTGTGTTGGA,0,0,0.013611111,0,0.164063988,485,157.1165087,0.060869565,0.391304348,0,0,0,0
11069,GGCGAGCGAGTGCGTGAGTGAGA,0,0,0.007538377,0,0.15082587,455,185.8033876,0.013043478,0.065217391,0,0,0,0
11070,GTAGTGTGAGTGTGAGCGTGTGA,0,0,0.006645401,0,0.397208228,522.5,202.9366584,0.052173913,0.195652174,0,0,0,0
11071,AAATGAGAAAATGAAGCAAAGGG,0,0,0.125490196,0,0.05473002,357.5,161.5371416,0,-0.108695652,0,0,0,0
11072,GGCACTGTGTCTCGAGGGGGTGG,0,0,0.099780702,0,0.099949861,455,176.1857928,0,0.173913043,0,0,0,0
11073,GAGAAAGAGGAATGAGGAGTGGA,0,0,0.028102936,0,0.789491758,620,215.885696,0,-0.239130435,0,0,0,0
11074,GCCTCTTTCCCTTCCACCAACAG,0,0,0.009722222,0,0.034137919,290,134.0989792,0,-0.195652174,0,0,1,1
11075,TGGATGAAGGAATTTGGAGGCAG,0,0,0.002440087,0,0.0170956,357.5,153.8330131,0,0.065217391,0,0,0,0
11076,GAGCCACTACACCCAGCCTCTAG,0,0,0.02292769,0,0.146830007,522.5,198.7192141,0.017391304,0.282608696,0,0,0,0
11077,TTTATCTTTGTCATTACATGGAG,0,0,0.05758547,0,0.186959075,552.5,189.2888864,0,-0.695652174,0,0,0,0
11078,AAATGAGTAAAAGAGACAGATAG,0,0,0.012962963,0,0.071392758,485,163.0720208,0.6,-0.239130435,0,0,0,0
11079,GAATGAATAGAGGAGGCACAGAG,0,0,0.080246914,0.496733714,0.480774398,522.5,206.0009018,0.065217391,-0.369565217,0,0,0,0
11080,GGTGTGTGTGTGTATACGTGTAG,0,0,0.042424242,0,0.022403272,455,185.0242891,0,-0.239130435,0,0,0,0
11081,AAGAACACCCCTGAGTAGACAGA,0,0,0.003597593,0,0.356503615,455,170.6005799,0,-0.282608696,0,0,0,0
11082,GACTTCTTTATTTTGTTCTCAAG,0,0,0.015540016,0,0.207676548,460,198.4760954,0,0.239130435,0,0,0,0
11083,GGTGAGTGAGTCTGCACATGGGG,0,0,0.099958865,0,0.006067346,290,154.5651188,0.782608696,3.869565217,0,0,0,0
11084,GACCCCCTCCAAGCCACATCTGG,0,0,0.052447552,0,0.008761429,290,159.2728198,0,-0.130434783,0,0,0,0
11085,GAGTCTGGGCAAAAGAGGAAGAG,0,0,0.029077705,0,0.163959556,455,185.6119875,0,-0.5,0,0,0,0
11086,GGGTGTGGGGAGTTTCCACCTAG,0,0,0,0.06064467,0.06064467,492.5,175.9022568,0.904347826,0.956521739,0,0,0,0
11087,AAATGATAATAACAGGCAGAAGG,0,0,0.02443609,0,0.1152679,455,171.5777623,0.004347826,-0.52173913,0,0,0,0
11088,CGTGTGTGAGTGTGAGCGTGTGA,0,0,0.010442774,0,0.844444444,530,204.9046584,0.030434783,-0.108695652,0,0,0,0
11089,GAAACCAAAGCATAGAATGCAAG,0,0,0.05094217,1.177938808,1.144757433,560,197.2519689,0,0.108695652,0,0,0,0
11090,ATCACCAGTGATTAGAAAGGAAG,0,0,0.036445985,0,0.05878334,387.5,164.8344552,0,-0.260869565,0,0,0,0
11091,AAAAGAGAAGAGGAGGGAGAAAG,0,0,0.000655612,0,0.094473225,387.5,158.8761885,0,-0.456521739,0,0,0,0
11092,CCCTCCCCAAGGCCAGGCCCAAG,0,0,0.015838207,0.105723716,0.103738294,357.5,161.6252948,0.004347826,-0.434782609,0,0,0,0
11093,CCTGCCCCCGCTCTCCACGCCAG,0,0,0.009722222,0.033368241,0.033368241,387.5,150.8756866,0.060869565,-0.130434783,0,0,1,0
11094,GCCACTGTGGCTGCAGGGGGCAG,0,0,0.022435897,0,0.046239667,455,178.7976651,0,-0.456521739,0,1,1,0
11095,CCCCCTTTCCCTCCCCCCTTAGA,0,0,0,0,0.133988,455,193.3218737,0.02173913,-0.52173913,0,0,0,0
11096,AGGAAAGGCCCAGCCCCCGTGGA,0,0,0.008333333,0,0.072985333,455,184.6047356,0,0.02173913,0,0,1,0
11097,CCCTGGCCTCCAGAGACACAGGG,0,0,0.087272727,0.801231413,0.789491758,622.5,212.152279,0.052173913,0.130434783,0,0,0,0
11098,CTTGCTCCACAGGGGACTCAGGA,0,0,0.000156959,0,0.029557519,387.5,151.4728834,0,NA,0,0,1,1
11099,CCAGTGAGAAGAGATGAGGTCAG,0,0,0.003611111,0,0.014556396,357.5,152.2564135,0,-0.47826087,0,0,0,0
11100,AAATGAGAACAAGATATACATAG,0,0,0.00691358,0,0.022309918,412.5,161.726705,0,0.108695652,0,0,0,0
11101,ACTGAGTGTGTGTGTGTGTGTGA,0,0,0.012115385,0,0.372455417,552.5,194.0141086,0.826086957,0.326086957,0,0,0,0
11102,GAGGGGGAGGAGAAGAAGAAAAG,0,0,0.018904321,0,0.760552802,622.5,210.2603596,0,-0.086956522,0,0,0,0
11103,TGGAGGCAGGGCTGAGGAGTCAG,0,0,0.019512671,0.258523805,0.254561754,425,201.582315,0.826086957,0.108695652,0,0,1,0
11104,GGTGCATGAGTGAGTGAGTGTGG,0,0,0.161538462,0,0.135498222,455,185.6402644,0,-0.391304348,0,0,0,0
11105,GGCTCTTTCGCACCCTCCTCTGA,0,0,0,0,0.110484003,485,159.5422378,0,-0.543478261,0,0,0,0
11106,GAAAGAGAAAAAGAGGCAGATGG,0,0,0.055555556,0.485227553,0.485227553,552.5,182.5866636,0.265217391,-0.282608696,0,0,0,0
11107,GGTGTGCGAGTGTGCGCATGTGA,0,0,0.003277972,0,0.05392847,455,175.8981443,0,-0.043478261,0,0,0,0
11108,GAAAGAGAAAAAGAGGCAGAGAG,0,0,0.014403292,0,0.485227553,552.5,182.5866636,0,-0.413043478,0,0,0,0
11109,AGTGAATGAGTGAGTGGGTGAGG,0,0,0.036651583,0,0.142724794,455,186.9285844,0,-0.52173913,0,0,0,0
11110,GGTGTGTGTGTGTGTGGTTGGAG,0,0,0.002218261,0,0.069304995,485,167.5424553,0,0.282608696,0,0,0,0
11111,GAGGAGGAGCAGAAGAGGAAGAG,0,0,0.008169935,0,0.350124604,555,194.2659849,1,-0.282608696,0,0,0,0
11112,TTGAACAACAGTGAATAGGGTGA,0,0,0.015931372,0,0.141195423,455,171.1451615,0.004347826,0.195652174,0,0,0,0
11113,TGGATGAATGAATGAGGCTTGAG,0,0,0.017558299,0,0.038728891,485,156.6857056,0,-0.217391304,0,0,0,0
11114,CAATGAGAATTAGAGGCCCACAG,0,0,0.010582011,0.164476488,0.158628435,455,182.5548466,0.704347826,1.326086957,0,0,0,0
11115,GCATCTGCAAAGGCTGGCCATGG,0,0,0.051642475,0.229272912,0.225589813,522.5,205.0035147,0,-0.282608696,0,0,0,0
11116,GACCCCCCCCCCCCCGCCACCGA,0,0,0.007936508,0,0.4921,462.5,180.3220994,0,0.195652174,0,0,0,0
11117,GAAGACAAAGCACTGACCGCTGG,0,0,0.090225564,0,0.016988688,357.5,171.7645615,0.726086957,0.065217391,0,0,0,0
11118,TGTGAGTGAGTGTGAGTGGGAGA,0,0,0.004690546,0,0.054360238,387.5,153.2588674,0,-0.086956522,0,0,0,0
11119,GCCATCCATACACAGACTCAAAG,0,0,0.043190101,0,0.110611179,455,179.2856098,0,0.02173913,0,0,0,0
11120,GACTTCTTTTCCTTTTTCTGAGG,0,0,0.00150778,0.051750043,0.050003206,357.5,158.3532941,0,0.195652174,0,0,0,0
11121,GACCCCCTCCTCCCTGCTTTCAG,0,0,0.001025641,0,0.017393037,290,136.2019615,0,-0.413043478,0,0,0,0
11122,CCAGGGAGCAAAGCTGAGGCAGG,0,0,0.084395604,0.132147142,0.130024297,425,193.5147944,0.282608696,0.173913043,0,0,1,0
11123,GACCTGGATGCTCTCCCCATTGG,0,0,0.063348416,0.232620408,0.22549028,425,202.5942318,0.004347826,0.130434783,0,0,0,0
11124,GAAAACAAAGCACAGAATGCTGA,0,0,0.021545091,0,0.443021127,462.5,189.0409684,0,0.260869565,0,0,0,0
11125,AACACCAATGAGAAGGGCGGCAG,0,0,0.034516765,0.177878481,0.177878481,462.5,190.5124366,0.27826087,-0.086956522,0,0,0,0
11126,CCTGCCTCCGCCCTGTGCACCAG,0,0,0.005779154,0,0.011394133,315,159.002341,0.065217391,0.282608696,0,0,0,0
11127,TGGAGGGAGGGAAGAAGAGTGGA,0,0,0.02,0,0.052855224,357.5,184.8938499,0.017391304,0.065217391,0,0,0,0
11128,AAATGAGAAGGAGAAGGAGAAGG,0,0,0.00449827,0,0.024621439,290,147.0287837,0,-0.065217391,0,0,0,0
11129,CCCTCTGTCTCTGCATGGGAGAG,0,0,0.018415179,0,0.030988834,387.5,138.3868955,0,-0.195652174,0,0,0,0
11130,CCTGCCTCCTCTCCACTCCTGAG,0,0,0.003735632,0.026210862,0.025789804,387.5,134.6834791,0,0.065217391,0,0,0,0
11131,GCTGGGTGTGTGTGTGTGTGGAG,0,0,0.036184615,0.372455417,0.372455417,552.5,192.7257886,0.004347826,-0.630434783,0,0,0,0
11132,GCATCACCAGAGCCTGGCCCCAG,0,0,0.026343684,0,0.362744077,552.5,174.7566797,0,-0.02173913,0,0,0,1
11133,GGAGAGTGAGTGGGTGGATGGAG,0,0,0.001967342,0,0.045590781,387.5,162.7632351,0,-1,0,0,0,0
11134,GAGTTGTTTTGGTTGTTCTTTGA,0,0,0.001880787,0,0.177763835,357.5,167.5882159,0,-0.173913043,0,0,0,0
11135,AGTGAATGAGTGTGTGTGTGTGG,1,0.057428596,0.42,0.780524691,0.780524691,560,197.6279049,0.086956522,0.369565217,0,0,0,0
11136,GACTTGGTTTCCTAGTTTTCTGG,0,0,0.061603589,0,0.014040536,357.5,172.0382008,0.017391304,-0.02173913,0,0,0,0
11137,GAGAAAGAGACAGCATCAGTGAG,0,0,0.063374485,0,0.174634187,552.5,184.5851499,0.008695652,0.456521739,0,0,0,0
11138,GAAGCCAAATCATAGACTGAAAG,0,0,0.026331018,0,0.60809025,552.5,174.9087437,0,0.347826087,0,0,0,0
11139,GACTTGTTTCCAATGTTTTTTGA,0,0,0.004945055,0,0.041679092,387.5,142.1480098,0,-0.347826087,0,0,0,0
11140,TGAATGAATGAATGAAGAGTGAG,0,0,0.103703704,0,0.106383384,552.5,195.040613,0,-0.782608696,0,0,0,0
11141,GCCTGGGAAGCAGAGTTTTTAAG,0,0,0.038888889,0,0.789491758,622.5,215.012096,0,-0.304347826,0,0,0,0
11142,GCCTCCTTGCCACCCACCTCCAG,0,0,0.013263953,0,0.485700923,560,177.5166357,0.060869565,-0.847826087,0,1,0,0
11143,AAATGAGAACAATAGCCCCATAG,0,0,0,0,0.016400968,387.5,161.9971839,0.282608696,0.108695652,0,0,0,0
11144,GTTGAGGGAGTGTGTCCTTGTAG,0,0,0,0,0.036456719,485,173.86506,0.243478261,0.434782609,0,0,0,0
11145,AATGATCATTAGATTCTCAAAGA,0,0,0.001671811,0,0.069735193,425,191.5311136,0.886956522,3,0,0,0,0
11146,TGGAAAGAGGAATGGGGAGGCAG,0,0,0.014869281,0,0.107052935,455,164.7810745,0,-0.369565217,0,0,0,0
11147,GGCACCTCGGCTGGAGGCTGCAG,0,0,0.038480038,0,0.038348575,485,158.859502,0.473913043,0.760869565,0,0,0,0
11148,CCCTGTGGCTCTGCATGCAGGGA,0,0,0.001834067,0,0.01830564,387.5,141.9000652,0.034782609,-0.130434783,0,0,0,0
11149,AAATGAGTAGAAAAGGCAAGAGG,0,0,0.129651861,0,0.076412446,387.5,138.7152626,0,-0.02173913,0,0,0,0
11150,AGTGAGTGTGTGTATGGGTGGGG,0,0,0.023823529,0,0.055495857,455,182.6149239,0,0.043478261,0,0,0,0
11151,GATTCCCAGCAAAACAAGAAAGA,0,0,0.006076389,0,0.133476264,425,194.3656972,0,-0.630434783,0,0,0,0
11152,GTCACCTCCACTTCCTAGGGCAG,0,0,0.006666667,0,0.074243753,335,193.0314111,0,-0.173913043,0,0,1,0
11153,GGTGACACCTACATCCTCAAAGA,0,0,0.017857143,0,0.932255747,620,213.4770022,0.030434783,-0.347826087,0,0,0,0
11154,AAATGAGAAAACGAGGGACCCAG,0,0,0.000851306,0,0.104082339,387.5,148.3684521,0,0.108695652,0,0,0,0
11155,GGTGAATGTGTGTGTGTGTCAGG,0,0,0.12,0,0.089207198,485,155.3305247,0.07826087,0.195652174,0,0,0,0
11156,TTCACAGAAGCAGAGGTTTTGAG,0,0,0.060606061,0,0.164761667,552.5,199.8855901,0.043478261,0.108695652,0,0,1,0
11157,CCTGCCCTACTGGGCAGTGAAGG,0,0,0.086538462,0.287011089,0.27680625,455,178.8820994,0,-0.52173913,0,0,0,0
11158,TACAAGCTTTCATTGTTCTCTGA,0,0,0.011367394,0,0.932255747,620,214.6548992,0.052173913,0.217391304,0,0,0,0
11159,GTCATCTCCAATGACAAGTGGGA,0,0,0.026782981,0,0.170716418,492.5,171.0752542,0,-0.413043478,0,0,0,0
11160,GGGTGAGGGAAGTTTGCTGGAGA,0,0,0.00047658,0,0.110019113,485,144.5366797,1,1.108695652,0,0,0,0
11161,ATGAAAACCAGTGCCAAGAGAGA,0,0,0.003425957,0,0.005945117,392.5,174.2793839,0,-0.065217391,0,0,0,0
11162,CTTGACCCACAGAGAAGTATGGA,0,0,0.004884005,0,0.068478489,357.5,157.067738,0,-0.173913043,0,0,0,0
11163,GAACACCAAGCATTGCCAGCAGA,0,0,0,0,0.00490848,387.5,162.4658754,0,0.173913043,0,0,0,0
11164,GCCTTGTATTCATTGTTATAAAG,0,0,0.043874644,0.136699648,0.136699648,485,153.2992498,0,-0.695652174,0,0,0,0
11165,CTCAGCTAAGTCATTAGCTGGGA,0,0,0.001493931,0,0.609583333,552.5,193.825752,0.017391304,0.326086957,0,0,0,0
11166,GGACTCCCTGCTGCAGCCCCCAG,0,0,0.008714597,0.56879005,0.56879005,560,189.1113303,0,0.02173913,0,0,1,0
11167,AATGATCACGACTTCCTCATAGA,0,0,0.005803571,0,0.135166339,455,165.7853591,0,-0.304347826,0,0,0,0
11168,GGCACTGTGGGTGGAGGCGTCAG,0,0,0.017013889,0,0.068185438,387.5,147.3091661,0,-0.347826087,0,0,0,0
11169,GGCCCAGACTGAGCAATGGTGGG,0,0,0.05,0.007167767,0.007062745,375,118.3645298,0,-0.065217391,0,0,0,0
11170,CTTGCCCCACAAGACAGCACAGA,0,0,0.004734848,0,0.008178203,290,137.2837817,0,-0.130434783,0,0,0,0
11171,AAATGAGAAAAAGAGGTAGCTGG,0,0,0.012373737,0,0.066638083,417.5,125.3365526,0,0.130434783,0,0,0,0
11172,TGGTGGGGGAAGATTGCTTCAGG,0,0,0.298224852,0,0.187783063,455,173.9609431,0,-0.391304348,0,0,0,0
11173,GTTGCACCACAGGGCAGGAGGAG,0,0,0.056029175,0.084286125,0.082703287,485,154.8530828,0,0.195652174,0,0,0,0
11174,AAATGGTAAGAAGTGGGACACAG,0,0,0.003319846,0,0.033913968,455,182.4055395,0,-0.369565217,0,0,0,0
11175,GCCTCCCCAAAGCCTAGCTTAGA,0,0,0.019230769,0,0.054823517,425,135.2259742,0.030434783,0.173913043,0,0,0,0
11176,AATGTCTATTACCTCCTCAAGGA,0,0,0.003779572,0,0.220438397,522.5,202.0693983,0.82173913,1.347826087,0,0,0,0
11177,GCATCCCCAATGCCTAGCCCAGG,0,0,0.060606061,0,0.06214508,387.5,158.0158905,0,0.434782609,0,0,0,0
11178,TTCATGGAGGAATTAGGAGATAG,0,0,0.00951826,0,0.102464755,455,169.6552154,0,-0.630434783,0,0,0,0
11179,AAATGAGAACAATAGACACTAGG,0,0,0.072,0,0.03657553,387.5,150.2829172,0,-0.413043478,0,0,0,0
11180,AAAGGAGAAGAAAAGGAACAGGG,0,0,0.269230769,0.455862319,0.443021127,462.5,189.0409684,0,-0.934782609,0,0,0,0
11181,GTCAGCTCCAATGTATAGAGGGA,0,0,0.003527337,0,0.018907676,357.5,161.3174738,0,-0.413043478,0,0,0,0
11182,GCAAGCCCTTCTGCTGCCCCAGG,0,0,0.016879121,0,0.083169333,455,178.0413251,0,-0.5,0,0,0,0
11183,AGGATGGAGGAAGGAGGAGAAGG,0,0,0.14673913,0,0.577438983,462.5,173.7630795,0.013043478,0.02173913,0,0,0,0
11184,CTCTTGTTCTCTTTGTTCTCGAG,0,0,0.041440041,0,0.43009247,522.5,207.2841192,0.42173913,0.739130435,0,0,0,0
11185,GGCACTGAGGATGCAGGAGGAGA,0,0,0.009672619,0,0.023189471,357.5,172.8075814,0.004347826,0.195652174,0,0,0,0
11186,TGGATGGAGGACAGAGTAGTGGA,0,0,0.003162955,0,0.177880621,365,182.1984679,0,0.108695652,0,0,0,0
11187,GCATCTTTTCCGCCCACCGTGGG,0,0,0.136921296,0.15050689,0.147831212,455,176.2481193,0.008695652,0.282608696,0,0,0,0
11188,GGGTTGGAGTAGTGAGGAGTTGG,0,0,0.35718599,0,0.648306325,522.5,205.6185631,0.008695652,-0.391304348,0,0,0,0
11189,GAAATCCCTTCTGCCGAGCCAGA,0,0,0.002991453,0,0.032020193,387.5,158.3435341,0,0.608695652,0,0,0,0
11190,CTTGCCTCAGAGGTCAGTACAGG,0,0,0.019149832,0.059758764,0.058750178,455,163.0482982,0,-0.02173913,0,0,0,0
11191,CCCTCCCCCACCCCTGGCCACAG,0,0,0.022408964,0,0.238701321,425,201.2940355,0,-0.326086957,0,0,0,0
11192,GGTGAGTGTATATGTGAGTGTGA,0,0,0.016938271,0,0.145492645,455,181.5462717,0.034782609,-0.304347826,0,0,0,0
11193,TGGATGAAGGGAGGATGAGTGGG,0,0,0,0,0.036100118,357.5,183.7989891,0,-0.586956522,0,0,0,0
11194,GCCTCTGTCCCACACATGTTCGG,0,0,0.012810457,0.011351718,0.010987004,387.5,158.7681902,0,0.043478261,0,0,0,0
11195,GGTGCTTCGGCGGGAGGTGGGGG,0,0,0.122767857,0,0.474043556,522.5,207.6991188,0,-0.195652174,0,0,1,0
11196,CTTCCCTCACAGGGCTGTGAGGG,0,0,0,0,0.058591155,485,167.9067934,0,-0.282608696,0,0,0,0
11197,CCCATCCCTCCACAGAGACCGGA,0,0,0.000167531,0,0.093392989,387.5,148.4771515,0,-0.130434783,0,0,0,0
11198,CCCCTCCATCCAGGGAGACAGGG,0,0,0.009688581,0.175512882,0.170568858,462.5,186.9011043,0.147826087,0.456521739,0,0,0,0
11199,GACTTTTTTTCTTTGTTTTGCGA,0,0,0.000583567,0,0.036569509,387.5,147.1369823,0,-0.586956522,0,0,0,0
11200,GGTGAGTCAGTGAGTGAATGCGA,0,0,0.009558489,0,0.041781429,387.5,160.1914182,0,0.282608696,0,0,0,0
11201,GAGACCAGAGCAGAGTTTGTCGA,0,0,0.006365741,0,0.335877203,552.5,182.4410023,0,-0.217391304,0,0,0,0
11202,TGCACTGAGGAAGGAGGTGGAGG,0,0,0.39,0,0.390673193,425,202.1539989,0,0.173913043,1,0,1,0
11203,AACGATCACTCCTTCCTCAAGAG,0,0,0.012380952,0.186305221,0.183312366,425,201.1566118,0,0.173913043,0,0,0,0
11204,CACATTCCTCCAGGGACACAGAG,0,0,0.035016835,0,0.135502769,522.5,202.4350144,0,0.043478261,0,0,0,0
11205,CCCTGTCTCTGTGGAATGATAGA,0,0,0.002712674,0,0.035913554,387.5,172.3121985,0.065217391,0.5,0,0,0,0
11206,AAATGAGAAGAGGAGTCAGCAGA,0,0,0,0,0.015172408,320,126.3098738,0,0,0,0,0,0
11207,GGCAGTGAGGCTCGGGGTGGGGG,0,0,0.106736842,0,0.148388855,425,191.1055209,0,-0.108695652,0,0,0,0
11208,AAATGAGAAGCAGAAACAAAAAG,0,0,0.041830065,0,0.010999708,290,150.7264689,0,-0.108695652,0,0,1,0
11209,AACTTATTTTCATTTTTTTCTAG,0,0,0.021428571,0,0.050317447,455,177.7836611,0.782608696,3.717391304,0,0,0,0
11210,CCCTGACTCTCTGAATGGCTGGG,0,0,0.092456897,0,0.029152743,455,172.6436506,0.047826087,0,0,0,0,0
11211,GCCTCCCCACAACCTGCCCTAGG,0,0,0.043921569,0.105781642,0.104082339,387.5,148.3684521,0,0.086956522,0,0,0,0
11212,TGGATGGATGGATGAACAGTCAG,0,0,0.021147422,0,0.030650512,387.5,170.735599,0.082608696,0.47826087,0,0,0,0
11213,AACTTCTTTTCTTTGTTGTCAAG,0,0,0.007070707,0,0.09237382,455,184.2745823,0.286956522,-0.52173913,0,0,0,0
11214,AAATGAGGAGATGAGGCTGAGAG,0,0,0.003960905,0,0.043459753,387.5,152.2127494,1,3.826086957,0,0,0,0
11215,TGAGTGTGAGTGTGTGGGTGTGA,0,0,0.00106103,0,0.601049167,552.5,196.3975689,0,-0.52173913,0,0,0,0
11216,GATACTGAAGCAGAGATTTTGGG,0,0,0.580357143,0.313922712,0.305079818,560,200.7975901,0.008695652,-0.086956522,0,0,0,0
11217,TTCATCCATCAACAGACACATAG,0,0,0.074428495,0,0.322857199,425,203.2305958,0,1.195652174,0,0,0,0
11218,GTCCCCCTTGTCCCCGCCTCTGG,0,0,0.076146076,0,0.446837229,525,203.7783995,0.056521739,-0.434782609,0,0,0,0
11219,CCCATCCTTCCAGATGCTCAGGG,0,0,0.00588697,0,0.012926318,387.5,159.1814023,0.952173913,-0.369565217,0,0,0,0
11220,AGAGAGTGAGTGTGTGTGTGAGA,0,0,0.020833333,0,1.272061728,560,198.8858889,0,-0.195652174,0,0,0,0
11221,GCAAGGAGTAGAGCAGAGGCTGG,0,0,0.494976982,0.416921397,0.402848101,522.5,202.8310584,0,-0.130434783,0,0,0,0
11222,GGCCCTGCGACTGCAGGTAGCAG,0,0,0.026143791,0,0.068442964,455,170.947479,0,-0.086956522,0,0,0,0
11223,TGGGTGGAATAATGAGGAGATGG,0,0,0.183628627,0.378267906,0.371543143,552.5,172.2372833,0,0.152173913,0,0,0,0
11224,GGTATGTGTGTGTGTGAGTGTGA,0,0,0.006363636,0,0.353596915,552.5,192.0921886,0,-0.326086957,0,0,0,0
11225,GACTGGTTTTAACTTTTCTCTGA,0,0,0.003759398,0,0.082355815,327.5,187.9752542,0.039130435,-0.413043478,0,0,0,0
11226,GGGTGGGGGTAGTTTACTAAGGA,0,0,0.012090774,0,0.02977078,417.5,129.0342378,0,0.413043478,0,0,0,0
11227,TGGGGGGAGAAATGAGGAGATGG,0,0,0.21,0,0.60809025,552.5,174.9087437,0.065217391,0.02173913,0,0,0,0
11228,GGGTGAGGGGAGTTTCTCCCAGG,0,0,0,0,0.011803401,442.5,153.7161458,0.02173913,0.152173913,0,0,0,0
11229,AAATGAGCACATGAGACACAGGG,0,0,0.057142857,0,0.106381852,455,186.1039203,0,0.043478261,0,0,1,0
11230,GCCTGACCCAAGCCTGGCCTTGA,0,0,0.013265306,0,0.244064714,552.5,175.0283157,0,0.630434783,0,0,0,0
11231,CCTTGCTCTGCTCTACCCACTGG,0,0,0.134759358,0.359667248,0.353596915,552.5,192.0921886,0.017391304,-0.02173913,0,0,0,0
11232,GGCAGTGGGACTGGAGGTGAGGG,0,0,0.3375,0,0.60809025,552.5,172.6825267,0,0.369565217,0,0,0,0
11233,TGGATGGAGAAGGGAGGAGAAGA,0,0,0.006868961,0,0.104623026,357.5,159.8552427,0,-0.043478261,0,0,0,0
11234,GCCTCTTTCCCTCCATGCTTCAG,0,0,0,0.011738107,0.011394133,315,159.002341,0,-0.043478261,0,0,0,0
11235,GCCTCCCCAGAGACTGGGCATGA,0,0,0.001978474,0,0.186685534,462.5,180.4856098,0.056521739,-0.02173913,0,0,0,0
11236,GAGTTGTTTCCATTTTTCCCTGG,0,0,0.010509031,0,0.121381988,455,168.7252421,0,-0.065217391,0,0,1,0
11237,AAATAAGAGGAAGAGAAACAGGA,0,0,0.01872428,0,0.060818669,485,175.6773627,0.660869565,0.869565217,0,0,0,0
11238,GCTGAGTGAGAGGGTGGGTGGGG,0,0,0.007967736,0,0.130929356,357.5,182.2444847,0,0.108695652,0,0,0,0
11239,AAATGAGGAGAGGAGCGACAGGG,0,0,0,0,0.046613295,387.5,170.1095456,0.008695652,-0.065217391,0,0,0,0
11240,TGTGTGTGCGTGTGTTCGTGTGA,0,0,0,0,0.166395667,552.5,196.6634738,0,-0.043478261,0,0,0,0
11241,GCCTGTTTCCCACTCTCCCTAGA,0,0,0,0,0.012134777,387.5,158.2360695,0,-0.152173913,0,0,0,0
11242,GGAGCTGGGGCTGGAGGTGTGGA,0,0,0.016927083,0,0.6510065,552.5,177.5609831,0.095652174,0.02173913,0,0,0,0
11243,GGTGGGTGTGTGGGTGGGTGGAG,0,0,0.00171867,0,0.136842006,455,183.466468,0.430434783,0.02173913,0,0,1,0
11244,TCCTCTTTCCCACCCTCCAGTGG,0,0,0,0,0.037787688,417.5,134.0259742,0.065217391,0.173913043,0,0,0,0
11245,GGACTCTGTTCTGCAGGACCCAG,0,0,0.002811419,0.402050295,0.395264636,552.5,191.8572912,0,1.956521739,0,0,1,0
11246,AAATGAGAAGGGGAGAAACAAGG,0,0,0.219074074,0,0.024680936,290,166.9792789,0.07826087,0.260869565,0,0,0,0
11247,GGCACAGCTGTTGGAGGTTGAAG,0,0,0.024581619,0,0.097141912,455,176.476152,0.008695652,-0.217391304,0,0,0,0
11248,CACATCCATCCATATATACATAG,0,0,0.003771044,0,0.063223545,357.5,174.2675468,0.026086957,0.282608696,0,0,0,0
11249,CACTGTAACTCTGGATGAATGGG,0,0,0.402797202,0.215794005,0.211957667,552.5,188.053669,0.1,-0.282608696,0,0,0,0
11250,ACCTCATTCCCACCTCCCTTGAG,0,0,0,0.044156127,0.044156127,455,185.9185685,0.073913043,-0.239130435,0,0,0,0
11251,TATGAGTGAGTGTGTGGGAGAGA,0,0,0.000987575,0,0.202836708,485,167.225889,0.004347826,-0.586956522,0,0,0,0
11252,TGGATGGAGCTATGAAGAATGGG,0,0,0.087912088,0,0.03962298,387.5,159.941754,0,0.5,0,0,0,0
11253,GCCTCCTCCCACCCTGGCCATGA,0,0,0.005689776,0,0.246762336,522.5,200.149202,0.860869565,0.217391304,0,0,0,0
11254,GGTGGGTGTGTGGGTGGGTGTGA,0,0,0.000460358,0,0.136842006,455,183.466468,0,-0.456521739,0,0,0,0
11255,GGTGCATGTGTGTGTGTGTGTGG,0,0,0.14,0,0.213926133,552.5,191.1798046,0,0.47826087,0,0,0,0
11256,AGTAACCACTACATAATCAACAG,0,0,0.041481481,0.07171048,0.069289873,455,186.5909525,0.086956522,0.086956522,0,0,0,0
11257,GGTGCATGTGTGTGTGTGTGTGA,0,0,0.009722222,0,0.213926133,552.5,191.1798046,0.752173913,-0.239130435,0,0,0,0
11258,GAGACAGAGCTGAAGAAAAAGGA,0,0,0.006541078,0,0.098926116,455,184.886999,0,-0.065217391,0,0,0,0
11259,GACACACAAACAGAGTATTTTAG,0,0,0.082386831,0.216587939,0.20962929,552.5,189.0529877,0.952173913,3.565217391,0,0,0,0
11260,AAATGGGAAGAAGAAGAGCAAGG,0,0,0.125490196,0,0.018391345,387.5,156.7975501,0.008695652,-0.195652174,0,0,0,0
11261,AGAGAGTGAGTGAGTGAGTGTGG,0,0,0.207692308,0,0.232606028,455,188.1865684,0.647826087,0.739130435,0,0,0,0
11262,GGGACTATGGCTGGACGTGGGAG,0,0,0,0,0.174113559,552.5,195.9005764,0,-0.565217391,0,0,0,0
11263,GGAATCCCTTCCTCATCAACAGA,0,0,0,0,0.014080868,290,153.9481532,0.282608696,-0.717391304,0,0,0,0
11264,AAAGAAGAAAAAGAGGCAAATAG,0,0,0.05617284,0.45934875,0.45934875,552.5,181.2983436,0,0.065217391,0,0,0,0
11265,AAGTCCCAGCCGAGGAAGAAAGG,0,0,0.1155,0.086357271,0.084899764,425,198.9475508,0,-0.282608696,0,0,0,0
11266,AAAAGAGAGGAAGAGACAAAGGA,0,0,0.009448224,0,0.052414635,485,166.3301938,0.37826087,-0.913043478,0,0,0,0
11267,AAATGGGAAAAAAAGGAACAAGG,0,0,0.287179487,0,0.1187797,455,181.936848,0.02173913,-0.347826087,0,0,0,0
11268,AGATGAGAAAAAGAGGTGCAAGA,0,0,0.009679012,0,0.110039545,485,167.5588192,0,-0.173913043,0,0,0,0
11269,GCTCTGTTTTCTTTGTTCTCTGG,0,0,0.116509104,0,0.694060843,525,209.8422996,0,-0.608695652,0,0,0,0
11270,GGGTGGGGGGCATTTGCAGCCAG,0,0,0.008065844,0.023738816,0.02301119,290,149.0824826,0,0.217391304,0,0,0,0
11271,GACACATAAGTAGAGTATTTCAG,0,0,0.022574956,0.130517162,0.126323839,455,187.8146404,0.004347826,-0.043478261,0,0,0,0
11272,TGTGTGTGTGTGTGTGCATGAGA,0,0,0.01048951,0,0.189613667,552.5,188.5285664,0,0.282608696,0,0,0,0
11273,TACTTGTTATCATTATTCTAGAG,0,0,0.11328976,0,0.114205581,455,163.8955981,0.173913043,-0.152173913,0,0,0,0
11274,GTCATCCTAGTGCTTACCTGAGG,0,0,0.064327485,0,0.330772786,432.5,200.8013982,0,-0.173913043,0,0,1,0
11275,TACCACAAAGCATAGAGTTCTGG,0,0,0.016806723,0,0.199996994,485,166.937889,0,-0.434782609,0,0,0,1
11276,CCTGAGTGAGTGTGGGTGTGTGA,0,0,0.000801282,0,0.163368333,455,183.7668674,0.013043478,-0.369565217,0,0,0,0
11277,CCTGCCTTGGCCCTGCTCACAGG,0,0,0.333552632,0,0.109965252,425,190.2172807,0,-0.630434783,0,0,0,0
11278,GCCTCCACAAAAACTGGGCAGGA,0,0,0.002492877,0,0.0364677,357.5,174.1780649,0.02173913,-0.02173913,0,0,1,0
11279,GCAGTGTGAGTGTGTGTGTGTGA,0,0,0.005827506,0,0.601049167,552.5,196.1575689,0,0,0,0,0,0
11280,GGTTTGTTTTCATTTTTCTTGAG,0,0,0.006111111,0.184299023,0.184299023,455,167.0873785,0,-0.217391304,0,0,0,0
11281,ATGAACACCAGTGAATACATAGG,0,0,0.31372549,0.054402529,0.053151896,395,143.6320452,0.026086957,-0.217391304,0,0,0,0
11282,GCCTTGCCAGAGCCTGGCCCCAG,0,0,0.010415604,0,0.367894601,552.5,173.9963597,0,-0.239130435,0,0,0,0
11283,GGCACTGAGGCTGGGCATGGTGG,0,0,0,0,0.025390982,412.5,163.6186245,0,-0.152173913,0,0,0,0
11284,AAAGAAGAAGAAGAGGAAGAAAG,0,0,0.008191872,0,0.19201875,485,165.303969,0,-0.782608696,0,0,0,0
11285,GCCCCGCTCCGCCCCGCCCCAGG,0,0,0.07044335,0,0.167467781,455,180.1959324,0.839130435,-0.52173913,0,0,0,0
11286,AAATAAAAAAAAGAGTCACAAGA,0,0,0,0,0.15479763,552.5,193.2483369,0,-0.5,0,0,0,0
11287,AACTGAGAAGCAGCAGCACAGGG,0,0,0.03457383,0,0.032847134,327.5,186.5957101,0.069565217,-0.195652174,0,0,0,0
11288,GAGCCCCCACACCCAGCCTCAAG,0,0,0.024691358,0,0.242694227,522.5,197.4053811,0.426086957,0.304347826,0,0,0,0
11289,AGATGAGAAGATTAGGCTCAAAG,0,0,0.01037037,0,0.059088708,357.5,176.3212457,0,-0.195652174,0,0,0,0
11290,AAATGAGAATACTTGGCACACAG,0,0,0.008869396,0,0.034096845,362.5,185.3536579,0,0.086956522,0,0,0,0
11291,GTCACAGCGGGTGGGGGTGGTGG,0,0,0.089621212,0,0.135266321,425,196.7369107,0,-0.913043478,0,0,0,1
11292,GGGATGGAGGGATGAGGTGATGG,0,0,0.17486413,0,0.075868305,387.5,150.4089831,0.326086957,0.586956522,0,0,0,0
11293,GGCTCTGGGTCTGGAGCTGGGGG,0,0,0.078208556,0,0.532999604,552.5,189.2487356,0,-0.217391304,0,0,0,0
11294,GGTGGGTGAGTGGATGAGTGAGA,0,0,0.004565217,0,0.033370636,357.5,175.7870637,0,-0.173913043,0,0,1,0
11295,GCCTACCCAAAGCCAGGCTCAGG,0,0,0.03470214,0,0.055738305,387.5,135.8190586,0,3.434782609,0,0,0,0
11296,TGGATGAAGGAATAAGAAGAGAG,0,0,0.102083333,0,0.024558978,387.5,147.0539236,0,0.369565217,0,0,0,0
11297,CCCTGAGTCACTGCATGGAAGGG,0,0,0.179081633,0,0.052040787,455,163.645495,0,-0.326086957,0,0,0,0
11298,GGGACTGAGGCTGGTGGGGGCGG,0,0,0.021666667,0,0.082004963,455,175.9418282,0,-0.065217391,0,0,0,0
11299,CTCATGCATCCAAAGCCACACAG,0,0,0,0.062649005,0.060534271,455,190.3862696,0,0.086956522,0,0,0,0
11300,TGTGAGTGCGTGTGTGACTGTGA,0,0,0.008818342,0,0.073001262,485,168.8307753,0,-0.152173913,0,0,0,0
11301,GGCTTGTTTTCCATGTTCTCCAG,0,0,0.037786775,0.550635616,0.535952,432.5,202.944579,0,0.02173913,0,0,0,0
11302,GAGTTGTTTATACTGTTCTCTGA,0,0,0.007229612,0,0.279058991,425,197.9508593,0.056521739,-0.043478261,0,0,0,0
11303,ATGAGCACAGGTGTGTAGAGCAG,0,0,0.047407407,0.119961706,0.119961706,522.5,197.3209786,0.008695652,-0.086956522,0,0,0,0
11304,GCCTCCACCAAGTCAGGCCAGGA,0,0,0.012061403,0,0.05907749,425,189.1506967,0.295652174,1.152173913,0,0,1,0
11305,GCCACTGCAGTTGGAGCTGGAGG,0,0,0.032221173,0,0.206712756,455,187.7840249,0.395652174,1.847826087,0,0,1,0
11306,GAGTCCATACAGGAGAAGAAAGA,0,0,0.012477817,0,0.220438397,525,200.2579014,0,-0.695652174,0,0,1,0
11307,CGTGCGTGTGTGTGTGCGTTTGA,0,0,0.010416667,0,0.426140229,552.5,176.8142997,0.008695652,0.043478261,0,0,0,0
11308,CCAGTGAGTAGAGCCACGCCTGG,0,0,0.021574774,0,0.007295024,345,135.9704415,0,-0.304347826,0,0,0,0
11309,CCAGTGAGTAAAACGGAGAAAAG,0,0,0.085470085,0.040365105,0.040365105,290,135.5849959,0,-0.239130435,0,0,0,0
11310,AGTGTGTGCGTGTGTGTGTGTGG,0,0,0.087272727,0,0.372455417,552.5,192.9657886,0,2.304347826,0,0,0,0
11311,GCCTGACTAGAGCCTGGCCATGG,0,0,0.270833334,0.749072759,0.727121909,620,208.0341426,0.956521739,1.260869565,0,0,0,0
11312,ACTGACCACTACCTCCTAACCAG,0,0,0.005248163,0.052902764,0.052902764,387.5,146.8997463,0.060869565,0.217391304,0,0,0,0
11313,GGGTGGGGAATGTGTGCTCCTGG,0,0,0,0,0.06072567,427.5,192.3792149,0.034782609,0.304347826,0,0,0,0
11314,GATTTCCCAAAGGCTGGCCAGAG,0,0,0.011248852,0.564060529,0.545938102,522.5,207.6443595,0,-0.217391304,0,0,0,0
11315,GGTGTGTGTGTGCGCGCGTGCGG,0,0,0.046976947,0,0.090665591,425,190.2455575,0.017391304,0.260869565,0,0,0,0
11316,GGCTTCGTTTCATTGTCCTCTAG,0,0,0.058718675,0,0.251888977,552.5,193.8047241,0.004347826,0.282608696,0,0,0,0
11317,ATGACCTCCACTGTGTAGAGGAG,0,0,0.012962963,0,0.080808209,425,197.6592308,0.008695652,-0.173913043,0,0,0,0
11318,GTGTCCACAAGGCCTGGCCAAGG,0,0,0.221590909,0.534744255,0.534744255,522.5,209.8187355,0.482608696,0.847826087,0,0,0,0
11319,TCCATCTTAGTCATTGCCAGTGA,0,0,0.003270539,0,0.090617958,485,170.9235742,0.039130435,0.02173913,0,0,0,0
11320,ATCATCACCAATGATTAGAGCAG,0,0,0.005180005,0.220450566,0.220450566,425,196.9465747,0.017391304,-0.152173913,0,0,0,0
11321,TTCATTTTAATCATTCCCTGCAG,0,0,0,0,0.151745495,552.5,195.1338537,0.530434783,-0.5,0,0,0,0
11322,GGGAGTTGGGAGTTTGCTTCCAG,0,0,0.021706688,0.206090981,0.206090981,552.5,183.4092353,0,0,0,0,0,0
11323,TGTGTGTGCGTGTGTGCGGGCAG,0,0,0.013468013,0,0.321904489,552.5,183.2038997,0.1,-0.173913043,0,0,0,0
11324,TGCACTGAGGCTGAAAGTGGAGG,0,0,0.4875,0,0.040577667,455,187.1725725,1,1.717391304,1,0,0,0
11325,GTCCCCTTCCACCCAGTCTCAGG,0,0,0.061279461,0,0.111580572,455,181.3836866,0,0.347826087,0,0,0,0
11326,AGGTGGGAGGAGTTTGCTGAGAG,0,0,0.014583333,0.223900568,0.219695863,485,148.2145832,0,0.086956522,0,0,0,0
11327,CACACCGAAGCTGGGTTTTTAGG,1,0.00215,0.111111111,0.224291787,0.217973709,432.5,201.0447149,0,-0.282608696,0,0,0,0
11328,GACATGTTTTCATTTCTTTCAAG,0,0,0.007558579,0,0.013580815,387.5,161.4076193,0.265217391,-0.065217391,0,0,0,0
11329,TGGATGGGTGAGTGAGGGGTTAG,0,0,0.029293095,0,0.084298124,455,179.000969,0,NA,0,0,0,0
11330,GACCCCCACCTCCCAGCTTCAAG,0,0,0.009116809,0,0.041709922,357.5,170.2397445,0,-0.326086957,0,0,0,0
11331,GAATGAGAAGGAGAGGAAGAAGA,0,0,0.002633102,0,0.112574373,387.5,161.2358053,0,0.586956522,0,0,0,0
11332,AAAACCAGTGAGGAGAGGTGGAG,0,0,0.005210234,0.03797669,0.037301548,387.5,153.0013462,0,0.152173913,0,0,1,0
11333,GGCACAGCAGATGGGGGTGGTGA,0,0,0.018861607,0,0.078664699,425,193.0171304,0,-0.152173913,0,0,0,0
11334,GGTGAGTGAGTGAATAAGTGAAG,0,0,0.062820513,0,0.004982859,290,159.7869579,0,-0.391304348,0,0,0,0
11335,GGAATCCCATATACAGCAGCCAG,0,0,0.020833333,0,0.059144074,357.5,168.7628155,0,-0.065217391,0,0,0,0
11336,TACACTGTGGGTGGAGGTGGGAG,0,0,0.047987892,0,0.794051205,522.5,209.6300993,0,-0.326086957,0,0,0,0
11337,ATCTTCTTAGTCATGACTTGAGA,0,0,0.001278409,0,0.083169333,455,178.6960451,0,0.260869565,0,0,0,0
11338,GACATCATTCTCATCCCCATGGG,0,0,0.065934066,0.332281119,0.332281119,522.5,199.2259453,0,-0.152173913,0,0,0,0
11339,GGAATCCCATCTTCACCATCAGG,0,0,0,0,0.018329335,387.5,157.7044733,0,4.673913043,0,0,0,0
11340,CTCACTGAGGCTGGAGGGGGTGG,0,0,0.098484848,0,0.310333333,552.5,190.4368498,0.030434783,0.130434783,0,0,1,0
11341,GAGTACGAGGGGAAGAAGAAGGA,0,0,0.010030864,0,1.300126506,530,207.8898599,0.247826087,-0.043478261,0,0,0,0
11342,AAATTAGAAAAAGAGTGACAAAG,0,0,0,0,0.091675932,485,174.6454066,0.02173913,-0.02173913,0,0,0,0
11343,TGAATTCCTTATGCAGCACTGGG,0,0,0.208928572,0,0.234185328,455,174.0463324,0,-0.739130435,0,0,0,0
11344,GGAATGCCTGCTGAAGCACATGG,0,0,0.04375,0.053858806,0.052040787,455,163.645495,0,0.652173913,0,0,0,0
11345,TGGGTCGAGGGATGGGGAGTGGG,0,0,0.180042614,0.133021237,0.128747462,425,196.1033107,0,0,0,0,0,0
11346,GGTGGGTGTATGTGTGTGTGTAG,0,0,0.048782222,0,0.325662758,552.5,187.9740522,0,-0.086956522,0,0,0,0
11347,GGCAGCCCTTCTGTAGCCCCAGA,0,0,0.00266062,0,0.045592311,455,180.3211621,0,-0.369565217,0,0,0,0
11348,CTGGCCACCCAGGGCAGAAAGGG,0,0,0.142857143,0.127693048,0.127693048,552.5,186.9057056,0,-0.173913043,0,0,0,0
11349,GGGATGTGAGTGTGTGGGTGTGA,0,0,0.000668449,0,0.570616297,555,195.5239689,0,0.326086957,0,0,0,0
11350,GACCCCCAGCTCCCAGCCTCTGA,0,0,0.002351558,0,0.124046168,425,191.7032974,0.27826087,0.652173913,0,0,1,0
11351,GGCATCACTCCTCCAGCACCAGA,0,0,0.005012531,0,0.343418542,522.5,201.7977622,0,-0.130434783,0,0,0,0
11352,CGTGAGTGTGTGTGTGAGCGAGG,0,0,0.055172414,0,0.123933228,485,163.5061086,0,0.02173913,0,0,0,0
11353,GGATGAGAAGAAGAGGGACTTGG,0,0,0.028235294,0.27365625,0.268517165,485,160.836289,0,-0.543478261,0,0,0,0
11354,TAACAGAAAGCATAGACTCAAGA,0,0,0.007782567,0,0.132915997,485,149.5284161,0.869565217,1.739130435,0,0,0,0
11355,CCAGTGAGTAGAGAAGATGAGGG,0,0,0.109803922,0.004454793,0.004454793,290,130.7928606,0.013043478,0,0,0,0,0
11356,AATAGAGAAAAAGAGCCACATGG,0,0,0,0,0.234785634,552.5,195.5182377,0,0.086956522,0,0,0,0
11357,GGCACGGAGCCTGGAGGCGGGGA,0,0,0.004421769,0,0.164163878,552.5,183.8991293,0.117391304,-0.173913043,0,0,0,0
11358,TAACACAAAGCATTAACTCCCGA,0,0,0.015626174,0,0.021038118,357.5,162.6057938,0.004347826,-0.739130435,0,0,0,0
11359,CCAGCCTCCGCCCTACTGAGGGA,0,0,0.000368568,0,0.062777859,387.5,148.3949663,0.073913043,0.239130435,0,0,0,0
11360,TGTGAGGGAGTCTGTGTGTGTGA,0,0,0.010092272,0,0.204841945,455,188.1146077,0,0.173913043,0,0,0,1
11361,GAAGAGAAAGTATAGGCTGCGGA,0,0,0.001027285,0,0.086812714,455,193.0219064,0.1,-0.086956522,0,0,0,0
11362,GACATGTTTTCATTTCTCTTAAG,0,0,0.003527337,0,0.030434884,387.5,149.6933526,0,-0.130434783,0,0,0,0
11363,AAAAGAGAGGGAGAGGCACATGA,0,0,0.014329806,0,0.862516064,530,209.3365359,0,-0.326086957,0,0,0,0
11364,AGATGTGAAGAACAGGGACAAGG,0,0,0.01415303,0,0.142724794,455,186.6885844,0,-0.108695652,0,0,0,0
11365,TGTGTATGAGTGTGTGGGTGTAG,0,0,0.005545653,0,0.368797917,552.5,195.1395849,0.004347826,0,0,0,0,0
11366,TGGATGGAAGAAAGATGAGTGGG,0,0,0,0,0.103445981,462.5,189.6524732,0,0,0,0,0,0
11367,TAATTAGAAGAAAAGGCACAGGA,0,0,0.019230769,0,1.150704225,530,209.6123595,0.086956522,0.130434783,0,0,0,0
11368,AAAGAAGAAGTAGAGGCAGAGAG,0,0,0.005401235,0.27680625,0.27680625,455,180.0599964,0,-0.065217391,0,0,0,0
11369,GGTGGGTGTGCGTGTGTGTGTGA,0,0,0.009333333,0,0.196246288,455,186.7357049,0.647826087,0.847826087,0,0,0,0
11370,GAACTGAAAGCATGGATTGCAAG,0,0,0.010265619,0,0.052168566,455,183.5004003,0.056521739,-0.065217391,0,0,0,0
11371,TGTGTGTGTGTGTGTCCGTGAAG,0,0,0,0,0.166395667,552.5,196.6634738,0,0.369565217,0,0,0,0
11372,AGAAACAGTGAGTAGAGTGGGGA,0,0,0.017687075,0,0.305988667,552.5,191.7203467,0,-0.543478261,0,0,1,0
11373,TGGATGGATGGACGAGGAATGGA,0,0,0.013575606,0,0.059144074,357.5,168.7628155,0.013043478,-0.782608696,0,0,0,0
11374,GAAGAGAAAGCATAGAAAGCAAG,0,0,0.020164609,0,0.068624422,485,170.1309717,0.095652174,0,0,0,0,0
11375,GCCACCTGCCCACTCACCTTCAG,0,0,0.060356653,0.131078189,0.128972515,522.5,201.8014144,0.02173913,0.47826087,0,0,0,0
11376,GTATTCTTTTAATTGTTCTCTAG,0,0,0.083562902,0,0.473675365,522.5,210.4159323,0,-0.282608696,0,0,0,0
11377,GAATGAGAATCAGAGACACAGGA,0,0,0.022569444,0,0.139204545,455,190.689754,0,-0.304347826,0,0,0,0
11378,GAGGAGGAGCAGAAGAAGAAAAG,0,0,0.046296296,0,1.403540904,630,216.452096,0.004347826,0.152173913,0,0,0,0
11379,GAAAAAGAAGAAGAGGCACACAG,0,0,0.106995885,2.426564496,2.426564496,627.5,218.23808,0,-0.456521739,0,0,0,0
11380,TGTGTGTGAATGTGTACGTGGGG,0,0,0.33939394,0,0.250819,552.5,195.6315177,0,-0.195652174,0,0,0,0
11381,CCCACTGCGGGTGGAGGTGGAAG,0,0,0.032051282,0,1.562222222,530,213.9299163,0,-0.065217391,0,0,0,0
11382,CACCACCTTCACCCCGCCTTTAG,0,0,0.027777778,0,0.426140229,552.5,176.8142997,0,0.282608696,0,0,0,0
11383,CCCTGCTTCTCAGGATGGAAGGA,0,0,0.016233766,0,0.127433545,455,170.1771348,0,-0.652173913,0,0,0,0
11384,GACAGATTAGTCATTAACTGAGA,0,0,0.016296296,0,0.368797917,552.5,194.8995849,0.108695652,-0.043478261,0,0,0,0
11385,GGGATGCATTCTGCAGGACCTGG,0,0,0.011683006,0.357283047,0.34522286,552.5,192.800088,0,-0.130434783,0,0,0,0
11386,GCCTCTCTCTCCCCCACCCTCAG,0,0,0.012178293,0.146542136,0.146542136,455,173.3609824,0,0.065217391,0,0,0,0
11387,AAGAGAGAAGAAGAGGAAGACAG,0,0,0.004401006,0,0.189330488,485,166.064289,0.052173913,2.891304348,0,0,0,0
11388,AAAGGAGTAAAAGAGTCACATGA,0,0,0,0,0.238119304,552.5,192.9464207,0.02173913,0.347826087,0,0,0,0
11389,AGATGAGAAAACAAGGCACAGAG,0,0,0.047023542,0,0.250894548,425,196.7528426,0,0.413043478,0,0,0,0
11390,GGTGTGTGTGTGTGTGCCCGTAG,0,0,0.007430628,0,0.056704087,485,157.7805664,0,-0.5,0,0,0,0
11391,GCCTCCCCAAGGCCTGCTCAGGA,0,0,0.006827731,0,0.106522851,395,167.7604719,0,-0.043478261,0,0,0,0
11392,TGTGGGTGTGTGTGTGGGTGTGG,0,0,0.025411765,0,0.372455417,552.5,192.9657886,0.226086957,0.369565217,0,0,0,0
11393,TGTGGGTGTGTGTGTGGGTGTGA,0,0,0.001764706,0,0.372455417,552.5,192.9657886,0.386956522,0.282608696,0,0,0,0
11394,CTTGCCCCACCTTGCAGCAAAGG,0,0,0.01978022,0,0.02827089,295,170.331162,0,-0.086956522,0,0,0,0
11395,GGTGTGTGTGTGTGTGTGGGTGG,0,0,0.025454545,0,0.111383028,485,162.2177886,0.026086957,0.217391304,0,0,0,0
11396,GCCACTGGGGCAGGAGCTGGGAG,0,0,0.021719457,0,0.299915,455,187.1579715,0,-0.304347826,0,0,0,0
11397,TGAGAGTGAGGGTGTGTGTGAGG,0,0,0.133333333,0,0.333582288,455,191.4558052,0,-0.043478261,0,0,1,0
11398,AAATGAGAAGCTGAGGCACAGAG,0,0,0.034567901,0,1.425313187,440,207.6538158,0,-0.652173913,0,0,0,0
11399,AATTGAGCAAAAGAGGCACTGGA,0,0,0.011764706,0,0.599576987,552.5,173.4428467,0.004347826,0.086956522,0,0,0,0
11400,CACACCAGTGTGCAGAGCTGCAG,0,0,0.035987404,0.113159175,0.113159175,357.5,172.7225958,0.004347826,1.326086957,0,0,0,0
11401,AAGATGGAGGAATGAGGTGAGAG,0,0,0.061698718,0,0.136699648,485,156.3990668,0.195652174,-0.065217391,0,0,0,0
11402,TGTGAATGAGTGTGTGCATGTGA,0,0,0.048076923,0,0.397358025,560,193.1906827,0,-0.565217391,0,0,0,0
11403,TGTGAGTGTGTGTGTTTGTGCAG,0,0,0,0,0.064062332,485,176.9656827,0,0,0,0,0,0
11404,GGGGGTGGGGGGTATGCTCCTGA,0,0,0.011642967,0,0.071579746,425,198.6711476,0,-0.195652174,0,0,0,0
11405,TCCATCCATTCAGACAGACAAGA,0,0,0.001048548,0,0.150462235,455,179.0151309,0.3,0.065217391,0,0,0,0
11406,AAAGGAGAAAAAGAGGCTCTTGG,0,0,0.175,0,0.119185689,485,150.7737304,0,0.195652174,0,0,0,0
11407,AATTCTTTCCCACCCACCTCTGA,0,0,0.002840909,0,0.687682923,555,181.2944001,0.065217391,0.413043478,0,0,0,0
11408,GCCTGCCCCAAGCCTTGGCACAG,0,0,0,0.031493772,0.030962232,485,171.2401405,0.869565217,3.065217391,0,0,0,0
11409,GACACAGAATCAGAGTTTTCTGG,0,0,0.068587662,0.73212856,0.73212856,560,176.4846797,0,-0.195652174,0,0,0,0
11410,GAGTCTGAGCAGAGGGAGATAAG,0,0,0.012962963,0.010058322,0.009718801,387.5,151.3488055,0.013043478,0.130434783,0,0,1,0
11411,TGTGAGTGTGTGTGAGGGTGTGA,0,0,0.001418989,0,0.099818052,455,180.047087,0.386956522,-0.217391304,0,0,0,0
11412,CTTATCTCACAGGGCAGTTAGGG,0,0,0.250568181,0.34064625,0.34064625,552.5,183.9068993,0,-0.391304348,0,0,0,0
11413,GAGTCTCAGAACAAGAAGAAAGA,0,0,0.020340949,0,0.255573121,522.5,202.3229983,0,-0.130434783,0,0,0,0
11414,GCCTCCCCGAAGGCTGGCTCCAG,0,0,0.002472275,0.0459131,0.04443798,387.5,137.8552992,0,-0.065217391,0,0,1,0
11415,AGGTAAGACTCAGCATCCCTTAG,0,0,0.062646751,0.485227553,0.485227553,552.5,182.5866636,0.026086957,-0.217391304,0,0,0,0
11416,CACCCCCTCCAACCAGACTCTGG,0,0,0.052910053,0,0.08037722,357.5,176.2907669,0.408695652,-0.413043478,0,0,0,0
11417,GGTGCATGTGTGTGTGGGTGTGG,0,0,0.017647059,0,0.213926133,552.5,191.1798046,0,-0.043478261,0,0,0,0
11418,CTTCCCCCAAAGGTCAGTAGGGA,0,0,0.006497501,0,0.090605447,455,164.557879,0,0.043478261,0,0,0,0
11419,GGTGAGAGGGCGTGTGGGTGTGG,0,0,0.022875817,0,0.127576638,455,185.6408441,0.334782609,-0.239130435,0,0,1,0
11420,AGTGAGTGTGTGTGTGAGAGAGA,0,0,0.005,0,0.123933228,485,163.5061086,0.669565217,0.804347826,0,0,0,0
11421,TGGATGGATGGATGAGTAGACGG,0,0,0.04875,0,0.077890861,387.5,150.8864249,0.960869565,4.52173913,0,0,0,0
11422,CCAGTAAGGAGAACGGGGGCCGG,0,0,0.100840336,0,0.078799562,455,182.968804,0,-0.130434783,0,0,0,0
11423,TTGATGGAGGAATGAGGGAGAGG,0,0,0.032085561,0,0.043060389,442.5,125.6510669,0,-0.239130435,0,0,0,0
11424,CAATGTGTAGAAGAGGAACAGAG,0,0,0.031746032,0.375472992,0.368797917,552.5,193.328088,0,-0.130434783,0,0,0,0
11425,CGTGTGTGGGTGTGTGTGTGTGG,0,0,0.080808081,0,0.372455417,552.5,192.9657886,0,-0.130434783,0,0,0,0
11426,GGTGTGTGCGTGCGTGCGTGTGG,0,0,0.16404648,0.631882278,0.631882278,530,205.6525791,0,-0.934782609,0,0,1,0
11427,TGGAGGGTGGAGAGAGGAGTGGA,0,0,0.009523809,0,0.259890517,425,197.5964421,0,-0.304347826,0,0,0,0
11428,AAATGAGAGGCTGAGGCAGAAGG,0,0,0.011111111,0,0.075190916,357.5,170.5460356,0,-0.52173913,0,0,0,0
11429,ATGTACAGCCCTGAGTAGAGAGA,0,0,0.004058442,0,0.697697198,522.5,204.0047629,0,2.52173913,0,0,0,0
11430,TGGATGGAAAAAAGAGGAGCCGA,0,0,0.002622378,0,0.129928189,455,163.6115628,0,0.456521739,1,0,1,0
11431,TGTGAGTGTGTTTGTGTGTGGGG,0,0,0.107692308,0,0.183248065,455,186.5380081,0,0.043478261,0,0,0,0
11432,CTGATCTTAGTCATTTCTTGTAG,0,0,0,0,0.052630051,485,175.9602408,0,-0.043478261,0,0,0,0
11433,TGTGAGTTAGGGTGTGTGTGAGG,0,0,0.116666667,0,0.33831875,455,188.8839883,0.034782609,0.52173913,0,0,0,0
11434,GGCTCCGCGAAGCCTGGCCCGGA,0,0,0.003444505,0,0.291053776,552.5,175.4794389,0,0.543478261,0,0,0,0
11435,CGTGTGAGAGTGTGTGCGTGTGA,0,0,0.015782828,0,1.737215529,627.5,216.7284992,0.104347826,-0.543478261,0,0,0,0
11436,AGTGAGTGAATGTGTGCGAGTGA,0,0,0.016666667,0,1.038076271,560,184.6602636,0,-0.195652174,0,0,0,0
11437,GCCCCCCTCCACCCTCCCTTGGG,0,0,0,0,0.032149525,387.5,150.3269526,0,-0.391304348,0,0,0,0
11438,TGGGTGTGAGTGTGTGTGTGGGA,0,0,0.005892256,0,0.601049167,552.5,196.3975689,0,-0.760869565,0,0,0,0
11439,AGTCACCACTTCATCCTCACAAG,0,0,0.007678596,0,0.387083187,455,174.7187164,0,-0.434782609,0,0,0,0
11440,CATCCCTGAGCTCTACTCACCAG,0,0,0.05500382,0,0.833979885,620,211.0268027,0.047826087,-0.782608696,0,0,0,0
11441,AAATGAGAACAAGAGCCAGAGAG,0,0,0,0,0.13334681,492.5,167.3718378,0,-0.456521739,0,0,0,0
11442,TTCTCTTCCCCACCCACCTTTGA,1,0.018542516,0.063131313,0,2.543507363,627.5,217.060183,0,-0.369565217,0,0,0,0
11443,AAAGACTAATACATCTTCAAAGA,0,0,0.010629252,0,0.106383384,552.5,195.040613,0,-0.434782609,0,0,0,0
11444,TGGGTTGGGGAATGGGGAGTGGG,0,0,0.198611111,0,0.23197741,522.5,199.2335775,0.813043478,1.52173913,0,0,0,0
11445,TCTGCCTCCTCTCTATTCACTGA,0,0,0.017361111,0,0.499142289,560,198.1198377,0,0.043478261,0,0,0,0
11446,TGTGAGTGAGTGCGAGTGTGAGA,0,0,0.01481225,0,0.063223545,357.5,174.5075468,0,-0.217391304,0,0,0,0
11447,GTCATTTTAGTCATTATCTTGAG,0,0,0.078641975,0,0.306047226,492.5,160.490305,0,0.195652174,0,0,0,0
11448,CTGTGGGAGGAGTGTGCTCCCAG,0,0,0,0.227816524,0.223971519,522.5,204.2209984,0.369565217,0.456521739,0,0,0,0
11449,AAAAAAGAAGAAGAGGGAAAAGG,0,0,0.010404162,0,0.19201875,485,165.303969,0,0.108695652,0,0,1,0
11450,GGTGAGGCAGTGTGTGAATGTGA,0,0,0.008121592,0,0.073738285,485,167.3075579,0,-0.02173913,0,0,0,0
11451,AAATAAGAAACAGATGCACAAGG,0,0,0.046222222,0.199193974,0.195994071,425,192.4828383,0,-1.717391304,0,0,0,0
11452,GGTGAATGAGCTTGTGCTTGGGA,0,0,0.011870845,0,0.048671649,357.5,178.0444986,0,-0.369565217,0,0,0,0
11453,GGGAGGGGGCAGTTTCCTCCAGA,0,0,0,0,0.471021596,560,197.2462377,0,-1.152173913,0,0,1,0
11454,AGTGGGTGAGTGTGTGTGTGTGA,0,0,0.021,0,1.290123457,560,198.1255689,0.008695652,-0.369565217,0,0,0,0
11455,AAAACAAGTGAGTAGAGGGTAGA,0,0,0.005216049,0,0.077196351,485,154.3250828,0,-0.326086957,0,0,0,0
11456,TGGAAGGAGGAATGACAAGAGAG,0,0,0,0,0.043721755,417.5,142.4995431,0.465217391,-0.173913043,0,0,0,0
11457,TATGAGTGTGTGTGTGTGTGAGA,0,0,0.016452991,0,0.372455417,552.5,194.0141086,0.104347826,-0.239130435,0,0,1,0
11458,GGCCCTGAGGCCTGAGGTGGTGG,0,0,0.065201238,0,0.272415361,425,198.0111621,0,-0.217391304,0,0,1,0
11459,GAACCACTGCACCCAGCCTCCAG,0,0,0.028702071,0,0.146830007,522.5,198.7192141,0,-0.5,0,0,0,0
11460,GACACTGGAGGTGGAGGTGGGAG,0,0,0.022664835,0,0.485165286,522.5,205.670319,0,-0.065217391,0,0,0,0
11461,TGGAAGGAGGAAAGAGGACGAGG,0,0,0.027383367,0,0.080487776,387.5,140.5267596,0,-0.47826087,0,0,0,0
11462,ATGACCTCCAGAGAGGAGAGCAG,0,0,0.015705128,0.085438199,0.082693196,455,190.5239729,0.008695652,0.086956522,0,0,0,0
11463,AACCCTCTCCAGCCTGCCTCAGG,0,0,0.024761905,0,0.119911766,425,195.490894,0,-0.695652174,0,0,0,0
11464,AGTGGGTGTGTGTGTGTGTGTAG,0,0,0.04704,0,0.372455417,552.5,192.9657886,0,0.02173913,0,0,0,0
11465,CCCATGGAGGAATGAGAAGTAGG,0,0,0.213017751,0.611927885,0.601049167,555,197.4458889,0.008695652,0.239130435,0,0,0,0
11466,GGAAATGGGGGTGGAGGTGGAGG,0,0,0.079591837,0,0.7469375,522.5,208.0537793,0.017391304,0.043478261,0,0,0,0
11467,GAGGCAGAGCAAGAGAAGAAAGA,0,0,0.024532005,0,0.164811294,425,199.324995,0.02173913,-0.195652174,0,0,0,0
11468,AACCCAGAAGAAGATGCACAGAG,0,0,0.008069895,0.397208228,0.397208228,525,202.3030584,0.104347826,0.152173913,0,0,0,0
11469,GAGTCCAAGATGTAGAAGAAAAG,0,0,0.020740741,0.184416021,0.184416021,425,196.0956785,0,0.108695652,0,0,0,0
11470,GAACAAAAGGCAGAGACTGTCAG,0,0,0.012560386,0,0.089670612,455,166.8173152,0,0.173913043,0,0,0,0
11471,CTCTGAGTCTCTGGGTGGAGAGG,0,0,0.090374331,0.113084086,0.113084086,455,165.8293945,0,-0.173913043,0,0,0,0
11472,GCCTTTTTCCCACCTTACTTTGG,0,0,0,0.026676601,0.026676601,412.5,165.4301215,0,-0.130434783,0,0,0,0
11473,TGGATGGAGGAATGAATTCTAAG,0,0,0.014527458,0,0.005335167,400,124.7541298,0,-0.717391304,0,0,0,0
11474,GCTTGGGGAAAGTTTGCTCCAGA,0,0,0.014423077,0,0.757342138,620,209.4804832,0,-0.47826087,0,0,0,0
11475,GCCCCCAAAAAGCCTGGGCACAG,0,0,0.010904139,0.208255349,0.201225633,552.5,187.420069,0,0.239130435,0,0,0,0
11476,TGGATGGGGGAATGGAGAATGAG,0,0,0.088271605,0,0.02077444,387.5,153.8567356,0,-0.195652174,0,0,0,0
11477,GTATTCCCAAAGCCTGTCCAGGG,0,0,0.125344353,0,0.601049167,552.5,196.1575689,0.1,0.608695652,0,0,0,0
11478,GTCTCTTTCCCACCTACTGTCAG,0,0,0.002525253,0,0.02619834,387.5,148.5816452,0.169565217,0.304347826,0,0,1,0
11479,AGATGAGAAGCAGAAGAACAAGG,0,0,0.14054902,0,0.090669425,357.5,177.5367837,0.182608696,0.239130435,0,0,0,0
11480,GGACAGAAAGCATAGATTCCTAG,0,0,0.021694338,0,0.116171344,485,165.439905,0,-0.043478261,0,0,0,0
11481,ATGAATACAAATGAGTAGAGTAG,0,0,0.206349206,0.509544049,0.497830393,530,208.4241519,0.013043478,-0.304347826,0,0,0,0
11482,AGTGACTGAGTGTGTGTGTGTGA,0,0,0.019886364,0,0.780524691,560,197.6279049,0,-0.152173913,0,0,0,0
11483,GCCACTGCGCCTGGCTGTGGGAG,0,0,0,0,0.063815973,455,182.4728161,0.691304348,1.630434783,0,0,0,0
11484,CTGAACAGCAGTGAGAAAAGCAG,0,0,0.08991009,0.055345161,0.053377333,485,173.3884239,0,-0.434782609,0,0,0,0
11485,CCAGTGGGGAGAGATGAGGCAGA,0,0,0.001517274,0,0.022745597,425,187.0108326,0,0.02173913,0,0,0,0
11486,AAATGAGAACAATAGACACTGGA,0,0,0.005,0,0.03657553,387.5,150.2829172,0,-0.217391304,0,0,0,0
11487,ATGAACCCAAGTGAGTATAGTGA,0,0,0.017361111,0,0.230233128,560,188.6337056,0.008695652,-0.347826087,0,0,0,0
11488,TGTGAGAGAGAGTGTGTGTGTGA,0,0,0.021267361,0,0.231071706,455,189.6006244,0,-0.5,0,0,0,0
11489,GGTGTGTGGTTGTGTGTGTGTGG,0,0,0.091919192,0,0.325662758,552.5,187.9740522,0,-0.217391304,0,0,0,0
11490,GGCGGTGCGGCTGGGGCTGGCAG,0,0,0.014869281,0,0.155096519,455,181.8449474,0.808695652,-0.086956522,0,0,0,0
11491,GCTTCCTCACAGCCTGGCAACAG,0,0,0.020688657,0,0.309342904,552.5,180.5490828,0,-0.130434783,0,0,0,0
11492,AGAATGCCTGCTGCAACACCAAG,0,0,0.058333333,0.151745495,0.151745495,552.5,195.1338537,0.017391304,0.02173913,0,0,0,0
11493,AGCACAGCGGGAGGAGGTGGAGA,0,0,0.010833333,0,0.236357282,425,203.4678318,0,-0.195652174,0,0,0,0
11494,GACACTGCGGATGGATGTGCGGA,0,0,0,0,0.066578308,387.5,158.3038905,0.230434783,-0.065217391,0,0,0,0
11495,AAGGGAGAAGAAGAGGAAGAGGA,0,0,0.001547229,0,0.189330488,485,166.064289,0,-0.043478261,0,0,0,0
11496,TGGTTGGAGGGATGATGACTCAG,0,0,0,0,0.047610675,387.5,164.0598905,0,1.173913043,0,0,0,0
11497,GGATGGGGTGAGTGTCCTCCTAG,0,0,0,0,0.023208088,455,185.7846091,0.213043478,0.086956522,0,0,0,0
11498,GGATGTGGGGAGTTGGTTCCGGG,0,0,0.011666667,0.095751857,0.092519726,455,181.6928834,0.07826087,0.804347826,1,0,1,0
11499,AAAAAAAAAGAAGAGGCTCAGAG,0,0,0.053497942,0,0.201225633,552.5,189.2315659,0,0,0,0,0,0
11500,AAATTAAAACAAGAGGCCCATGA,0,0,0.001587302,0,0.185328808,552.5,185.1134295,0.373913043,-0.456521739,0,0,0,0
11501,AAGAAAAACTACATCCTCAACAG,0,0,0.08125,0.53957968,0.531673751,620,213.6292352,0,-0.239130435,0,0,0,0
11502,TGGATGGATGAATGAAGGATGGA,0,0,0.010582011,0,0.009283074,417.5,141.7804605,0,-0.586956522,0,0,0,0
11503,AGTGTGTGAGGGTGTGTGTGAGA,0,0,0.004242424,0,0.33831875,455,190.6954852,0.782608696,-0.108695652,0,0,0,0
11504,GGTGAGTCAGTGTCTTCGTCTGA,0,0,0,0,0.016064133,387.5,150.0349726,0,-0.02173913,0,0,0,0
11505,AGTGTGTGAGGGTGTGTGTGAGG,0,0,0.061090909,0,0.33831875,455,190.6954852,0,-0.043478261,0,0,0,0
11506,TGGATGGATGAATGAGGATGGAG,0,0,0.016267248,0,0.22591114,492.5,148.5546198,0,0.239130435,0,0,0,0
11507,GCGTCCGAGGTCAAGAAGAAAGA,0,0,0.003456511,0,0.359810011,460,200.0220794,0.417391304,0.173913043,0,0,0,0
11508,AAAAGAGAAGAAATGCCACAGAG,0,0,0,0,0.01490844,357.5,179.8994689,0.008695652,0.086956522,0,0,0,0
11509,GGCACTGGGCCTGGAGGAGAAAG,0,0,0.041666667,0,0.113150971,485,148.5475134,0,-0.804347826,0,0,1,0
11510,GGGATGGAGGAAACAGGAGAAAG,0,0,0.04138796,0,0.040216897,357.5,160.9238949,0.004347826,-0.108695652,0,0,0,0
11511,AGATGAGATGAAGAAGCAAAGGG,0,0,0.193613446,0,0.081669315,455,170.0451981,0.965217391,3.391304348,0,0,0,0
11512,GAGTCCCAGAAGAAGAAAAAAAG,0,0,0.106944444,0,0.347045353,560,187.6017495,0.086956522,-0.065217391,0,0,0,0
11513,AATTCCAAGCAGAAGAAAAAGGA,0,0,0.021634615,0,0.208990259,552.5,190.8654859,0.165217391,-0.195652174,0,0,0,0
11514,AATGACCACTTCTTCCTTAAAGA,0,0,0.004120879,0,0.107076217,365,179.2472625,0,-0.369565217,0,0,0,0
11515,GGCGCTGCGGCTCGGGCTGGAGG,0,0,0.040247678,0,0.060022353,357.5,173.6339468,0.360869565,1.217391304,0,0,1,0
11516,GATATGTTTTCATTTTTCTTGAG,0,0,0.003637566,0,0.174469742,455,166.4537785,0,-0.02173913,0,0,0,0
11517,ATGAACTCCACTGAGGAGAATAG,0,0,0.01577524,0.041569724,0.040868125,387.5,156.1607097,0.069565217,0,0,0,0,0
11518,TGTGTGTGAGTGTGAGTGTGAGA,0,0,0.006822612,0,0.163368333,455,182.7185474,0.043478261,-0.347826087,0,0,0,0
11519,GAATTGATTCCATTGTTCTGGAG,0,0,0.006167998,0,0.409511082,552.5,174.1594829,0,-0.608695652,0,0,0,0
11520,TATGAGTGAGTGGGTGGGTGAGA,0,0,0.000901698,0,0.23590875,455,188.4745684,0,-0.239130435,0,0,0,0
11521,CCCAGCTTAGTCATTAGCTGTGG,0,0,0.02304922,0,0.609583333,552.5,196.6855689,NA,-0.173913043,0,0,0,0
11522,TGTGAGCGTGAGTGTGCGTGAGA,0,0,0.021484375,0,0.33136789,522.5,206.6269551,0,-0.043478261,0,0,0,0
11523,GGTGTGTGTGTCTGTGAGTGTGA,0,0,0.003743315,0,0.173969682,455,185.2496881,0,-0.347826087,0,0,0,0
11524,TGGATGGATTAATGAGGATATGA,0,0,0.011284722,0,0.105755503,485,142.3628834,0,-0.239130435,0,0,0,0
11525,GGTATCCCTTTTGCATCAGCAGA,0,0,0,0,0.046944126,387.5,164.4054905,0.2,-0.282608696,0,0,0,0
11526,GACCCCCCCCACCTCCCCCCGGA,0,0,0,0,0.011549968,387.5,156.4245726,0.186956522,-0.326086957,0,0,0,0
11527,GAACAGAAAGAACAGACAGCAAG,0,0,0.051169591,0.038284407,0.038284407,357.5,176.2612785,0,-0.347826087,0,0,0,0
11528,AGCAAAAGCAGTGAGTAGAGGGA,0,0,0.013392857,0,0.814229167,620,213.546199,0.017391304,-0.630434783,0,0,0,0
11529,TCATGAGAAAAAGAGGCAAATGA,0,0,0.021825397,0,0.485227553,552.5,183.2202636,0,1.195652174,0,0,0,0
11530,AAAAGAGAAGGAGAGGCAGAAAG,0,0,0.010030864,0,0.550858209,462.5,182.5483164,0,0.065217391,0,0,0,0
11531,TGTGAGTGTGAGTGTGAGTGTGA,0,0,0.014583333,0,0.206712756,455,188.0240249,0.013043478,-0.02173913,0,0,0,0
11532,TGTGAGTGTGAGTGTGAGTGTGG,0,0,0.21,0,0.206712756,455,188.0240249,0.543478261,0.717391304,0,0,0,0
11533,AAATGAAGAGAACAGGAACAAGA,0,0,0.010006498,0,0.145595491,455,183.2315706,0.004347826,0.260869565,0,0,0,0
11534,AGACACAAAGGATAAACTGCAAG,0,0,0.043921569,0.231391376,0.223580696,425,198.5228947,0.047826087,-0.217391304,0,0,0,0
11535,GACTTGGTTTTATTCTGCTCTGG,0,0,0.005807341,0.056871934,0.055958329,357.5,175.3936029,0,0.347826087,0,0,0,0
11536,GCCACTGTCCCAGCCACCTGGGA,0,0,0.000468102,0,0.17451794,455,169.3062987,0,-1,0,0,0,0
11537,GAGACAAAACAGAAGAAGAACAG,0,0,0.073696145,0.339411293,0.329465174,620,210.1974548,0,-0.217391304,0,0,0,0
11538,TCAGGGAGCAGAGCGGGGGCCAG,0,0,0.027028658,0.379196691,0.372455417,552.5,192.9657886,0.013043478,-0.130434783,0,0,0,0
11539,TGCACTGCGGCCGGAGGAGGTGG,0,0,0.631578948,0,0.323140741,462.5,187.2605663,0,-0.195652174,0,0,0,0
11540,TGTGTGTGTGTGTGTGCCTGTGA,0,0,0.007215007,0,0.189613667,552.5,188.5285664,0,0.065217391,0,0,0,0
11541,TGTGTGTGTGTGTGTGCCTGTGG,0,0,0.103896104,0,0.189613667,552.5,188.5285664,0,-0.086956522,0,0,1,0
11542,GACCCCACCCACCCTGCCTGTGG,0,0,0.002941176,0,0.114735571,455,162.3723807,0,0.086956522,0,0,1,0
11543,CTTGAGCAACTGGGCAGTAAAGA,0,0,0.003968254,0,0.458313578,522.5,206.7957953,0,-0.304347826,0,0,0,0
11544,TGTGAGTGTGTGTGCGTGTGAGA,0,0,0.00530303,0,0.099818052,455,180.047087,0,-0.130434783,0,0,0,0
11545,AGGATGGAGGTATGAGGGGAAGA,0,0,0.004807692,0,0.075868305,387.5,150.4089831,0.152173913,0.108695652,0,0,0,0
11546,TGTGTATGTGTGTGTGCGTGTGA,0,0,0.015151515,0,0.50455783,620,212.1659156,0,0.304347826,0,0,0,0
11547,TGGTGGGGGAAGTGTGCTCTAAG,0,0,0,0,0.095709979,455,165.431479,0,0.065217391,0,0,0,0
11548,ACTTGAGAGCAAGAGGCACAGGA,0,0,0.010270775,0,0.757342138,620,209.4804832,0,-0.173913043,0,0,0,0
11549,TGGTGGTGGGAGATTGCTCAGAG,0,0,0.051282051,0.187878165,0.184349937,455,170.1798987,0,-0.260869565,0,0,0,0
11550,GCGTGGGGGTTGTTTGCTGCCAG,0,0,0.005608974,0.264337213,0.254938556,455,176.9901799,0,0.152173913,0,0,0,0
11551,GACACTGAGGCAGAGACTTTAAG,0,0,0.102990691,0,0.035022028,485,175.1796987,0,0,0,0,0,0
11552,CCCTTCCATACAGAGCCAAAGAG,0,0,0,0.079007985,0.079007985,485,165.2982378,0,-0.782608696,0,0,0,0
11553,CCCTTCCATACAGAGGCTCAAAG,0,0,0.013748597,0.048301825,0.046671384,485,170.6229044,0.030434783,6.108695652,0,0,0,0
11554,AACACCAGTGACTAGTCCAGGAG,0,0,0,0,0.014008099,320,142.4613627,0.365217391,0.652173913,0,0,0,0
11555,CCCATCCATCCAGGGCTACCTGA,0,0,0,0,0.005615984,320,132.1486785,0,-0.043478261,0,0,0,0
11556,TCTTCTTCCCCACCCAACTTAAG,0,0,0.083179012,0.611927885,0.601049167,552.5,194.586072,0,-0.543478261,0,0,0,0
11557,GGCAGTGTGGCTGTAGGTGGCAG,0,0,0.036296296,0,0.398171589,530,204.3726784,0,-0.434782609,0,0,0,0
11558,CATGCTTCAAAGGGCAGTAAAGA,0,0,0.038421792,0,0.519457564,620,209.7990988,0,-0.326086957,0,0,0,0
11559,GGGAAAAAGCCAGCATCTCTGGA,0,0,0.012388576,0,0.038728891,485,156.6857056,0,-0.02173913,0,0,0,0
11560,GGAGTGTGAGAGTGTGAGTGTGG,0,0,0.090909091,0,0.316692045,455,190.1674852,0.065217391,-0.130434783,0,0,0,0
11561,GACTCCTTTTCATTGTTCCATAG,0,0,0.024381749,0,0.125827144,485,148.2400961,0.756521739,0,0,0,0,0
11562,TGGATGGAGGAAGGAGGGGCCAG,0,0,0.002459376,0,0.08045186,395,148.3397463,0.013043478,-0.043478261,0,0,0,1
11563,GGGTTTGGGGAGTCTGCTCTAAG,0,0,0.004444444,0,0.059518236,455,167.3489114,0,-0.217391304,0,0,0,0
11564,AACTGAGCACAAAAGGCACAAGG,0,0,0.067817897,0.511018119,0.502808992,522.5,201.0811261,0.104347826,0.673913043,0,0,0,0
11565,CCCTCCCAGACAGAGACACAGAG,0,0,0.088514777,0,0.768095474,620,208.0865632,0,-0.5,0,0,0,0
11566,GGGTGGGGGTTGTTTGTTCAGGA,0,0,0.004050926,0,0.117409956,387.5,149.8544689,0.095652174,-0.130434783,0,0,0,0
11567,ACGTCTTCCCCACCCACCTGGGG,1,0.058525552,0.079411765,0.700844318,0.687682923,552.5,178.4345831,0.665217391,1.173913043,0,0,0,0
11568,CCCACACCTCCAGAAACACATGA,0,0,0.026010404,0,0.23197741,522.5,198.8188575,0,-0.369565217,0,0,0,0
11569,GCTGCCCCACTGGGCACTAATGA,0,0,0.003934684,0,0.33831875,455,191.7438052,0.7,0.869565217,0,0,0,0
11570,GACAAGTTTTCATTTTACTCAAG,0,0,0.004703116,0.15775912,0.155096519,455,181.8449474,0,-0.043478261,0,0,0,0
11571,AAAAGAAAAGAAAAGGAACAAGA,0,0,0.014245014,0,0.152967414,455,185.4577876,0,0,0,0,0,0
11572,AAAGGAAAAGAAGAGGGAGACGG,0,0,0.004595588,0,0.131148806,485,164.2091082,0,-0.630434783,0,0,0,0
11573,GGAACTGCAGCTGTAGTTGGAGA,0,0,0.002579365,0,0.051948337,455,182.0869239,0.369565217,-0.130434783,0,0,0,0
11574,GGTGTGTGTGTGTGTGTATGTGA,0,0,0.004895105,0,0.069304995,485,167.5424553,0.926086957,0.043478261,0,0,0,0
11575,TGCTCTTTACCACCCACTTTCAG,0,0,0.099378882,0.196604032,0.189613667,552.5,189.5768864,0,0.065217391,0,0,0,0
11576,GAACAAAAGGCACAGATTGCTGG,0,0,0.228070176,0.081415315,0.078799562,455,182.968804,0.030434783,0.369565217,0,0,0,0
11577,GCACTGAGGAGAGCGGCGGCTGG,0,0,0.052805777,0.379196691,0.372455417,552.5,193.3805086,0,0.304347826,1,0,1,0
11578,TTCAGCTTAGTCATTGCCAGTGA,0,0,0.002442002,0,0.090617958,485,169.8752542,0,0.347826087,0,0,0,0
11579,GGGCTGGAGGCATGAGCAGTGAG,0,0,0.008237634,0.344442166,0.33831875,455,191.1102052,0.004347826,-0.130434783,0,1,0,0
11580,GGAGAGTGAGTCGGTGAGTGAGG,0,0,0.046035806,0,0.108647626,357.5,180.4704679,0.047826087,0.065217391,0,0,0,0
11581,GGTGAGTGAATGGGTTTGTGTGG,0,0,0,0,0.032216187,387.5,166.4344061,0.039130435,0.043478261,0,0,0,0
11582,GGGTGGGAGGAGGGTGCTCAGGA,0,0,0,0,0.0361443,357.5,157.8240779,0.17826087,-0.456521739,0,0,1,0
11583,GGTGAGTCGGTGAGTGAGTGGGG,0,0,0.132544379,0,0.13024721,455,181.6549711,0.130434783,-0.152173913,0,0,0,0
11584,GGGATGGAGGAAGGAGGGGGAGG,0,0,0.0176137,0,0.052902764,387.5,147.1397463,0,-0.065217391,0,0,0,0
11585,CCCAGGGTCTCTGAAGGGATTGA,0,0,0.004905808,0,0.023306476,455,187.6128055,0,0.02173913,0,0,1,0
11586,TCTGAGTGAGTGTGTGTGGGGGG,0,0,0.080769231,0,0.202836708,485,167.225889,0,-0.304347826,0,0,0,0
11587,GGCACAGCTGCGGGGGGTGGGGA,0,0,0.010432099,0,0.069735193,425,191.5311136,0,-0.326086957,0,0,0,0
11588,GGGAAGGGGGAATGAAGAGTTAG,0,0,0.09092861,0,0.272333333,552.5,197.5234372,NA,0.152173913,0,0,0,0
11589,CCTGCCTCCACTCTATGCTCCAG,0,0,0.004716539,0.027486212,0.027486212,417.5,145.1857267,1,-0.391304348,0,0,0,0
11590,GGAACTGAAGCTGGAGTTGGAGG,0,0,0.090535714,0,0.348646558,552.5,190.6262916,0,0.086956522,0,0,0,0
11591,TGCACTAAGGCTGGAGATGGAGA,0,0,0.042129629,0,0.416345417,552.5,192.7308912,0,-0.282608696,0,0,0,0
11592,GGTGGGTGGCTGTGTGCGGGGAG,0,0,0.012444444,0.275759692,0.266451348,552.5,178.2121633,0,-0.239130435,0,0,0,0
11593,ATTACCACCTGTAAGTAGAGAGA,0,0,0.014140271,0,0.502808992,522.5,202.892623,0,-0.260869565,0,0,0,0
11594,GAGTAGGAGCTGGAGAAGAAGGG,0,0,0.05733397,0.182975808,0.177367355,425,200.3962918,0.004347826,-0.108695652,0,0,0,0
11595,CCAGAGTGCAGAGTGGAGGCTGG,0,0,0.148076923,0.08896183,0.08896183,522.5,199.9295342,0,-0.130434783,0,0,0,0
11596,GGTAAGTGTGTGTGTGAGAGAGA,0,0,0.005,0,0.117323456,485,162.6325086,0.073913043,0.086956522,0,0,0,0
11597,GGTGGCTGAGTGTGGGCGGGGGG,0,0,0.006136364,0,0.076772777,455,171.1706745,0,0.02173913,0,0,0,0
11598,GACTTTTTTTCATTTTTCAAAGA,0,0,0.000944822,0,0.032014248,387.5,135.3213946,0.17826087,0,0,0,0,0
11599,GGCACAACGGCTGGGGATGGGGA,0,0,0.036512345,0,0.06099962,455,179.8377026,0.560869565,0.847826087,0,0,0,0
11600,GCGGGGTGAGTGTGGGCGTGCGA,0,0,0.000865385,0,0.397208228,522.5,202.9366584,0,-0.217391304,1,0,0,0
11601,GCCTCTTTCTCTCGATGGATTAG,0,0,0.044749555,0.397317959,0.397317959,522.5,206.0291787,0.169565217,0.543478261,0,0,0,0
11602,GCCTCTTTTCCACCCGTCTCAGG,0,0,0.007138695,0,0.02413915,417.5,139.8280828,0.004347826,-0.086956522,0,0,0,0
11603,AACACCAGAGGGTAGAGAGTGGG,0,0,0.2275,0.040969829,0.039653529,387.5,146.4492027,0.008695652,0.065217391,0,0,0,0
11604,GGGAAGGAGGAAGGAAGAGTGAG,0,0,0.032346146,0.105393,0.105393,455,191.1239336,0,-0.304347826,0,0,0,0
11605,AAATGTGAAAAAGAGGAAGAAGG,0,0,0.038888889,0,0.1015764,485,160.6881686,0.091304348,-0.369565217,0,0,0,0
11606,TTCCCCCTCCTCCCAGCCTCTGG,0,0,0.04972805,0,0.223580696,425,198.5228947,0.339130435,0.5,0,0,0,0
11607,TGTGTGTCAGTGTGTGTGTGTAG,0,0,0.02707416,0.620616516,0.609583333,552.5,193.825752,0,-0.108695652,0,0,0,0
11608,GGCTCTCCGGCTGGGGCTGGAGA,0,0,0.00464665,0,0.105930922,455,180.7500866,0,0.195652174,0,0,0,0
11609,TGGATGAAGAAATGATGAATGGA,0,0,0,0,0.051230178,485,163.788657,0.008695652,0.260869565,0,0,0,0
11610,GCCTCTTTGCCACCCCACTTCAG,0,0,0,0.108122079,0.108122079,492.5,178.1656827,0,-0.02173913,0,0,1,0
11611,GAGTCAGAGAGGAATAAGAATGA,0,0,0.005189437,0,0.118576413,425,191.9851743,0,-0.369565217,0,0,0,0
11612,ATGATCACCAATGAGAAGTGTGA,0,0,0.012361376,0,0.045200008,387.5,163.6451705,0.017391304,-0.065217391,0,0,0,0
11613,GAATACAAAACATAGTCAGCCAG,0,0,0,0.048301825,0.046671384,485,170.6229044,0,0,0,0,0,0
11614,GTTATCTTAGTTAATCCCTGCAG,0,0,0,0,0.018688019,357.5,182.028289,0.082608696,0.391304348,0,0,0,0
11615,GTGGCTGTGGCTGGAGGTGGCAG,0,0,0.045112584,0,1.345833333,622.5,214.458583,0,-0.413043478,0,0,0,0
11616,GCCTCTTTCCTGCCCAGTTTTGA,0,0,0.000583567,0,0.028124788,290,158.8443715,0,-0.260869565,0,0,0,0
11617,GACTTTTTTCCATTTTTCTCTAG,0,0,0.013168724,0,0.399055958,530,199.415258,0,-0.130434783,0,0,0,0
11618,GTCCCTCCCCACCCCGCCTTGGG,0,0,0.202597403,0,0.421955546,552.5,176.9365991,0,-0.043478261,0,0,0,1
11619,AGGAACACCAGTCAGTGGGGCAG,0,0,0.006068111,0,0.074311256,387.5,157.7265685,0.008695652,0.304347826,0,0,0,0
11620,GGCAGGGAGGCTGGCGGTGGAGA,0,0,0.004220779,0,0.23197741,522.5,198.8188575,0.047826087,0.217391304,0,0,0,0
11621,AGTGTGTGTGTGTGTGCGAGAGA,0,0,0.003896104,0,0.321904489,552.5,183.2038997,0.191304348,-0.217391304,0,0,0,0
11622,AATATCTACTAAATCCTCAAAAG,0,0,0.049242424,0,0.458669828,522.5,206.9387988,0,0.304347826,0,0,0,0
11623,ATATAAGGAAAAGAGGCACAGAG,0,0,0.111846365,0,1.257112069,620,209.5801266,0,-0.195652174,0,0,0,0
11624,GCGATGGAGGAATGAAGAGTTGG,1,0.004,0.662207357,0.558632479,0.541956882,560,202.8715741,0.004347826,-0.456521739,0,0,0,0
11625,AAATGAAAAGATAATGCACAGAG,0,0,0.011396011,0,0.0475714,327.5,185.3943766,0.065217391,-0.239130435,0,0,0,0
11626,GCCTTTTTCCTCCCTACCTTAGG,0,0,0.003435161,0.10640981,0.104700416,327.5,189.7584743,0,0.260869565,0,0,0,0
11627,AAATGAGCAGAACACACACACGA,0,0,0.003417635,0,0.024349417,357.5,175.105415,0,-0.347826087,0,0,0,0
11628,GGCCCCCGCCAGCCCGGCTCCGA,0,0,0.001065117,0,0.299915,455,187.1579715,0.495652174,0.739130435,0,0,1,0
11629,ATCATCTTATTCATTACCAGGAG,0,0,0.054166667,0,1.038076271,560,184.6602636,0,0.065217391,0,0,0,0
11630,AGTGAACACTACATTCTCAGAGG,0,0,0.037871149,0.113084086,0.113084086,455,165.8293945,0.447826087,1.152173913,0,0,0,0
11631,GAGTGAGAAGCAGAGGCGCAAAG,0,0,0.025349794,0.176084492,0.16982371,455,187.018583,NA,NA,0,0,0,0
11632,CCAGGTGTCTGTTGATGGATGAG,0,0,0.010532407,0,0.302995647,425,202.0689958,0,-0.413043478,0,0,0,0
11633,TGGAGGGAGGAAGGAGCAGGTAG,0,0,0.001797302,0,0.098373949,387.5,150.2886485,0,-0.630434783,0,0,0,1
11634,GGGAGGGGGGAGCTTGGCCCTGG,0,0,0.009477475,0.045430462,0.043896945,387.5,162.4176351,0.013043478,0.130434783,0,0,0,0
11635,GGAAGTGGGGCAGGAGGTGGTGG,0,0,0.267428572,0,0.694060843,522.5,206.5677626,0.695652174,-0.217391304,0,0,0,0
11636,GACCCAGACAGAGCATGAGAGAG,0,0,0.038571116,0.050050307,0.049160524,485,171.2565044,0.052173913,-0.173913043,0,0,0,0
11637,GTCATCTCCAATAACTTTGGGGA,0,0,0.003626004,0,0.043896945,387.5,162.0029151,0.043478261,-0.847826087,0,0,0,0
11638,AAATGCAAGGAAGAGGGACAGGA,0,0,0.001237869,0,0.139070029,552.5,190.0849438,0.239130435,0.152173913,0,0,0,0
11639,GCCTCCCCCTGCCCTGGCCAGAG,0,0,0.044982699,0.200516979,0.200516979,462.5,196.3022991,0,-0.52173913,0,0,0,0
11640,GACAACGAAACAGATTTCTTGGA,0,0,0.002267574,0,0.072720528,455,173.2895887,0.060869565,-0.043478261,0,0,0,0
11641,GAAATGCTTTCTGCAGCACACAG,0,0,0.047987892,0,0.421955546,552.5,176.9365991,0.12173913,-0.086956522,0,0,0,0
11642,GACCCCATCCAGCCTCCCTCAGA,0,0,0,0,0.022161777,357.5,177.6052713,0,0.086956522,0,0,0,0
11643,CTGGCCCCAAAGGGCATGAAGAG,0,0,0.00936214,0,0.108498991,485,167.2708192,0.008695652,-0.173913043,0,0,0,0
11644,GGGACTGTGGGTGGAGGAGGTAG,0,0,0.018904321,0,0.16982371,455,183.9187661,0,0.347826087,0,0,0,0
11645,TGGGTGGAGGATAGATGAGTAGA,0,0,0,0,0.04922787,357.5,183.8225531,0,-0.413043478,0,0,0,0
11646,AAATCAGAAGAAGATGATCATGA,0,0,0.001818783,0,0.030398918,387.5,157.2952141,0,-0.195652174,0,0,0,0
11647,GACTAGTTTTCATTCTTCCTAGA,0,0,0.000783699,0,0.055738305,387.5,135.8190586,0.056521739,-0.195652174,0,0,0,0
11648,AAAAGAAAAGAAGAAGAACAAAG,0,0,0.054224159,0,0.105930922,455,180.7500866,0,0.02173913,0,0,0,0
11649,AAATGGGAATGAGATGCACATGG,0,0,0.053890306,0,0.118576413,425,191.9851743,0.056521739,3.673913043,0,0,0,0
11650,AAATGGGAAGAAGAAGAATAGGA,0,0,0.010055304,0,0.029557519,387.5,151.4728834,0.030434783,0.347826087,0,0,0,0
11651,CATGTGTTTTCATTTTTCTCAGA,0,0,0.003044838,0,0.397208228,522.5,203.5913784,0.12173913,0.413043478,0,0,0,0
11652,CATGTGTTTTCATTTTTCTCAGG,0,0,0.043845663,0,0.397208228,522.5,203.5913784,0.17826087,0.413043478,0,0,0,0
11653,AAATTAGAAGAAGGTGCGCAAGA,0,0,0.000555556,0,0.011764776,357.5,166.6421405,0.495652174,0.565217391,0,0,0,0
11654,GAGTACAAGCAGCAAAAGAAGGA,0,0,0.007862794,0,0.101349588,425,191.8221571,0,0.065217391,0,0,0,0
11655,GGTAAAATCCCAGCATCTGTCGG,0,0,0.137755102,0.208990259,0.208990259,552.5,187.765669,0,0.130434783,0,0,0,0
11656,GACATGTTTTGCTTGTTCTTAAG,0,0,0.002436647,0.183550994,0.180287865,357.5,167.2426159,0,-0.391304348,0,0,0,0
11657,GAAACTGAAGCAGAGAGTTTAAG,0,0,0.02231465,0,0.059378332,485,178.611479,0,-0.413043478,0,0,0,0
11658,GACACCGAGTTCCACCCCATCGG,0,0,0.311366213,0.119961706,0.119961706,522.5,197.3209786,0,-0.304347826,0,0,1,0
11659,GAGAGCAAAGCAGAGTGTTTGGG,0,0,0.035294118,0,0.389730931,552.5,194.0143881,0,-0.695652174,0,0,0,0
11660,GAACACAATGGATACCCTGCCAG,0,0,0,0,0.021335941,357.5,177.5146885,0,-0.152173913,0,0,0,0
11661,TGTGAGCGTGTGTGTGAGTGAGG,0,0,0.1925,0,0.25438705,552.5,191.8709278,0,-0.369565217,0,0,0,1
11662,GCCTGTGGCTGTGGATGGGTGGG,0,0,0.062771739,0.292400968,0.292400968,455,179.1220994,0.008695652,0.108695652,0,0,0,0
11663,AGCATGGAGGAATGAGAAGCTGG,0,0,0.032634033,0,0.264757925,485,160.548289,0,0.239130435,0,0,0,0
11664,GGCATCCTTTCAGCAGCACTGGG,0,0,0.09,0.332103316,0.320295198,455,170.7184827,0.730434783,0.543478261,0,0,0,0
11665,TGGATGGTGGGAACAGGAGTCAG,0,0,0.021428571,0,0.043682208,327.5,188.7315941,0,0.02173913,0,0,0,0
11666,ATGCAAAACAGTGTGTAGAGGGA,0,0,0.007889823,0,0.128972515,522.5,201.8014144,0,-0.173913043,0,0,0,0
11667,GAAGACAAACCACAGACTGGAAG,0,0,0.002407981,0,0.235330927,455,166.6977431,0,0.043478261,0,0,0,0
11668,GGTGAGTGAGTGTGACTGAGTGG,0,0,0,0,0.007295024,345,135.9704415,0,0.108695652,0,0,0,0
11669,TGTGAGTGAATGAGTGTGTGTGA,0,0,0.020940171,0,0.217271959,455,183.722832,0.339130435,0.065217391,0,0,0,0
11670,AAATAAGAAGAGGAGGAAGAAGA,0,0,0.00253558,0,0.089689771,387.5,158.4614685,0.004347826,-0.608695652,0,0,0,0
11671,GTCATCACCAATAACTAGAGTAG,0,0,0.095182595,0,0.125155157,455,175.2811787,0.034782609,0,0,0,0,0
11672,GTCTCCCCAGAGCCTGTGCATGG,0,0,0.016835017,0.112031211,0.110039545,485,167.5588192,0.030434783,-0.304347826,0,0,0,0
11673,GCCTAGTTCCCACCCACCCGTGG,0,0,0.015896014,0.125827144,0.125827144,485,148.2400961,0,-0.195652174,0,0,1,0
11674,GGTGAGTGTGGGTGAGAGTGAGG,0,0,0.064842105,0,0.047757775,357.5,173.8170033,0.043478261,-0.108695652,0,0,0,0
11675,GACACAGCGGCGGGTGGTGGGGA,0,0,0.005092593,0,0.119911766,425,195.250894,0.004347826,0.239130435,0,0,0,0
11676,AAATGGGATGAAGAGGGATATGG,0,0,0.011635423,0,0.067386732,485,161.7201246,0.056521739,0,0,0,0,0
11677,GAAGGAGAAGAAAAGGCAGATAG,0,0,0.018696581,0.203890405,0.203890405,455,178.0790795,0,-0.456521739,0,0,0,0
11678,TGTGAGTGAGTGTGAGTGGGTGA,0,0,0.004690546,0,0.054360238,387.5,153.2588674,0,-0.217391304,0,0,0,0
11679,TGTGAGTGTGTGTGTGTATGAGA,0,0,0.013461538,0,0.073001262,485,168.8307753,0,-0.043478261,0,0,0,0
11680,CCTGCCTCCTCTCTTCTCTGAGA,0,0,0.000357435,0,0.046387029,387.5,132.1156421,0,-0.304347826,0,0,0,0
11681,TGGAAGAAGGAATGAGAGGTGGA,0,0,0.012962963,0,0.077471869,485,169.1190549,0.747826087,3.195652174,0,0,0,0
11682,GTTCACAAAGTATAGACTGAGGA,0,0,0.005484711,0,0.381664022,455,175.0643164,0,-0.173913043,0,0,0,0
11683,TGTGCGTGCGTGTGTGCTTGTGG,0,0,0.19047619,0,0.189613667,552.5,188.5285664,0,-0.065217391,0,0,0,0
11684,AACTGAGTAGGAGAGTCACAGGA,0,0,0,0,0.141483199,455,192.0536734,0,0.543478261,0,0,0,0
11685,GCCTCCCGAAACCCTGTCAACGG,0,0,0.036464586,0.088201144,0.085367372,387.5,156.6499716,0,0.02173913,0,0,1,0
11686,GACATCTAAGCTGAGTTTTAAAG,0,0,0.017676768,0,0.221867769,455,170.6747988,0,-0.304347826,0,0,0,0
11687,AATGACAAGTACTTCCTTAAGAG,0,0,0.023214286,0.04679148,0.045288139,455,177.934385,0,-0.434782609,0,0,0,0
11688,AAATGTGAAGAAGACACACAAGA,0,0,0.013528138,0,0.078499781,462.5,187.1185685,0,-0.02173913,0,0,0,0
11689,GACTTCTTTTCCTGGCTCTCTGA,0,0,0,0,0.01091417,357.5,180.770305,0,-0.02173913,0,0,0,0
11690,GAACACAGCGCTTAGGCTGCAGA,0,0,0.001865419,0,0.070574714,455,187.1358764,0,0.043478261,0,0,0,0
11691,AGAGGGGAAGAAGAGGCTCAAGA,0,0,0.012400794,0,0.187751667,552.5,190.8770827,0,0.130434783,0,0,0,0
11692,TCCAGGGAGGAATGTGGAGTGAG,0,0,0.008836292,0.404027253,0.397208228,522.5,202.9366584,0.443478261,-0.217391304,0,0,0,0
11693,TGTGAGTGAATGAGTGCATGTGA,0,0,0.031065089,0,0.110611179,455,179.2856098,0,-0.043478261,0,0,0,0
11694,AAGTTAGAAGAAGAGCCACCAGA,0,0,0,0,0.111973118,485,162.9576542,0.026086957,0.97826087,0,0,0,0
11695,AAAAGAGAAGAAGGAGCCCATGG,0,0,0.039838157,0,0.011764776,357.5,167.0568605,0,2.847826087,0,0,0,0
11696,AAAGGAGTAGAAGAGGAAAAGGA,0,0,0.003720238,0,0.19201875,485,163.492472,0.030434783,-0.043478261,0,0,0,0
11697,GCCTCTTTCCCCCTCAGCATAGA,0,0,0.000225236,0,0.012134923,290,148.1106039,0,-0.282608696,0,0,0,0
11698,TGCATGGGGCACTGAGGAGTGGG,0,0,0.029689609,0.639230037,0.639230037,522.5,202.8643462,0,-0.108695652,0,0,0,0
11699,AAGAGGACCAGAGAGTAGAGGGA,0,0,0.016923077,0,0.425868976,522.5,208.1695956,0,0.565217391,0,0,0,0
11700,GGGAAGAAGGAATGAGGGGTAGA,0,0,0.013285024,0,0.211957667,552.5,190.1051659,0.291304348,-0.108695652,0,0,0,0
11701,CCCATACACACACAGACACACAG,0,0,0.081091618,0,0.179838034,522.5,198.9631787,0.239130435,-0.173913043,0,0,0,0
11702,GCCTCTTTCCCACCCGCATGTGA,0,0,0.001268999,0,0.034112411,425,140.5506409,0.134782609,-0.086956522,0,0,0,0
11703,GCCTCCCTAATGCCTGGGCTGGA,0,0,0.001495726,0,0.068185438,387.5,147.3091661,0,-0.108695652,0,0,1,0
11704,TGTGTGTGAGTATGTGTGTGTAG,0,0,0.041062477,0.305343326,0.299915,455,189.2094685,0,-0.5,0,0,0,0
11705,AATCCCCACCCCATCCTCAAGGG,0,0,0.056470588,0.708556299,0.697697198,522.5,205.8162599,0.286956522,-0.152173913,0,0,0,0
11706,AAATTAGAATAAGAGACACAAGA,0,0,0.016927083,0,0.445900444,560,196.8315177,0.004347826,-0.369565217,0,0,0,0
11707,GAGAAAGAACCAGCATCTGGAGA,0,0,0.005713824,0,0.083523485,485,152.4392864,0,-0.369565217,0,0,0,0
11708,TGGATGGAGGAATGAATGGGTGG,0,0,0.017647059,0,0.007062745,375,118.3645298,0,2.434782609,0,0,0,0
11709,GCCTCTCTGCCAGCCAGCTTGGA,0,0,0.000237074,0,0.088958845,455,182.3716072,0,0.130434783,0,0,0,0
11710,CTGCCCCCACAGGGGAGGAAGAG,0,0,0.001143791,0.082004963,0.082004963,455,178.1680451,0,-0.413043478,0,0,0,1
11711,GGCCTCCTCCAACCCGCCGCAGG,0,0,0.090909091,0,0.245385,455,179.2075796,0,0.043478261,0,0,0,0
11712,GGTGTATGAGCGTGTGAGTGTGG,0,0,0.113131313,0,0.194319155,455,188.9095012,0.056521739,-0.130434783,0,0,1,0
11713,GGTGGGTGAGGGTGAGGGTGAGG,0,0,0.009808049,0,0.086078568,357.5,176.4884637,0,-0.02173913,0,0,0,0
11714,AAATTTGGAGAAGAGGCACAGGA,0,0,0.010912698,0,1.403540904,627.5,214.225879,0.008695652,0.130434783,0,0,0,0
11715,AAAAGAGAAGAAGAAGAAAAGGA,0,0,0.006224712,0,0.051461025,387.5,152.3852674,0.117391304,-0.086956522,0,0,0,0
11716,GCCTTTTCTCCAGCCACCTTCAG,0,0,0.019685491,0.332955756,0.322750216,522.5,201.3527622,0,0.02173913,0,0,0,0
11717,GGGGGGGGGGGGTGTGCTGCTGG,0,0,0,0,0.041244131,357.5,169.7091317,0,-0.152173913,0,0,0,0
11718,GAGACCAAGCAGAAGACGCAAGA,0,0,0.001207379,0,0.131148806,485,164.2091082,0,-0.086956522,0,0,0,0
11719,TAGTCAGAGCAAGAGAAGAAAGA,0,0,0.039251207,0,0.173156169,425,200.198595,0,0.347826087,0,0,0,0
11720,GGGAAACAACCAGCGTCCATTGA,0,0,0.018999787,0,0.052955831,455,167.9020173,0,-0.043478261,0,0,0,0
11721,GAGCCCCTCGACCCCGCGCCAGG,0,0,0.00715198,0,0.088771902,485,157.5089304,0.386956522,0.760869565,0,0,0,1
11722,GAATACGAGAATAAGAAGAAAGA,0,0,0.009920635,0,0.639230037,522.5,204.6758431,0,0.108695652,0,0,0,0
11723,TCCTCCCCAGAACCAGGCCAGGA,0,0,0.02084687,0,0.182543366,425,192.2851416,0,1.565217391,0,0,1,0
11724,TGGAGGGAGGAGTGGGGAGGAGG,0,0,0.053019608,0,0.087057924,357.5,158.8509581,0.004347826,0,0,0,0,0
11725,AATGACCTCTTCAATCTCAACAG,0,0,0.001410935,0.030721032,0.030250211,327.5,184.0238931,0,-0.086956522,0,0,0,0
11726,GAAGAGAAAGCAAAGACTGAAGA,0,0,0.006009615,0,0.154587634,455,169.9034955,0,0.195652174,0,0,0,0
11727,TGCACTGCAGCTGGGGCTGGAGG,0,0,0.098319328,0,0.099818052,455,180.047087,0,-0.456521739,0,0,0,0
11728,CCCTGTGTCTCTGGAGGATATAG,0,0,0.018818275,0,0.00577861,375,108.602641,0.617391304,0.304347826,1,0,0,0
11729,GAGCCGCTCCACCCCTTCTCCAG,0,0,0,0,0.059378332,485,178.611479,0.917391304,-0.282608696,0,0,0,0
11730,AGGTTGGAGGAATGTGGAGAAGG,0,0,0.071590909,0,0.186915845,455,166.9817785,0,-0.152173913,0,0,0,0
11731,GGAGGACCTTCTGCCGCACCAGA,0,0,0.007034632,0,0.23197741,525,201.0450744,0,0,0,0,0,0
11732,TAGCTGGAGGCATGAGGAGGCAG,0,0,0.005465354,0.387083187,0.387083187,455,174.7187164,0,0.239130435,0,0,0,0
11733,GACCAAGAAGCAGAGTTTTCTGG,0,0,0.017024992,0,0.39945125,555,178.1144961,0,-0.217391304,0,0,0,0
11734,AAAGGAGAAAAAGAGGGAGAGAG,0,0,0.001112019,0,0.176849269,485,161.6005526,0.02173913,-1.130434783,0,0,0,0
11735,GGCAGTGCGGGTGGGGATGGCAG,0,0,0.023592593,0,0.086078568,357.5,176.4884637,0.330434783,0.347826087,0,0,0,0
11736,AGTGACCTCTGCATCCTCTAGAG,0,0,0.031111111,0.287011089,0.27680625,455,178.8820994,0,0,0,0,0,0
11737,AAATGAGAAGAAAAGAGAGAAGA,0,0,0.000471342,0,0.011018566,320,140.6781426,0.086956522,0.52173913,0,0,0,0
11738,AATGAGCACTACATGCCCAAGAG,0,0,0.004575163,0.180525738,0.175711719,462.5,183.4208834,0,-0.065217391,0,0,1,0
11739,CCAGTCTCCGCTCTCCTCACTGG,0,0,0.123966942,0,0.785713928,530,204.3766584,0,-0.217391304,0,0,0,0
11740,GCATCCCCCAAGGCTGGCCAGGA,0,0,0.004689755,0,0.656264509,530,206.4128991,0,-0.52173913,0,0,0,0
11741,ACATGAAAGGAAGAGACACAGGG,0,0,0.523809524,0,0.107893899,552.5,195.328613,0,-0.043478261,0,0,0,0
11742,TGAATGGGGGAATGAGTAGAAGA,0,0,0.005371094,0,0.250637503,485,157.448472,0.252173913,0.304347826,0,0,0,0
11743,GACACAGAAGCAGTAATTTTAGG,0,0,0.42373313,0.00604218,0.005945117,392.5,174.2793839,0.02173913,0.195652174,0,0,0,0
11744,GGCCCAGATTTAGCAGATGAAGA,0,0,0.003355797,0,0.030650512,387.5,170.735599,0,0.086956522,0,0,0,0
11745,GCCATCTTATTCATGAGCTGGAG,0,0,0.000531046,0,0.150462235,455,178.7751309,0.017391304,-0.456521739,0,0,0,0
11746,AAGAGAGAAAGAGAGGCACAGAG,0,0,0.045770462,0,0.687929438,522.5,206.5765799,0,0.065217391,0,0,0,0
11747,GGCACATCGGGTGGGGGTGGGAG,0,0,0.020864198,0,0.087934517,425,194.5937299,0,-0.282608696,0,0,0,0
11748,TTTCCCCCACAGCTCAGTAATGA,0,0,0.004127967,0,0.086676978,425,197.1878948,0,-0.630434783,0,0,0,0
11749,TATGTGTGAGTGTGTGAGTGAGG,0,0,0.143589744,0,0.609583333,552.5,196.6855689,0,-0.608695652,0,0,0,0
11750,ACATCTCCAAACCCTGGCCAGGA,0,0,0.026628151,0,0.41990681,522.5,209.1699156,0,-0.108695652,0,0,0,0
11751,TGGATGGAGGAGTAGGCAGTAAG,0,0,0.02147785,0,0.009870499,260,164.6515823,0,-0.043478261,0,0,0,0
11752,CATCCCCATCAGGGCAGTAAGGA,0,0,0.012132353,0,0.833979885,620,211.0268027,0,-0.260869565,0,0,0,0
11753,GGTGAGAGTGTGGGTGTGTGTGA,0,0,0.004438406,0,0.088958845,455,182.3716072,0.02173913,1.260869565,0,0,0,0
11754,CCACAGAGGAGAGCTGAGGCAGG,0,0,0.023409364,0.242054876,0.234278012,522.5,198.8712781,0.213043478,-0.52173913,0,0,0,0
11755,ATATGAGAAGAGAAGACACAAGA,0,0,0.033670033,0,0.04922787,357.5,184.4561531,0.008695652,-0.239130435,0,0,0,0
11756,GAGATGTTTCCATTGCTCTCCAG,0,0,0.021947874,0,0.234785634,552.5,195.5182377,0,-0.108695652,0,0,0,0
11757,GACACGCTCCACACCACCTCTGG,0,0,0.16194332,0,0.060534271,455,189.7526696,0,0.130434783,0,0,1,0
11758,GAGTCCCAGCAAAAGAAGAAAAG,0,0,0.166358024,0,2.128228,537.5,211.5007188,0,-0.173913043,0,0,0,0
11759,GGGTGGGGGGAGTTTGCTGTAAG,0,0,0.009722222,0.685644231,0.685644231,500,153.7144001,0,0.195652174,0,0,0,0
11760,TGGATTTAGGAACAAGGAGTTGG,0,0,0.22556391,0,0.032522781,425,193.89233,0,-0.717391304,0,0,0,0
11761,CCCTGTGGCTCTAGAGGGCTAAG,0,0,0.012568863,0,0.029998911,387.5,158.5644367,0,-0.434782609,0,0,0,0
11762,GGCATGTTTTCATTTTTCTTGAG,0,0,0.004232804,0,0.186915845,455,166.7417785,0,0.108695652,0,0,0,0
11763,GGCAGAGAGGATGGAGGTGGAAG,0,0,0.065722222,0,0.458313578,522.5,206.7957953,0.8,0,0,0,0,0
11764,ATGAAATCCAGTGAATACAGAAG,0,0,0.047204067,0.032626724,0.032626724,455,175.4004803,0,0.130434783,0,0,0,0
11765,CCTGCCTGGGCCCTGCTCACAGA,0,0,0.017017991,0,0.109965252,425,190.2172807,0.613043478,-0.195652174,0,0,0,0
11766,GGGATGGGGGAATGAAGAATTGA,0,0,0.034794111,0,0.090617958,485,168.0637572,0.995652174,-0.739130435,0,0,0,0
11767,GCTGGCTGCGCTCTACTCGCCAG,0,0,0.03423913,0.526848592,0.526848592,552.5,184.0638631,0.152173913,-0.086956522,0,0,1,0
11768,AAATGAGAAGAAAAGGTATGGAG,0,0,0.039416792,0,0.026713615,320,120.8289685,0.004347826,-0.195652174,0,0,0,0
11769,GACACTGATGGCTTCCCCATCAG,0,0,0.067407407,0.182975808,0.177367355,425,200.3962918,0,NA,0,0,0,0
11770,GGCCCTGCTGCTGGAGAAGGTGG,0,0,0.117124183,0,0.069304995,485,167.9571753,0,0.152173913,0,0,0,1
11771,ATTGACCACCACCTCCTCATGAG,0,0,0.012702463,0,0.248589007,455,167.3313431,0.065217391,-0.043478261,0,0,0,0
11772,GGCACTTTGGGTGCAGGTGGAGA,0,0,0.003720238,0,0.077092889,425,195.8477339,0,-0.369565217,0,0,0,0
11773,GCCTCCTCCAAGGCGGGCCAAGG,0,0,0.003165584,0.060945553,0.05907749,425,189.1506967,0.008695652,0.02173913,0,0,0,0
11774,AAATGAGAAAGAGAGACCCAAAG,0,0,0.029958848,0,0.023520768,387.5,165.2664207,0.008695652,0.434782609,0,0,0,0
11775,TGCATGGAGAAATGAGGCATCAG,0,0,0.012662235,0,0.088771902,485,157.5089304,0,-0.5,0,0,0,0
11776,GTCATCTTAGCCATTTCTTCAAG,0,0,0,0,0.011162696,320,133.1205572,0,-0.130434783,0,0,0,0
11777,TCCTCTTCTCCACCCACCCTCAG,0,0,0.062579821,0.321904489,0.321904489,552.5,181.3924028,0,0.02173913,0,0,0,0
11778,GAGTCCCAGCAAGAGAAGAGTGA,0,0,0.02222311,0,0.081515342,357.5,162.4637983,0.460869565,-0.217391304,0,0,0,0
11779,AAGAAGGAGGAATGAGGAGGAGG,0,0,0.074660633,0,0.697447183,552.5,180.5340801,0,-0.369565217,0,0,0,0
11780,TGGATTGAGGAATGTGTACTCAG,0,0,0.003873989,0,0.029557519,387.5,151.4728834,0,-0.434782609,0,0,0,1
11781,AAATAATAAAAAGAGACACATAG,0,0,0.119835391,0,0.15479763,552.5,193.2483369,0,0.173913043,0,0,0,0
11782,GAGGCTGTGCAGAAGAGGAAGAG,0,0,0.011379552,0.356135327,0.350124604,552.5,192.454488,0.02173913,0.217391304,0,0,0,0
11783,GGTGTGTGAGTGAGTGAGTGCGG,0,0,0.117482518,0,0.443021127,462.5,188.6262484,0,-0.369565217,0,0,0,0
11784,GGTGGGAGTGTATGTGCGTGTGA,0,0,0.0245,0,0.280247265,522.5,203.8526184,0.008695652,0.130434783,0,0,0,0
11785,TGGATAGAGGAATGAAGAATGAG,0,0,0.185185185,0,0.097464648,492.5,170.5775902,0.639130435,-0.304347826,0,0,0,0
11786,CTGCACTCCAGTGAGTGGAGTGA,0,0,0.001621972,0,0.416345417,552.5,194.9571081,0,-0.543478261,0,0,0,0
11787,AGAGAGTGAGTGTGTGTGTGTGA,0,0,0.020833333,0,1.272061728,560,198.8858889,0,0.152173913,0,0,0,0
11788,GGCTTCCAAAACCCTGGCCAAGG,0,0,0.152336666,0.715408163,0.703915663,522.5,206.8557626,0,0.195652174,0,0,0,0
11789,AAAGAAGAAGAAGAGACAAAGAG,0,0,0.060185185,0,0.085785,485,169.0016542,0.195652174,-0.217391304,0,0,0,1
11790,CACCCCCACCACACCCCCTCCGG,0,0,0,0,0.105393,455,189.3124366,0.313043478,0.369565217,0,0,0,0
11791,GGTGAGTGTGTGTGTGGGAGGGG,0,0,0.010084034,0,0.208575033,492.5,164.7061086,0.034782609,-0.52173913,0,0,0,0
11792,AAATGAGAAGGAGAAGCAGAAGG,0,0,0.076470588,0,0.12520519,365,169.2148948,0,0.130434783,0,0,0,0
11793,GGCCCAGACTCGGCACGTGAGGA,0,0,0.021494709,0,1.425313187,440,207.6538158,0,0.043478261,0,0,0,0
11794,TGAAAGGAGGAATGAGCTGTAGG,0,0,0.044117647,0.117805637,0.117805637,485,170.9742357,0,0.086956522,0,0,0,0
11795,GGGGTGTGAGGGTGTGTGTGTGG,0,0,0.033939394,0,0.316692045,455,190.1674852,0,-0.065217391,0,0,0,0
11796,AAGTCTGAGCAGAAGAAGCACAG,0,0,0.044827586,0.68190678,0.68190678,560,187.8660161,0.039130435,0.173913043,0,0,0,0
11797,GATTCCCCAATGCCTAGCCAAGG,0,0,0.153846154,0.146425844,0.141483199,455,194.9134904,0,-0.173913043,0,0,0,0
11798,TGGATGCAGGAATAAACAGTTGA,0,0,0.008425245,0,0.009641657,387.5,166.9030976,0.82173913,0.630434783,0,0,0,0
11799,AAATGAGAAGAAATGAAACACAG,0,0,0.059563153,0,0.004982859,290,159.7869579,0,-0.782608696,0,0,0,0
11800,GGTGAGAGAGTGTGTTCAGGGGA,0,0,0,0,0.010902405,417.5,143.3570601,0,0.195652174,0,0,0,0
11801,TGGCCGGAGGAATGACGTGTGGG,0,0,0,0,0.050674684,485,174.3263208,0,-0.086956522,0,0,0,0
11802,AAAGCCAGTGAGGAGAGTGGTGA,0,0,0.00630823,0,0.118417614,455,182.8757462,0,-0.326086957,0,0,0,0
11803,AATTGAGCAGAAGACACACATAG,0,0,0.021390374,0,0.068319815,455,184.0767356,0.008695652,0.065217391,0,0,1,0
11804,TGAATCACTTCTTCAGCGCCCAG,0,0,0.023333333,0.085051677,0.082027617,455,181.8941654,0.034782609,-0.217391304,0,0,0,0
11805,GCCTGAGCAAAGCCTGGGCATGG,0,0,0.034957983,0,0.121741508,555,188.3191819,0.043478261,0.434782609,0,0,0,0
11806,AATGAGTGTGTGTGTGCGTTCAG,0,0,0.082923077,0.434296023,0.426140229,552.5,177.8626197,0.004347826,0.130434783,0,0,0,0
11807,TGGATGGAGAACTGGGGAGAGGG,0,0,0.089802632,0,0.072452122,357.5,155.1475416,0,-0.086956522,0,0,0,0
11808,AAATGAGGAAAAGGGGCACAAGA,0,0,0.02218107,0,0.349042972,530,200.669262,0,-0.217391304,0,0,0,0
11809,GGGGAGGGGGAGGGTGCTCCAGG,1,0.002959387,0,0,0.082499774,425,195.8995748,0.07826087,-1.152173913,0,0,0,0
11810,TGGGGGGAGGAAGGAGGAGGAGG,0,0,0.018414322,0,0.25551675,455,170.4011595,0,-0.5,0,0,0,0
11811,GACATGTTTTTATTGCTCTTGGG,0,0,0.029304029,0,0.063027465,387.5,157.6702905,0,-0.195652174,0,0,0,0
11812,CCCTGTGTCTTTGGAAATATTGA,0,0,0.012086679,0,0.009832243,345,149.2720461,0,0.304347826,0,0,0,0
11813,GGCAGCCCCTCTGCAGTACCTGG,0,0,0.118153846,0.36082635,0.348646558,552.5,192.4377886,0.013043478,-0.217391304,0,0,0,0
11814,CTCTGTTTCTCAGGATGGAGAAG,0,0,0.019013666,0.234367362,0.234367362,455,171.7231188,0.013043478,0.130434783,0,0,0,0
11815,TTCTCATTCCCACCCACCTCCAG,0,0,0.018569534,0.43003125,0.421955546,552.5,180.0364161,0.008695652,-0.391304348,0,0,0,0
11816,CCAGCCTCTGCTCTGCACACCGA,0,0,0.015046296,0,0.093437277,455,179.519087,0.004347826,-0.304347826,0,0,0,0
11817,CGTGAGTGTGTGTGTGTGTGTAG,0,0,0.051851852,0,0.788265432,560,195.4541086,0,-0.065217391,0,0,0,0
11818,GCCTCCCCAAGGCATGGCTTTGA,0,0,0.004375,0,0.015541087,290,133.4451318,0,0.217391304,0,0,0,0
11819,GAACAGAAAGAATATAATGCAGA,0,0,0.001736111,0,0.049567773,357.5,175.9907997,0,0.152173913,0,0,0,0
11820,CTGACCTCCGGTGAGTAGAGGGA,0,0,0.007233796,0,0.89998622,620,210.5367628,0.57826087,0.956521739,0,0,0,0
11821,AGGAGGGAGGGATGAGGAGGTGG,0,0,0.073411765,0.394491477,0.387083187,455,174.5439964,0.008695652,0.086956522,0,0,1,0
11822,GATTAATTTTCATTTTTCTCAGA,0,0,0.003410218,0,0.240310978,522.5,201.3906744,0,0.304347826,0,0,0,0
11823,GACTGTGTTTCTTTGTTCTCCAG,0,0,0.021689663,0.281814238,0.277495246,525,206.0264148,0.165217391,-0.391304348,0,0,0,0
11824,CCCCTCCATCCAGGGACCCAGGA,0,0,0.002178649,0,0.092019237,462.5,182.4638821,0.030434783,-0.108695652,0,0,0,0
11825,GCCGCCCACGAGCCTGGCCAGAG,0,0,0.033436214,0.768095474,0.768095474,622.5,206.2750663,0.034782609,-0.391304348,0,0,0,0
11826,AAATGACCAGAAAAGGCAAATAG,0,0,0.03021978,0,0.125155157,455,173.4696818,0,-0.565217391,0,0,0,0
11827,CCCTCTGTTTCTTGCTGGATGGA,0,0,0.00390625,0,0.090665591,425,190.2455575,0.069565217,-0.434782609,0,0,0,0
11828,GTCCCCCCAGAGCCTGGCAAGGG,0,0,0.140056023,0.476283266,0.45934875,552.5,182.3466636,0,-0.086956522,0,0,0,0
11829,TGTGTGTGTGTGTGTGCATGCGG,0,0,0.151048951,0,0.189613667,552.5,188.5285664,0,0.130434783,0,0,0,1
11830,TGTGTGTGTGTGTGTGCATGCGA,0,0,0.01048951,0,0.189613667,552.5,188.5285664,0,0.543478261,0,0,0,0
11831,CCCAACCCTCCAGAGTAACAAAG,0,0,0,0.099539557,0.099539557,485,176.5373261,0,0.195652174,0,0,1,0
11832,GGGCTGAGGGAATGAGGAGTCAG,0,0,0.064184901,0,0.932255747,620,212.8434022,0.008695652,0.130434783,0,0,0,0
11833,GGTGGGTGTGTGTGTGTGTTTAG,0,0,0.036586667,0,0.155313909,485,155.8281887,0,0.282608696,0,0,0,0
11834,TGTGTGTGACTGTGTGTGTGAGA,0,0,0.004713805,0,0.56142625,552.5,191.9338325,0.143478261,0.630434783,0,0,0,0
11835,TGTGTGTGACTGTGTGTGTGAGG,0,0,0.067878788,0,0.56142625,552.5,191.9338325,0,-0.239130435,0,0,0,0
11836,TGTGAGTGACGGTGTGAGTGTGA,0,0,0.005185185,0,0.311591569,455,186.9920688,0,0.326086957,0,0,0,0
11837,TTTGTGTGAGTGTGTGTGTGGAG,0,0,0.027997143,0,0.609583333,552.5,196.6855689,0.130434783,-0.195652174,0,0,0,0
11838,AACCTCCATCCAGAGACCCAAAG,0,0,0.012675777,0.321774194,0.310333333,552.5,192.6630667,0,-0.217391304,0,0,0,0
11839,TATGTGTGAGTGTGTGCATGTGA,0,0,0.014792899,0,0.310333333,552.5,192.2483467,0.02173913,1.956521739,0,0,0,0
11840,TTGATGGAAGAATGTGTAGTAAG,0,0,0.00530303,0,0.099818052,455,179.807087,0,0.108695652,0,0,0,0
11841,CCCTGTGTCCATTGATGAATAGA,0,0,0.005769231,0,0.052921728,357.5,173.0555261,0.413043478,0.130434783,0,0,0,0
11842,GGGTGGGGGTGATTTGCTCTGAG,0,0,0.038337963,0.15249042,0.150040774,392.5,163.1244795,0,-0.108695652,0,0,0,0
11843,GGTGAGAGTGTGAGTGTGTGGGG,0,0,0.169615385,0,0.088958845,455,182.3716072,0,-0.086956522,0,0,1,0
11844,GGTGAGTGTGTGTGTGTGAGTGA,0,0,0.005555556,0,0.208575033,492.5,164.7061086,0.152173913,0.608695652,0,0,0,0
11845,TCCTGTATCTAAGGATGGATTAG,0,0,0.155555555,0.275687211,0.266829791,425,202.870635,0,-0.043478261,0,0,0,0
11846,AATTGGTTTTCCTTGTTCTCAGG,0,0,0.104210526,0,0.694060843,522.5,209.6675796,0.02173913,0.195652174,0,0,0,0
11847,GAACACACTGCTTAGCCTGCAGG,0,0,0,0.072806325,0.070574714,455,187.1358764,0.939130435,-0.369565217,0,0,0,0
11848,GCTGCCTCCCCTCATCTCACAGG,0,0,0.045217391,0.057213706,0.055282442,425,188.3620574,0,0.326086957,0,0,1,0
11849,GACCTGCTCCACCCCGCAACAGG,0,0,0.048951049,0,0.056147255,485,159.9543628,0,0.02173913,0,0,0,0
11850,TGGATGGAGGGATGGGTAGATGG,0,0,0.059414063,0,0.034164895,290,140.6391837,0,0.782608696,0,0,0,0
11851,AAGTTGGAGGAATAAGGAGTGAG,0,0,0.104700855,0,0.223971519,522.5,206.4472154,0.826086957,1.347826087,0,0,0,0
11852,CGCGCAGGGGCTGGAGGTGGCGG,0,0,0.24872449,0,0.82579023,620,213.440599,0,0,0,0,0,0
11853,GGCACTGAGAAAGGAGGTGGAGG,0,0,0.364,0,0.328178361,460,197.1622625,0.017391304,-0.586956522,0,0,0,0
11854,GGGAGGGAGGAATGAGGCATGAG,0,0,0.021593436,0,0.103262324,485,161.7403468,0,0.239130435,0,0,0,1
11855,GTAACCTCCAAAGACCAAGGTGG,0,0,0.32,0.025893985,0.025893985,387.5,168.2441404,0.517391304,0.413043478,0,0,0,0
11856,GCTTCCCCATTGCCTGACCAAGA,0,0,0.012097788,0,0.291673374,455,186.4640688,0.347826087,-0.608695652,0,0,0,0
11857,AAAGGAGTAGCAGAGCCACATGA,0,0,0,0,0.143492089,455,191.7080734,0,-1.565217391,0,0,0,1
11858,GGCACTCAGGCTGGTGGAGGCAG,0,0,0.015447531,0,0.051329507,455,174.0866474,0,-0.391304348,0,0,0,0
11859,AAGGCCCAGCAAAAGAAGAAGGA,0,0,0.025065104,0,0.480774398,522.5,208.2271188,0,-0.217391304,0,0,0,0
11860,CCCTGAGTCTCAGGATGGGAGGA,0,0,0.01015625,0,0.058772425,387.5,141.8123157,0,0.456521739,0,0,0,0
11861,CCCTTCCAACCAGAAACCCAGAG,0,0,0.027464184,0.049928839,0.048243477,455,174.7362648,0,5.782608696,0,0,0,0
11862,GATATCATTTCATTGTTCTCTAG,0,0,0.050636574,0,0.531673751,620,213.6292352,0.026086957,-0.043478261,0,0,0,0
11863,ATAAACAGGAGTGAGAAGAGAGA,0,0,0.018842764,0,0.155758982,552.5,194.3239768,0,-0.02173913,0,0,0,0
11864,TGTGTGTGAGTGTGTGTGTTGGG,0,0,0.118787879,0,0.268517165,485,159.787969,0,0.369565217,0,0,0,0
11865,AAAAGAAAGGAAGAGGCACGTGG,0,0,0.242763772,0.280517893,0.275530908,552.5,174.8458389,0,-0.260869565,0,0,0,0
11866,CACATGCATACAGAAACACACAG,0,0,0.076899716,0,0.224468976,522.5,197.975258,0.008695652,0.065217391,0,0,0,0
11867,CTTATGCATACAGAGACACAGAG,0,0,0.070216049,0.773617476,0.749905063,620,211.6542796,1,-0.217391304,0,0,0,0
11868,GAGTCAGAGCAACAGAAGCAAGA,0,0,0.002621496,0,0.054544193,357.5,169.4505951,0.843478261,2.326086957,0,0,0,0
11869,AGTGTGTTTGTGTGTGCGTGTGA,0,0,0.008522727,0,0.833979885,620,210.8520827,0,0.152173913,0,0,0,0
11870,AGTGTGTTTGTGTGTGCGTGTGG,0,0,0.122727273,0.860350791,0.833979885,620,210.8520827,0.2,0.130434783,0,0,0,0
11871,GGCTCTTTCCAAGCCACCTTTGG,0,0,0.071146245,0.621143836,0.60458,432.5,204.4305958,0.004347826,0.217391304,0,0,0,0
11872,AACACCAGTGGGTAGTGAGAAAG,0,0,0,0.011162696,0.011162696,320,133.1205572,0,0,0,0,0,0
11873,GGGAAAAACACACCATCCCTTGA,0,0,0.011359817,0,0.1152679,455,171.5777623,0,-0.456521739,0,0,0,0
11874,GCCTCCTCCCCACCCACCCCTGA,0,0,0.00158323,0,0.119456149,485,146.4285992,0,-0.195652174,0,0,0,1
11875,CATGCAGCAGAGGGCAGTAATGG,0,0,0.14379085,0.535883099,0.519457564,620,209.7990988,0,-0.086956522,0,0,0,0
11876,CCCTGTATCTCTGGCTGTACTAG,0,0,0.004285277,0.022874235,0.022488172,387.5,140.0488644,0.104347826,0.369565217,0,0,0,0
11877,GAACACGAGGCATAGACCCCTGG,0,0,0.090408577,0,0.038728891,485,156.6857056,0,-0.130434783,0,0,0,0
11878,AAGAAGAACTGTGAGTAGAGGGA,0,0,0.01685049,0,0.760552802,620,209.0824626,0,-0.130434783,0,0,0,0
11879,GGTGTATGAGTTTGTGTGTGTGG,0,0,0.065268065,0,0.172261305,455,187.4234845,0,-0.47826087,0,0,0,0
11880,GAGTGAGAGGAGAAGGAGAAGAG,0,0,0.010802469,0,0.137119423,552.5,193.8455337,0,-0.130434783,0,0,0,0
11881,TGGATGGGGGAAAGAGGGATTAG,0,0,0.037606838,0,0.034184806,387.5,150.4295293,0,-0.347826087,0,0,0,0
11882,GTCATTTTAGGGATTGCCTGGGG,0,0,0.031746032,0,0.040653452,357.5,186.179406,0,-0.413043478,0,0,0,0
11883,TGTGTTTGAGTGTGTGTGTGTGA,0,0,0.007856341,0,0.368797917,552.5,195.1395849,0.72173913,-0.130434783,0,0,0,0
11884,AGTGAGTGAGGGGGTGGGTGAGG,0,0,0.005524297,0,0.130929356,357.5,182.4844847,0,-0.5,0,0,0,0
11885,TGTGTGTGAGGGTGTGTGTGTGA,0,0,0.004713805,0,0.33831875,455,190.6954852,0.030434783,0.130434783,0,0,0,0
11886,GGCCCTGCGGTAGCAGGTGGAGG,0,0,0.037233355,0,0.058210306,327.5,192.7410312,0.008695652,-0.369565217,0,0,0,0
11887,GACTAGTTTGCTTTATTCTCTGA,0,0,0.005446623,0,0.173746095,425,190.9968216,0,-0.065217391,0,0,0,0
11888,TGTGTGTGAGGGTGTGTGTGTGG,0,0,0.067878788,0,0.33831875,455,190.6954852,0,-0.543478261,0,0,0,0
11889,GCAAACCCACCTGCAGCACCTGG,0,0,0.171428571,0.792383078,0.768095474,620,208.7201632,0.073913043,-0.260869565,0,0,0,0
11890,GCCTTTTTCTCAACCACCATAGG,0,0,0.065816537,0,0.168767057,455,172.6726231,0,-0.065217391,0,0,0,0
11891,TAGATGGAGAAATGATGATTAAG,0,0,0,0,0.079007985,485,165.9318378,0,0.152173913,0,0,0,0
11892,CAGTCCAGGAAGAAGAAGAAGAG,0,0,0.117695473,0.89998622,0.89998622,620,208.7252658,0,0.217391304,0,0,0,0
11893,AAGTGAGAAGACGAGGCAGCTGG,0,0,0.004568713,0,0.100892987,387.5,143.0702997,0,-0.304347826,0,0,0,0
11894,TGTGTGTGAGTATGTGAGTGTGA,0,0,0.010998878,0,0.299915,455,189.2094685,0,0.065217391,0,0,0,0
11895,GACATGGAGTTCCTCCCCTTAGA,0,0,0.009403935,0,0.161203065,552.5,177.7144993,0,0.02173913,0,0,0,0
11896,GGTGTGGGAATGTGTGCTTGGGG,0,0,0.133095663,0,0.185328808,552.5,185.1134295,0.039130435,-0.456521739,0,0,0,0
11897,GTCACCTGCCATGGCTAGGACAG,0,0,0.024305556,0.08601783,0.08601783,455,162.331662,0.052173913,-0.434782609,0,0,0,0
11898,AGAATCTTGGTCATTACCTGTGA,0,0,0.030333333,0,0.822304167,622.5,214.4722196,0,-0.173913043,0,0,0,0
11899,CCCTGTGTCTCTGGATAGAATGG,0,0,0.525,0.918781627,0.918781627,500,163.476289,0,-0.086956522,0,0,0,0
11900,AAAGAAGAAGAAGAGGCAAAAGA,0,0,0.016121032,0,0.992537313,560,187.4900801,0,-0.173913043,0,0,0,0
11901,AAATGAGACGCAGAGACCCAAAG,0,0,0.011287478,0,0.016355892,387.5,166.2983768,0,-0.304347826,0,0,0,0
11902,TACATCCATGTCCTAGCCATCGG,0,0,0.023504274,0.049848983,0.049848983,455,185.3213717,0.32173913,0.391304348,0,0,0,0
11903,GGTGGGTGGGTGAGTGGGTGGGG,0,0,0.019547511,0,0.136842006,455,183.466468,0.995652174,1.760869565,0,0,0,0
11904,GGTATGTGACTGTGTGTGTGTGA,0,0,0.004242424,0,0.532999604,552.5,191.0602325,0,0.195652174,0,0,0,0
11905,CTTGCCCCAAAGTGCAGTCTTGA,0,0,0.002241379,0,0.066984255,387.5,136.8233432,0,-0.369565217,0,0,0,0
11906,CCAGTGACAAGAGCACAGGCTAG,0,0,0,0.03965873,0.038443137,455,180.6449552,0.017391304,-0.086956522,0,0,1,0
11907,CCCATTCTTCCAAATACACAAAG,0,0,0.013605442,0.089775258,0.089775258,425,190.6078569,0.034782609,0.086956522,0,0,0,0
11908,TGTGTGTGGGTGTGTGCATGAAG,0,0,0.043512044,0,0.189613667,552.5,188.5285664,0.491304348,-0.347826087,0,0,0,0
11909,CGTGCGTGTGTGTGTGGGTGAAG,0,0,0.003267974,0,0.372455417,552.5,192.9657886,0.191304348,-0.5,0,0,0,0
11910,GAACACAAGGCATACATTGTGGA,0,0,0.001767677,0,0.037612163,387.5,142.9094871,0.313043478,0.217391304,0,0,0,0
11911,CACCCCCTCCACACAGCCCCAGG,0,0,0.016841396,0,0.054642629,357.5,164.745658,0,0.02173913,0,0,1,0
11912,GGGTCCCCAAAGCCTGACCAGGG,0,0,0.324637681,1.232921368,1.196117745,560,198.6458889,0,0.413043478,0,0,0,0
11913,GCCTCCCCACCCCCTGCCCAGAG,0,0,0.004306036,0.134214734,0.132157803,392.5,179.2759684,0,-0.717391304,0,0,0,0
11914,CGTGAGTGTGGGTGTGAGTGTGA,0,0,0.005555556,0,0.206712756,455,188.0240249,0,-0.347826087,0,0,0,0
11915,GACCCCCCCCACCCCCACCCAGA,0,0,0,0,0.029843878,417.5,147.0776461,0,0.130434783,0,0,0,0
11916,GGTGAGTTAGTGGGTATGTGGGG,0,0,0.076086957,0,0.036665336,387.5,168.3263255,0,0.195652174,0,0,1,0
11917,TGGATGATGGATGGAGGAGTGGA,0,0,0.002587992,0,0.177505223,425,196.5015813,0,-0.413043478,0,0,0,0
11918,TGGATGATGGATGGAGGAGTGGG,0,0,0.037267081,0,0.177505223,425,196.5015813,0.169565217,0.695652174,0,0,0,0
11919,TGCATCTGAGTCATCACCTGTAG,0,0,0.043555556,0,0.402848101,522.5,201.6531615,0,-0.130434783,0,0,0,0
11920,GGTTAGTGAGTGGGTGAGAGTGA,0,0,0.000878349,0,0.074311256,387.5,157.0929685,0,0.52173913,0,0,0,0
11921,AGCCCAGACTGAATACGTGTTAG,0,0,0.094769231,0,0.040216897,357.5,160.9238949,0,-0.02173913,0,0,0,0
11922,TGTGTGTGTGTGTGTGGGTGTAG,0,0,0.003327392,0,0.372455417,552.5,192.9657886,0.082608696,-0.065217391,0,0,0,0
11923,GAGTCAGAGCAGAATGAGACAAG,0,0,0.001503126,0.018091479,0.017480796,387.5,148.7809686,0,0.02173913,0,0,0,0
11924,GGCATCTCTTCTCCAGCACTGGG,0,0,0.043984962,0.178418456,0.172074689,455,169.6518987,0,0.086956522,0,0,0,1
11925,GGTGTGTGTGTGTGTATGTGGGG,0,0,0.101818182,0,0.060818669,485,175.6773627,0.004347826,-0.282608696,0,0,0,0
11926,GGGATGGATGGATCAGGAGTTGG,0,0,0.142111801,0,0.075949862,425,197.3709513,0.139130435,-0.173913043,0,0,0,0
11927,AAAACAGAAGAAGAGGAAGAGAG,0,0,0.005658436,0,0.19201875,485,165.303969,0.186956522,0.130434783,0,0,0,0
11928,GGGGCAGACCCAGCATCCTGGAG,0,0,0.00953159,0.211743071,0.20797875,485,149.1524801,0,0.717391304,0,0,0,0
11929,CCCAGCCATCCGGGGACCCAGGG,0,0,0.04108642,0.021968803,0.021598022,357.5,173.1330616,0,-0.217391304,0,0,0,0
11930,GTTGCCCCTCAGGACAGTACAGG,0,0,0.093379447,0,0.063494894,455,166.4634351,0,-1.108695652,0,0,0,0
11931,AAATGAAAAGAAGATGAAGAGAG,0,0,0.002160494,0,0.033368241,387.5,150.8756866,0,-0.391304348,0,0,0,0
11932,GAAAACAAACCACAGACTGGGGG,0,0,0.015642822,0,0.235330927,455,166.6977431,0.030434783,0.02173913,0,0,0,0
11933,AAATGACATGAAGAGACACAAGG,0,0,0.4125,0,0.191811376,560,196.768613,0,-0.543478261,0,0,0,0
11934,TCCATGGAGGTATGGGGAGTGGA,0,0,0.003698225,0,0.220450566,425,197.9948947,0.039130435,0.260869565,0,0,0,0
11935,GTCTTCTCTGTCTTTACCTGGGA,0,0,0.007954545,0,0.338304443,522.5,201.7674822,0,-0.630434783,0,0,0,0
11936,TGTGAGTGCGTGTGTGTGGGAAG,0,0,0.017283951,0,0.123933228,485,163.5061086,0,0.260869565,0,0,0,0
11937,GTAACCCCTCCTGCTGCACCCGG,0,0,0.067878788,0.377392597,0.371023101,522.5,198.472922,0,-0.391304348,0,0,0,0
11938,CCCTGTGTCTGGGAATGGAAGAG,0,0,0.013671875,0.024273697,0.024273697,260,156.4770313,0,-0.086956522,0,0,0,0
11939,CTTTCCACACACGGCAGTAATGA,0,0,0.010026738,0,0.897986498,530,209.4271188,0,-0.413043478,0,0,0,0
11940,GTTTCGTGAGTGTGTGTGTGAGA,0,0,0.003749617,0,0.609583333,552.5,195.8119689,0.069565217,-0.108695652,0,0,0,0
11941,GGCACTGGGCCAGGCGGTGGAGG,0,0,0.056103896,0,0.165757769,425,189.1853246,0.852173913,0.086956522,0,0,0,0
11942,AGATGAGAAACAGAGGCCCAAGG,0,0,0.056888889,0,0.158628435,455,182.3148466,0.047826087,-0.043478261,0,0,0,0
11943,AAAGGAGAATAAGAGCCATAAGG,0,0,0,0,0.079007985,485,165.2982378,0,0,0,0,0,0
11944,GGAATCCCTCCTGAAGGACCTGG,0,0,0.010980392,0,0.134381544,462.5,182.7829679,0,-0.043478261,0,0,0,0
11945,AGGACTTAGGCTGGAGGTGGAGG,0,0,0.167142857,0,0.919204167,620,213.1890022,0,-0.565217391,0,0,0,0
11946,GGGTGGCTGGAGTTTGCTGCTGG,0,0,0.053710938,0.639711268,0.639711268,560,184.1690023,0.034782609,0.043478261,0,0,0,0
11947,CTTGCCCAACAGCCAAGTAAGGG,0,0,0.026065163,0,0.021093391,362.5,180.7546563,0.382608696,-0.065217391,0,0,0,0
11948,AGTGAGTGATTGTGTGAGTCCAG,0,0,0.037916667,0.252037406,0.247304309,485,156.0845526,0.056521739,-0.413043478,0,0,0,0
11949,AAATGTTAAGAATAAGCACAGGG,0,0,0.115246098,0,0.061316501,425,191.3244931,0,-0.304347826,0,0,0,0
11950,GCCTCGCCAAAGCCAAGCAAAGG,0,0,0.12406015,0,0.013204918,387.5,155.1705686,0,0.130434783,0,0,0,0
11951,GACACCGCTCCAGAGTTTTGGGA,0,0,0.001260504,0,0.352730832,555,170.0110663,0.908695652,0.369565217,0,0,0,0
11952,GCATCTTTCCCACCAAGCTTAGA,0,0,0.000786734,0,0.320559556,462.5,184.6788674,0.130434783,0.173913043,0,0,0,0
11953,TTCTTGTTTTTATTCTTCTCAAG,0,0,0.015822561,0.231391376,0.223580696,425,198.5228947,0.026086957,0.195652174,0,0,0,0
11954,CCCATCCCTCAAGTGAGACAGGA,0,0,0.00070028,0,0.045550747,357.5,177.2448036,0.047826087,0.065217391,0,0,0,0
11955,AATTACCTCTACCTCCTGAAAAG,0,0,0.001134149,0,0.114018038,455,180.3039292,0.008695652,-0.217391304,0,0,0,0
11956,GGTGGATGAGTGTGTGTGTGGGG,1,0.002663988,0.336,0,0.692578247,560,196.3395849,0,-0.173913043,0,0,0,0
11957,GCCTGGCCAAAGCCAGACCAGGG,0,0,0.162105263,0.093833394,0.093833394,455,180.9325634,0,-0.065217391,0,0,0,0
11958,GTCATATTAGTCATTCTTTGAGG,0,0,0,0,0.011803401,442.5,153.7161458,0,-0.02173913,0,0,0,0
11959,GAGAGAGAGCAGGAGAAGAAAGA,0,0,0.012015676,0,0.334982304,525,205.7527755,0.195652174,0.47826087,0,0,0,0
11960,TGGATAGATGAATGATGAGAAGG,0,0,0,0,0.039853605,485,159.0282098,0,-0.217391304,0,0,0,0
11961,CCTATCCATCAAGGGACCCAAAG,0,0,0.011882716,0.025303733,0.025303733,357.5,175.3793984,1,-0.630434783,0,0,0,0
11962,TTGAGGGAGAAATGAGGGGTGAG,0,0,0.039419977,0,0.285817,552.5,187.2566103,0,-0.02173913,0,0,0,0
11963,GACTTATTTTCCTTGTTTTCAGG,0,0,0.169172933,0,0.173471962,462.5,185.4745823,0,-0.586956522,0,0,0,0
11964,GGAATCCATTCTACAGCAGCAGA,0,0,0.005208333,0,0.34314,462.5,177.0528626,0,0.086956522,0,0,0,0
11965,AATAACTACAACAACCTCAAAGG,0,0,0.388010204,0,0.134097947,522.5,199.3122981,1,1.826086957,0,0,0,0
11966,GAGTACTAGAAGAAGAAGAGAGA,0,0,0.015028233,0,0.415325641,552.5,173.3991629,0.026086957,-0.347826087,0,0,0,0
11967,GGCACTGGGGCTGGGGCTGGCGG,0,0,0.098319328,0,0.275727145,462.5,182.1070504,0,-0.086956522,0,0,0,0
11968,CTCAGCCATCAAGAGCCACAAGA,0,0,0,0,0.143492089,455,194.1531704,0.065217391,0.108695652,0,0,0,0
11969,GTCACCTCAAATTACTAGAAGGG,0,0,0.172193877,0.0459131,0.04443798,387.5,137.8552992,0,0.065217391,0,0,0,0
11970,AAATAAGAAAAACAGGGACAGGA,0,0,0.001391278,0,0.206270847,455,182.434512,0.02173913,0.043478261,0,0,0,1
11971,ACCTCATTCCTAGCCACCTTGGG,0,0,0.032727273,0.195328606,0.195328606,425,201.6846118,NA,-0.065217391,0,0,0,0
11972,AAATAAGAAGAAAAGGCAGATGG,0,0,0.1,0,0.38411194,462.5,178.8643595,0.026086957,-0.891304348,0,0,0,0
11973,TAGCCCGGGCAGAAGAACAACAG,0,0,0.058581457,0,0.310333333,552.5,189.8032498,0,-0.043478261,0,0,0,0
11974,AGAATCCCTTCAGCAACATCAGA,0,0,0.023076923,0,0.044584035,387.5,163.4474737,0,-0.108695652,0,0,0,0
11975,GACTTGTTTTTACTGTTTCCAGA,0,0,0.002991564,0,0.018100265,290,147.2992625,0.004347826,0.413043478,0,0,0,0
11976,TGGATGGAGGATTAGGGAGGCAG,0,0,0.00743464,0,0.01118244,260,148.5000934,0,0.608695652,0,0,0,0
11977,TGCTGTGTTTGTGGATGGATGGA,0,0,0.010567633,0,0.485165286,522.5,208.7701359,0,-0.347826087,0,0,0,0
11978,CCTGCCCCGCAGGGTAGTGATGA,0,0,0.000992063,0,0.081669315,455,170.0451981,0,-0.391304348,0,0,0,0
11979,AACCCATTCCACCCTGCCTCAGG,0,0,0.045267857,0,0.166462878,522.5,200.8238136,0,-0.543478261,0,0,0,0
11980,TGTGAGAGACTGTGTGTGTGTGA,0,0,0.011342593,0,0.383454129,552.5,190.8389717,0,0.043478261,0,0,0,0
11981,AGGTGGGAGGAGCTTGCTCTAGA,0,0,0.014802631,0,0.26991206,455,169.4632626,0.92173913,-0.173913043,0,0,0,0
11982,TGGTGGGGGAAATGAGGAGTTAG,0,0,0.072269959,0,1.257112069,620,208.9465266,0,-0.152173913,0,0,0,0
11983,GAGAGCAAGCAGAAGAAGAAAAG,0,0,0.074074074,1.620099875,1.584493284,627.5,215.8548992,0,-0.173913043,0,0,0,0
11984,GCCACAGCAGCTGCAGGTGGAGG,0,0,0.165306123,0,0.082792192,522.5,201.575051,0,-0.195652174,0,0,0,0
11985,GCCTGCCCCAGGCCTGGCCTCAG,0,0,0.034666667,0.223894076,0.223894076,455,170.584216,0,0.086956522,0,0,0,0
11986,GGAACTGAGCCTGGAGGAGGGGG,0,0,0.150222222,0,0.281815562,552.5,185.1571133,0,-0.282608696,0,0,0,0
11987,GGAGTCCCTTCTGCACAGCCAGG,0,0,0,0.020191317,0.019509753,442.5,154.6285298,0,-0.239130435,0,0,0,0
11988,AATAACAAGTACATCCTTAAGAG,0,0,0.069642857,0.127244018,0.122948862,552.5,186.5601056,0,0.913043478,0,0,0,0
11989,CAATAAGAAAAAGAGGCAGAGGA,0,0,0.006018518,0,0.485227553,552.5,182.1719436,0.295652174,-0.282608696,0,0,0,0
11990,GGTGACTGAGTGAGTGAATGTGA,0,0,0.010590371,0,0.026557651,387.5,161.5052511,0.004347826,1.586956522,0,0,0,0
11991,GCCCCCTCCCACCCCGCCCCAAG,0,0,0.045657727,0,0.34064625,552.5,182.7290023,0,-0.173913043,0,0,0,0
11992,TGTGAGTGTGCGTGTGTGTGTGA,0,0,0.012962963,0,0.206712756,455,188.0240249,0.982608696,2.673913043,0,0,0,0
11993,AAAGGAGAAGAAAAAGCAAAAGG,0,0,0.232708468,0,0.051728355,357.5,163.872058,0,-0.173913043,0,0,0,0
11994,TGGAGGGAGGAATGGAGAGAAAG,0,0,0.060666667,0,0.030434884,387.5,149.2786326,0,-0.260869565,0,0,0,0
11995,GGTGTGTGCGGGTGTGCGTGCGA,0,0,0.005772006,0,0.862516064,530,208.9218159,0,0.02173913,0,1,0,0
11996,CCCTGGGTCACAGGAGGGATCAG,0,0,0.035164835,0.068564189,0.067462756,455,187.4177532,0,-0.5,0,0,1,0
11997,CTCCGCCTCCAGCCCGCCTCAGA,0,0,0.00962001,0,0.703915663,522.5,209.9555796,NA,-0.630434783,0,0,1,0
11998,AGTGTGTGAGTGTGTGAATGTGA,0,0,0.007342657,0,0.119478333,485,171.5022357,0.243478261,0.217391304,0,0,0,0
11999,GAACACATAAAATATACTGCTGA,0,0,0.00297619,0,0.186982849,425,190.6713413,0,-0.217391304,0,0,0,0
12000,AAACACAAAGGATCCACTGCAGG,0,0,0.013149351,0,0.033313524,327.5,187.1237101,0.017391304,0.195652174,0,0,0,0
12001,GACCACCTCCACCCCAGCTGTGG,0,0,0.001977261,0,0.043721755,417.5,142.4995431,0,0.043478261,0,0,0,0
12002,GTCATTTTAGACACTACCTGAGA,0,0,0.013818027,0,0.133696065,432.5,200.7447476,0,0.565217391,0,0,0,0
12003,GGATCTGCGGCTAGAGCTGGGGA,0,0,0.008318479,0,0.220828507,455,187.3129684,0,-0.065217391,0,0,0,0
12004,AAAAACAAGCCATAGACTGCAAG,0,0,0.052397661,0,0.805112123,620,209.3748832,0.013043478,0.043478261,0,0,0,0
12005,GCCTTGTTTTCATTTTTTTAAGG,0,0,0.036078717,0,0.036635506,387.5,142.1920452,0.065217391,0.108695652,0,0,0,0
12006,TGTGAGTGTGTATGTGAGTGTGA,0,0,0.018148148,0,0.183248065,455,186.5380081,0.008695652,-0.152173913,0,0,0,0
12007,GCTGAGTGAGCGTGTGAGGGGGA,0,0,0.003739316,0,0.106570406,387.5,160.9958053,0.039130435,-0.695652174,0,0,0,0
12008,GCAGTGGGTAGAGCTGGGGCAGG,0,0,0.016247931,0.11360013,0.111580572,455,181.6236866,0,-0.456521739,0,0,0,0
12009,GGGGCAGAGGAATGAGGAGTTAG,0,0,0.154991948,0,0.789491758,622.5,215.252096,0.030434783,0,0,0,0,0
12010,CCCACCCAGCCACAGACACAAGG,0,0,0.260651629,0.631882278,0.631882278,530,205.6525791,0,0.195652174,0,0,0,0
12011,GAACACAATGCATACACACCTAG,0,0,0.012678509,0.014700477,0.014464324,387.5,144.8618649,0.760869565,0.760869565,0,0,0,0
12012,GGTGAGTGGATGTGTGTGGGGAG,0,0,0.018820302,0,0.097639973,485,158.5143722,0,-0.065217391,0,0,0,0
12013,GTCTCCCTCCACCCCAACTCCAG,0,0,0.070392817,0,0.104848333,485,179.811863,0.747826087,1.195652174,0,0,0,0
12014,GACCCCCCACAAACCGCCTCGGG,0,0,0.235478807,0,0.151813189,425,194.9249817,0,-0.282608696,0,0,0,0
12015,ATGCACACCAGTGGGAATAGCAG,0,0,0.025879712,0,0.007550528,387.5,163.9754562,0.008695652,-0.826086957,0,0,0,0
12016,TGTGAGTGGGTGGGTGGGTGTGA,0,0,0.000710429,0,0.144140246,455,184.754788,0.004347826,0.108695652,0,0,0,0
12017,GACTCATGGCCACCCACCTTTAG,0,0,0.074183813,0.512410871,0.50455783,620,210.1144187,0,0.065217391,0,0,0,0
12018,TGTGAGTGCGAGTGTGTGTGCGA,0,0,0.013888889,0,0.206712756,455,188.0240249,0,-0.217391304,0,0,0,0
12019,TGTGACTGCGTGAGTGCGTGTGA,0,0,0.018731269,0,0.215037438,522.5,203.9549151,0,-0.173913043,0,0,0,0
12020,GGGATGGAGGATACAGGAGTGAG,0,0,0.024526198,0,0.042645073,362.5,190.3453944,0,-0.086956522,0,0,1,0
12021,CTCTGGGCCTCTGGATGGACTGG,0,0,0.047225502,0,0.421955546,552.5,176.9365991,0,0.130434783,0,0,0,0
12022,CCTGCTTTCCCACCCACCTCCAG,0,0,0.007233796,0.700844318,0.687682923,552.5,180.6608001,0,-0.173913043,0,0,0,0
12023,CTTGCAACACAGGGCAATAGCGA,0,0,0.034517974,0,0.099719339,485,156.9071242,0.591304348,-0.065217391,0,0,0,0
12024,GCACTCCAGCCAGAGACACAGAG,0,0,0.04482334,0,0.822304167,620,213.8386196,0.065217391,0.434782609,0,0,0,0
12025,CTTGGCGCTCAGAGCAGTAATGA,0,0,0.010859728,0,0.220438397,522.5,202.0693983,0,-0.347826087,0,0,0,0
12026,GCCTCCTTCCCTCCCTCCCTGAG,0,0,0,0.024658033,0.024241864,387.5,161.6614897,0,-0.152173913,0,0,0,0
12027,GGCTCTGCGGGGGGAGGTGGGAG,0,0,0.020622896,0,0.729696203,432.5,205.5802158,0,NA,0,0,0,1
12028,AATACAGAGCAGAAGAAGAATGG,0,0,0.198979592,0.801938915,0.778438874,620,216.012416,0,-0.195652174,0,0,0,0
12029,AAAAAAGAAAAAGAGGCAGATAG,0,0,0.012482853,0,0.45934875,552.5,181.2983436,0.034782609,0.108695652,0,0,0,0
12030,TGGATGGATGAATGAACAGATGA,0,0,0.004901961,0,0.02413915,417.5,139.8280828,1,0.130434783,0,0,0,0
12031,CTTCCCCCACAGAGCAGGCAGGA,0,0,0.002340459,0,0.037831185,387.5,152.6557462,0,-0.173913043,0,0,0,0
12032,TCTCTCTCCACTCTACTCACCAG,0,0,0.081521093,0,1.317695783,620,212.0463436,0.034782609,0.239130435,0,0,0,0
12033,AGGAGGGAGGAAGGAGGAGGGAG,0,0,0.007638534,0,0.26991206,455,171.2747595,0.047826087,0.043478261,0,0,1,0
12034,CCAGAGAGGAGAGGGGAGGTTGG,0,0,0,0,0.0601085,455,165.1751151,0.1,-0.347826087,0,0,0,0
12035,TCCTCTTTCCCACCCAACCAGGA,0,0,0.005028736,0,0.084582907,417.5,130.3282891,0.2,-0.086956522,0,0,0,1
12036,AAAAGAGAAGAACAGAGACAGAG,0,0,0.003057753,0,0.038521809,387.5,170.5525425,0,-0.413043478,0,0,0,0
12037,TGTGTGTGTGTGTGTGCATGGAG,0,0,0.039160839,0,0.189613667,552.5,188.5285664,0,-0.086956522,0,0,0,0
12038,TACTTGTATTCATAGTTTTCTGA,0,0,0.022108843,0,0.046239667,455,179.0376651,0.060869565,-0.065217391,0,0,0,0
12039,CACCCACTACTCCCCGCCTCAGG,0,0,0.174927114,0,0.293524998,522.5,207.2241519,0.052173913,0.282608696,0,0,0,1
12040,GGGGAGTGTGTGTGTGTGGGGGG,0,0,0.035,0,0.115680928,485,162.9781086,0.008695652,0.02173913,0,0,0,0
12041,GTCTCCCAAAGGCATGGCCAAGA,0,0,0.009335543,0,0.124304193,425,197.9909147,0.017391304,0.195652174,0,0,0,0
12042,GGCCCTGGGGCGGGAAGTGGGAG,0,0,0.029411765,0,0.127203797,455,190.2220567,0,0.673913043,0,0,1,0
12043,TGGGTGTAGGAATGAGGGATAGG,0,0,0.102040816,0,0.066766665,485,159.771886,0,-0.195652174,0,0,0,0
12044,CCCAACCATTCAGAAAGACAGAG,0,0,0.006754566,0,0.142843894,455,177.7268109,0.17826087,0.239130435,0,0,0,0
12045,AACTGAGGAGAAGAGACAGAAGA,0,0,0.002728175,0,0.08458401,485,167.5357572,0.369565217,0.326086957,0,0,0,0
12046,AAATGAGAATAAGAGGAACAGGG,0,0,0.379166667,2.513848881,2.513848881,567.5,195.6221525,0,-0.326086957,0,0,1,0
12047,GGCACTGTGGCGGTGGGTGGTGG,0,0,0.075833333,0,0.026816403,327.5,182.5378764,0,-0.434782609,0,0,0,0
12048,GAATGAGAAGCAGAGGCAGGGAG,0,0,0.009912854,0,0.121931204,387.5,145.0843164,0,-0.304347826,0,0,0,0
12049,TACATGTTTTCATTTTTCTGGGA,0,0,0.000277889,0,0.186915845,455,166.9817785,0.586956522,0.152173913,0,0,0,0
12050,CCTGCCCCACAGGGTTGTTAGGA,0,0,0,0,0.02299038,387.5,156.7165526,0,-0.152173913,0,0,0,0
12051,TACTTGTTCTCATTCTTTTCCAG,0,0,0.041958042,0.052689881,0.050816463,455,175.6098648,0,-0.304347826,0,0,0,0
12052,GGGAAAGGACCAGCATCTATGGG,0,0,0.288629737,0.05576294,0.05397136,485,155.9690695,0,-0.152173913,0,0,0,0
12053,GAACACAAACCCTATGCTGCTAG,0,0,0.000749738,0.028510336,0.028510336,357.5,174.9967157,0.37826087,0.043478261,0,0,0,0
12054,GACATGATTTCATTGTTTTTAAG,0,0,0.020833333,0,0.088386347,485,153.382286,0.086956522,0.043478261,0,0,0,0
12055,AAGAGAGAAGAAGAGAGACAGGA,0,0,0.001188747,0,0.098146003,485,179.523863,0,-0.260869565,0,0,0,0
12056,AGAGAGTGACTGTGTGTGTGTGA,0,0,0.008333333,0,0.553566283,552.5,192.6941525,0,-0.304347826,0,0,0,0
12057,GGCGCTGGCGGTGGAGGTGGGGA,0,0,0.00375601,0,0.462858836,522.5,205.036719,0,-0.804347826,0,0,0,0
12058,GATGAGTGGGTGAGTGGGTGAAG,0,0,0.005955834,0,0.144140246,455,184.514788,0,0.152173913,0,0,0,0
12059,GGCGTGTGAGTGAGTGAGTGCAG,0,0,0.013053613,0,0.220828507,455,186.8982484,0,0.217391304,0,0,0,0
12060,GGCCCAGGCTGTGCAGGAGATGA,0,0,0.001741057,0,0.023730405,387.5,165.6723234,0.017391304,-0.02173913,0,0,0,0
12061,TGGATGGAGTCATAAGGAGTTAG,0,0,0.063194444,0.184812236,0.184812236,432.5,197.5389952,0,0.130434783,0,0,0,0
12062,AAATGAGAAAATGAGACAGAGAG,0,0,0.010082305,0,0.035125237,387.5,158.4557373,0,-0.108695652,0,0,0,0
12063,AAAAGAAAATAAGAGTCACAGGA,0,0,0,0,0.162635484,552.5,193.6630569,0,-0.195652174,0,0,0,1
12064,AAGTACTGGCAGAAGAAGAATGG,0,0,0.215510204,0.946765564,0.932255747,620,212.4286822,0.004347826,-0.108695652,0,0,0,0
12065,CCATGTGATCCTGGATGGATGGG,0,0,0.323555555,0.769129564,0.757342138,622.5,206.6206663,0,-0.347826087,0,0,0,0
12066,GACTTGTGTTTCTTTTTCTCAGG,0,0,0.008482745,0,0.099886603,327.5,187.9469773,0,0.326086957,0,0,0,0
12067,GAACACAAAGCCTAGCCTGTTAG,0,0,0,0,0.094300415,395,158.2578737,0,-0.369565217,0,0,0,0
12068,CCCTCTTCCCCCCCCAGCTTAGG,0,0,0.011057054,0.305343326,0.299915,455,187.3979715,0,0.326086957,0,0,0,0
12069,TGTGTGTGAGTGTGTGAGTGGGA,0,0,0.011784512,0,1.290123457,560,198.1255689,0,0.652173913,0,0,0,0
12070,GAGTCAGAGAGGAAGGAGAACAG,0,0,0.026080247,0.07734375,0.07610128,455,188.90377,0,0.086956522,0,0,0,0
12071,TGGATGGGGAAATGAGAAGTGGG,0,0,0.638814814,0,0.947554852,560,191.3223356,0.004347826,-0.304347826,0,0,0,0
12072,GGGTGGGAAGAGTTAGGTCCTGA,0,0,0.001520345,0,0.090197035,455,176.94727,0,-0.47826087,0,0,0,0
12073,TGAGAGTGAATGTGTGAGTGTGA,0,0,0.021604938,0,0.553566283,552.5,192.6941525,0,0.282608696,0,0,0,0
12074,GGGTGGGGAGAGTTTGGCCAAGG,0,0,0.008103241,0.028420512,0.027507403,417.5,131.6931754,0,-0.239130435,0,0,0,0
12075,ATGAACACCACTGACCAAAGGAG,0,0,0.013986014,0.006950788,0.006844263,290,156.0511355,0.017391304,0.304347826,0,0,0,0
12076,AAATTAGAAGAAGATAAACATGG,0,0,0.02,0,0.026676601,412.5,165.4301215,0.030434783,-0.739130435,0,0,0,0
12077,GGTAAGTGAATGGGTTCGTGAGA,0,0,0,0,0.092152171,455,186.5469172,0.247826087,0.239130435,0,0,0,0
12078,GTCAAAATAGTTATTACCTGGGA,0,0,0.015190972,0,0.277495246,525,206.0264148,0,-0.195652174,0,0,0,0
12079,GGCACTGTCGCTGGAGGCTGCGG,0,0,0.134615385,0,0.05397136,485,155.9690695,0,4.065217391,0,0,0,0
12080,TGAATGCCTTCTCTAGCACCTGG,0,0,0.154385965,0.053339822,0.052439572,425,196.2755108,0.043478261,-0.760869565,0,0,1,0
12081,GAAAATAAAGCTTGGACTGCAGA,0,0,0.008447043,0,0.063454477,425,197.1851309,0,-0.152173913,0,0,0,0
12082,AGTGTGTGTGAGTGTGCGTGTGG,0,0,0.147272727,0.493086352,0.485165286,522.5,207.7218159,0,0.130434783,0,0,0,0
12083,AGAAGAGAAAAAGAGGCAGAAAG,0,0,0.011522634,0,0.45934875,552.5,182.3466636,0.817391304,-0.086956522,0,0,0,0
12084,GGGTGGGGGGAGTATTCTGATGG,0,0,0,0,0.004594896,320,122.3867896,0,-0.108695652,0,0,0,0
12085,AATGCGTGAGGGTGTGCGTGGGG,0,0,0.152307692,0.807015306,0.794051205,522.5,211.4415963,0,0.239130435,0,0,0,0
12086,TGGATGGAGGGAAGAGAAGTGGG,0,0,0.42,0,0.210328283,365,183.6844847,0,-0.239130435,0,0,1,0
12087,CCTGCCTCACAGGGTAATAATGA,0,0,0.003009259,0,0.111580572,455,181.3836866,0,0.239130435,0,0,0,0
12088,GGTGAGTGAAGATGGGCGTGAAG,0,0,0.004516872,0,0.087951801,362.5,186.0550578,0.004347826,-0.195652174,0,0,0,0
12089,GACCCAGACTGAGAACCCGATGA,0,0,0.002073906,0,0.017802272,387.5,160.911371,0.204347826,0.326086957,0,0,0,1
12090,GACACTGGGGCTGCATGTGGAGG,0,0,0,0,0.038523101,455,186.9325725,0,0.413043478,0,0,0,0
12091,CCAGCCTCCCCTCTGCACACAGA,0,0,0.006878307,0,0.140844079,455,178.4871309,0,0.086956522,0,0,0,0
12092,AGTGAGTGAGTGGGTGCAGGTGA,0,0,0.002821906,0,0.039962519,387.5,153.5293462,0,0.630434783,0,0,0,0
12093,AAATGATAAGTAGAGGAACCAGG,0,0,0.018648019,0,0.091478071,387.5,152.4630245,0.004347826,-0.152173913,0,0,0,0
12094,GGCATCCCTTCTGCAAGACACAG,0,0,0.003267974,0,0.04310965,417.5,143.2598631,0.017391304,-0.065217391,0,0,0,0
12095,GGGAAAGACCCACCACCCCATGA,0,0,0.004915305,0,0.011934394,320,124.5266537,NA,-0.565217391,0,0,0,0
12096,AGATGAGAAGCAGAAGGACAAGA,0,0,0.001230296,0,0.090669425,357.5,177.5367837,0,-0.217391304,0,0,0,0
12097,CAATTGTTTTCATTTTTCTTTAG,0,0,0.006878307,0,0.184299023,455,167.3273785,0.047826087,0.217391304,0,0,0,0
12098,AACACCAGGGAGTGGAAAGGGAG,0,0,0.037640604,0.009828784,0.009828784,387.5,157.1915907,0.008695652,0.260869565,0,0,0,0
12099,CATGCCTCAAAGGGCAATAAAAG,0,0,0.144176955,0,0.383454129,552.5,190.5989717,0,-0.565217391,0,0,0,0
12100,ACACCCCCCCACCCCGCCTCAGG,0,0,0.612857143,0,1.345833333,622.5,215.332183,0,-0.282608696,0,0,0,0
12101,GCCTCCCCCAATCCTGCTCAAAG,0,0,0.008618832,0,0.032454778,387.5,161.1146749,0,-0.239130435,0,0,0,0
12102,CTAATACATCCAGAGTCACAAAG,0,0,0,0,0.154229434,552.5,199.3575901,0,-0.586956522,1,0,1,0
12103,GAAACCAGAGAAGAGTTTTTCAG,0,0,0.123580247,0.526289801,0.510158313,522.5,206.9589185,0,-0.065217391,0,0,0,0
12104,TTGATGGAGGACAGAGGATTAAG,0,0,0.020038441,0,0.094963995,357.5,170.9965791,0,0.043478261,0,0,0,0
12105,TAAAGGGTAGAAGAGGCACAGAG,0,0,0.037792895,0,0.82579023,620,213.440599,0,0.347826087,0,0,0,0
12106,GAGGCTGAGAAGAAGGAGAAGGA,0,0,0.006717097,0,0.144062179,552.5,194.2602537,0,-0.173913043,0,0,0,0
12107,GAATCCCAGCAGGAGAAGACAGG,0,0,0.07642663,0.178418456,0.172074689,455,169.6518987,0,-0.130434783,0,1,0,0
12108,TGTGTGTGCGTGTGTGAGTGGGG,0,0,0.096969697,0,0.372455417,552.5,192.9657886,0.043478261,0,0,0,0,0
12109,CCCTCCACAAAGGGTGGCCACAG,0,0,0,0.060216691,0.059200376,425,195.678314,0,0.043478261,0,0,0,0
12110,AAATGAGAAACAGAGGCCCCCAG,0,0,0.004190049,0,0.059772341,387.5,145.4172467,0,-0.02173913,0,0,0,0
12111,GAAACCCCTTCTGCAGGAACTAG,0,0,0.005530417,0,0.19201875,485,165.937569,0,-0.630434783,0,0,0,0
12112,CCTGCCTCCACCCTACTCTTCAG,0,0,0.037031039,0.086548617,0.085158277,387.5,138.6065633,0.460869565,-0.130434783,0,0,0,1
12113,AGAAACACTAGTGAGTAGAGGGG,0,0,0.55125,0,1.532325837,627.5,215.6722196,0,-0.5,0,0,0,0
12114,GGTGAGTGGGTGGGTGAGTGAGG,0,0,0.08115942,0.243274677,0.243274677,462.5,185.954788,0.052173913,-0.217391304,0,0,1,0
12115,GACCACAAACCAAAGAATGCAGG,0,0,0.055384615,0,0.203383055,455,183.194832,0,0.086956522,0,0,0,0
12116,GAACCAAAAGCAGAGACTCCTGA,0,0,0.003770436,0,0.110862182,455,175.8783755,0,0.369565217,0,0,0,0
12117,AAGTCCAAGAAGAACAAGAAGAG,0,0,0.055151515,0.262261487,0.253408778,522.5,197.6180612,0,-0.586956522,0,0,0,0
12118,AAAAGAGAAAACGAGGCTCAGGA,0,0,0.004061079,0,0.133501865,455,180.1952298,0,0.217391304,0,0,0,0
12119,GCTGAGTGAATGTGTGACTGTGG,0,0,0.143589744,0,0.110039545,485,167.5588192,0,0.304347826,0,0,0,0
12120,CTTTCCCCACAAGTCAGTACTGG,0,0,0.02056933,0.049277654,0.048401607,357.5,161.833515,0.1,0.173913043,0,0,0,0
12121,ATAAATAGCAGTGTGTAGAGGGA,0,0,0.016581633,0,0.1271669,522.5,202.1470144,0,0.239130435,0,0,0,0
12122,GGACACAGAGCAGAGACTGGGAG,0,0,0.002333996,0,0.26991206,455,169.2232626,0.117391304,0.304347826,0,0,0,0
12123,AAATGACAAGGAGAGGTAAAAGG,0,0,0.089375,0,0.06910214,387.5,158.8526245,0,-0.065217391,0,0,0,0
12124,CCAGCAAGTATAGCGGAGGGAGA,0,0,0.001571141,0,0.221695444,455,172.7580124,0,0.282608696,0,0,0,0
12125,GAGTGGGAGAAGAAGAGGAAGAG,0,0,0.011895425,0.322464761,0.322464761,552.5,190.1478485,0.156521739,0.217391304,0,0,0,0
12126,GGGGTGGTGGAGTGAGGAGTGAG,0,0,0.047973698,0.727282158,0.703915663,522.5,207.5104826,0,0.152173913,0,0,0,0
12127,AAGTGGGATGAAGAGGCCCAAGA,0,0,0.003464349,0,0.113110241,552.5,187.5029024,0.004347826,0.043478261,0,0,0,0
12128,ATGTGTGGGGAATTTGCTCCAGG,0,0,0.356363636,0,0.425868976,522.5,209.4579156,0.7,0.086956522,0,0,0,0
12129,AAAAGATAAGTAGAGGCAAATGA,0,0,0.002491839,0,0.189058669,455,178.9651356,0,0.02173913,0,0,0,0
12130,GGATGAGAAGGAGAAGCACAAAG,0,0,0.126884532,0.231391376,0.223580696,425,198.5228947,0.017391304,-0.239130435,0,0,0,0
12131,GAGACTTTCCCACCCACCCTCAG,0,0,0.01238438,0.509897177,0.4917675,555,186.8104001,0.047826087,0.326086957,0,0,0,0
12132,CCTGCATCCTCTCTGCACACCAG,0,0,0.067808642,0.08498619,0.08225571,455,177.2291469,0,0.195652174,0,0,0,0
12133,GTGATGTAAGTCATTCCCTGGGG,0,0,0,0,0.154229434,552.5,196.4977732,0,-0.52173913,0,0,0,0
12134,GGTGTGTGTGTCTGTGTGTGGGG,0,0,0.053903743,0,0.173969682,455,185.2496881,0.004347826,0.282608696,0,0,0,0
12135,TCTTCACCACAGCCTGGCCAAGG,0,0,0.212797619,0.786045066,0.786045066,620,211.8942796,0,0,0,0,0,0
12136,GACTTGAACTCAGTGTTCTCAAG,0,0,0.043701226,0.220438397,0.220438397,525,200.2579014,0.073913043,0.891304348,0,0,0,0
12137,TGGCTGGAGGAGGGAGGAGGAGG,0,0,0.011734617,0.127989612,0.125714241,357.5,163.9733791,0,0,0,0,0,0
12138,AGGATGGAGGAAGGAGGAGGGAG,0,0,0.011935209,0,0.577438983,462.5,173.7630795,0,-0.065217391,0,0,0,0
12139,AAAAGTGAAGAAGGGGCAAATGA,0,0,0.004724112,0,0.044959819,455,174.1532314,0,0.130434783,0,0,0,0
12140,GCTGTCCCAAATCCTGGCCAAGA,0,0,0.007303352,0,0.694060843,525,208.7939796,0,-0.086956522,0,0,0,0
12141,GTCACTGAGGGTGGAGGAGGGGA,0,0,0.004787458,0,0.172235,455,184.2067661,0,-0.130434783,0,0,0,0
12142,GGAATCACTTCTGCAGTAGACAG,0,0,0.005671296,0,0.051919986,417.5,127.9451083,0.108695652,0.369565217,0,0,0,0
12143,TGTGTGTTTGTGTGTGCGTGTAG,0,0,0.035353535,0,0.833979885,620,210.8520827,0,-0.130434783,0,0,0,0
12144,CCAATGAGTTGAGCTGAGGAAAG,0,0,0.014705882,0.165917837,0.162968187,455,161.9900421,0,0,0,0,0,0
12145,AGATGAGAAGCTGAGGCCCACAG,0,0,0.00526749,0,0.08473962,357.5,179.5904826,0,-0.02173913,0,0,0,0
12146,GCTGATTGTGTGTGTGTGTGTAG,0,0,0.033504273,0,0.225335527,552.5,192.2281246,0,0,0,0,0,0
12147,GTCACTGGGGCTGGGCGTGGTGA,0,0,0,0,0.069289873,455,184.3647356,0,-0.152173913,0,0,0,0
12148,TGGGTGGAGGGATCTGGAGTGGG,0,0,0.034821429,0,0.031708053,327.5,186.2501101,0.360869565,0.739130435,0,0,0,0
12149,TAGATGGATGAATGAGTAGGAGG,0,0,0.019909502,0.164063988,0.164063988,485,156.8765087,0.008695652,-0.086956522,0,0,0,0
12150,GGCGGCGCGGCTGGGGGTGGGGA,0,0,0.015388257,0,0.23197741,525,201.0450744,0,2.608695652,0,0,0,0
12151,AATGACCCCCACATCATCAGCAG,0,0,0.045315904,0,0.09929575,485,156.6824208,0,-0.086956522,0,0,0,0
12152,GTCATCTTTGCCATTAACTACAG,0,0,0.04537037,0,0.077890861,387.5,150.8864249,0.191304348,-0.239130435,0,0,0,0
12153,GAGGGCGAGCCGAAGAAGGATGG,0,0,0.05625,0,0.27680625,455,180.0599964,0,0.282608696,0,0,0,0
12154,GACATCCATGATCTACCCATGGG,0,0,0.061698718,0.070379785,0.06822255,327.5,188.6636135,0,-0.195652174,0,0,0,0
12155,ATCTCCCCAAAGCATGGTCAGGA,0,0,0.012784091,0,0.046239667,455,181.8974821,0,-0.239130435,0,0,0,0
12156,AGAATTTCTTCTGCAGCATCTGA,0,0,0.021763393,0,0.217701741,552.5,184.2828353,0.852173913,1.565217391,0,0,0,0
12157,GGATTGCCATCCGCAGCACCTGG,1,0.012666165,0.279904306,0.256092016,0.248242453,522.5,204.8645352,0,-0.152173913,1,0,1,0
12158,CTAGTGAGTGGAACGTAGGCTAG,0,0,0,0,0.092152171,455,187.1805172,0.226086957,-0.456521739,0,0,0,0
12159,GGGTCCCAGATGAAGAAGAATGA,0,0,0.010185185,0,0.499492352,522.5,205.3549991,0.052173913,-0.108695652,0,0,0,0
12160,ATTGTCCCACAAGGCACTAAGGA,0,0,0.009704892,0,0.299915,455,189.2094685,0,-0.304347826,0,0,0,0
12161,AAATGAGAAAAATTGGCATAGAG,0,0,0.017868946,0,0.023934422,357.5,162.3217585,0,-0.043478261,0,0,0,0
12162,AATTTAGAAGAAGGGGCATAGGA,0,0,0.003167421,0,0.073273358,455,174.9964954,0.130434783,0.347826087,0,0,0,0
12163,GGCCTCTTAGTAATTCCCTGGGA,0,0,0,0,0.127203797,455,193.0818737,0.104347826,0.565217391,0,0,0,0
12164,AGATGAGACGATGAGGCACTTAG,0,0,0.023703704,0.209660993,0.209660993,455,170.1465193,0,0.065217391,0,0,0,0
12165,CCAGGGAGCAGAGCAGTGGCTGA,0,0,0.005148316,0,0.094763973,455,178.758767,0,-0.152173913,0,0,0,0
12166,CTTGCCGCCCCGGGCAGTGAGGG,0,0,0.040336134,0,0.109665994,455,175.8789552,0,-0.717391304,0,0,0,0
12167,TGGACTGAGGCTGGAGGTGAAGG,0,0,0.3046875,0,0.687682923,552.5,178.4345831,0,0.02173913,0,0,0,1
12168,GACTCTTTTCCACCCACCCTAGG,1,0.003298542,0.175548589,0,0.644944444,560,185.4522197,0.269565217,-0.565217391,0,0,0,0
12169,GACGTGTTTACAGTATTCTCTGA,0,0,0.009134088,0,0.136666136,425,189.6283215,0.573913043,-0.434782609,0,0,0,0
12170,GGGATGGAGGGATGAGGGATGGA,0,0,0.012336094,0,0.05731059,387.5,156.7985831,0.613043478,0.695652174,0,0,0,0
12171,CCTATCAATCCCCAGACACATGG,0,0,0.057132964,0.186450038,0.183454856,425,199.0733982,0,0.173913043,0,0,0,0
12172,CCCACCCAGCCGCAGACACAAGA,0,0,0.013072805,0,0.158793106,425,196.7364787,0,0.130434783,0,0,0,1
12173,GAAGAAAAAGCCTAGGCTGCTAG,0,0,0.006091618,0.076958297,0.076958297,455,191.5358897,0,-0.108695652,0,0,0,0
12174,CTAGCCCAACAGGGCAGAAAGAG,0,0,0.080246914,0.62766906,0.60893267,560,191.3488498,0,-0.152173913,0,0,0,0
12175,CCTGCCTCCCCTCAGCTCAGGGG,0,0,0.009467787,0.022300035,0.021941801,357.5,151.2244574,0,0.152173913,0,0,1,0
12176,GGTGACTGAGTGAATGAGTGAGG,0,0,0.16520979,0,0.01921626,357.5,175.2893997,0.026086957,-0.043478261,0,0,0,0
12177,TTGTTGAATGAATGAGGAGTAGG,0,0,0.215977961,0,0.569608261,620,211.7434388,0,-0.239130435,0,0,0,0
12178,GGGACTGTTGCTGGAGGTGGGAG,0,0,0.060493827,0,1.532325837,627.5,212.8124027,0,0.086956522,0,0,0,0
12179,ACAGTGAGTAGAGCAGAGAGAAG,0,0,0.010252467,0,0.058878491,387.5,137.1073786,0.147826087,-0.260869565,0,0,0,0
12180,GACCTCCTTCACCCTGACTCCAG,0,0,0.004491208,0,0.094763973,455,178.758767,0,-0.434782609,0,0,0,0
12181,AGCACTTTTGCTGGAGGTGGAAG,0,0,0.062222222,0,0.569608261,622.5,209.7572219,0.126086957,0.043478261,0,0,0,0
12182,GGCCTGTTTTCATTTTTCTTGGA,0,0,0.001540616,0,0.186915845,455,166.7417785,0,-0.47826087,0,0,0,0
12183,GACCCGCGCCCGCCCGCCTCCAG,0,0,0.016899863,0,0.22549028,425,200.3680149,0,0.02173913,0,0,1,0
12184,AACTTGATTTCAATGTTCTGTGA,0,0,0.002227093,0,0.184349937,455,170.1798987,0.1,-0.065217391,0,0,0,0
12185,GGAACTCCTTCTCCAGCTCCAGG,0,0,0.195488722,0.070165135,0.068980913,455,181.2030422,0,-0.195652174,0,0,0,0
12186,GGCCCAGACTGAGCAGATCAGAG,0,0,0.016687952,0.049478989,0.048391538,425,151.3774631,0.008695652,-0.391304348,0,0,0,0
12187,TGTGCGTGCATGTGTGCGTGTGA,0,0,0.018518518,0,0.805112123,620,208.9601632,0.143478261,-0.043478261,0,0,0,0
12188,GACACCGAAGCAGAAGCGTTGGA,0,0,0.005323396,0,0.004539126,370,141.2951082,0,-0.347826087,0,0,1,0
12189,GAGGCAGAGGAGGAGAAGAAAGA,0,0,0.010221669,0,0.308518702,522.5,202.049359,0.039130435,0.217391304,0,0,0,0
12190,GACCCATTCCACCCGGCCCCTGG,0,0,0.010406404,0,0.052435807,455,170.0758137,0,2.739130435,0,0,0,1
12191,AAATGAGAAAAAAAGTCACTGGG,0,0,0,0,0.03657553,387.5,150.2829172,0.008695652,-0.108695652,0,0,0,0
12192,AGGATGGGGGAATGAAGAGAGGG,0,0,0.4125,0.122256818,0.119960915,485,161.6741572,0,0.130434783,0,0,0,0
12193,AGTGGGTGAGGGTGTGTGTGTGA,0,0,0.0084,0,0.33831875,455,190.6954852,0,0.413043478,0,0,0,0
12194,GGTGTGTGGGTGTGTGAATGTGG,0,0,0.078321678,0,0.069304995,485,167.5424553,0.4,-0.543478261,0,0,0,0
12195,TTGCTGAAGGAATGATGAGTGAG,0,0,0,0,0.176585759,552.5,198.4147933,0.073913043,0.173913043,0,0,0,0
12196,TGGATGGATGAAAGAGTAGGCAG,0,0,0.004223228,0,0.054313087,387.5,147.6171881,0,0.043478261,0,0,0,0
12197,ATCAACACCTGTGAGGGGAGGGG,0,0,0.020730534,0,0.090392469,485,175.4057266,0,-1.086956522,0,0,0,0
12198,TGTGAGTGTGTGTGTGCATCTGG,0,0,0.178021978,0,0.083523485,485,152.6792864,0.117391304,-0.065217391,0,0,0,0
12199,GCCCCTTCCCCACCAAGCTTGAG,0,0,0.002192889,0,0.155096519,455,180.0334504,0.026086957,0.326086957,0,0,0,0
12200,TCGTCTTTCACAGCCACCTTTGA,0,0,0.004103535,0,0.528267675,522.5,204.180943,0,0.108695652,0,0,0,0
12201,AAATGAAAAGGAGATGCATAAGG,0,0,0.042857143,0,0.048102269,357.5,165.631714,0,-0.47826087,0,0,0,0
12202,CTTGTGTGAGTGTGTGTGTGTGA,0,0,0.005356596,0,0.609583333,552.5,196.6855689,0.143478261,-0.891304348,0,0,0,0
12203,GTGAATGCGGATGGAGGTGGGGG,0,0,0.136363636,0,0.782934488,522.5,210.9135963,0,-0.260869565,0,0,0,0
12204,TGTGTGTGTCTGTGTGCGTGTGA,0,0,0.006060606,0,0.805112123,620,208.9601632,0,-0.282608696,0,0,0,0
12205,CAATGACAAGAAGAGGCTAAAAG,0,0,0.032738095,0,0.070528167,485,160.645486,0,0,0,0,0,0
12206,AGAAGAGATGAAGAGGCTCAGAG,0,0,0.02962963,0.193045588,0.189613667,552.5,188.7032864,0,-0.5,0,0,0,0
12207,TGTGTGTGAGCGTGTGTGTGTAG,0,0,0.02933034,0.344442166,0.33831875,455,190.6954852,0.108695652,0.326086957,0,0,0,0
12208,CCCTGAGTCCCTGGCAGGATGGA,0,0,0.007958372,0,0.036748005,455,180.9268321,0,-0.239130435,0,0,0,0
12209,AAATGAGTAGAAGAGAATCACAG,0,0,0.025925926,0,0.018569524,442.5,152.4023128,0.047826087,-0.108695652,0,0,0,0
12210,GACACCCAAGCACGTTTTTTGGA,0,0,0.001340156,0,0.014406786,362.5,181.4712924,0,-0.326086957,0,0,0,0
12211,GAGACTGAGGAGGAGAAGAAGAG,0,0,0.029074969,0,0.308518702,522.5,202.049359,0.056521739,1.152173913,0,0,0,0
12212,AAATGAGATGAAGAAGCTGAGAG,0,0,0.009150327,0,0.014464324,387.5,144.8618649,0,0.282608696,0,0,0,0
12213,GGGTAGGTGGAATGAGGAGTCAG,0,0,0.033816425,1.38618677,1.364942529,620,213.938263,0,-0.152173913,0,0,0,0
12214,GAGCAGAAAGAATAGACTGAAGA,0,0,0.007957176,0,0.218591708,455,173.5183324,0,-0.152173913,0,0,0,0
12215,GGAGGGTGTGTGTGTGTGTGTAG,0,0,0.037333333,0,0.348646558,552.5,192.4377886,0,-0.02173913,0,0,0,0
12216,CCTGTGAGAAGTGCAGAGGCAGG,0,0,0.205635195,0,0.11940556,425,192.7890976,0,-0.282608696,0,0,0,0
12217,GGTGTGTGCATGTGTGCATGTAG,0,0,0.034809635,0,0.16579195,552.5,183.5368299,0,-0.326086957,0,0,0,0
12218,TAACAAACAGCATAGACTGAGAG,0,0,0.051587302,0,0.421955546,552.5,177.1765991,0,-0.47826087,0,0,0,0
12219,GGTGTGTGAATGAGTGAGTGTGG,0,0,0.10965035,0,0.206270847,455,182.434512,0,-0.065217391,0,0,0,0
12220,AACATAGAAGCAGAGTTATTAGG,0,0,0.354545455,0.194673387,0.187751667,552.5,190.7023627,0,-0.130434783,0,0,0,0
12221,GGTGAGGGAGTGAGGGTGTGGGG,0,0,0.009502262,0,0.039019591,357.5,172.124366,0,-0.47826087,0,0,1,0
12222,GTCTGGTTTTAATTGGTCTCAGG,0,0,0.120839161,0,0.143492089,455,194.1531704,0,-0.304347826,0,0,0,0
12223,CCCTTCCATGCAGTGACTCAGGG,0,0,0.065993266,0,0.040430443,455,176.2721457,0,0.152173913,0,0,0,0
12224,CCCTCCCCAACACCTGGCCAGAG,0,0,0.069135802,0.789671233,0.768613333,432.5,206.4538158,0,-0.630434783,0,0,0,0
12225,GACACACCCCCCCCCGCCTCCGG,0,0,0.312781955,0,0.458313578,522.5,207.2105153,0.008695652,-0.326086957,0,0,1,0
12226,GACGGCTTTTCATTGTTTTCTGA,0,0,0.012175325,0,0.178245253,555,189.8287627,0.147826087,3.217391304,0,0,0,0
12227,GCCATCTGAGTCACTAACTGGGG,0,0,0.083809524,0,0.090827917,455,183.2348873,0.030434783,-0.02173913,0,0,0,0
12228,GGCAGTGGGGGTGGAGGTGGTAG,0,0,0.025,0,1.411646586,530,209.7817793,0.008695652,0.195652174,0,0,0,0
12229,GAGTCCCAAAAGAAGAGGAAAGA,0,0,0.004694065,0,0.211708258,552.5,186.8791914,0.013043478,0.5,0,0,0,0
12230,AAATGAGAATTAGACTCACAGAG,0,0,0,0,0.03216105,357.5,176.4827324,0.582608696,0,0,0,0,0
12231,TGTGAGTGCCTGTGTGTGTGTGG,0,0,0.106666667,0,0.343031439,552.5,189.2623722,0.065217391,-0.608695652,0,0,1,0
12232,TGTGAGTGCCTGTGTGTGTGTGA,0,0,0.007407407,0,0.343031439,552.5,189.2623722,0,-0.173913043,0,0,0,0
12233,GACCTCAAAGCATGGATTGCAGA,0,0,0.002356902,0,0.085021828,455,184.7583843,0.134782609,0,0,0,0,0
12234,GGGTGGTGGGAGGTTGCAGCGAG,0,0,0.003220612,0,0.024530411,387.5,151.1461654,0,-0.195652174,0,0,0,0
12235,CACTTATTTTCATCATTCTCTGG,0,0,0.192076831,0.037583379,0.036314742,425,191.5678098,0,0.304347826,0,0,0,0
12236,AGAGAGTGTGTGTGTGTGTGAAG,0,0,0.046666667,0,0.367241041,552.5,193.7261086,0,-0.456521739,0,0,0,0
12237,AGTGAGAGAGTGAGTGAGTGAGA,0,0,0.017668269,0,0.161125676,455,186.3313876,0.891304348,1.456521739,0,0,0,0
12238,GAGCCCCTGCACCTGGCCTCTGG,0,0,0.011349206,0,0.03616144,425,188.8660134,0,-0.326086957,0,0,0,0
12239,GAACAGAAAGCACAGCCTTCAGG,0,0,0,0,0.019068295,387.5,159.8782696,0.017391304,0.152173913,0,0,0,0
12240,AGTGACTGAGTGTGAGTGTGTGA,0,0,0.011513158,0,0.098837842,455,182.2208834,0,-0.130434783,0,0,0,0
12241,GGTGAATGACTGTGTGGATGAAG,0,0,0.004223228,0,0.063203093,485,166.0128352,0.043478261,0.130434783,0,0,1,0
12242,GGCATTGCGGCTGGAGCTAGGGA,0,0,0.007427213,0,0.382126866,492.5,167.377569,0,-0.065217391,0,0,0,0
12243,CTCATGTTAGTCATAACCTTTAG,0,0,0.037524366,0,0.113084086,455,166.0693945,0,0.326086957,0,0,0,0
12244,GTCATTTTCCCACCCTCCTTTGA,0,0,0,0,0.258544304,552.5,199.5096541,0.013043478,0.239130435,0,0,0,0
12245,TAATCGGATGAAGAGGCACAAAG,0,0,0.087301587,0.520512228,0.50455783,620,212.1659156,0.017391304,0.108695652,0,0,0,0
12246,AGAGGGTGAGTGGGTGCGTGGGG,0,0,0.120745341,0.573580538,0.573580538,522.5,207.8843595,0.373913043,-0.217391304,0,0,0,0
12247,GGCACTCAGGCTGGGGATGGCAG,0,0,0.070286265,0,0.100825818,455,178.5238696,0.017391304,-0.043478261,0,0,0,0
12248,AAATGAGTAGAAGTGACAAATGA,0,0,0.006802721,0,0.011549968,387.5,156.4245726,0,0,0,0,0,0
12249,CTTACCTCACAGGGCAATGAGAG,0,0,0.066354167,0,0.131148806,485,164.2091082,0,-0.282608696,0,0,0,0
12250,TGGATGGAGGAGAGAGCTGTGGA,0,0,0.004084967,0,0.019611338,290,155.5751347,0.056521739,-0.413043478,0,0,0,0
12251,TGTGAGGGAGTGTGTGTGAGAGA,0,0,0.005446623,0,0.138537471,485,165.0827082,0.017391304,-0.282608696,0,0,0,0
12252,GCTGTGTGTGTGTGTGCATGCAG,0,0,0.02711135,0,0.189613667,552.5,188.2885664,0,-0.217391304,0,0,0,1
12253,CCTGCCTCCCCTCTGCTGTCCAG,0,0,0.004839506,0.021803016,0.021803016,387.5,143.8299088,0.017391304,-0.130434783,0,0,0,1
12254,GCGTGGGGAGAGGTTACTCCCAG,0,0,0.030100334,0.063270317,0.06113461,455,188.2124732,0,-0.282608696,0,0,0,0
12255,GAGTCTTAGAAGAATAAGAAAGA,0,0,0.004562142,0,0.145923766,522.5,195.8320772,0,-0.043478261,0,0,0,0
12256,GGCACAGAAGCACAGTATTTCAG,0,0,0.043248863,0.142724794,0.142724794,455,186.6885844,0,0.043478261,0,0,0,0
12257,GTCTCCCTCCACCCCACCTGGGA,0,0,0.002376708,0,0.119960915,485,163.6603742,0.013043478,-0.347826087,0,0,0,0
12258,AATCACCACTTCATCCTTACCAG,0,0,0.0061703,0,0.071821995,387.5,149.5353831,0,-1,0,0,0,0
12259,TGTGGGTGTGTGTGTGCATGAAG,0,0,0.077538461,0,0.189613667,552.5,188.5285664,1,-0.217391304,0,0,0,0
12260,GTGAGGGAGGAATGAGGACTTGA,0,0,0.01212727,0,0.526848592,552.5,186.9236801,0.347826087,-0.173913043,0,0,0,0
12261,GAACACAGAGAATGGAATGCTAG,0,0,0.031053498,0.045550747,0.045550747,357.5,177.2448036,0.526086957,1.108695652,0,0,0,0
12262,GACCCCCACTAGCCTGCCTCTGG,0,0,0.022309368,0,0.165757769,425,189.1853246,0,-0.260869565,0,0,0,0
12263,GAGAGGGAGGAGAAGAAGAAAGG,0,0,0.055555556,0,0.760552802,622.5,210.2603596,0,0.108695652,0,0,0,0
12264,GTTGGGTGTGTGTGTGTGTGTGG,0,0,0.128290909,0.372455417,0.372455417,552.5,192.7257886,0,-0.260869565,0,0,0,0
12265,GAGACCAAAGCAGGGTCTTTGGA,0,0,0.011437908,0,0.058069909,455,183.6635235,0,-0.195652174,0,0,0,0
12266,TGGGAGTGAGTGTGAGTGTGTGA,0,0,0.009381092,0,0.161081177,455,183.4788674,0.47826087,-0.152173913,0,0,0,0
12267,CACTGTTTCTCTGGAAGGGTGGG,0,0,0.141676505,0.060751198,0.058591155,485,168.5403934,0.069565217,-0.195652174,0,0,0,0
12268,ACTGACCACAACCTCCTTAAAGA,0,0,0.006329599,0,0.110611179,455,179.0456098,0.013043478,-0.195652174,0,0,0,0
12269,CACCCACTCCACACCACCTCAGA,0,0,0.017715419,0,0.063762765,455,190.6262696,0,0.239130435,0,0,0,0
12270,AGGGAGTGTGTGTGTGTGTGTGA,0,0,0.00875,0,0.367241041,552.5,193.7261086,0,0.239130435,0,0,0,0
12271,GTCACTGAAGCTGGGGGTGGTGG,0,0,0.172840909,0,0.24614019,522.5,197.6933811,0,-0.108695652,0,0,0,0
12272,GGGAGGGAGGAATGAAGAGGTGG,0,0,0.10803069,0,0.119960915,485,163.4856542,0,1.260869565,0,0,0,0
12273,GGCAGCACTTCTGCAGCACAAGG,0,0,0.102857143,0.461029603,0.44463744,552.5,177.8628993,0.030434783,0.195652174,0,0,0,0
12274,GGGAGGGAGGAATGAAGAGGTGA,0,0,0.007502131,0,0.119960915,485,163.4856542,0,-0.130434783,0,0,0,0
12275,GAGTGGGAGTAGGAGAAGAAAGG,0,0,0.184143223,0.303640936,0.294333934,522.5,201.634639,0.017391304,-0.260869565,0,0,0,0
12276,GACCCTCTCCAGCCGACCTCTGG,0,0,0.020634921,0,0.019630856,357.5,178.2024681,0,0.195652174,0,0,0,0
12277,AAGATGGAGAAATGAGGAATAGG,0,0,0.564102564,0,0.485227553,552.5,183.2202636,0.004347826,0.086956522,0,0,0,0
12278,AAATGAGAAGAACTGAAACAGAG,0,0,0.027169157,0,0.004982859,290,159.7869579,0.082608696,1.913043478,0,0,0,0
12279,GGGCATGCGGCTGGAAGTGGTGG,0,0,0.100840336,0,0.254924684,555,199.2216541,0.447826087,0.847826087,0,0,0,0
12280,AATCCTCACTACAACCTCAAGAG,0,0,0.039449113,0,0.128972515,525,203.6129114,0.956521739,6.847826087,0,0,0,0
12281,CCTGACTTGGCTGTACTCACTGG,0,0,0.042207792,0.332955756,0.322750216,522.5,201.3527622,0,0.239130435,0,0,0,0
12282,GGGTAGTGGGTGTGTGGGTGTGG,0,0,0.007130125,0,0.348646558,552.5,192.8525086,0.017391304,0.043478261,0,0,0,0
12283,CGTGAGTGTGTGTGTGTGTATGA,0,0,0.013020833,0,0.164063988,485,157.1165087,0,0,0,0,0,0
12284,CATGTGTGAGTGTGTGTGTGTGA,0,0,0.007122507,0,0.609583333,552.5,196.6855689,0,-0.369565217,0,0,0,0
12285,GAAAACAAATAAAAGACTGCCAG,0,0,0.092105263,0.283021289,0.283021289,425,197.6052593,0,-0.065217391,0,0,0,0
12286,AAAGAAGAAGTAGATGCACAAAG,0,0,0.00617284,0.219869813,0.212805723,425,196.6009747,0,-0.543478261,0,0,0,0
12287,TGGATGGAGGACAGATGGGTGAG,0,0,0,0,0.008761429,290,159.2728198,0,0.130434783,0,0,0,0
12288,GGCTGGGGGCAGTGTTCTCCAGA,0,0,0,0,0.034983059,455,184.752653,0,-0.586956522,0,0,0,0
12289,GGCCCTGCCACTGGAGATGGTGA,0,0,0.011496564,0,0.325662758,552.5,188.3887722,0,-0.195652174,0,0,0,0
12290,GCCTCGTCACACCCTGGCCACAG,0,0,0.018586601,0.255573121,0.255573121,522.5,202.3229983,0,-0.260869565,0,0,1,0
12291,GCCTGGCAGAAGCCTGGCCAGGG,0,0,0.13,0.489552393,0.482379464,620,209.0660987,0.686956522,0.304347826,0,0,0,0
12292,CCTGCCCCACCTCTACTCACTGA,0,0,0.016369048,0,0.89164349,627.5,209.0653024,0,-0.282608696,0,0,0,0
12293,ACCTGTGTCCATTGATGGATGGA,0,0,0.008333333,0,0.297351481,425,198.4788593,0,0.913043478,0,0,0,0
12294,GGTGAGTGAGTGGGTTCCTGGGA,0,0,0,0,0.03165828,395,168.1889203,0,0.891304348,0,0,0,0
12295,TGGATGGAGGAGGAAAGAGTTGG,0,0,0.141304348,0,0.006367706,295,173.0569685,0,-0.152173913,0,0,0,0
12296,GAAGGAGAAAAAGAGGCACAGGA,0,0,0.040509259,0,2.461181435,627.5,214.5346636,0.043478261,-0.108695652,0,0,0,0
12297,CCCTCCCCACAGCCTGTCCCCAG,0,0,0.003507295,0.252037406,0.247304309,485,156.0845526,0,-0.152173913,0,0,1,0
12298,TTCATCTTAGTCATTATGTTCAG,0,0,0.011292181,0,0.052629364,417.5,135.6529557,0.852173913,1.369565217,0,0,0,0
12299,CAACACAAAGCAAAGACAGGGGA,0,0,0.001346693,0,0.052902764,387.5,147.1397463,0,-0.52173913,0,0,0,0
12300,GGTGTGTGAGTGTGTGTCAGAAG,0,0,0.005985784,0,0.035730071,442.5,140.7542357,0.1,0.239130435,0,0,0,0
12301,GGACAGAAAGCACAAACTGCAGA,0,0,0.020639835,0,0.09432084,425,193.4676739,0,-0.065217391,0,0,0,0
12302,CCCATTCATCCAGAGAGGGATGG,0,0,0.002731092,0.021987795,0.021616693,442.5,140.2565717,0.22173913,0,0,0,1,0
12303,GCCACGTTTTCATTGTTCCCTAG,0,0,0.026759107,0.517137097,0.49875,552.5,186.0500801,0.013043478,0.173913043,0,0,0,0
12304,TTGTGGGGGGAATTTGTTCCAGG,0,0,0.277171717,0.305343326,0.299915,455,190.2577885,0.156521739,0.02173913,0,0,0,0
12305,GTATGAGCAGAAGAGGCACGCGG,0,0,0.238349885,0.710795455,0.697447183,552.5,178.7225831,0.004347826,0.108695652,0,0,0,0
12306,GACTTTTTTACATTTTTGTCTGA,0,0,0.000755858,0,0.043995919,455,172.7919247,0.02173913,0.282608696,0,0,0,0
12307,GGAGAGAGAGTGTGTGTGTGAAG,0,0,0.075617284,0,0.81694842,560,196.5027081,0,-0.434782609,0,0,0,0
12308,CCCATTCTTCTAGAGACCCAGAG,0,0,0.006046863,0.098926116,0.098926116,455,182.6607821,0,0,0,0,1,0
12309,TGTGAATGCGTGTGTGCATGTGA,0,0,0.027472527,0,0.114716268,552.5,188.0309024,0,0.195652174,0,0,0,0
12310,AACTGAGACGAAAAGGCAGAAGA,0,0,0.001962323,0,0.116281868,455,174.4648992,0,0.108695652,0,0,0,0
12311,CAAAGAGAAGAAGATGTACATAG,0,0,0.007054674,0.166325226,0.163368333,455,183.1332674,0.834782609,0.282608696,0,0,0,0
12312,CTTGCCTCTCAAGGCAGTGAGGA,0,0,0.011848958,0,0.097217421,455,174.3929385,0,-0.782608696,0,0,0,0
12313,GACCCCCTCCACCAAGCCATGGG,0,0,0.006666667,0,0.007159489,290,125.4681939,0,-1.108695652,0,0,1,0
12314,TGTGAGTGAGTGTGTGTATGGGG,1,0.004498209,0.323076923,0,0.252864198,492.5,173.9905557,0,-0.304347826,0,0,0,0
12315,TAATGGCAGGAAGAGGCACAGGA,0,0,0.022734788,0,0.344612998,620,211.0710548,0,-0.369565217,0,0,0,0
12316,GGCTTGCTTTCATTTCTCTCTGA,0,0,0.003637566,0,0.047324984,455,185.0813717,0,0.239130435,0,0,0,0
12317,GTCATCTTATTGACTACATGGGA,0,0,0.003858025,0,0.018062649,357.5,169.4296452,0,-0.326086957,0,0,0,0
12318,GGGAGGGAGGAATGAATAGTTGG,0,0,0.153043478,0,0.104848333,485,179.637143,0,-0.456521739,0,0,0,0
12319,GAGCCCCTGCAGCCAGCCTCCAG,0,0,0.007925621,0,0.11940556,425,192.7890976,0,-0.217391304,0,0,0,0
12320,GGGTGGGTGGAGGTTGCTAGGGG,0,0,0.00411034,0,0.076412446,387.5,138.7152626,0,0.130434783,0,0,0,0
12321,AACGCCAGTGAGAAGACAGGGAG,0,0,0.014212786,0,0.043896945,387.5,162.4176351,0,0,0,0,0,0
12322,GGCAAGAGAGAGTGTGCGTGGGA,0,0,0.017578125,0,0.510158313,522.5,209.1851355,0.082608696,-0.108695652,0,0,0,0
12323,GACACGGAAGCAGCGGGTTTGGA,0,0,0.000303006,0,0.00854056,387.5,167.5002944,0,-0.717391304,0,0,0,1
12324,AATGACCACTATATGGCCAAGAG,0,0,0.000758015,0,0.011394133,315,159.002341,0,-0.173913043,0,0,0,0
12325,GCCTCCAAAAGGCCTGGACACAG,0,0,0.044236111,0.109826613,0.106298047,455,182.0635853,0.1,-0.326086957,0,0,0,0
12326,AACAGAGAAAAAAAGGCACAAAG,0,0,0.045584046,0,0.502808992,522.5,203.307343,0.030434783,0.02173913,0,0,0,0
12327,GGTGTGTGAAAGTGTGTGTGTGA,0,0,0.008249158,0,0.29581478,455,185.7037488,0.034782609,0.304347826,0,0,0,0
12328,GAGTCCACACAGAAGAAGAAAGA,0,0,0.019132653,0,0.968125397,630,210.9572219,0,-0.347826087,0,0,0,0
12329,GGTGTGTGTGAGTGTGAGTGTGA,0,0,0.00530303,0,0.196246288,455,186.7357049,0,-0.47826087,0,0,0,0
12330,ATCTCTTTCCCACCCACTTGGGA,0,0,0.00644576,0,0.136699648,485,156.3990668,0,-0.043478261,0,0,0,1
12331,GACCCCCCCCAACCCTCCTTCAG,0,0,0,0,0.053043984,387.5,153.9580568,0.382608696,-0.282608696,0,0,0,0
12332,TCAGTAAGCAGAGTGGAGGCTGA,0,0,0.047008547,0,0.082792192,522.5,201.815051,0,-0.152173913,0,0,0,0
12333,GTCATCTTTCTAATTAGCTGGGG,0,0,0.010084034,0,0.145492645,455,181.5462717,0,-0.173913043,0,0,0,0
12334,GGCAGTGAGGATGGAGATGGTGA,0,0,0.018958333,0,0.321188687,455,187.5956683,0,0.391304348,0,0,0,0
12335,GTCCCAGTCTGAGCAAGTGTGAG,0,0,0.042424242,0,0.119960915,485,161.4341572,0.02173913,-0.391304348,0,0,0,0
12336,GGAGAGTGGGTGTGTTTGTGTGA,0,0,0,0,0.059967208,485,176.4376827,0,0.152173913,0,0,0,1
12337,GGCACTGCGACTTGGGGAGGAGG,0,0,0.121333333,0,0.025554997,357.5,165.0785882,0,-0.304347826,0,0,0,0
12338,AAATGAAAAGAACAGTCACACAG,0,0,0,0,0.121491003,462.5,191.2290728,0.008695652,0.304347826,1,0,0,0
12339,GGCACTGCGGAGGCGGGTGGAGA,0,0,0.007254464,0,0.014228902,230,179.4076096,0,-0.152173913,0,0,1,0
12340,ATGAATACCAGTGACTAGAAAGA,0,0,0.016487419,0,0.213040667,462.5,167.2693945,0,-0.108695652,0,0,0,0
12341,TCCTCTCACCCTCCCACCTTAGG,0,0,0.183333333,0,0.480774398,522.5,206.0009018,0,1.652173913,0,0,0,0
12342,GGTTGGTGGGTGGGTGCGTGGGG,0,0,0.045533597,0,0.338304443,522.5,203.5789791,0,-0.173913043,0,0,0,0
12343,CTTACCTCTCAGGGCAATAAGAG,0,0,0.106166667,0.24565273,0.241506693,552.5,190.9973278,1,1.586956522,0,0,0,0
12344,TGGTTTGAGGAACCAGGAGTTGG,0,0,0.14354067,0,0.049912363,425,195.4019108,0,-0.456521739,0,0,0,0
12345,TCTGCCTCCGCTTTCCTCCCCAG,0,0,0.010240334,0.054642629,0.054642629,357.5,164.745658,0,-0.586956522,0,0,0,0
12346,GGCACTCCAGCTGGAAGCGGAAG,0,0,0.049107143,0,0.020128062,485,170.1452797,0.008695652,0.02173913,0,0,0,0
12347,GAGTCCGAGAAGGAGAGGACTGA,0,0,0.001574246,0,0.081869645,387.5,146.585232,0.030434783,0.304347826,0,0,0,0
12348,GCCCCCTACCCACCCACCTAAGG,0,0,0.264705883,0,0.39945125,552.5,176.3029991,0,-0.869565217,0,0,0,0
12349,AAATGAGAAAAAGAAGAACAGGA,0,0,0.028467683,0,0.241706402,462.5,180.2151309,0,-0.065217391,0,0,0,0
12350,AGGAACATCAATGAGAAGAGTAG,0,0,0.173232323,0,0.143492089,455,192.3416734,0,0.913043478,0,0,0,0
12351,AAAACAGAAGAAGGGTCACAGAG,0,0,0,0,0.038523101,455,188.1104695,0,0,0,0,0,0
12352,AAAGGAGAGGAAAAGGAACAAAG,0,0,0.046533713,0,0.136842006,455,183.881188,0.004347826,0.630434783,0,0,0,0
12353,GACACTATAGCAGAGTGTTTAGG,0,0,0.046818728,0,0.227610521,555,190.9449072,0,-0.52173913,0,0,0,0
12354,GAGGCAGAGAAGAAGAAGAGAGG,0,0,0.384628852,0.374553327,0.367894601,552.5,174.4110797,0,-0.260869565,0,0,0,0
12355,TATGTGTGTGTGTGTGCGTGGGG,0,0,0.184615385,0,0.833979885,620,213.7118996,0,-0.217391304,0,0,0,0
12356,AAATGAGAGGAAAATGAACAGAG,0,0,0.010636277,0,0.033301367,357.5,170.5477665,0,-0.304347826,0,0,0,0
12357,AGTGAGTGGGTGAGTGAGTGGGA,0,0,0.013461538,0,0.144140246,455,184.754788,0,-0.108695652,0,0,1,0
12358,GGGAGGGAGGATTGAGGAGAGGA,0,0,0.007971014,0,0.343144014,455,173.0579796,0,-0.326086957,0,0,0,0
12359,GCTTCCCCAATACCTGGTCAGAG,0,0,0.032905983,0.083553265,0.083553265,357.5,179.3024826,0,0.195652174,0,0,0,0
12360,TACATACATGGCCTCCCCATTAG,0,0,0.066203704,0,0.328113869,522.5,208.8007515,0,-0.02173913,0,0,0,0
12361,GGTATCTTTTCAGCAGCACCCGA,0,0,0.027879902,0,0.474043556,522.5,205.4729018,0,-0.260869565,0,0,0,0
12362,GAAACTGCAGCTGAAGGTGGTGA,0,0,0.024553571,0,0.134930746,522.5,202.833035,0.182608696,0.130434783,0,0,0,0
12363,GACCCTGAAGCAGACTCTTTGAG,0,0,0.016357345,0.095444268,0.093833394,455,181.3472834,0,-0.347826087,0,0,0,0
12364,GACCGCCTCCACCCAGGCACTGG,0,0,0.002240896,0,0.048855403,387.5,151.9705474,0,0.086956522,0,0,1,0
12365,AAAAGAGAATAAAAGGCACCAGA,0,0,0.005636724,0,0.235330927,455,166.6977431,0,-0.130434783,0,0,0,0
12366,GGTGATAGAGTGAGTGTGTGAGG,0,0,0.188461539,0,0.088085272,455,184.5454036,0,-0.130434783,0,0,0,0
12367,GGTGAGTGGGGGTGTTGGTGAAG,0,0,0,0,0.030650512,387.5,170.735599,0.013043478,0.217391304,0,0,0,0
12368,GGCTTGTTTTTATTGTTCAGGGA,0,0,0.000287294,0,0.121931204,387.5,144.8443164,0.173913043,0.326086957,0,0,0,0
12369,GTAGACAAAGGAGAGACTGCAGA,0,0,0.001646904,0,0.307297816,425,202.3569958,0.734782609,0.086956522,0,0,0,0
12370,TACCCCCGCCTCCCCGCCCCCGG,0,0,0.0622458,0,0.292400968,455,179.1220994,0,-0.260869565,0,0,0,0
12371,GGAATGCCCTCTCCAGGACCTAG,0,0,0.002963669,0.081415315,0.078799562,455,182.968804,0,-0.152173913,0,0,0,0
12372,GTCTTGCTTTCCTTTTTCTCTGA,0,0,0.001305347,0,0.135371465,425,194.6536972,0,-0.543478261,0,0,0,0
12373,GGTGTGTGTGTGTGTGCATGAGA,0,0,0.01048951,0,0.356082003,560,189.7285664,0.043478261,-0.434782609,0,0,0,0
12374,AAAACATAAGCAGAGGCACAGAG,0,0,0.022171832,0.525454888,0.51740194,522.5,208.4248155,0.47826087,0.739130435,0,0,0,0
12375,GTCTATTTTTCAGTGTTCTCAGG,0,0,0.063241107,0.346102049,0.334982304,522.5,206.3863755,0,-0.065217391,0,0,0,0
12376,CCAGTTTCTAAAGCGGAGGCTGG,0,0,0.179487179,0.30830322,0.299268693,525,205.7009345,0,-0.5,0,0,0,0
12377,AAAGGAGAAGGAGAGGCAGATGG,0,0,0.05078125,0.567807692,0.550858209,462.5,182.5483164,0,-0.52173913,0,0,0,0
12378,CACCCCCCCCCCCCCACCTCCAG,0,0,0.074074074,0,0.151145,455,192.5816734,0,0.304347826,0,0,0,0
12379,AAAAACAAAGCGTAGACTGTGGG,0,0,0.164210526,0,0.343144014,455,173.4726996,0.047826087,-0.673913043,0,0,0,1
12380,AGTGTGTGAGTGTGTGAGAGAGA,0,0,0.003030303,0,0.202836708,485,166.177569,0.491304348,0.282608696,0,0,1,0
12381,TGGATTGAGGAATGTGGCGTTAG,0,0,0.006584362,0,0.094492858,462.5,178.9836611,0.091304348,0.347826087,0,0,0,0
12382,GGAAGCCCTCGAGCAGCACCCAG,0,0,0.017698765,0.348609699,0.343267022,460,198.9737594,0,0.043478261,0,0,0,0
12383,AAAGAAGAAGAAGAGACAGACAG,0,0,0.017554012,0,0.085785,485,169.0016542,0.026086957,-0.282608696,0,0,0,0
12384,AGTGAGTGAGTGAGTGCCAGCAG,0,0,0.021978022,0,0.039962519,387.5,153.5293462,0.326086957,-0.347826087,0,0,0,0
12385,GGCATTTGGGATGGAGGTGGGGG,0,0,0.175324675,0,0.51740194,522.5,206.1985985,0,0.239130435,0,0,0,0
12386,CTGGACCCAGAGGGCAGTAGAGG,0,0,0.08496732,0.621681207,0.599576987,552.5,175.2543437,0,-0.434782609,0,0,0,0
12387,TTATAAGAAGAAGAGGCACAGAG,0,0,0.163411897,0,2.426564496,627.5,218.87168,0,0.282608696,0,0,0,0
12388,GTCATTTTCGTGGTTACCTGTGA,0,0,0.010680601,0,0.096069829,425,196.2388147,0,-0.456521739,0,0,0,0
12389,GGATTCCCTTTTGCAGCATTTGG,0,0,0.02711135,0.117517405,0.115428206,387.5,144.2107164,0,0.347826087,0,0,0,0
12390,TGGATGCAGGCGTGAAGAGTAGG,0,0,0.198611111,0,0.045894724,357.5,185.5822092,0.008695652,-0.369565217,0,0,0,0
12391,GGAGAGTGTGTGTGTGAGTGTGG,0,0,0.2,0,0.730827942,560,194.9261086,0,0.065217391,0,1,0,0
12392,GGGGTGTGAGTGGGTGTGTGCGG,0,0,0.022134387,0,0.220828507,455,186.8982484,0,-0.152173913,0,0,0,0
12393,GAGTCTAATCAGAAGAAAAATGA,0,0,0.023809524,0,0.074384061,552.5,185.6477216,0,0.304347826,0,0,0,0
12394,GAAGCCCTCCATCCAGCCTCAGG,0,0,0.051851852,0,0.195426448,425,195.875278,0.086956522,-0.760869565,0,0,0,0
12395,AAGTGAGAAGAAGAGACCCAGAG,0,0,0.030178326,0,0.104736419,492.5,177.1602408,0,0.173913043,0,0,0,1
12396,CCCTGTGTGTCTGGAGGTTTCGG,0,0,0.076923077,0.009434634,0.009283074,417.5,141.7804605,0,-0.152173913,0,0,0,0
12397,TGTGTGTGAGTGTGTGTGTGTGG,0,0,0.16969697,1.290123457,1.290123457,560,198.1255689,0,0.02173913,0,0,0,0
12398,TGTGTGTGAGTGTGTGTGTGAAG,0,0,0.043995511,0,1.290123457,560,198.1255689,0,0.304347826,0,0,0,0
12399,GGTGTTTCAGTGTGTGGGTGAGG,0,0,0.008775538,0.350124604,0.350124604,552.5,192.039768,0,-0.217391304,0,0,1,0
12400,GAGACAGAGAAGGAGAAGAAAGA,0,0,0.017355976,0,0.308518702,522.5,202.049359,0,0.260869565,0,0,0,0
12401,AATGAACACCACATCGTTAACAG,0,0,0.012698413,0.028236187,0.028236187,485,169.7105204,0.008695652,-0.239130435,0,0,0,0
12402,GCCTCCTCAGAGCTTGCCCATGG,0,0,0.07788671,0.052470611,0.05162771,455,179.1997871,0.226086957,-0.043478261,0,0,0,0
12403,AGTCCCCTCCACCCCTCCTCAGG,0,0,0,0,0.268520667,555,201.1435741,0.004347826,-0.391304348,0,0,0,0
12404,AAAGAAGAAGAAGAGGAACAAGA,0,0,0.017554012,0,1.144757433,560,197.2519689,0,0.173913043,0,0,0,0
12405,GTCTTTTTATCATTGTTCACTGG,0,0,0.128633272,0,0.184365431,552.5,182.4662357,0.017391304,-0.652173913,0,0,0,0
12406,GACCCACCCCACCCCCCCTCTAG,0,0,0,0,0.29290963,560,198.2257732,0.82173913,0.52173913,0,0,0,1
12407,AAAAGGTAAGAACAGGCACAGAG,0,0,0.021217064,0.228792914,0.228792914,522.5,204.6579147,0,-0.195652174,0,0,0,0
12408,GACATCCATCCAGATACGCATGG,0,0,0.037944664,0.086235484,0.083169333,455,179.3296451,0,-0.173913043,0,0,0,0
12409,GACATCCATTCCCTCCCTATGGA,0,0,0.016624814,0,0.097900501,455,180.1716658,0,-0.217391304,0,0,1,0
12410,GACCCCCTCCCCCCAGCCCGGAG,0,0,0.00037396,0,0.027953096,290,130.8772949,0.97826087,0.369565217,0,0,0,1
12411,CCCTCTGTCTCTGTATGGGGAGG,0,0,0.013865546,0,0.030988834,387.5,138.3868955,0,0.152173913,0,0,0,1
12412,CCTGCCTCTGCACTTCTCACAGG,0,0,0.14,0,0.204915168,432.5,194.5170976,0,0.02173913,0,0,0,0
12413,AACATCCATCCAGAGCTACAGGA,0,0,0,0,0.104848333,485,180.685463,0.026086957,0.108695652,0,0,0,0
12414,GGTGACTCAGTGTGGGCCTGTGG,0,0,0.00999001,0,0.047769728,455,174.6838442,0.034782609,0.173913043,0,0,0,0
12415,GATGATTGAGAGTGTGCGAGCAG,0,0,0.031339031,0,0.167467781,455,180.1959324,0.017391304,0.282608696,0,0,0,0
12416,GACTTGTTTTCATTATAATTTAG,0,0,0.021022289,0,0.011004742,320,121.4459342,0,-0.47826087,0,0,0,0
12417,TGTGTGTGTGTGTGTGGGTGAGG,0,0,0.012834225,0,0.372455417,552.5,192.9657886,0,0,0,0,0,0
12418,TGTGTGTGTGTGTGTGGGTGAGA,0,0,0.000891266,0,0.372455417,552.5,192.9657886,0,0.086956522,0,0,0,0
12419,TGCACTTCTGTTGGAGGTGGGGG,0,0,0.093772894,0,0.33136789,522.5,206.6269551,0,-0.195652174,0,0,0,0
12420,GCCTTGTTTTCCATGTTCTTTGG,0,0,0.042943898,0,0.132796733,357.5,164.6069791,0.039130435,-0.717391304,0,0,0,0
12421,TACTCCAATGAGTAGAGAGGCGG,0,0,0.342657342,0.321774194,0.310333333,552.5,189.8032498,0,0.043478261,0,0,0,1
12422,GGGTGGGGGATGCTTGCCCCCAG,0,0,0.025191183,0,0.052921728,357.5,173.0555261,0,-0.782608696,0,0,0,0
12423,AAAAGAAAAAAAGAGGCACTAGG,0,0,0.266666666,0.422842847,0.415325641,552.5,173.8138829,0,0.282608696,0,0,0,0
12424,GAGATGTTTTCCTGGTTCTCTGG,0,0,0,0.106847931,0.103415066,425,198.4431149,0,-0.5,0,0,0,0
12425,GGTCAGTGAGTCTGTGGGGGTGG,0,0,0.004121718,0,0.094473225,387.5,158.8761885,0.7,0.913043478,0,0,0,0
12426,GGCCCTTGGGCTGGGGGTGGTGG,0,0,0.084273709,0,0.261885241,522.5,198.6363807,0,-0.347826087,0,0,0,0
12427,AAATGGGAAGAAGACACAAACAG,0,0,0.021645022,0,0.013204918,387.5,155.1705686,0.317391304,0,0,0,0,0
12428,TGGGTGGGGCAAGGAGGAGTGGG,0,0,0.047826087,0.509948268,0.509948268,522.5,200.7355261,0.013043478,-0.326086957,0,0,0,0
12429,TACCCCCCCCACCCCACCTTAAG,0,0,0.077777778,0,0.119960915,485,161.6741572,0.004347826,-0.043478261,0,0,0,0
12430,GTCTCCCCAAAGCTCAGCCACGA,0,0,0.012626263,0,0.010324191,392.5,175.8253679,0.02173913,0.065217391,0,0,0,0
12431,GTCATGTTACTCTTTACCTCTAG,0,0,0.006666667,0,0.135166339,455,165.7853591,0,-0.652173913,0,0,0,0
12432,AAATGAGAAGAAGGAGAAGACAG,0,0,0.006642459,0,0.006319527,290,141.6196828,0,0,0,0,0,0
12433,TCCACCCAGCCAGAGACTCAGGA,0,0,0.021494709,0,0.189613667,552.5,188.5285664,0,-0.326086957,0,0,0,0
12434,TAATTCAAAGCATGGACTGCAAG,0,0,0.035196409,0,0.223971519,522.5,205.3988954,0,-0.413043478,0,0,0,0
12435,AAAGGAGAAGAGGAGGCTGAGGG,0,0,0.028211806,0,0.04809546,387.5,154.4389663,0.243478261,-0.5,0,0,0,0
12436,AGAACCAGCAGTGAGTAGAGGGA,0,0,0.0140625,0,1.345833333,620,214.043863,0,-0.152173913,0,0,0,0
12437,AAAGACAAACCATAGACTGGGAG,0,0,0.002745098,0,0.642348856,552.5,176.1970637,0.152173913,-0.043478261,0,0,0,0
12438,AAAGAAGAAAGAGAGGCACAAAG,0,0,0.085195473,0,0.697697198,522.5,205.8162599,0.434782609,-0.804347826,0,0,0,0
12439,ACATCAGAAGCAGATGCACAGAG,0,0,0.009145881,0,0.223580696,425,197.2345747,0,-0.130434783,0,0,0,0
12440,ACTGCCTCCCTTCCACTCACAGA,0,0,0.002442002,0,0.114484162,425,196.3389952,0.069565217,-0.391304348,0,0,0,0
12441,AGATGTGGAGAAGATGCACAGGA,0,0,0.004157218,0,0.243723101,522.5,199.8671775,0,-0.173913043,0,0,0,0
12442,CACCCCCGTCACCCCACCTCCAG,0,0,0.11882716,0,0.166395667,552.5,194.8519768,0.017391304,0.130434783,0,0,0,0
12443,AAAAAAGAAGAAAAAGCACAAAG,0,0,0.092955701,0,0.148388855,425,193.3317379,0,-0.347826087,0,0,0,0
12444,GTCACAGAAGTAGAGTTTTTAGA,0,0,0.014430014,0,0.89728903,530,212.1439323,0.130434783,0.173913043,0,0,0,0
12445,GCCACCCTCCTCCCCGCCTTAGA,0,0,0.004241373,0,0.387083187,455,174.7187164,0,0.413043478,0,0,0,0
12446,GAAAATACAGCATAGACTACTAG,0,0,0.062059912,0.30174375,0.30174375,552.5,182.6925991,0.069565217,0.108695652,0,0,0,0
12447,AAGCACTACTCCATCCTCAAAGG,0,0,0.086029412,0.526289801,0.510158313,522.5,209.1851355,0,-0.608695652,0,0,0,0
12448,TGGATGAATGAATGAGGAAATGG,0,0,0.214285714,0,0.082397692,485,144.971439,0,-0.282608696,0,0,0,0
12449,GGTGTGTGTGTGTGTCTGTGAGA,0,0,0,0,0.060818669,485,175.6773627,0,0.195652174,0,0,0,0
12450,AAATGAGGAGATGAGGATCAAGG,0,0,0.057037037,0,0.053117476,387.5,161.9746382,0.069565217,-0.086956522,0,0,0,0
12451,ACCATCCATCAAGGGACTCAGGA,0,0,0.012152778,0,0.025663015,357.5,175.9073984,0.1,0.152173913,0,0,0,0
12452,GGTGTGTGAGTGCGTGTTTGGAG,0,0,0.023155532,0,0.043896945,387.5,162.0029151,0,-0.065217391,0,0,0,0
12453,AAATGAGATGAAGAGCCTCGAAG,0,0,0,0,0.012289022,417.5,135.3908606,0,-0.108695652,1,0,1,0
12454,AAATAAAAAGAAGAGGCATAAGG,0,0,0.400000001,0.677902985,0.677902985,560,185.9804993,0.008695652,-0.02173913,0,0,0,0
12455,CAAAGAGAATGAGAGGCACATGG,0,0,0.215561224,0.743261097,0.73132116,522.5,207.1045799,0,-0.195652174,0,0,0,0
12456,TTGAAGGAGAAATGAGCAGTGAG,0,0,0.018115799,0.56142625,0.56142625,552.5,191.6938325,0,-0.260869565,0,0,0,0
12457,AAAGAAGATGGAGAGGCACATGG,0,0,0.21125,0.470062865,0.462858836,522.5,206.8482159,0,-0.47826087,0,0,0,0
12458,GACCACAAAGCAGACACTGGAGG,0,0,0.001793603,0,0.06751979,357.5,157.828058,0,-0.260869565,0,0,0,0
12459,CTCGTCCCACAGGACAGGAAAGG,0,0,0.068181818,0.045592311,0.045592311,455,180.3211621,0.12173913,-0.434782609,0,0,0,0
12460,GTCTTGTTCTCATTGTTTTTGAG,0,0,0.033566434,0.083523485,0.083523485,485,152.4392864,0.013043478,0.152173913,0,0,0,0
12461,GTTGAATGTGTGTGTGTGTGTGG,0,0,0.178181818,0.225335527,0.225335527,552.5,192.2281246,0.517391304,1.260869565,0,0,0,0
12462,GGGTGGGGGGCCTCTGCTCGAAG,0,0,0.000922722,0.024273697,0.024273697,260,156.4770313,0,-0.282608696,0,0,0,0
12463,GGGTTGGGGGAAGGAGGAGTGGG,0,0,0.116446125,0,0.581724684,522.5,205.7272625,0.869565217,-0.130434783,0,0,0,0
12464,GGGATGGAGGAATGAATGGTTGG,0,0,0.095652174,0,0.020550273,442.5,155.5021298,0,-0.086956522,0,0,0,0
12465,GCAATCCCTTTTCCTGCACCTGG,0,0,0.017938337,0.08801115,0.086525729,327.5,189.0235742,0,-0.347826087,0,0,0,0
12466,GATGAGTGAGTGCGTGTGAGTGA,0,0,0.006185335,0,0.074311256,387.5,157.7265685,0,-0.043478261,0,0,0,0
12467,GCCTCTTTACTACAGACCTTAAG,0,0,0.001196581,0.018482879,0.018482879,327.5,183.1639297,0.186956522,-0.195652174,0,0,0,0
12468,CCCATACATATAGAGACAGAAAG,0,0,0.008024691,0.148942107,0.146428316,455,175.4441959,0,-0.02173913,0,0,0,0
12469,GGGGTGTGTGTATGTGCGTGTGG,0,0,0.101818182,0,0.424071175,522.5,205.7077992,0,-0.326086957,0,0,0,0
12470,AAATGAGGGGAAGAGGAAGAAGA,0,0,0.001980453,0,0.106015171,485,160.4062917,0.004347826,0.065217391,0,0,0,0
12471,AGGTGGGGCGAGGCTGCTCCTGG,0,0,0.036120401,0.053868812,0.052959633,425,194.1017145,0.07826087,-0.456521739,0,0,0,1
12472,AAAGACAAAGCATAGAATGGGAG,0,0,0.003202614,0,0.268517165,485,160.202689,0,-0.565217391,0,0,0,0
12473,TCCTCACCACAGCCTGGCCACAG,0,0,0.080246913,1.527690476,1.489014768,627.5,213.6222796,0.017391304,0.086956522,0,0,0,0
12474,GGTGAGTGAATGTGTGTGTGTGA,0,0,0.030246913,0,2.513848881,567.5,195.6221525,0.1,0.260869565,0,0,0,0
12475,GGTGTGTAAGTGAGTGTGTGTGG,0,0,0.117482518,0.223964003,0.223964003,455,184.3264314,0,0.108695652,0,0,0,0
12476,CAAAGAGAAGAAAATGCACATGA,0,0,0.003737759,0,0.155902215,425,194.6200579,0,-0.02173913,0,0,0,0
12477,GAGAACGAGGAGAAGAAGAAAGA,0,0,0.007348618,0,2.342570281,627.5,213.2463436,0,-0.02173913,0,0,0,0
12478,CATATCCATCCAGAGTCTCAGGG,0,0,0,0,0.052630051,485,175.7202408,0,-0.130434783,1,0,1,0
12479,ATGAGAACCAGGGAGTAGATGGG,0,0,0.234,0.196530015,0.196530015,455,171.2719956,0,-0.652173913,0,0,0,0
12480,CCCTCCTTCCCTCCCACCTCTAG,0,0,0.00510152,0,0.207602129,455,172.5603156,0.008695652,-0.260869565,0,0,0,0
12481,GCCACACCCAGGCCTGGCCAGAG,0,0,0.042579995,0.284388033,0.280029596,522.5,206.3505519,0.047826087,-0.217391304,0,1,0,1
12482,CAATGAGCAGAAAAAGCACATGA,0,0,0.022162711,0,0.155902215,425,192.3938409,0,-0.130434783,0,0,0,0
12483,GATACCCAAGCAGAGTTTCAAGA,0,0,0.005093279,0,0.140060793,485,148.4032193,0,-0.173913043,0,0,0,0
12484,GCCTCCCCCATGCCAGGCAAGGG,0,0,0.043625547,0.04162635,0.040957653,357.5,164.0551144,0,-0.347826087,0,0,0,0
12485,TGTGTGTGAGTGTGTGTATGAGA,0,0,0.008158508,0,0.119478333,485,171.5022357,0,0.195652174,0,0,0,0
12486,CTTGCCCCACAGGCCGGCAGAGG,0,0,0.027010804,0.002859046,0.002859046,320,127.7114563,0,-0.152173913,0,0,0,0
12487,GGCACTGAGGCAAGAAGTGGGGA,0,0,0.033333333,0,0.044701169,357.5,181.5963362,0,-0.108695652,0,0,0,0
12488,CCTGCCCCCTCTGTCCTCACGGG,0,0,0.020774148,0.091867193,0.08905134,425,188.1187407,0,-0.260869565,0,0,1,1
12489,TAGAACACCAGTGAGTTGTGGGA,0,0,0.004218716,0,0.202836708,485,167.225889,0,-0.304347826,0,0,0,0
12490,AGCACTGATGCTGGGGGTGGCGA,0,0,0.014083333,0,0.24614019,522.5,197.9333811,0.126086957,-0.347826087,0,0,0,0
12491,GGGGTGTGAGTGGGTGAGTGTGA,0,0,0.00153711,0,0.220828507,455,186.8982484,0.12173913,-0.608695652,0,0,0,0
12492,GAACACACTTCATATACTGCAGA,0,0,0.002072704,0,0.205849587,525,192.9416447,0,-0.086956522,0,0,0,0
12493,AAATGAGAACAAGAGAAATAAAG,0,0,0.022336182,0,0.027486212,417.5,145.1857267,0,-0.152173913,0,0,0,0
12494,CTTTCTCCTCTGGGCAGTAAGGG,0,0,0.062337662,0.284388033,0.280029596,522.5,206.3505519,0,-0.5,0,0,0,0
12495,CCAGAGGGAAGAGAGGAGGCTGA,0,0,0.007965686,0,0.08896183,522.5,199.9295342,0,-0.130434783,0,0,0,1
12496,GGCACTGCTGCTGGTGGCGCTGG,0,0,0.019591837,0,0.01914801,387.5,138.4722649,0.060869565,0.108695652,0,0,0,0
12497,TCCTCTTTCCTCCCCATCTTTAG,0,0,0.009796571,0,0.166452825,357.5,184.2677048,0,0.239130435,0,0,0,0
12498,GGTGAGCAAGTGTGTGTGTGTGG,0,0,0.320833334,0.74016963,0.74016963,560,193.9308912,0,-0.347826087,0,0,0,0
12499,CCTTTGTTTTCATTGTTTTCAGA,0,0,0.017225082,0,0.305988667,555,193.0086667,0,-0.52173913,0,0,0,0
12500,AGGTTGGAGGAATGAGAAGATGA,0,0,0.023200757,0,0.268517165,485,160.202689,0,0.02173913,0,0,0,0
12501,CGCATGCACACAGAGACACACAG,0,0,0.072141707,0,0.464697762,620,208.2224992,0.104347826,0.369565217,0,0,0,0
12502,CCCTGGGTCTCAGGTTGGACTGA,0,0,0.000577201,0,0.050003206,357.5,158.3532941,0,-0.239130435,0,0,0,0
12503,GCCTCCCAAAATGGTGGCCATAG,0,0,0,0,0.038723687,362.5,187.2455774,0.039130435,0.260869565,0,0,0,0
12504,CCCTCTTCCCCAAACACCTTCAG,0,0,0.024928775,0,0.086676978,425,194.9616779,0.17826087,0.217391304,0,0,0,0
12505,AGGTTGGAGGATTGAGGAGATGG,0,0,0.119318182,0,0.343144014,455,173.4726996,0,0.02173913,0,0,0,0
12506,AGGAAAGAAACTGCATCCGTGGG,0,0,0.222857143,0.409264216,0.396115165,522.5,202.5323828,0,0.130434783,0,0,0,0
12507,GGCAGTGGGAATGGAGGTGGAGG,0,0,0.27,0,0.697697198,522.5,203.5900429,0.026086957,-0.130434783,0,0,1,0
12508,GTTTTCCTAGTCATTACCTTCAG,0,0,0.054586227,0,0.44463744,552.5,178.2776193,0,-0.108695652,0,0,0,0
12509,AAATTTGAGGAAGAGGCACTTGG,0,0,0.085714286,0,0.244064714,552.5,175.0283157,1,1.369565217,0,0,0,0
12510,GGTGTGTGCGTGTGTGTGTATGG,0,0,0.090909091,0,0.155313909,485,155.8281887,0.269565217,0.760869565,0,0,0,0
12511,GGTGAGGGGGTGTGTGCCTGTAG,0,0,0.048414427,0,0.230233128,560,188.6337056,0.02173913,-0.02173913,0,0,0,0
12512,GCCTTCCCTTTGCCTGGCCAAGG,0,0,0.103661045,0,0.426292988,525,202.7300795,0,-0.108695652,0,0,0,1
12513,GTCCCCCTCCAGCCCGCCCCTGG,0,0,0.089167537,0,0.519333333,462.5,181.6958996,0.008695652,-0.108695652,0,0,0,0
12514,AAATGTGATACAGAGGCACACAG,0,0,0.041481481,0,0.246570675,525,202.2324155,0,0.239130435,0,0,0,0
12515,AACATTGATGGCCTCCCCAGAGG,0,0,0.058991597,0,0.234185328,455,174.0463324,0.134782609,0.173913043,0,0,0,0
12516,GTCATCATTGTCATCACCTCCGG,0,0,0.061363636,0,0.070103434,455,161.5124173,0.491304348,-0.304347826,0,0,0,0
12517,AAAGAAGAAGAAGAAGAACAAAG,0,0,0.061679981,0,0.155096519,455,181.8449474,0.026086957,0.456521739,0,0,0,0
12518,CCCTGTGTCTACAGATGTATGGG,0,0,0.437246964,0.028710904,0.02827089,295,170.331162,0,-0.065217391,0,0,0,0
12519,GAATTTAAAGCATAGACTGCAAG,0,0,0.07003367,0,1.403540904,630,216.452096,0.173913043,-0.47826087,0,0,0,0
12520,GAGCCACTGCACCCCGCCTGGAG,0,0,0.004383235,0,0.240647808,552.5,175.7886357,0.056521739,-0.195652174,0,0,0,0
12521,CCTGCCTCCACCCTCCCCACCAG,0,0,0.04413172,0,0.063816741,357.5,171.2990305,0,-0.195652174,0,0,0,0
12522,GGCAGTGGGGATTGAGGTGGAGG,0,0,0.086785714,0,0.293169181,425,199.0824588,0.795652174,-0.086956522,0,0,0,0
12523,TATGTGTGTGTGTGTGCGTGCAG,0,0,0.047863248,0,0.833979885,620,213.7118996,0.004347826,-0.086956522,0,0,0,0
12524,GGACACTAAGCAGAGAATGCTGG,0,0,0.042608696,0.161125676,0.161125676,455,186.0913876,NA,0.086956522,0,0,0,0
12525,AACACCAGTGGGTACAGCACAGG,0,0,0.054267161,0,0.027953096,290,130.8772949,0.013043478,0.369565217,0,0,0,0
12526,GGCGCTGTGGTGGGAGGTGGGAG,0,0,0.021812678,0,0.372711207,425,201.2803989,0,0.02173913,0,0,0,0
12527,GGCTGGGGAGAGCTTGGTCCTGG,0,0,0.011482326,0.139639798,0.134926218,455,184.226788,0,-0.413043478,0,0,0,0
12528,AGGAGGAGGGAATGAGGAGTTGG,0,0,0.469333333,0,0.932255747,620,212.4286822,0,0.043478261,0,0,0,0
12529,GGGTCAGAGATGAAGAAGAATGA,0,0,0.013756614,0,0.442449302,522.5,205.9521959,0,-0.717391304,0,0,0,0
12530,CCAGCCCCTGCCCTACTCACAGA,0,0,0.028268914,0,0.289640613,522.5,204.6129384,0.169565217,-0.413043478,0,0,0,0
12531,GTTGTGTGTGTGTGTGTGTGAGA,0,0,0.004499541,0,0.372455417,552.5,192.7257886,0,-0.195652174,0,0,1,0
12532,AGATGAGAACAAGAGACACTGGG,0,0,0.192,0,0.110484003,485,159.5422378,0,-0.456521739,0,0,0,0
12533,GTTGTGTGTGTGTGTGTGTGAGG,0,0,0.064793389,0.372455417,0.372455417,552.5,192.7257886,0,-0.260869565,0,0,0,0
12534,TCATTCCCGTCTGCAGCACCCGG,0,0,0.272727272,0.860350791,0.833979885,620,214.1266196,0,0.043478261,0,0,0,0
12535,TAATAACAAGAAAAGGCACAAGA,0,0,0.038194444,0,0.397317959,522.5,206.0291787,0.62173913,0.130434783,0,0,0,0
12536,GTCACCGAAGCAGGGTTGGTAAG,0,0,0.007332585,0.015102472,0.014565495,387.5,151.1494821,0,0.043478261,0,0,0,0
12537,GACAGCAGTGAGTAAAGGGGAGA,0,0,0.005228758,0,0.083169333,455,178.2813251,0,-0.108695652,0,0,0,0
12538,GGCCCTGAGGCTGCTGGTGGGGA,0,0,0.001365546,0,0.057131627,425,189.3803768,0,-0.760869565,0,0,0,0
12539,CCCTCTTTCCCACCATCTTTGGG,0,0,0,0.014832503,0.014305125,387.5,162.2812193,0,-0.652173913,0,0,0,0
12540,GGCACTGGGATTGGGGGTGGGAG,0,0,0.031111111,0,0.186982849,425,190.6713413,0.034782609,-0.52173913,0,0,0,0
12541,AAAAGCGAACAAGAAGCACAAGA,0,0,0.005658829,0,0.213651194,522.5,197.341658,0,-0.130434783,0,0,0,0
12542,AAATCAGAAGGACTGGCACAAGA,0,0,0.007964355,0,0.045787375,327.5,190.5430911,0.073913043,-0.195652174,0,1,0,0
12543,GCCTGGGTTTGTGGATGGATGGG,0,0,0.114130435,0,0.293524998,522.5,207.2241519,0,-0.173913043,0,0,0,0
12544,GGGACTGTGGCTGGGGGAGGGAG,0,0,0.049151235,0,0.082004963,455,175.9418282,0.72173913,0.217391304,0,0,0,0
12545,TGGATGAAGGGATGATGAGTTGA,0,0,0,0,0.174231283,462.5,194.4983096,0,0.065217391,1,0,0,0
12546,AAAGAAGAAGAAGAAGAACATGG,0,0,0.237908497,0,0.155096519,455,181.8449474,0.069565217,0.173913043,0,0,0,0
12547,TCCAACCACCCAGAGACAAATGG,0,0,0.197802198,0.321904489,0.321904489,552.5,183.2038997,0,0.02173913,0,0,0,0
12548,CGGGGTGGGGAGTTTTCTCCAAG,0,0,0,0.164761667,0.164761667,552.5,199.2519901,0.030434783,0.260869565,1,0,0,0
12549,GGGTGGGGGGCGATCCCTCCTGA,0,0,0,0,0.012919908,260,171.9751483,0.652173913,1.52173913,0,0,1,0
12550,GGTGAGTGAGTGAGTGAGTGAGG,0,0,0.323076923,0,0.895856013,470,191.1145684,0,0.02173913,0,0,0,0
12551,GGTGAGTGAGTGAGTGAGTGAGA,0,0,0.022435897,0,0.895856013,470,191.1145684,0,-0.217391304,0,0,0,0
12552,GGTGAGAGACGGTGTGCATGCAG,0,0,0.025128205,0,0.097900501,455,180.1716658,0.013043478,-0.086956522,0,0,0,0
12553,AACACCACTGAGAAGAGTGTTGA,0,0,0.013313609,0,0.047545522,387.5,144.0399293,0.847826087,4.52173913,0,0,0,0
12554,AAATGAGTAGAAGTGGGAGAGGA,0,0,0.000116713,0,0.025853127,387.5,152.7268874,0,0.043478261,0,0,0,0
12555,CCAGGGCGGAGAGCGGTGGCGAG,0,0,0.00599177,0,0.241506693,552.5,190.5826078,0,-0.086956522,0,0,0,0
12556,CTTGCTCCACAGGGCGGTCTGGA,0,0,0.001539409,0,0.020546458,417.5,132.2399902,0.439130435,1.5,0,0,0,0
12557,GGCCCTGCAGCTGGAGGAGGAGA,0,0,0.010504202,0,0.37734063,560,190.1432864,0,-0.347826087,0,0,0,0
12558,CTCTGTGTCTCTGGAATTATGAG,0,0,0.035710642,0.020922224,0.020550273,442.5,155.2621298,0.186956522,0.869565217,0,0,0,0
12559,AAATCAGAGAAAGAGGCAGAGGA,0,0,0.004243827,0,0.266451348,552.5,178.2121633,0,-0.043478261,0,0,0,0
12560,GAAGGAGAAGAAGAGGAACAGGA,0,0,0.02025463,0,1.290123457,560,198.5402889,0.091304348,0.369565217,0,0,0,0
12561,GGTCAATGAGTGAGTGAGTGGGA,0,0,0.011877828,0,0.135498222,455,186.0549844,0.095652174,-0.130434783,0,0,0,0
12562,GATGAGTGGGTGTGGGCGTTAGG,0,0,0.01974359,0,0.114205581,455,163.6555981,0,0.043478261,0,0,0,0
12563,GTAACTTCCAATGACAAGAGGAG,0,0,0.135481802,0.05209954,0.051173326,485,168.8495902,0,-0.413043478,0,0,0,0
12564,CTCTGTGTCTTTTCATGGATTGA,0,0,0.002497502,0,0.048105723,327.5,191.5914111,0,-0.239130435,0,0,0,0
12565,AAATTAAAAGCAGATGCACATAG,0,0,0.004444444,0,0.145346309,425,195.0913939,0,-0.065217391,0,0,0,0
12566,GATGAGTGTGTGAGTGTGTGGGA,0,0,0.011390532,0,0.144140246,455,184.514788,0,0.239130435,0,0,0,0
12567,GCCACTGGGGCTGGGCGTGGTGG,0,0,0,0,0.069289873,455,184.3647356,0,0,0,0,0,0
12568,CTTATCCATCCATAGAGACAGGA,0,0,0.000765931,0,0.232606028,455,187.9465684,0.460869565,-0.065217391,0,0,0,0
12569,AAATGAGAAGCAGAGACAGATAG,0,0,0.012962963,0,0.08035557,395,166.1334905,0.086956522,0.152173913,0,0,0,0
12570,AAATGAGTGAAAGAGGCACCTGG,0,0,0.060606061,0.352730832,0.352730832,555,170.0110663,0,0.543478261,0,0,0,0
12571,GCCACTGGGCCAGGAGGTGGAGG,0,0,0.142417582,0,0.648306325,522.5,203.1523462,0,0.217391304,0,0,0,0
12572,AAATGAGAACCAGCTGCACACGG,0,0,0.004897959,0,0.02663581,327.5,182.1319737,0,0.065217391,0,0,0,0
12573,GACCCTCTCCAGCCGCCCTCTGG,0,0,0,0,0.019630856,357.5,178.2024681,0,0.043478261,0,0,0,1
12574,GAGTTGGAACAGAAGGAGAAAGA,0,0,0.002731643,0,0.090966306,552.5,194.8774898,0.556521739,2.108695652,0,0,0,0
12575,GCCCCTTTCTCACTCAGCTTCAG,0,0,0.006810854,0,0.079416941,455,180.7093679,0.843478261,4.326086957,0,0,0,0
12576,GGCCCAGGCTGGGCACATAAAAG,0,0,0.091540923,0,0.085367372,387.5,156.6499716,0,-0.347826087,0,0,0,0
12577,GGTGCAAGAGTGTGTGCGTGTGA,0,0,0.030381944,0,0.958618437,630,214.9425152,0,-0.217391304,0,0,0,0
12578,GCAGCTGCCCCACCCACCTTCAG,0,0,0.082607117,0.905329387,0.878799588,620,212.3154022,0.004347826,0.152173913,0,0,0,0
12579,CAATGTGAAGAAGAGAGACAGAG,0,0,0.009337068,0,0.063433242,485,179.139479,0.008695652,0.152173913,0,0,0,0
12580,TCAGAGAGTTGAGGGGAGGCAAG,0,0,0,0.209819018,0.206277769,522.5,201.2807589,0,0.065217391,0,0,0,0
12581,TGGATGGAGGAATGGATAGGTGG,0,0,0.028676471,0,0.009657223,345,129.5808415,0.043478261,-0.130434783,0,0,0,0
12582,CCTCCCTCTCCTCTCCTCACCAG,0,0,0.013101604,0.22293254,0.215770049,522.5,195.1678617,0.608695652,-0.173913043,0,0,0,0
12583,TACATGGATGGCCTCCCCAATGA,0,0,0.0078125,0,0.234185328,455,174.0463324,0,-0.369565217,0,0,0,0
12584,TGAAAGGAGGACTGAGGAGGGAG,0,0,0.004514964,0.332103316,0.320295198,455,172.5299796,0.008695652,-0.304347826,0,0,0,1
12585,CGTGTGTGTGTGTGTGTGTGTAG,0,0,0.018855219,0,0.372455417,552.5,192.9657886,0,-0.456521739,0,0,0,0
12586,GTGAACAGCAGTGTGTAGAAGAG,0,0,0.083333333,0,0.10391963,455,167.3233985,0.434782609,0.586956522,0,0,0,0
12587,CCTGCCTCCACACTAATCTCCAG,0,0,0.104235517,0.035125237,0.035125237,387.5,158.4557373,0,-0.434782609,0,0,1,0
12588,GTGATCTTAGCCAAGACCTGCAG,0,0,0.002674897,0,0.032847134,327.5,186.5957101,NA,-0.152173913,0,0,0,0
12589,GCCATCTAAGTCAGTACCAGGGG,0,0,0,0,0.07431375,455,173.4729985,0.095652174,0.347826087,0,0,0,0
12590,GAATAGAAAGCATATACTGCCAG,0,0,0.014814815,0.468898021,0.456394074,530,203.5333944,0,-0.130434783,0,0,0,0
12591,AGGAGGGAGGAAGGAGGAGGAGG,0,0,0.029462916,0,0.26991206,455,171.2747595,0.882608696,-0.282608696,0,0,0,0
12592,AAAAGAGAATAAGAGACATATGA,0,0,0.012400794,0,0.079007985,485,165.2982378,0.734782609,1.369565217,0,0,0,0
12593,ATGAACATGAGTGACGAGAGGGA,0,0,0.003551136,0,0.038443137,455,180.6449552,0.013043478,-0.130434783,0,0,0,0
12594,GCCCCCCCCCGCCCCGCCGCCGG,0,0,0.127678571,0,0.27680625,455,178.8820994,0,0.086956522,0,0,1,0
12595,ACCCTCCATCCAGTGACTCAGGG,0,0,0.094117647,0.047944355,0.046239667,455,181.2638821,0,0.260869565,0,0,0,0
12596,CTGAACACCAGTCAGTTGAGCAG,0,0,0.012475633,0,0.499277778,462.5,189.9145684,0.569565217,-0.195652174,0,0,0,0
12597,TTAACTGAGGCTGGAGGTGGCAG,0,0,0.092940516,0,1.345833333,622.5,215.332183,0,0.108695652,0,0,0,0
12598,CCACACCAAGCATAGACTTCTGG,0,0,0.163690476,0,0.359837588,552.5,185.8288193,0,-0.173913043,0,0,0,0
12599,GGACAGTGCGTGTGTGCTTGGGG,0,0,0.144057623,0,0.186959075,552.5,188.4152864,0.017391304,0.630434783,0,0,0,0
12600,AGGATGGAGAGGTGAGGAGTAGA,0,0,0.030426955,0,0.359810011,460,200.2620794,0,-1.260869565,0,0,0,0
12601,CCCTGTGACTCTGTGTGCATGGG,0,0,0.066031746,0.01138062,0.011197799,357.5,164.8306435,0.204347826,0.043478261,0,0,0,0
12602,GAAAACGATCTGCTCCCCATGAG,0,0,0.019972565,0,0.639230037,522.5,204.6758431,0.217391304,0.326086957,0,0,1,0
12603,GAGTCCTGGCTGGAGAAGAATGA,0,0,0.005839571,0,0.200234551,425,197.987598,0,-0.086956522,0,0,0,0
12604,GGGACTGAGGCTGGGGGAGGGAG,0,0,0.036512346,0,0.082004963,455,175.9418282,NA,0.565217391,0,0,0,0
12605,AAACGAGAAGAAGAATCGCAGAG,0,0,0,0,0.013580815,387.5,161.4076193,0,-0.456521739,0,0,0,1
12606,AAATGTAAAGCAGAGGCAGACGA,0,0,0.002480159,0,0.108589077,455,178.0527516,0.004347826,-0.065217391,0,0,0,0
12607,AAAACCATGGAGTATAGCGGGGA,0,0,0.003326562,0,0.242694227,522.5,197.4053811,0,-0.52173913,0,0,0,0
12608,GGAGAGTGAGTGTGAGTGAGGAG,0,0,0.014294997,0,0.050740571,387.5,152.7308674,0,-0.043478261,0,0,0,0
12609,GAGTAGGAGAAGAAAAAGAAAGA,0,0,0.016184251,0,0.213651194,522.5,196.926938,0,-0.173913043,0,0,0,0
12610,GGGAGGGAGGAATGGGGAGTGAG,0,0,0.103162641,0,0.844444444,530,204.9046584,0.1,-0.239130435,0,0,0,0
12611,CCCTCCCCAAAGACAGTCCAGAG,0,0,0.010308892,0.064367863,0.063223545,357.5,174.5075468,0,-0.434782609,0,0,0,0
12612,GAATGAGGAAAAGTGGCACAGGA,0,0,0.025349794,0,0.206277769,522.5,199.469262,0,-0.086956522,0,0,0,0
12613,GCCTCCCCCAGGCCTGGCCGCAG,0,0,0.073638344,0.408938952,0.398033913,462.5,173.072536,NA,NA,0,0,1,0
12614,ATATGAGAAGAAAAGGAGCAAAG,0,0,0.032488992,0,0.046238115,387.5,163.0512351,0.008695652,-0.217391304,0,0,0,0
12615,TAACTCAAAGCATGGATTGCAAG,0,0,0.020531238,0,0.090827917,455,185.2863843,0,-0.217391304,0,0,0,0
12616,TGGAGGGAGGGGTGAGGAATTGG,0,0,0.214603174,0.133809834,0.129293046,357.5,173.2174959,0,-0.913043478,0,0,1,0
12617,CTCCCTTCTAATGACTAGGGGGA,0,0,0.01422444,0,0.50455783,620,212.5806356,0.213043478,0.282608696,0,0,0,0
12618,TGGATGGAGGAAAGAAGGATGGA,0,0,0.013736264,0,0.005609452,320,136.2409204,0,0.391304348,0,0,0,0
12619,AAACACAGAGGATAGAGTGCCAG,0,0,0.00251634,0.344442166,0.33831875,455,188.8839883,0,0.173913043,0,0,0,0
12620,TCCTCTGTCTCTGGCTGGAGGGG,0,0,0.037815126,0.190493182,0.186915845,455,166.5670585,0.043478261,-0.130434783,0,0,0,0
12621,CCTGCCCCCTCTCTGCCCACAGA,0,0,0.01779833,0,0.092860578,455,176.6319501,0,-0.652173913,0,0,0,0
12622,AGTGAGAGACTGTGGGCGTGTGA,0,0,0.00109375,0,0.253408778,522.5,197.6180612,0.017391304,-0.239130435,0,0,0,0
12623,AACTGAGAAAAAGATGCATAAGA,0,0,0.001831502,0,0.121381988,455,168.7252421,0,0.043478261,0,0,0,0
12624,GGCCCACACTGTGCTTGTGAGGA,0,0,0.000979345,0,0.022161777,357.5,177.6052713,0.865217391,0,0,0,0,0
12625,GGGTGGGTGGAGCTTCCTCCCAG,0,0,0,0,0.177878481,462.5,190.5124366,0,-0.304347826,0,0,0,0
12626,ATTTACAGCAGTGTGTAGAGAGA,0,0,0.007575758,0,0.210193223,522.5,203.0593984,0.152173913,0.217391304,0,0,0,0
12627,TTGGTGGAGGTAGGAGGAGTGAG,0,0,0.008276747,0.317498574,0.307297816,425,202.3569958,0,-0.173913043,0,0,0,0
12628,TGTGAGCGTGTGTGTGTGTGTGA,0,0,0.013368055,0,0.25438705,552.5,191.8709278,0,-0.043478261,0,0,0,0
12629,AAATGGGAAGAAGAAAGACAAGA,0,0,0.002746196,0,0.015361544,412.5,164.9324575,0,-0.152173913,0,0,0,0
12630,GGTGGGTGTGTGTGTGTGAGGGG,0,0,0.0576,0,0.111383028,485,162.2177886,0.086956522,0.434782609,0,0,0,0
12631,AAGTCAGATGAAGAGGTACATAG,0,0,0.034855967,0,0.348646558,552.5,192.4377886,0.926086957,0.217391304,0,1,0,0
12632,GGAGAGTGAGGGTGGGGGTGGGG,0,0,0.000840336,0,0.084873468,357.5,177.2487837,0.573913043,0.282608696,0,0,0,0
12633,AAAAGAGAATAAGAGATACATGA,0,0,0.01253858,0,0.091675932,485,175.0601266,0.091304348,-0.434782609,0,0,0,0
12634,GGTGAGTCAGTGAGTGACTGTGG,0,0,0.094674556,0,0.041781429,387.5,160.1914182,0.013043478,-0.282608696,0,0,0,0
12635,ATCTTGTTTTCATTCTTCACAGA,0,0,0.003541913,0,0.141195423,455,174.0049785,0,-0.217391304,0,0,0,0
12636,GCCTGCCCCAAGCCTGCCCTGGG,0,0,0.048403361,0.155313909,0.155313909,485,155.8281887,0.234782609,0.543478261,0,0,0,1
12637,TTAATGGAAGAATGAGGATTCAG,0,0,0.053030303,0,0.300469943,552.5,183.7242197,0,0.152173913,0,0,0,0
12638,GCAGTGAGAGTGTGTGCGTGGAG,0,0,0.040792541,0.905329387,0.878799588,620,214.7604992,0,-0.608695652,0,0,0,0
12639,GGCTCGATCCCACCCCCCTTCGG,0,0,0,0.11056659,0.106834384,552.5,197.5024093,0.4,0,0,0,0,0
12640,GGCCTGTTTTCTTTATTCTCAAG,0,0,0.042103464,0,0.198201266,425,196.163278,0,-0.434782609,0,0,0,0
12641,GAACAGTAAACATATACTGCTGG,0,0,0.029166667,0,0.145923766,522.5,195.8320772,0.039130435,0.108695652,0,0,0,0
12642,AAATAAAAAGAAGAGACAAAGGA,0,0,0.025793651,0,0.055624514,485,167.4920734,0,-0.02173913,0,0,1,0
12643,GGACTGATTTCTGCAGCACCAGA,0,0,0.008042279,0,0.539222871,622.5,211.0574182,0,0.217391304,0,0,0,0
12644,AAAGGAAAAGAAGAGGCTCTGAG,0,0,0.048611111,0,0.088386347,485,153.382286,0,0.173913043,0,0,0,0
12645,TGTGAGTGTGTGTGTGTGTTAGG,0,0,0.196,0,0.164063988,485,157.1165087,0,-0.434782609,0,0,0,0
12646,TGTGAGTGTGTGTGTGTGTTAGA,0,0,0.013611111,0,0.164063988,485,157.1165087,0,-0.369565217,0,0,0,0
12647,TGGAGGGAAGAAGGAGGAGAGGG,0,0,0.060372671,0.156120734,0.156120734,455,167.3149792,0,-0.673913043,0,0,0,0
12648,AAATAATAAGAACAGGCATAAAG,0,0,0.024951267,0,0.125155157,455,175.2811787,0,0.065217391,0,0,0,0
12649,AACTGAGAAGCTGAGGCACAGAG,0,0,0.014814815,0,0.719480456,432.5,205.9258158,0.230434783,-0.065217391,0,0,0,0
12650,GGTCAGGGAGAGTGTGCATGGGG,0,0,0.161698163,0,0.111680226,455,184.2898022,0,0.086956522,0,0,0,0
12651,CGGTGGGGTGAATTTGCTCCCAG,0,0,0.09218107,0.869349772,0.846167111,530,208.7241192,0.004347826,0.086956522,0,0,0,0
12652,ATATACAGCAGTGTGTAGAGGGA,0,0,0.011363636,0,0.210193223,522.5,203.0593984,0,0.086956522,0,0,0,0
12653,GCCTCCTGCTCACACACCTTTAG,0,0,0.056935367,0.116905683,0.113322367,522.5,197.683278,0,-0.565217391,0,0,0,0
12654,CACACCAGTGAGCAGGGCTGAGA,0,0,0.006024677,0,0.03506915,387.5,161.6642536,0.069565217,-0.239130435,0,0,0,0
12655,TGTGCGTGCGTGTGTGGGTGAGG,0,0,0.016806723,0,0.372455417,552.5,192.9657886,0,-0.108695652,0,0,0,0
12656,GAGCCCCTGCAACCCGCCGCCAG,0,0,0.014329806,0,0.147831212,455,176.2481193,0.013043478,0.108695652,0,0,0,0
12657,TGTGTGTGTGTGTATGCGTGGGG,0,0,0.163636364,0,0.136846598,522.5,202.312715,0.391304348,0.413043478,0,0,0,0
12658,CCCTTTCTCTCTGGCTGTATTGG,0,0,0.0375,0.05485428,0.05392847,455,175.8981443,0,-0.434782609,0,0,0,0
12659,GTGACCGCCTATGACTTGGGAGG,0,0,0.034602076,0.371481653,0.358942188,552.5,190.3109717,0,0.152173913,0,0,0,0
12660,TTGGCCCAACAGGGCAGTTAGGG,0,0,0.175,0.519472711,0.519472711,552.5,184.8241831,0,-0.304347826,0,0,0,0
12661,GGTGTGTGCATGTGTGTGTGCAG,0,0,0.023464272,0,0.325662758,552.5,187.9740522,0,-0.456521739,0,0,0,0
12662,CTTGCCCAACAGTGAAGGAATAG,0,0,0.003744856,0,0.029084216,357.5,166.9705076,0,-0.608695652,0,0,0,0
12663,TGGATGGATGGATGAGAAATGGA,0,0,0.016049383,0,0.05883842,387.5,157.2760249,0,-0.304347826,0,0,0,0
12664,GGTACCTAGCAGAAGAAGAACGA,0,0,0.007558579,0,0.878799588,622.5,215.1752192,0,-0.130434783,0,0,0,0
12665,CCCTGGGTCTTTGGAGGGAGCAG,0,0,0.002784546,0,0.036200902,387.5,156.7579065,0,-0.347826087,0,0,0,0
12666,GACACTGGGGGTGGTGGTGGCGG,0,0,0.027197802,0,0.223580696,425,195.4230778,0,0.065217391,0,0,1,0
12667,GGTGTGTGAGTGAGTGAATGTGG,0,0,0.081334051,0,0.043896945,387.5,162.0029151,0,-0.043478261,0,0,0,0
12668,TTCATCTTTGTCATTACCAGTAG,0,0,0.044444444,0,0.688669492,560,185.6922197,0,-0.347826087,0,0,0,1
12669,CTTGCCCCCCAGGAAAGTAGAGA,0,0,0.005057579,0,0.014556396,357.5,152.2564135,0.013043478,0.152173913,0,0,0,0
12670,AATGTACACTACAACCTCACTGA,0,0,0.00329907,0,0.059518236,455,167.3489114,0,0.239130435,0,0,0,0
12671,TTCATTTTAGTCTTTGCCTGTGA,0,0,0.003720238,0,0.063762765,455,190.6262696,NA,-0.02173913,0,0,0,0
12672,AGGATGGAGGAAGGAAGAGAGGA,0,0,0.010190217,0,0.046424874,387.5,155.2746536,0,-1.217391304,0,0,0,0
12673,GCCCCCAGTAAGCCTGGCCAGAG,0,0,0.048529412,0.561010401,0.544570536,622.5,208.8836219,0,0.391304348,0,0,1,0
12674,AAATGAGAAGGAAAGGTAGAAAG,0,0,0.009074074,0,0.035554092,290,151.7364848,0,-0.043478261,0,0,0,0
12675,TACTGGCTTTCCTTGTTCTCCAG,0,0,0.030019493,0,0.480774398,522.5,207.8123988,0,-0.02173913,0,0,0,0
12676,AGTGTGGGGGTGTGTGCGTGTGA,0,0,0.008912656,0,0.569608261,620,211.5687188,0.008695652,-0.260869565,0,0,0,0
12677,CCCATCCATCCATATTCACAGGG,0,0,0,0,0.04138509,365,179.405232,0,NA,0,0,0,0
12678,AATGATCAATCCATCATCAAGGG,0,0,0.318367347,0.051310566,0.0504863,455,189.9357261,0.082608696,0.347826087,0,0,0,0
12679,GGGAAGAAGGAAGGAGGAGTCAG,0,0,0.032346146,0.397317959,0.397317959,522.5,206.0291787,0.904347826,-0.152173913,0,0,0,0
12680,GGCCCAGGCTGAGGACGAGGTGA,0,0,0,0,0.01830564,387.5,141.9000652,0.013043478,-0.456521739,0,0,0,0
12681,AATGACCACTTGATCCTCGTAAG,0,0,0.007977208,0.051316877,0.051316877,290,137.368216,0,-0.413043478,0,0,0,0
12682,GGGGAGTGTGCGTGTGAGTGTGG,0,0,0.093333333,0,0.19349884,455,187.4960249,0.07826087,-0.108695652,0,0,0,0
12683,CCTGCCTCCCCTGCACTCATCAG,0,0,0.001212121,0,0.031684616,357.5,155.9321585,0.126086957,0.304347826,0,0,0,0
12684,AAATGACAAGAACAAGAACAAGA,0,0,0.008829263,0,0.039019591,357.5,172.124366,0,-0.152173913,0,0,0,0
12685,GGTTTGATTCCATTGTTCTCAGA,0,0,0.017824074,0,0.846587038,620,211.0570828,1,-0.326086957,0,0,0,0
12686,ACCTCCTCAGAGCCTGGCCCAAG,0,0,0.02393729,0.447120905,0.438724268,552.5,174.6874829,0,0.347826087,0,0,0,1
12687,GGGTCAGAGCAGGAGTAGAACAG,0,0,0,0.062649005,0.060534271,455,190.3862696,0.256521739,0.02173913,0,0,0,0
12688,AGCGAGTGAGTGTGTGTGTGTGA,0,0,0.0125,0,1.272061728,560,198.8858889,0.008695652,-0.239130435,0,0,0,0
12689,TGGATGGATGAATGAGTGGGTAG,0,0,0.002440087,0,0.027507403,417.5,131.6931754,0,-0.195652174,0,0,0,0
12690,GGTGGGTGTTTGTGTGTGTGGAG,0,0,0.042466667,0.325662758,0.325662758,552.5,187.9740522,0,-0.152173913,0,0,0,0
12691,ACATGAGGACAAGTGGCACAAGG,0,0,0.122920635,0,0.206277769,522.5,199.229262,0.013043478,-0.065217391,0,0,0,0
12692,GAACTGTTTTAATTGGTCTCTGA,0,0,0.010110294,0,0.141483199,455,194.2798904,0,0.043478261,0,0,0,0
12693,GGTGAATGAGTGGTTGGGTGTGA,0,0,0.000284172,0,0.01921626,357.5,175.2893997,0,-0.760869565,0,0,0,0
12694,AAAAGAGAAGAAAAAGAACAGGA,0,0,0.013407072,0,0.060022353,357.5,173.6339468,0.369565217,-0.043478261,0,0,0,0
12695,TCTATCCCTTCAGCAGCACCAGA,0,0,0.027149321,0,0.694060843,525,210.7158996,0,-0.434782609,0,0,0,0
12696,GAGACCAAGCAAAAGGAGAAGGA,0,0,0.005935423,0,0.086880194,455,190.9386929,0.456521739,0.304347826,0,0,0,0
12697,AAATGAGAAATTGAGGCAGAGGA,0,0,0.000830959,0,0.113340153,392.5,169.5140795,0,-0.304347826,0,0,0,0
12698,TTCAACAGCAGTGAGGAGAGCAG,0,0,0.022189349,0.268520667,0.268520667,552.5,198.2837572,0,0.304347826,0,0,0,0
12699,AATGAATACTATATCCTCAAGAG,0,0,0.105324074,0.517099574,0.517099574,530,208.5147348,0.008695652,-0.065217391,0,0,0,0
12700,GTCCCCCTCGCCGCCGCCTCCAG,0,0,0.003999592,0,0.283021289,425,198.2388593,0.095652174,0.02173913,0,0,1,0
12701,GCTCAGTGAGTGTGTGACTGGGA,0,0,0.005656109,0,0.119478333,485,171.6769557,0.991304348,-0.152173913,0,0,0,0
12702,AATCACCAGTACATCCTCTGAAG,0,0,0.034986544,0.129375017,0.127075016,485,146.4810198,0.365217391,0.065217391,0,0,0,0
12703,CCATGAGAAGATGAAGCACATGG,0,0,0.211284514,0.205125328,0.198201266,425,197.036878,0,-0.913043478,0,0,0,0
12704,GACTTGTCTTCTTTGTTCTCAAG,0,0,0.086419753,2.958227848,2.958227848,537.5,210.7840826,0,-0.565217391,0,0,0,0
12705,GTCACCACCACTGCCTAGTGGAG,0,0,0.012962963,0.026743426,0.026743426,357.5,168.1995509,0,0.086956522,0,0,0,0
12706,TGTAAGAGAGTGTGTGTGTGGGG,0,0,0.3675,0,0.416345417,552.5,194.9571081,0,-0.086956522,0,0,0,0
12707,ATTTCCTCACAGGGCAGAAAAGG,0,0,0.196969697,0.219771774,0.211957667,552.5,190.5198859,0.026086957,-0.195652174,0,0,0,0
12708,GACATCTTTTCCTTGTTCTCCAG,0,0,0.022151338,0,0.795434599,530,210.0243156,0.004347826,0.02173913,0,0,0,0
12709,AGCACAGACTGAGAACCTGACGG,0,0,0.062414861,0.092471861,0.090827917,455,185.7011043,0,-0.608695652,0,0,0,0
12710,GGAATTGGGGCTGGTGGTGGCAG,0,0,0.018383838,0,0.397208228,522.5,200.0768415,1,1.891304348,0,0,0,0
12711,CCCAGCCAGCCAGAGAGACCCGG,0,0,0.005296664,0.155313909,0.155313909,485,155.8281887,0.665217391,0.260869565,0,0,0,0
12712,GGTGATTGTGAGTGTGGGTGTGA,0,0,0.00122549,0,0.113007124,455,186.2380409,0,-0.282608696,0,0,0,0
12713,CGTGGGCCACAGGGCAGGAAGGG,0,0,0.084,0.191149887,0.187751667,552.5,190.4623627,0.008695652,-0.52173913,0,1,1,0
12714,AAATGAGGATAAGAAGCATACAG,0,0,0.067102397,0,0.111239878,455,166.1534251,0,-0.217391304,0,0,0,0
12715,CCCATCCCTCCAGAGCTCCAGAG,0,0,0,0.0188727,0.018569524,442.5,152.4023128,0,-0.47826087,0,0,0,0
12716,GTGAACATAGTCATTACATGAAG,0,0,0.030537749,0,0.208990259,552.5,189.5771659,0.008695652,-0.043478261,0,0,0,0
12717,AAATCTGGAGAACAGGCACAGGA,0,0,0.012034053,0,0.319580819,522.5,203.5265585,0.013043478,-0.434782609,0,0,0,0
12718,GACTAGTTTTGATTGTGCTTGGA,0,0,0.000306373,0,0.141078919,387.5,153.5578853,0,0.086956522,0,0,0,0
12719,GGCCCAGCGCCTGGCGGTGGTGA,0,0,0.002317291,0,0.213651194,522.5,197.341658,0,-0.847826087,0,0,1,0
12720,GAGTTAGAGCAGAAGCAGGACAG,0,0,0,0,0.049272081,485,168.0892702,0,0.304347826,0,0,0,0
12721,TGTGCATGAGTGTGTGCGTATGA,0,0,0.032552083,0,0.421955546,552.5,178.9880961,0,0.456521739,0,0,0,1
12722,CACCCCCCCCACCCCGTCTTGGG,0,0,0.1,0,0.268517165,485,157.976472,0.047826087,0.434782609,0,0,0,0
12723,GAGTTGGGGGACTATGCTCCTGG,0,0,0.083193277,0,0.110193987,425,198.3163949,0,0.152173913,0,0,0,0
12724,AAATTAAAAAAAGAGGCAAAGGA,0,0,0.008333333,0,0.29784987,552.5,179.7887628,0,0.065217391,0,0,0,0
12725,AAGTCCAAGCACTAGAAGAATGA,0,0,0.009926471,0,0.195480436,425,199.6013982,0,-0.217391304,0,0,0,0
12726,TGGATGTAGGCATGGGGAGGGGA,0,0,0.001820728,0,0.063678242,357.5,159.242114,0.2,0.434782609,0,0,0,0
12727,GCCTCACTCCTACCCACCTCCAG,0,0,0.004320988,0.148773132,0.143751255,455,171.6631516,0,-0.717391304,0,0,0,0
12728,TGGATGGAGGCATGGGGAGATGG,0,0,0.14625,0,0.165747823,365,162.8252948,0.217391304,-0.152173913,0,0,0,0
12729,GAACACACAGGACAGAATGCAGG,0,0,0.039473684,0.118309659,0.118309659,357.5,179.3846677,0.986956522,0.97826087,0,0,0,0
12730,GGTGAGTGAGTGAGTGGAGGGAG,0,0,0.001827358,0,0.01255604,345,132.5432352,0.034782609,-0.347826087,0,0,0,0
12731,AAAAACAAACCATAGACTGGGGG,0,0,0.017832817,0,0.642348856,552.5,176.1970637,0,0.065217391,0,0,0,0
12732,GTCATTTTTGTCAATAGCTGTGG,0,0,0.020288115,0,0.03033885,455,180.8289399,0.982608696,0.52173913,0,0,0,0
12733,AGGATGGAGGGAGGAGGAGAGAG,0,0,0.024728261,0.152668202,0.149801193,357.5,166.3329958,0.2,0.239130435,0,0,0,0
12734,CCACTGAAGAGAGCTGAGGCCGG,0,0,0.046818728,0.242054876,0.234278012,522.5,197.0597811,0,-0.065217391,0,0,0,0
12735,AACTCCAGTGAGAAGAAAGGGAG,0,0,0.057402426,0.045430462,0.043896945,387.5,162.4176351,0.030434783,0.130434783,0,0,0,0
12736,AACTCCTGTGAGGAGACCGGAGA,0,0,0.00118674,0,0.152967414,455,185.4577876,0.769565217,-0.02173913,0,0,0,0
12737,ATGAATACCAGTGAGAAGACCAG,0,0,0.093795094,0,0.136727592,492.5,164.1879902,0.652173913,-0.152173913,0,0,0,0
12738,GGCCCAGAACGAGCACTTGGCAG,0,0,0.022657952,0,0.129256726,485,152.1247722,0,-0.369565217,0,0,0,0
12739,AAATGACAAGAACAAGAACATGG,0,0,0.127141383,0,0.039019591,357.5,172.124366,0.504347826,-0.304347826,0,0,0,0
12740,AAAAAAGAAGAAGAGGAAGAGGA,0,0,0.001671811,0,0.19201875,485,165.303969,0.013043478,0,0,0,0,0
12741,TGTGAGTGTATGTGTGGGTGTGG,0,0,0.032941176,0,0.343031439,552.5,189.2623722,0,0.152173913,0,0,0,0
12742,AGGATGGAGGAATGAATAGATGG,0,0,0.140625,0,0.046184952,417.5,143.7878631,0,0.326086957,0,0,0,0
12743,TGTGAGTGTATGTGTGGGTGTGA,0,0,0.002287582,0,0.343031439,552.5,189.2623722,0,0,0,0,0,0
12744,AAGGGAGAAACAGAGGCACAGAG,0,0,0.03696845,0,0.687929438,522.5,206.5765799,0,0.108695652,0,0,0,0
12745,TGGATGGAGGAAAGAGAGGAAGA,0,0,0.010096154,0,0.016621805,320,126.1536352,0.147826087,-0.152173913,0,0,0,0
12746,ACCTGTGACTCTGGAGGAATCAG,0,0,0.049704142,0.055345161,0.053377333,485,173.3884239,0,-0.282608696,0,0,0,0
12747,GTGTCCCCACAGGGCAGGAAAGG,0,0,0.055335968,0.317269355,0.305988667,552.5,192.3750667,0.2,0.043478261,0,0,0,0
12748,GCCCCCCGCCACCGCTCCTCCAG,0,0,0,0,0.038523101,455,186.9325725,0,-0.173913043,0,0,0,0
12749,GGGATGCAGAAATGAGTAGTAAG,0,0,0.039781267,0,0.383454129,552.5,190.8389717,0,-0.195652174,0,0,0,0
12750,GGAATACCTTCTGGAGGAACTGA,0,0,0,0,0.016433098,387.5,154.0407204,0.017391304,0.152173913,0,0,1,0
12751,CACACACATACAGAGACACACAG,0,0,0.151739618,0,0.760552802,620,210.8939596,0,-0.086956522,0,0,0,0
12752,TGGATGGATTAATGAGCAGGTGG,0,0,0.01799308,0,0.129256726,485,152.1247722,0.004347826,-0.304347826,0,0,0,0
12753,GACCCCTTCCGCCCGGCCTCAGA,0,0,0.001833767,0,0.27147665,432.5,197.5797139,0,0.195652174,0,0,0,0
12754,AAAGAAGAAGAAGAGGTCCAAGG,0,0,0.048148148,0,0.113428797,485,170.6286357,0.013043478,-0.152173913,0,0,0,0
12755,GATGACAACTTCATCCTCCAAGG,0,0,0.047745358,0,0.199709861,455,179.8387356,0,-0.086956522,0,0,0,0
12756,TGCAAGTGAGTGTGTGTGTGAGA,0,0,0.0125,0,0.601049167,552.5,196.8122889,0,-0.195652174,0,0,0,0
12757,GACTCCCATCAGCCTGGCCAAGG,0,0,0.094545454,0,0.768095474,622.5,206.9086663,0.113043478,-0.217391304,0,0,0,0
12758,TGTGAGTGAGGGTGTGGGTGGGG,0,0,0.023529412,0,0.716018519,462.5,193.1838052,0,-0.326086957,0,0,0,0
12759,TGGAAGGAGAAAGGAGGAGGTGA,0,0,0.001491901,0,0.235330927,455,166.2830231,0.004347826,0.173913043,0,0,0,0
12760,GCCTCTTTCCCTCCTCCCTGGAG,0,0,0,0,0.012908589,290,142.8508522,0.026086957,-0.130434783,0,0,0,0
12761,GGCACAGAGTGAGCAAGAGAAGA,0,0,0.02413441,0,0.030962232,485,171.6548605,0,-0.108695652,0,0,0,1
12762,TGGATGGAGGAGTCAGAGGTAGG,0,0,0.115555556,0,0.007550619,290,153.4352706,0.056521739,-0.065217391,0,0,0,0
12763,AAATTGTTTTCTTTGTTCTGTGG,0,0,0.015294118,0,0.338339998,455,173.8182996,0.2,-0.065217391,0,0,0,0
12764,AAATGAGAAGAGAAGATACAGGA,0,0,0.021604938,0,0.016453469,290,163.7100421,0,-0.760869565,1,0,0,0
12765,GCCCTCCATCCAGTCACACAGGA,0,0,0.003255057,0,0.060024367,425,192.4801938,0,0.043478261,0,0,0,0
12766,CCCAGTGTCTCTGGGTGAAGCAG,0,0,0.009803922,0,0.034681612,387.5,141.5584452,0.013043478,-0.413043478,0,0,0,0
12767,GACAACCAAGCAGATTATTTAAG,0,0,0.007760141,0.105930922,0.105930922,455,180.3353666,0.008695652,-0.02173913,0,0,0,0
12768,GGAGAGAGAGTGAGTGTGTGAAG,0,0,0.052350427,0,0.15082587,455,185.8033876,0.004347826,-0.065217391,0,0,0,0
12769,GGCCCTTTCCCACCCAGCTCTGG,0,0,0.002407101,0.268517165,0.268517165,485,159.962689,0,0.065217391,0,0,0,0
12770,GGGGCTGCAGCTGGAGGGGGAAG,0,0,0.017361111,0,0.186959075,552.5,188.4152864,0.069565217,-0.086956522,0,0,0,0
12771,AGTGAGTGTGAGTGTGTGTGTGA,0,0,0.013125,0,0.206712756,455,188.0240249,0.013043478,0.152173913,0,0,0,0
12772,AAGTGAGAAGATGAGTAACAAAG,0,0,0,0,0.048287834,387.5,172.6813626,0,-0.152173913,0,0,1,0
12773,GGCGAGAGAGCGTGTGTGTGAAG,0,0,0.030246914,0,0.216300667,455,189.0726244,0.239130435,0.673913043,0,0,0,0
12774,TGAGAGTGTGTGTGTGCATGTGA,0,0,0.020604395,0,0.186959075,552.5,189.2888864,0.004347826,0.347826087,0,0,0,0
12775,GCCTTGTTTTCAATGTTGTGAAG,0,0,0.001106083,0.052902764,0.052902764,387.5,146.8997463,0,0.086956522,0,0,0,0
12776,TGGATGGAAGAAACAGGAGATGA,0,0,0.007450697,0,0.02101987,357.5,156.9641145,0,-0.695652174,0,0,0,0
12777,GAGCCTTAGCAGAAGAGGAAAGA,0,0,0.004207565,0,0.239135105,552.5,193.1711241,0.004347826,-0.326086957,0,0,0,0
12778,CAGTCATAGCAGAAGATGAAGAG,0,0,0.013101537,0,0.251888977,552.5,194.0447241,0,-0.043478261,0,0,0,0
12779,ATGGAGACCAGTGAGTACACTGG,0,0,0.06377551,0,0.078292445,485,153.9794828,0.02173913,-0.173913043,0,0,0,0
12780,GCCTCCCCAACCCCCAGCCACAG,0,0,0.014973262,0,0.016425309,260,173.7583684,0,0.065217391,0,0,0,0
12781,GCCTATTTCCCAGCTACTTTGGA,0,0,0.000231911,0,0.030556834,357.5,168.7820046,0.02173913,-0.108695652,0,0,0,0
12782,GGTGAGGGTGTGTGTGTGTGAGG,0,0,0.164705882,0.452243644,0.452243644,560,193.0709278,0,-0.043478261,0,0,0,0
12783,AAAAGAGAGGAAGAGGAAGAAAG,0,0,0.004801097,0,0.117323456,485,162.6325086,0.004347826,1.891304348,0,0,0,0
12784,AAATGAGAAAAAGAGATAAAAGG,0,0,0.186666667,0,0.027486212,417.5,145.1857267,0.030434783,0.260869565,0,0,0,0
12785,GAATGAGAAAAAGTGACACAGAG,0,0,0.129053498,0,0.037372031,455,185.280653,0,0.130434783,0,0,0,0
12786,CTTGCCCCAGAGACCAGCAAGGG,0,0,0.065934066,0.014657074,0.014207815,357.5,167.6464251,0.034782609,-0.152173913,0,0,0,0
12787,CAGTGAGAAGAAGAGACAGAGGA,0,0,0.004546958,0,0.089349306,485,170.6355742,0,0.347826087,0,0,0,0
12788,CCTGGCTCCGCTGTCCTCCCAGG,0,0,0.0046167,0.050824803,0.049109198,357.5,163.457338,0,0.02173913,0,0,0,0
12789,ATAAACATCAGTGAGTAGGGCAG,0,0,0.063802083,1.040777778,1.040777778,560,186.0241831,0.213043478,-0.326086957,0,0,0,1
12790,GGTGAGTTAGTGAATGAGTGGGA,0,0,0.010516827,0,0.031762413,357.5,173.9755668,0,-0.086956522,0,0,0,0
12791,CCCACTGTCACTGGATGGACAGG,0,0,0.029154519,0.619096408,0.60809025,552.5,174.9087437,0,-0.239130435,0,0,0,0
12792,TGTGAGTGAGTGTGTGAGCGCAG,0,0,0.033375905,0.433940678,0.433940678,492.5,168.665889,0,0.130434783,0,0,0,0
12793,CCCATCCATCCACACTCACTGAG,0,0,0,0,0.010153707,290,141.0676321,0.056521739,0.434782609,0,0,0,0
12794,GGCTTCCCTTCTGCAGCCCCAGG,0,0,0.051948052,0.62766906,0.60893267,560,193.5750667,0,-0.217391304,0,0,0,0
12795,ACCTCTCCAAGGCTTGGCCACAG,0,0,0.103277778,0.076495093,0.075204037,425,199.5447476,0,0.086956522,0,0,0,0
12796,GTTGAGTGTGTGTGTGTATGAGA,0,0,0.008566434,0,0.073001262,485,168.5907753,0,-0.260869565,0,0,0,0
12797,GAGAGCGAGGAGAAGGAGAAAGG,0,0,0.021367521,0,0.238119304,552.5,194.7579177,0.013043478,-0.108695652,0,0,0,0
12798,GATGAGTATGTGTGTGTGTGCAG,0,0,0.061424501,0.372455417,0.372455417,552.5,190.9142916,0.334782609,0.456521739,0,0,0,0
12799,TGCACTGCAACTGGGGGTGGCAG,0,0,0.101111111,0,0.226695115,522.5,196.0414617,0,-0.195652174,0,0,0,0
12800,ACTATTCATCCACAGACACAAGA,0,0,0.018666458,0,0.347016225,522.5,207.3866955,0,-0.282608696,0,0,0,0
12801,CCAGGGGGCAGAGCGGAAGCCAG,0,0,0.07484859,0.125059572,0.122948862,552.5,186.1453856,0.82173913,0.173913043,0,1,0,0
12802,GAGGGCGATCAGAGGAAGAAAAG,0,0,0.024197531,0.132378138,0.130251581,522.5,201.439115,0,-0.195652174,0,0,0,0
12803,CCGGTCAGTAGAGCTGAGGCCGA,0,0,0.004133598,0,0.475356926,530,203.8789944,0,0,0,0,0,0
12804,GGCCCTGAGGCTTGAAGTGGTGG,0,0,0.068823529,0,0.100056646,455,188.4388366,0,-0.347826087,0,0,0,0
12805,CCTGCCACCGCCCTCCACACCAG,0,0,0.031259968,0,0.049606302,357.5,173.9075861,0.591304348,-0.282608696,0,0,0,0
12806,GGCATGGAGGCTGGAGATGGAGG,0,0,0.22060606,0,0.350124604,552.5,192.039768,0,-0.217391304,0,0,0,0
12807,AAATGAGAAGGAGTGGAACAAGA,0,0,0.011234568,0,0.080979106,365,181.5446206,0.956521739,0.043478261,0,0,0,0
12808,AAAGTACATTACATCCTCAAGGG,0,0,0.211038961,0,0.497494021,620,211.6379156,0.282608696,0,0,0,0,0
12809,GGGAGGGAGGAATGGTGAGTTAG,0,0,0,0,0.072985333,455,186.4162325,0,-0.217391304,0,0,0,0
12810,GCCTCTTTCCCCCCCAGCACAGA,0,0,2.79E-05,0,0.033961496,320,122.6121886,0.030434783,-0.086956522,0,0,0,1
12811,GGAATCCCTCCTGCGGTGCCAAG,0,0,0.016776955,0.026226816,0.025422929,387.5,153.5917977,0.030434783,0.804347826,0,0,0,1
12812,GCCTCTCTCCCACCAGCCCTAGG,0,0,0.008104922,0,0.01490737,387.5,154.5733718,0,-0.02173913,0,0,0,0
12813,TGGATGGATGGATGAGTAGGGAG,0,0,0.003965142,0,0.077890861,387.5,150.8864249,0.1,-0.195652174,0,0,0,0
12814,TCCTCTTTCTTCCCCACCTTTGA,0,0,0.005292265,0,0.359810011,460,200.2620794,0,-0.260869565,0,0,0,0
12815,TGGTGGGTGGAGTTGGCCCCTGG,0,0,0.013392857,0.086235484,0.083169333,455,176.4698282,0,0.52173913,0,0,1,0
12816,GCCTCTTTTCCACCATCCCTTAG,0,0,0,0,0.012693183,387.5,152.9967722,0,-0.173913043,0,0,1,0
12817,CCCTGAGTATCTGGGTGGAGAAG,0,0,0.022091503,0,0.062097478,455,162.1096141,0,-0.108695652,0,0,1,0
12818,GTCATTTGAGGAATTACCTGAGG,0,0,0.194557823,0,0.22549028,425,200.3680149,0.869565217,1.02173913,0,0,0,0
12819,TGTGTGTGTGTGTATGCGTGCAG,0,0,0.042424242,0,0.136846598,522.5,202.312715,0.147826087,1.217391304,0,0,0,0
12820,TCTGTGTGAGTCTGTGCGTGTGA,0,0,0.00925545,0,0.703915663,522.5,209.9555796,0.139130435,-0.304347826,0,0,0,0
12821,AGAATGCCTTTTACAGCACCCGA,0,0,0.00887574,0,0.195328606,425,201.6846118,1,0.956521739,0,0,0,0
12822,AACTTGTTTTCACTTTTCTAGGA,0,0,0.003524436,0,0.072336432,357.5,158.356058,0.652173913,4.760869565,0,0,0,0
12823,GAGACCCCAAAGCCAGGCCACAG,0,0,0.025990903,0.404027253,0.397208228,525,203.3513784,0.008695652,0.043478261,0,0,1,0
12824,TACACTGAATCAGAGTTTTGGGA,0,0,0.009245886,0,0.388621058,552.5,175.2846797,0,-0.065217391,0,0,0,0
12825,CATGCCCAGCAGGGCAGGAAGGG,0,0,0.122222222,0.193045588,0.189613667,552.5,186.4770694,0,-0.565217391,0,0,0,0
12826,GACCCCTAACACCCCGCATCCAG,0,0,0.077777778,0,0.117023615,555,184.3338886,0,-0.152173913,0,0,0,1
12827,GACTTTTCTTCATTGTTAACAGA,0,0,0.007122507,0,0.056147255,485,158.1428658,0.02173913,0.239130435,0,0,0,0
12828,TGGAAGGAGGAGTGAGAAATGGA,0,0,0.016718107,0,0.089689771,387.5,158.4614685,0.126086957,-0.043478261,0,0,0,0
12829,GACTTGCTCTCAGTGTTGTCCAG,0,0,0.00572278,0.04679148,0.045288139,455,177.934385,0,-0.47826087,0,0,0,0
12830,GGTGTGGTAGTGTGTGCATGTAG,0,0,0.023995612,0,0.201225633,552.5,187.005349,0.365217391,-0.130434783,0,0,0,0
12831,CTTTCCCCATAGGGCAGTTTGGA,0,0,0.007678596,0,0.191548429,485,145.4490637,0,0.02173913,0,0,0,0
12832,AAGCACAAAGCATAAACAGCAAG,0,0,0.089469862,0,0.082004963,455,179.0416451,0.013043478,-0.826086957,0,0,0,0
12833,CCTCCCTCTGCTCCACTGACAGG,0,0,0.017647059,0,0.026821933,455,177.3041017,0.095652174,0.282608696,0,0,0,0
12834,GAGGCCAAGGAGAGGAAGAAAGA,0,0,0.0078768,0,0.134097947,522.5,199.3122981,0,-0.652173913,0,0,0,0
12835,AAATAAGAATAAGAGGGAAAAGG,0,0,0.017752101,0.173760199,0.167894875,485,161.1858326,0,-0.326086957,0,0,0,0
12836,GAAGAGAAAGCATAGATTGGAGA,0,0,0.00047658,0,0.153788731,485,158.416705,0.147826087,-0.065217391,0,0,0,0
12837,TGTGCATGCGTGTGTGCGTGTGA,0,0,0.01984127,0,0.50455783,620,212.1659156,0.452173913,0.543478261,0,0,0,0
12838,ATCAACTCAAATGACTGGGGAGA,0,0,0.005402161,0,0.372455417,552.5,192.9657886,0,-0.152173913,0,0,0,0
12839,CATGCCTGGCCTCTACTCACTAG,0,0,0.03001443,0,0.768095474,622.5,206.9086663,0,NA,0,0,0,0
12840,AAATGTCAAGAAGACACACAAAG,0,0,0.034722222,0,0.027251778,455,183.5353877,0,-0.956521739,0,0,0,0
12841,GGTGAGTCAGTGAGTGAGTTTGA,0,0,0.009664694,0,0.093392989,387.5,148.4771515,0,0.152173913,0,0,0,0
12842,GACCCCCTCCACCCACTCCCGGG,0,0,0,0,0.007295024,345,135.9704415,0.265217391,0.065217391,0,0,0,0
12843,GGAAGCGCAGCTGCAGCACCCGA,0,0,0.009710551,0,0.501549463,620,206.5769824,0.047826087,0.304347826,0,0,0,0
12844,GGAATTGCTTCTGCAGCGCCAGG,0,0,0.174789916,0.240815753,0.240815753,560,190.8075019,0,0.173913043,0,0,0,0
12845,TGGATGGATGAGTGAGTAGGTGG,0,0,0.016993464,0,0.069049196,387.5,149.4004082,0.017391304,0.326086957,0,0,0,0
12846,GGTGACTGAATGAGTGGGTGGGG,0,0,0.025915261,0,0.1187797,455,181.936848,0.243478261,-0.108695652,0,0,0,0
12847,GGTGAGCGCGTGTGTGCGGGGAG,0,0,0.025462963,0.390863585,0.390863585,560,183.3090389,0,-0.217391304,0,0,0,0
12848,CGTGAGTGTGTGTGAGTGTGTGA,0,0,0.008040936,0,0.099818052,455,180.047087,0,0.152173913,0,0,0,0
12849,TGGAAGGAGGCCTGATGAGTTAG,0,0,0,0,0.067195789,357.5,186.67707,0,0.173913043,0,0,1,0
12850,GCCTGCTTCCCACTCCCCTTCAG,0,0,0,0,0.022183273,455,187.1980855,0.008695652,-0.326086957,0,0,0,0
12851,GGCCCAGGATGGACACGTGATGA,0,0,0.029100529,0,0.151813189,425,194.9249817,0.1,-0.086956522,0,0,0,0
12852,GAAGGGTTTTCATTGGTCTCAGG,0,0,0.12,0.259301073,0.254924684,555,199.2216541,0.143478261,0.108695652,0,0,0,0
12853,TGTGAGAGAGTGTGTGTGAGAGA,0,0,0.008101852,0,0.138537471,485,165.0827082,0,0.065217391,0,0,0,0
12854,GAGTTGTTTTCCTTGTTTCCAAG,0,0,0.006049607,0,0.047422124,387.5,154.7845663,0.013043478,-0.282608696,0,0,0,0
12855,AAATTAGAAGAAAAGAAACAAAG,0,0,0.033504273,0,0.038521809,387.5,170.1378225,0.139130435,-0.108695652,0,0,0,0
12856,GACTTTGAGGTTCTCCCCATAAG,0,0,0.051066218,0.256092016,0.248242453,522.5,204.8645352,0.017391304,0.195652174,0,0,0,0
12857,GGTGTGAGTGTGTGTGCGTGTGA,0,0,0.013257576,0,1.012636909,627.5,212.7687188,0,-1.804347826,0,0,0,0
12858,CTGCCCCAACAGGGCAGAAAAAG,0,0,0.029738562,0.305988667,0.305988667,552.5,189.2752498,0,0.195652174,0,0,0,0
12859,AAATAAGAGGAGGAGGCAAAAGA,0,0,0.012419165,0,0.142338831,455,175.4877993,0,-0.326086957,0,0,0,0
12860,TGCTGTGTCTCAGGATGGCTGAG,0,0,0.029851741,0.259209507,0.259209507,455,180.4958996,0.026086957,0.086956522,0,0,0,1
12861,AAAGGAGAAGCACAGGAACAAAG,0,0,0.012735543,0,0.124300022,357.5,181.6108847,0,0.02173913,0,0,0,0
12862,GCCTCCCGAGACCCTGGACAGAG,0,0,0.026395173,0.12914262,0.12706804,455,177.9690129,0,-0.52173913,1,0,1,0
12863,CAAAGGGAAGAACAGGCACAGAG,0,0,0.031825596,0,0.351943434,522.5,207.0410955,0,-0.47826087,0,0,0,0
12864,ATAAGAGGAGAAGAGACACAGGG,0,0,0.253968254,0,0.258544304,552.5,197.6981572,0,-0.630434783,0,0,0,0
12865,GTTTCTGGGGCTGGAGGTGGCAG,0,0,0.046401515,0,1.345833333,622.5,214.458583,0,-0.369565217,0,0,0,0
12866,AAATGAGAAAATGAGGCATCAAG,0,0,0.008460675,0,0.085158277,387.5,138.6065633,0,-0.413043478,0,0,0,0
12867,AAATGAAAAGATGAGGGACATGG,0,0,0.019607843,0,0.364163458,462.5,189.3146077,0.008695652,-0.217391304,0,0,0,0
12868,TGGGTGAAGGAATGAGGGGAAAG,0,0,0.036458333,0,0.088386347,485,153.382286,0,-0.086956522,0,0,0,0
12869,ATGAAAACCAGAGTATAGAGGGA,0,0,0.025894802,0,0.0170058,327.5,183.8517093,0,0.02173913,0,0,0,0
12870,AAATGAAAAGAAGAAGCAAATGG,0,0,0.403361345,0.17144262,0.17144262,462.5,173.0617977,0,0.152173913,0,0,0,0
12871,AGTGAGTGTGGGTGTGAGTGTGG,0,0,0.1008,0,0.206712756,455,188.0240249,0.147826087,-0.065217391,0,0,0,0
12872,GTCATCTTAGTGGGTACATGTAG,0,0,0,0,0.007589843,295,164.9220611,0,-0.130434783,0,0,0,0
12873,AACACCAGTTAGTAGAGTGAAGA,0,0,0.034005301,0,0.211885669,492.5,152.8473304,1,-0.456521739,0,0,0,0
12874,AAATGAGAAGAGGTGGAACGGGA,0,0,0.009545711,0,0.016064326,290,141.7210039,0.347826087,0.413043478,0,0,0,0
12875,GATCCCCTCCAGCCCGACGCCGG,0,0,0.035648148,0,0.0931506,387.5,159.2217885,0,-0.173913043,1,0,1,0
12876,GACCCCCTCCACCCCCACTGTGG,0,0,0,0,0.067006521,425,144.9878631,0,-0.47826087,0,0,0,0
12877,TGGATGGGGGAAGTAGCAGTGGA,0,0,0.00083357,0,0.031762413,357.5,173.9755668,0,0.282608696,0,0,0,0
12878,GGGCCTGCGGCTGGAGGAGAAGA,0,0,0.007659314,0,0.127597274,485,155.2374668,0,0.108695652,0,0,0,0
12879,ATAGACCACAACATCCACAACAG,0,0,0.061568061,0,0.553566283,552.5,192.4541525,0.152173913,0.260869565,0,0,0,0
12880,TGGCTGGAGCAATGAGGATCGGA,0,0,0.000594177,0,0.191548429,485,145.4490637,0,0.086956522,0,0,0,0
12881,GGTGAGCAAGTGTGGGAGTGGGA,0,0,0.001114005,0,0.100825818,455,178.5238696,0,-0.239130435,0,0,0,0
12882,ACCTTCCAGCCTGAGACACAGAG,0,0,0.034044145,0,0.43009247,522.5,206.6505192,0,-0.391304348,0,0,0,0
12883,CCCATCCAGCGAAGGACACAAGA,0,0,0.00462963,0,0.02551665,327.5,187.8716308,0.004347826,0,0,0,1,0
12884,TGTGAGTGAGTGTGAGAATGAGA,0,0,0.012989204,0,0.032020193,387.5,158.5835341,0,0,0,0,0,0
12885,GTGATGTTTTCAATGTTCTCAAG,0,0,0.031080031,0,0.545938102,525,208.0590795,0.026086957,0.47826087,0,0,0,0
12886,AAATGTGAATAAGAGGAACAGGG,0,0,0.270833333,0,0.603845122,560,192.6361685,0,-0.282608696,0,0,0,0
12887,GGCCAGGTGGAGTTTGCTCCTGA,0,0,0.009361383,0,1.286675824,622.5,213.410263,0,-0.108695652,0,0,0,0
12888,GACTCATTTTCATTCTTCCCAAG,0,0,0.019505399,0.079454795,0.076772777,455,171.1706745,0,-0.043478261,0,0,0,0
12889,TTGCTGGAAGAATGAGCAGTAGG,0,0,0.033972947,0.372455417,0.372455417,552.5,193.1405086,0,0.413043478,0,1,0,1
12890,TGCATGGAGGTATGAGGTGGAGG,0,0,0.010442047,0,0.070816487,387.5,149.8809831,0,-0.217391304,0,0,0,0
12891,CAACACAAAGCAAAGACTTGGAG,0,0,0.005027652,0.08664952,0.085022299,387.5,141.8150796,0.739130435,0.413043478,0,0,0,0
12892,TGGATGGATGAATGAGTAGTGAG,0,0,0.034567901,0,1.773597222,567.5,196.6541086,0,0.108695652,0,0,0,0
12893,CCCAGTGACTCTGGATGGAGAGA,0,0,0.004668534,0,1.397354497,560,179.2889831,0,-0.282608696,0,0,0,0
12894,GCCGCTGCGGCGGGAGGGGGAGG,0,0,0.072115385,0,0.152684,455,184.9469663,0,-0.195652174,0,0,0,0
12895,GTGGCCGAGCTGAAGAGGAAGGA,0,0,0.001713972,0,0.33831875,455,190.8702052,0,-0.282608696,0,0,0,0
12896,CCAGTGACCGGAGAGGAGGCAGA,0,0,0.007670392,0,0.114446226,525,195.5094816,0.026086957,0.304347826,0,0,0,0
12897,CCCTCCTTCCCACCCACCTCCGA,0,0,0.004099436,0,0.902714689,560,181.4764161,0.07826087,-0.195652174,0,0,0,0
12898,GGTGAGTGTGTGGGTGAGAGAGA,0,0,0.001449275,0,0.041027871,387.5,154.0067881,0.060869565,-0.282608696,0,0,0,0
12899,TGTGTGTGAATGTGTGTGTGGGG,0,0,0.158383839,0,0.56142625,552.5,191.9338325,0,-0.391304348,0,0,0,0
12900,AATGCTCACTATATGCTCAATAG,0,0,0.003240741,0,0.114132886,425,194.202574,0,-0.565217391,0,0,0,0
12901,TGTGAGTGAGGGAGTGAGTGAGA,0,0,0.008974359,0,0.130929356,357.5,182.4844847,0,-0.02173913,0,0,0,0
12902,GACTTCTTTGCATGGTTCTCCAG,0,0,0,0,0.2218632,530,201.9830949,0,-0.47826087,0,0,0,0
12903,GACCCCTTCCACCCCACCGACGA,0,0,0.007052951,0,0.023195422,417.5,131.6427934,0,-1.956521739,0,0,0,0
12904,AATGACAACTTTCTCCTCAATGA,0,0,0.001816672,0,0.098515399,362.5,193.3713145,0,-0.043478261,0,0,0,0
12905,GAGTCCGTGGAGAAGCAGGAGAG,0,0,0,0.073762642,0.071392758,485,163.0720208,0.07826087,0.173913043,0,0,0,0
12906,AAATTAGATTAAGAGGCATAAAG,0,0,0.0175,0,0.266451348,552.5,178.2121633,0,0.195652174,0,0,0,0
12907,CAATGAGAAGGAAGGGCACAGAG,0,0,0.062222222,0,0.048105723,327.5,191.8314111,NA,NA,0,0,0,0
12908,TGGATGCAGGAAATAGAAGTAGG,0,0,0.118461539,0,0.021693728,357.5,174.6922029,0,-0.195652174,0,0,0,0
12909,GGCCCTGCGGCTGCGGGTGAAAG,0,0,0.023897059,0,0.026365103,357.5,155.3425939,0.02173913,-0.826086957,0,0,1,0
12910,CTCATTCATCCAGAGCTACATGA,0,0,0,0,0.063433242,485,178.899479,0.47826087,0,0,0,0,0
12911,GACACAGAAACAAAGTGTTTGAG,0,0,0.024400871,0.122722595,0.1187797,455,181.936848,0,-0.02173913,0,0,0,0
12912,GGGTGGGAGGCATTTGCCCCAAG,0,0,0.041481481,0.0778221,0.076571946,357.5,176.7306656,0,-0.065217391,0,0,0,1
12913,GGGTTGGAAGAATGAGGAGAGAG,0,0,0.057065217,0,0.426140229,552.5,177.2290197,0,0.086956522,0,0,0,0
12914,CCAGTGAGTTCAGAGGAGGGCAG,0,0,0.002018454,0.046181042,0.045439178,357.5,159.2013953,0.008695652,-0.282608696,0,0,1,0
12915,GTGAATACCAGTTACTAGAGTAG,0,0,0.01969697,0.097615891,0.09432084,425,193.7076739,0,-0.195652174,0,0,0,0
12916,GGTGAGTGGGGGTGTGCGGGCAG,0,0,0.017283951,0.3006731,0.3006731,462.5,179.462136,0.034782609,-0.130434783,0,0,0,0
12917,GAGGAAGAGGAGAAGAAGAAGGA,0,0,0.008956129,0,0.760552802,622.5,210.2603596,0.030434783,0.152173913,0,0,0,0
12918,CACCCCCTCCACCCTTCCTTGAG,0,0,0,0,0.032149525,387.5,150.5669526,0.017391304,0.108695652,0,0,0,0
12919,GGGGTGTGAGCATGTGCGTGTGG,0,0,0.113131313,0,0.385203768,425,203.4374958,0,-0.108695652,0,0,0,0
12920,GAATGCAAAGAAAAGGCACATGG,0,0,0.41958042,0,0.240377365,522.5,205.5315147,0.108695652,0.086956522,0,0,0,0
12921,ATGCACACCTGTGTGCAGAGAGG,0,0,0.110726643,0.035479776,0.035479776,455,184.407053,0.039130435,-0.065217391,0,0,0,0
12922,GGTGTCTGTGTGTGTGTGTGGGG,0,0,0.069421488,0,0.213926133,552.5,191.1798046,0,-0.391304348,0,0,0,0
12923,CCTGTCCATCCAGACACACATGG,0,0,0.1171875,0.785713928,0.785713928,530,204.7913784,0.430434783,1.826086957,1,0,1,0
12924,AGTGAGTGTGAGTGTGAGTGTGA,0,0,0.013125,0,0.206712756,455,188.0240249,0,0.717391304,0,0,0,0
12925,GTCATCCAAGTCCTGCCCATTGG,0,0,0.023214286,0.170999823,0.16811375,522.5,198.4100173,0,-0.391304348,0,0,0,0
12926,CTTCCCCCTCAGGGCTGTGAGGA,0,0,0,0,0.052414635,485,166.3301938,0,-0.326086957,0,0,1,0
12927,TGGAGGGGGGAGTTGGCTCTGGG,0,0,0.007142857,0.190493182,0.186915845,455,166.9817785,0,0.065217391,0,0,0,0
12928,GTCATCTCCAATTCCTATGGTGA,0,0,0.001893939,0,0.016988688,357.5,171.3498415,0,0,0,0,0,0
12929,AGTGTTTGAGTGTGTGTGTGTGG,0,0,0.101818182,0,0.368797917,552.5,195.1395849,0,0.130434783,0,0,0,0
12930,GGCTTCCCCTCTGCAGAACCTGA,0,0,0.008158508,0,0.348646558,552.5,192.8525086,0,-0.326086957,0,0,0,0
12931,AGTGTGTGTGTGAGTGCGTGGGA,0,0,0.009440559,0,0.355433782,522.5,204.4525791,0,0,0,0,0,0
12932,TGCAGTGCAGCTGGAGGTGGGGG,0,0,0.385714286,0,1.632770745,627.5,215.1518996,0,0.065217391,0,0,1,0
12933,CAAGTGAGGAGAGCGGTGCCAGA,0,0,0.001868714,0,0.117323456,485,163.2661086,0.165217391,-0.02173913,0,0,0,0
12934,GGCACCGGGGCTGGAGAGGGTGA,0,0,0.012626263,0,0.068624422,485,167.9047547,0.065217391,-0.913043478,0,0,0,0
12935,GCATCCCCAGTCCCTGGCCATGA,0,0,0.005446623,0,0.35477267,460,199.7340794,0.030434783,0.804347826,0,0,0,0
12936,AAAGTAGAAGAGGAGGCAGAAGA,0,0,0.001175492,0,0.245385,455,178.5739796,0.013043478,-0.152173913,0,0,0,0
12937,CACACCTGTGAGCAGAGTGGAGG,0,0,0.190319549,0.085051677,0.082027617,455,181.8941654,0.12173913,0.304347826,0,0,0,0
12938,GAGTCTGGGGAGAAGAAAAAAGA,0,0,0.012731481,0,0.164163878,552.5,183.8991293,0.017391304,0.239130435,0,0,0,0
12939,AAACACAAGGCACAGACTGAGAG,0,0,0.061403509,0,0.164916269,455,168.6032992,0,-0.608695652,0,0,0,0
12940,TGTGATTGTGTGTGTGTGTGAGA,0,0,0.012962963,0,0.225335527,552.5,192.4681246,0,-0.086956522,0,0,0,0
12941,CCCATCAATCCTTAGATACAGGA,0,0,0.002430556,0,0.071632981,357.5,178.6152871,0,-0.217391304,0,0,0,0
12942,CTTGGACCACAGTGCAATAAAAG,0,0,0.040444444,0,0.135498222,455,185.6402644,0,0.173913043,0,0,0,0
12943,GAGGCAAAGAAGAAGAAGAAAGG,0,0,0.502976191,0.519457564,0.519457564,620,209.1654988,0.017391304,-0.413043478,0,0,0,0
12944,GATTCCCAGCAGAAGTAGGATAG,0,0,0,0.058816506,0.057770879,485,168.2523934,0.039130435,-0.413043478,0,0,0,0
12945,GGCTGGGGGGTTTTTGGTCCAGA,0,0,0.000185934,0,0.155812486,357.5,183.7397048,0.439130435,0,0,0,0,1
12946,GGTGAATGTGAGTGTGGGTGTGG,0,0,0.026470588,0,0.113007124,455,186.2380409,0,-0.065217391,1,0,1,0
12947,GCCTCCCCACAGCCTGCTCAAGG,0,0,0.050420168,0,0.185720751,492.5,168.9988192,0.108695652,0.347826087,0,0,0,0
12948,GGTTCTGGGGCTGGAGGTTGCAG,0,0,0.048611111,0,0.4917675,552.5,183.9505831,0.260869565,0.043478261,0,0,0,0
12949,AAATGGTAAGAAGAGGCAAAGAG,0,0,0.045351474,0,0.387025317,560,185.4828353,0,0,0,0,0,0
12950,GGCGGGGAGCAGTTTGCTCCTGA,0,0,0.00667735,0,1.2395125,620,209.7068466,0,0.130434783,0,0,0,1
12951,TGGAAAAAGGAATGAGAAGTTGA,0,0,0.032407407,0,0.239135105,555,192.7564041,0,-0.086956522,0,0,0,0
12952,CATGACCACAACATCCTGGAAAG,0,0,0.009523809,0.0951046,0.0951046,485,158.0369304,0.513043478,0.217391304,0,0,0,0
12953,GTAATCTTACTCATTTCCTGTGA,0,0,0,0,0.464427294,560,197.5918377,0.013043478,0.02173913,0,0,0,0
12954,AAATGAGGAGAGGGGACACATGA,0,0,0.017163923,0,0.017210528,357.5,179.4564721,1,3.173913043,0,0,0,0
12955,ATATGAGAAGAAGTGGCATCTGG,0,0,0.040686586,0,0.032734684,387.5,139.4352155,0.043478261,0.130434783,0,0,0,0
12956,GAGCCGCTGCACCCGGCCTCAGA,0,0,0.000537368,0,0.146830007,522.5,198.7192141,0,0.02173913,0,0,0,0
12957,GCCTCTTCCCCACTTGCCTTGAG,0,0,0.00243748,0.009671278,0.00937484,392.5,172.9655509,0.1,0.065217391,0,0,0,0
12958,GCCTCTACCACGCCTGGCCACGA,0,0,0.011054422,0,0.182853172,522.5,204.8409711,0,0.108695652,0,0,0,0
12959,GGTGGGTGAATGGGTGTGTGGAG,0,0,0.021209662,0,0.206270847,455,182.434512,0.113043478,0.130434783,0,0,0,0
12960,CACTGTGTCTTTGTATGGTTTGG,0,0,0.032131971,0,0.041244131,357.5,170.3427317,0,-0.304347826,0,0,0,0
12961,ATCTCTTCCCCACCCATCTTTGA,0,0,0.026515151,0,0.609583333,552.5,194.874072,0,0.195652174,0,0,1,0
12962,GAGAAGGAGAAGAAGAAGAAGAG,0,0,0.030570253,0,0.760552802,622.5,210.2603596,0,-0.456521739,0,0,0,0
12963,TGTGTGTATGTGTGTGCGTGTGA,0,0,0.015151515,0,0.833979885,620,210.8520827,0,0,0,0,0,0
12964,TGTGTGTATGTGTGTGCGTGTGG,0,0,0.218181818,0,0.833979885,620,210.8520827,0.039130435,0.347826087,0,0,0,0
12965,TGTGTGTGAGTGTATGTGTGTGA,0,0,0.008838384,0,0.090827917,455,185.2863843,0,-0.130434783,0,0,0,0
12966,GAACACAAAGAACAGACTGGTAG,0,0,0.009029928,0,0.239344804,365,167.5329958,0,0.260869565,0,0,0,0
12967,CCCTCTGAAGCAGAGTTTTTAAG,0,0,0.085978836,0,0.789491758,620,216.300416,0,-0.239130435,0,0,0,0
12968,TGGAAGCAGGAGTGAGGAGTAGG,0,0,0.248263889,0.875813992,0.85471004,530,209.0123988,0,-0.782608696,0,0,0,0
12969,TGTGTGTGAGTGTATGTGTGTGG,0,0,0.127272727,0,0.090827917,455,185.2863843,0,-0.217391304,0,0,0,0
12970,CTTCCTGAACAGGGCAGTAAAGA,0,0,0.010442412,0,0.539222871,622.5,211.0574182,0,-0.47826087,0,0,1,0
12971,ATGAAAACAAGGGAATAGAGTGA,0,0,0.026010404,0,0.069735193,425,191.5311136,0.008695652,-0.282608696,0,0,0,0
12972,CTTGCCTCACAGGGTTGTGAAGA,0,0,0,0,0.01490737,387.5,154.5733718,0.1,-0.217391304,0,0,0,0
12973,TGTGTGTGTGTGTGTGCCTGAAG,0,0,0.026936027,0,0.189613667,552.5,188.5285664,0.02173913,-0.260869565,0,0,0,0
12974,GAGTCAAAGCAGAAGAGGCAAAG,0,0,0.008789723,0.076620735,0.075327558,485,163.2967242,0.091304348,0.086956522,0,0,0,0
12975,GACATCCAGCCAGAGACTCAAAG,0,0,0.053286488,0.196604032,0.189613667,552.5,189.5768864,1,-0.934782609,0,0,0,0
12976,TAGATTGAGGAATGAGAAGAAAG,0,0,0.076780627,0.162452885,0.162452885,485,159.050305,0.008695652,-0.260869565,0,0,0,0
12977,GGTGCGTGTATGTGTGTGTGTGG,0,0,0.130666667,0,0.325662758,552.5,187.9740522,0,0.739130435,0,0,0,0
12978,GGCTCCCACCAGCCTGGCCATGG,0,0,0.086128364,0.792383078,0.768095474,622.5,206.9086663,0.030434783,0.413043478,0,0,0,0
12979,ACATCCCCAGAGCCTGGCCTGGA,0,0,0.018055555,0,0.633355972,552.5,176.5426637,0,-0.065217391,0,0,0,0
12980,GGTGAGTGAGTGAATGAATGAGA,0,0,0.011649408,0,0.005678142,290,151.6520505,0.213043478,-0.456521739,0,0,0,0
12981,AAAAGAGAAACAGAAGCACAGGA,0,0,0.011619463,0,0.195994071,425,192.8975583,0,-0.02173913,0,0,0,0
12982,TGCACCGAAGCTGAGTTCTTTGG,0,0,0.114285714,0.158312903,0.152684,455,185.8205663,0,-0.065217391,0,0,0,0
12983,GGGCAAGGCTGAGCAGGTGAGAG,0,0,0.008357075,0.259301073,0.254924684,552.5,196.9954372,0.060869565,0.260869565,0,0,0,1
12984,AGTGTGTGATTGTGTGTGTGTGA,0,0,0.008617424,0,0.56142625,552.5,191.9338325,0.565217391,0.02173913,0,0,0,0
12985,CTTGCCTCACTGGGCAGGGAGGA,0,0,0.002170139,0,0.035179271,387.5,154.4154023,0.504347826,0,0,0,0,0
12986,GTTGAGTGACTGTGTGAGAGTAG,0,0,0.008799102,0,0.176849269,485,162.2341526,0,0.086956522,0,0,0,0
12987,ATGAACAGCAAGGAGTAGGGAGA,0,0,0.008370536,0,0.123062056,357.5,171.4059989,0.734782609,-0.108695652,0,0,0,0
12988,GAGACCGAGAAGAGAAAGAATAG,0,0,0.046994271,0.054364891,0.052618228,425,187.4884574,0.069565217,0.065217391,0,0,0,0
12989,GGGTGGGAGGAGTTGCCCCCAGG,0,0,0,0.01313736,0.012926318,387.5,159.1814023,0,-0.369565217,0,0,0,0
12990,GGTGAGTGAGAGTTGGAGTGAGA,0,0,0.000324074,0,0.011646331,260,166.137599,0.017391304,0.217391304,0,0,0,0
12991,GAATTCAAAGCATAGATTTCAAG,0,0,0.023464272,0,0.19201875,485,165.303969,0,-0.152173913,0,0,0,0
12992,TGGATGGAGGAATGAATGGATGG,0,0,0.05625,0,0.007062745,375,118.3645298,0,0.02173913,0,0,0,0
12993,GGGATGGAGGAATGAATATTTGA,0,0,0.011070853,0,0.034887914,417.5,150.1774631,0.034782609,-0.130434783,0,0,0,0
12994,AAATCAGCAGCAGAAGCACAAGA,0,0,0.008803521,0,0.212805723,425,194.3747578,0.460869565,-0.065217391,0,0,0,0
12995,GGCCATGCTGCTGGAGGTGCAGG,0,0,0.046098439,0,0.40341275,552.5,175.9406997,0.026086957,-0.630434783,0,0,0,0
12996,CCAGGGAGGAGAGAGGGGGCTGA,0,0,0.001699346,0,0.05268594,455,181.3266039,0.060869565,-0.52173913,0,0,0,0
12997,TCCTACCCACTGCCTGGCCATGA,0,0,0.004070004,0,0.73132116,522.5,206.6898599,0,0.326086957,0,0,0,0
12998,GTCATCTCCAAAGGTTAGGGGAG,0,0,0.004106248,0.028567679,0.02810876,327.5,184.3493733,0,-0.347826087,0,0,0,0
12999,CACTTGTCCTCACTGTTCTCAGG,0,0,0.520532099,0.355433782,0.355433782,522.5,202.6410822,0,-0.195652174,0,0,0,0
13000,AAATGATTAGAACAGACACAGAG,0,0,0.0267335,0,0.065045258,455,186.9292558,0,0.02173913,0,0,0,0
13001,GACACTTGAGCTGAGTTTTTAAG,0,0,0.033627278,0,0.277495246,525,204.2149178,0,-0.304347826,0,0,0,0
13002,AACTGAGGAGAAGACGCAAACAG,0,0,0.00952381,0,0.13179369,455,170.6171615,0.02173913,-0.608695652,0,0,0,0
13003,GACCCTGTCCACCCCACCTCAGG,0,0,0.43697479,0,0.200057277,560,198.9424093,0.408695652,0.173913043,0,0,0,0
13004,GACTCCGAGAAGAAAAAGAAAGA,0,0,0.021786492,0,0.723642528,530,200.673242,0,-0.413043478,0,0,0,0
13005,GACCCCCTCCTCCCTGGCTCCAG,0,0,0.000312832,0,0.145653695,365,178.9767837,0.060869565,-0.108695652,0,0,0,0
13006,TACTTGTTTTCCTTTTTCTGAAG,0,0,0.000573329,0.093722645,0.091962596,357.5,160.1392781,0.173913043,0,0,0,0,0
13007,GAGGAGTGAGTGTGTGTGCGGAG,0,0,0.014120575,0,0.189330488,485,166.697889,0.208695652,0.304347826,0,0,1,0
13008,CTCTTGTATTCCTTGTTCTCTGA,0,0,0.007594744,0,0.703915663,522.5,208.1440826,0,0.02173913,0,0,0,0
13009,GGGAGCCCTTCTGCAGCATGGGA,0,0,0.000737389,0,0.205067048,485,149.4980801,0,-0.086956522,0,0,0,0
13010,GGTGCGTGTGTGTGTGTGTGTGG,0,0,0.14,0.699446792,0.699446792,560,194.1657886,0.582608696,2.434782609,0,0,0,0
13011,GGGTGGGGGGGGTTTGTTGGGGG,0,0,0.002230392,0.040156499,0.040156499,320,124.0982054,0.07826087,-0.173913043,0,0,0,0
13012,AGATGAGAAGCAGAGGGTCAAGA,0,0,0.000653595,0,0.066310475,387.5,166.3204719,0,-0.217391304,0,0,0,0
13013,GGAACTGGGCCTGGAGTTGGTGA,0,0,0.003869048,0,0.52553761,552.5,189.5943356,0,-0.934782609,0,0,0,0
13014,GACTTGTGTTCAGTGTTGTTTGG,0,0,0.007652174,0,0.047545522,387.5,144.0399293,0,-0.347826087,0,0,0,0
13015,GATCCACTCCACCCAGCCTGTGG,0,0,0.008345005,0,0.105554194,455,165.5413945,0,-0.086956522,0,0,0,0
13016,GCTGCCCCAAAGGGTGGCCAAGA,0,0,0,0,0.081344777,425,196.6598948,0,-0.673913043,1,0,1,0
13017,GGAAGTCCTCCTGGAGCACCCAG,0,0,0,0,0.118783686,522.5,199.4947749,0.004347826,-0.152173913,0,0,0,1
13018,GAATTCAAAGCATGGACTGTAAG,0,0,0.010558923,0,0.09837725,455,168.2612954,0.004347826,-0.195652174,0,0,0,0
13019,GGTGTGTGTTTGTGTGTGTGCGG,0,0,0.082727273,0,0.325662758,552.5,187.9740522,0,-0.239130435,0,0,0,0
13020,AAATCAGGACAAGAGGCAGAAGG,0,0,0.028809524,0.451325191,0.436090585,552.5,179.0721267,0,0.195652174,0,0,0,0
13021,CCAGTGAGGAGAGGGATGGCCAG,0,0,0,0.008488892,0.008228696,387.5,165.326498,0.043478261,0.239130435,0,0,0,0
13022,GGCCCAGACTGAACAGCCGATGA,0,0,0.000994481,0,0.006554634,345,146.0028092,0.173913043,0.173913043,0,0,0,0
13023,GCCAGCTTAGTCATTTCCTTTGG,0,0,0,0,0.119960915,485,163.2456542,0.039130435,0.152173913,0,0,0,0
13024,GAGACCCTGTAGAAGAAGAAAGA,0,0,0.009170335,0,0.858607543,620,207.8516658,0.186956522,0.630434783,0,0,0,0
13025,AAAGGAGAAGAAGAAGAAAAGAG,0,0,0.030501089,0,0.051461025,387.5,152.3852674,0,-0.02173913,0,0,0,0
13026,TGTGAGTGTGTTTGTGTGTGAGA,0,0,0.007478632,0,0.183248065,455,186.5380081,0,0.130434783,0,0,0,0
13027,AAACAAAAAAAAGAGGCACAAGA,0,0,0.036347131,0,0.858607543,620,209.6631628,0.147826087,0.369565217,0,0,0,0
13028,GGCTCCCCGAAGCCTGGGCCGAG,0,0,0.003643521,0.083523485,0.083523485,485,152.4392864,0.013043478,1.47826087,0,0,1,1
13029,CAACACAAAACATAGATTTCAAG,0,0,0.053772291,0.186812608,0.186812608,485,162.4741526,0,1.456521739,0,0,0,0
13030,CACACCAGTGAGTGGAAGGGAGA,0,0,0.00345679,0,0.017802272,387.5,161.151371,0.330434783,0,0,0,0,0
13031,TGGATTGAGGACTGTGGAGCAGA,0,0,0.000221513,0,0.050003206,357.5,158.3532941,0,-0.173913043,0,0,0,0
13032,GAGGCCCTGAAGAAGAAGAAGAG,0,0,0.041377315,0,0.858607543,620,207.8516658,0.013043478,0.152173913,0,0,0,0
13033,GGAACTGCAGATGGAGGTGAGGA,0,0,0.027204241,0,0.220759559,455,171.344536,0,-0.173913043,0,0,0,0
13034,ATTGACAACTACTTCCACAAAGA,0,0,0.006060606,0,0.161125676,455,186.0913876,0.034782609,-0.173913043,0,0,0,0
13035,AACACGAATAAGTAGAGTGGAGG,0,0,0.3,0.164163878,0.164163878,552.5,183.8991293,0,-0.413043478,0,0,0,0
13036,GGAGCGTGTGTGTGTGTGTGGGA,0,0,0.006944444,0,0.348646558,552.5,192.4377886,0,0.065217391,0,0,0,0
13037,GGAGCGTGTGTGTGTGTGTGGGG,0,0,0.1,0.36082635,0.348646558,552.5,192.4377886,0.256521739,0,0,0,0,0
13038,GTCACAAACTGAGCATGTGACAG,0,0,0.042748674,0.182754694,0.176585759,552.5,198.4147933,0.008695652,-0.065217391,0,0,0,0
13039,GGTGAGGGAGTGGGGGCGGGGGA,0,0,0.000133205,0,0.033541582,357.5,162.3624772,1,0.260869565,0,0,1,0
13040,AAAAAAGAGAAAGAGGCACAGAG,0,0,0.066575217,0.768095474,0.768095474,620,208.0865632,0.2,-0.565217391,0,0,0,0
13041,AAATGAGGAGAGGAGGCAGGAGA,0,0,0.00351572,0,0.097144505,387.5,140.4984827,0,-0.304347826,0,0,0,0
13042,GGTGTGTGCATGTGTGCCTGAAG,0,0,0.023943135,0,0.16579195,552.5,183.5368299,0.026086957,0.326086957,0,0,0,0
13043,AAATGAGAAAAAGATGTAGAGAG,0,0,0.002016461,0,0.042827353,387.5,148.267131,0.260869565,-0.043478261,0,0,0,0
13044,GGGTGGTGGGATTTGTCTCCAAG,0,0,0,0.022161777,0.022161777,357.5,177.6052713,0,-0.217391304,0,0,0,0
13045,TTGGCCCCACAGGGCAGAACTAG,0,0,0.019640853,0,0.134785853,485,156.1110668,0.004347826,0.152173913,0,0,0,0
13046,GGCAGTGGGGATGGTGGTGGTGG,0,0,0.057857143,0,0.212805723,425,194.3747578,0,-0.065217391,0,0,0,0
13047,TGGATGGTGGAAGGATGAATAGA,0,0,0,0,0.029998911,387.5,158.5644367,0.026086957,0.391304348,1,0,1,0
13048,GTACACATATAATAGACTGCTGA,0,0,0.013189935,0,0.73132116,522.5,204.6383629,0.026086957,-0.02173913,0,0,0,0
13049,GGCTCTGCGGCTGGAGGGGGTGG,0,0,0.212121212,0,2.387179487,567.5,195.3030667,0.265217391,-0.760869565,0,0,0,0
13050,GTTGAGAGAGTGTGTGGGGGGGG,0,0,0.008188503,0,0.131148806,485,164.8427082,0,-0.826086957,0,0,0,0
13051,CCCTCCCTGGAGCCTGGCCAGAG,0,0,0.060013717,0.805112123,0.805112123,622.5,207.1486663,0,-0.217391304,0,0,0,0
13052,TGTGTGTGTGTGTTTGCGTGTGA,0,0,0.004040404,0,0.136846598,522.5,202.312715,0,-0.282608696,0,0,0,0
13053,GAGCCCCTCCACTCCTCCCCCAG,0,0,0,0,0.032734012,387.5,161.1362536,0,-0.282608696,0,0,0,0
13054,AAAAGAGAAACAGAGGCAGAGAG,0,0,0.005761317,0,0.254938556,455,176.3565799,0,-0.02173913,0,0,0,0
13055,GACATGTTTACAGTATTCTCTGA,0,0,0.006959305,0,0.136666136,425,189.6283215,0,-0.847826087,0,0,0,0
13056,TACTTGTTTACATTGTTTTAGGG,0,0,0.275510204,0.128309952,0.125900376,485,151.6473304,0,-0.173913043,0,0,0,0
13057,AAATGAGCAGAAGAGAGCCAGGG,0,0,0.004801921,0,0.018569524,442.5,152.4023128,0.443478261,-0.195652174,0,0,0,0
13058,GGTGAGTGTTTGTGTGTGTGGAG,0,0,0.058981481,0.578956015,0.578956015,560,190.4623722,0,0.02173913,0,0,0,0
13059,GAACAGAAAGCATAGGCTAAAGA,0,0,0.002384768,0,0.020546458,417.5,132.2399902,0.026086957,0.065217391,0,0,0,0
13060,ATGCACACATGTGTGTAGAGAGA,0,0,0.009886307,0,0.119961706,522.5,197.7356986,0.056521739,-0.152173913,0,0,0,0
13061,CACTGTGAATCTGGATGGCTGGA,0,0,0.007165249,0,0.30473625,552.5,181.1524028,0,-0.586956522,0,0,0,0
13062,GAATTAGAGCAGAAGCAGAAGGA,0,0,0,0,0.154229434,552.5,198.3092701,0.660869565,2.130434783,0,0,1,0
13063,GTTGAGTGTGTGTGTGTGAGAGA,0,0,0.003535354,0,0.117323456,485,163.2661086,0,-0.369565217,0,0,0,0
13064,TACATCAGTGAGTAGAGAGTAAG,0,0,0.062185962,0,0.136699648,485,155.3507468,0,0.173913043,0,0,0,0
13065,AAAGGAGAAGAAGAGGAAGAAGA,0,0,0.002531829,0,0.382126866,492.5,167.792289,0,-0.260869565,0,0,0,0
13066,TCAGTGACTAGAGTGGAGGAGGG,0,0,0.225641025,0.105908523,0.10391963,455,167.3233985,0.77826087,4.043478261,0,0,0,0
13067,ATGAACTCCTGGTAGTAGAGAGA,0,0,0.00402114,0,0.163482311,425,194.6096618,0,-0.02173913,0,0,0,0
13068,ACCTCTTTCTCTCCCACGTTCAG,0,0,0.009760349,0.145806184,0.140621964,455,181.0688298,0,0.043478261,0,0,0,0
13069,GGGAGGGAGGAATGGGAAGTTAG,0,0,0.096285131,0,0.163368333,455,182.7185474,0,-0.065217391,0,0,0,0
13070,AAAAGAGCAGAAGAGACATATGG,0,0,0.094191523,0,0.085785,485,167.1901572,0,-0.456521739,0,0,1,0
13071,CTTCCTCCACAGGGCTGTTACAG,0,0,0,0,0.051899925,485,168.5039902,0,0.260869565,0,0,1,0
13072,AAACACAAAGCAGAGAGTGGGGG,0,0,0.000812397,0.105904969,0.103916143,387.5,151.5769685,0.008695652,-0.239130435,0,0,0,0
13073,ACTGTACTCTACATCCTCAAAGG,0,0,0.113702624,0,0.82579023,620,212.785879,0,-0.413043478,0,0,0,0
13074,CCAAGTGTCTATGCATGGATGGA,0,0,0.009212018,0,0.116657239,425,199.9291316,0,0.108695652,0,0,0,0
13075,GGCCCAGACTGACCACTGGATGA,0,0,0.002436647,0,0.070863011,395,164.4912351,0,0.02173913,0,0,0,0
13076,GGTGTGTGGGTGTGTATGTGTAG,0,0,0.02933034,0,0.060818669,485,175.6773627,0,0.282608696,0,0,0,0
13077,GACATGTTTTCATGGTGGTCAAG,0,0,0,0,0.016900891,387.5,160.277771,0.026086957,-0.304347826,0,0,0,0
13078,GAGTGAGGGCAGAAGAGGAAGGG,0,0,0.07210084,0.350124604,0.350124604,552.5,192.039768,0.139130435,-0.173913043,0,0,0,0
13079,ATTAACACAAGTCAGTACAGTGG,0,0,0.085929109,0.072353162,0.072353162,455,179.7895658,0,0,0,0,0,0
13080,GGTGAGTGAGTGAATGAGTGAAG,0,0,0.062820513,0,0.053870351,365,178.2753837,0,0.217391304,0,0,0,0
13081,CAGCACAAAGCATACACAGCAGG,0,0,0.079365079,0.085028187,0.082004963,455,179.0416451,0,-0.260869565,0,0,0,0
13082,GACACTTAAGCTGAGTTTTGAAG,0,0,0.008092126,0,0.127433545,455,170.1771348,0,-0.239130435,0,0,0,0
13083,AGATTAGAAGAAGAGAAACATGA,0,0,0.007777778,0,0.104848333,485,179.397143,0,-0.065217391,0,0,0,0
13084,AAAAAAGTAGAAGAGGTACATAG,0,0,0.021399177,0,0.578718354,552.5,192.952152,0.030434783,0.02173913,0,0,0,0
13085,AAAACAGAAAAAGAGACACAAGG,0,0,0.349206349,0.238119304,0.238119304,552.5,194.7579177,0,-0.456521739,0,0,0,0
13086,TCTGTGAGTAGAGCTGAAGCAAG,0,0,0.018099548,0.085028187,0.082004963,455,179.0416451,0,-0.086956522,0,0,0,0
13087,GGAAGTGGGGCTGCAGGTGGGGG,0,0,0.143265306,0,0.210193223,522.5,202.6446784,0,-0.152173913,0,0,0,0
13088,CACTCCCTCCATCCCCCCTCTAG,0,0,0,0,0.133988,455,193.3218737,0.017391304,-0.304347826,0,0,0,0
13089,ACAATAGAAGAAGAGGCTCAGAG,0,0,0.014550265,0.315950226,0.310333333,552.5,191.3747467,0,0.02173913,0,0,0,0
13090,TGGAAGGAGCAATGGGGAGTCAG,0,0,0.033703704,0.694775111,0.694775111,530,199.912922,0.004347826,-0.02173913,0,0,0,0
13091,GGGTTTGGGGAGGTTGCTCACAG,0,0,0.006763285,0.154587634,0.154587634,455,169.4887755,0,-0.195652174,0,0,0,0
13092,TCCTCCCCCAAGGCTGGCCATAG,0,0,0.02020202,0,0.703080282,530,206.9408991,0,-0.260869565,0,0,0,0
13093,GGCAGTGCGGCTCCAGCTGGAGG,0,0,0.025475453,0,0.033370636,357.5,175.7870637,0.013043478,0,0,0,0,0
13094,GGGGTGTGTGTGAGTGCGTGTGG,0,0,0.075524476,0,0.333568181,522.5,203.9245791,0.034782609,0.282608696,0,0,0,0
13095,CCTCTGAGCAGAGCGGAGGAAAG,0,0,0.044716529,0.412429118,0.397764972,552.5,176.7010197,0.2,-0.5,1,0,0,0
13096,CCAGAGTATAGAGCGGAAGCAAG,0,0,0.03926282,0.20468015,0.201225633,552.5,187.005349,0.073913043,0.195652174,0,0,0,0
13097,GGCCCAAACTAAGCACGACAAAG,0,0,0.077479779,0.035179271,0.035179271,387.5,154.4154023,0,-0.260869565,0,0,0,0
13098,AATGACAACTACCTACTCAAAAG,0,0,0.009096816,0,0.189299934,432.5,194.3104771,0.034782609,0.065217391,0,0,0,0
13099,ATGAACACAGGAGAGTGGAGGAG,0,0,0.017429194,0.150093203,0.145492645,455,181.5462717,0.043478261,0,0,0,0,0
13100,GGTGGGTGGCTGTGTGAGTGTGA,0,0,0.006222222,0,0.325662758,552.5,187.9740522,0,-0.413043478,0,0,0,0
13101,GCCTCCTTCCCTCCCTCCTCCAG,0,0,0,0.033212714,0.03209161,387.5,155.2718897,0.017391304,-0.347826087,0,0,0,0
13102,CCCTCTGTCTCTGGCTGGCTAGA,0,0,0.003078818,0,0.266,462.5,174.1566585,0,-0.02173913,0,0,0,0
13103,GACCCCCAGCACCCTTCCTCCAG,0,0,0,0,0.038443137,455,180.6449552,0.973913043,0.02173913,0,0,1,0
13104,GCTGCTTTCGCTCTCCTCACTAG,0,0,0.052453887,0.252237445,0.243723101,522.5,200.1071775,0,0,0,0,0,0
13105,AAATGAGAATAAAAGATACAAGA,0,0,0.024305555,0,0.032216187,387.5,166.4344061,0,-0.065217391,0,0,0,0
13106,AAAAGAAAAGAAAAGGAACAGGG,0,0,0.205128205,0,0.152967414,455,185.4577876,0.004347826,-0.260869565,0,0,0,0
13107,CCCTCCCCAAACCCTGGGCCAGG,0,0,0.011459129,0.068543427,0.067256227,387.5,148.9229663,0,-0.065217391,0,0,0,0
13108,GACCCCGTCCACCCAGTTTCTGA,0,0,0.002178649,0,0.01976186,387.5,156.2003533,0,2.130434783,0,0,0,1
13109,GGTAAGGGTGTGTGTGAGTGTGG,0,0,0.148235294,0,0.241506693,552.5,190.9973278,0,0.02173913,0,0,0,0
13110,GGTGTGTATGTGTGTGTGTGGGG,0,0,0.101818182,0.353596915,0.353596915,552.5,189.8659716,0,0.173913043,0,0,0,0
13111,GGCAGTGCTGCGGGAGGTTGGGG,0,0,0.106666667,0,0.142338831,455,175.4877993,0,-0.152173913,0,0,0,0
13112,GAATGGGGAGAGTGTGCTCCAGG,0,0,0,0.134930746,0.134930746,522.5,202.833035,0,-0.152173913,0,0,1,0
13113,GGCAGTGTGGCTGCAGATGGCAG,0,0,0.054444444,0,0.086229035,455,182.1865673,0.008695652,-0.347826087,0,0,0,0
13114,GACCCCCCAGAGCCTGGCGACAG,0,0,0.008472525,0.476283266,0.45934875,552.5,182.3466636,NA,NA,0,0,1,0
13115,AAATGAGAAGATGAGCAAGAGGG,0,0,0,0,0.014008099,320,142.4613627,0.947826087,2.630434783,0,0,0,0
13116,TAATGAAAAGAAGAAGCACAAGG,0,0,0.941176471,0.576755556,0.576755556,530,203.8097976,0.069565217,0.173913043,0,0,0,0
13117,GGGGGGTGGGTGTGTGTGTGTGA,0,0,0.007777778,0,0.348646558,552.5,192.4377886,0.008695652,-0.413043478,0,0,0,0
13118,GGAAAAGACCCAGAATTGGTGGA,0,0,0.001134259,0,0.01755304,387.5,160.623371,NA,0.630434783,0,0,0,0
13119,TGTGTGTGAGTGTGAGAGTGTGA,0,0,0.006822612,0,0.163368333,455,182.7185474,0,-0.260869565,0,0,0,0
13120,CCCATCCTCCCAGAGAGATACAG,0,0,0.002784546,0,0.106015171,485,160.4062917,0.082608696,-0.217391304,0,0,1,0
13121,CTGAACTACAGAGAGTAGAGTAG,0,0,0.050555555,0,0.480774398,522.5,206.0009018,1,-0.434782609,0,0,0,0
13122,TGGATGGAGGTTTGAGGAAGGGA,0,0,0.000897795,0,0.051316877,290,137.368216,0,-0.02173913,0,0,0,0
13123,GACTAGCTTTCCTGGTTCTCCAG,0,0,0,0,0.071635385,425,196.1732141,0.134782609,0.434782609,0,0,0,0
13124,GACCCCCCCCACCTCCCTTCCGG,0,0,0,0,0.007186647,387.5,161.7492392,0,3.760869565,0,0,0,0
13125,AAAGCTGAAGAAGAGGCAAAGGA,0,0,0.010439444,0,0.30174375,555,184.5040961,0,-0.782608696,0,0,0,0
13126,AACTGAGAAGAGGAGAGACAGGA,0,0,0.001264395,0,0.048287834,387.5,172.6813626,0.647826087,0.630434783,0,0,0,0
13127,TTCTTGTTTTCATTCTTCTTCAG,0,0,0.015426997,0.190493182,0.186915845,455,167.6153785,0,-0.195652174,0,0,0,0
13128,AGGTGAGAAGAAGTAGCACATAG,0,0,0.063623013,0,0.059184026,425,192.5857938,0.065217391,-0.195652174,0,0,0,0
13129,GCCTCCTTCCCACCCATTATGGA,0,0,0.005411255,0,0.021616693,442.5,140.2565717,0.008695652,-0.565217391,0,0,0,0
13130,AAATGAGAAGAAGTCTAACAGAG,0,0,0,0,0.003450662,350,155.0792568,1,4.913043478,0,0,0,0
13131,GGCACTGAGGTGGGAGGTTGTGG,0,0,0.066666667,0,0.123062056,357.5,171.4059989,0.37826087,-0.739130435,0,0,0,0
13132,GGCACCAGTGACCAGAGCGGGAG,0,0,0.086687306,0,0.286208544,425,201.744579,0,-0.652173913,0,0,0,0
13133,GAAGACAAGCCATAGACTGGGAG,0,0,0.002033406,0,0.371543143,552.5,172.2372833,0,0.130434783,0,0,0,0
13134,GGTGACTGTGTGTGTGCATGGGG,0,0,0.283216783,0,0.215429612,560,189.2309024,0.356521739,0.065217391,0,0,0,0
13135,GGAAAAGGCCCACCATCCGAAGG,0,0,0.130263158,0.261227608,0.251939516,455,168.9352626,0.134782609,0.282608696,0,0,0,0
13136,GCCTCCTTCACATCCACCTCAGA,0,0,0.003481788,0,0.135166339,455,165.7853591,0.013043478,0.065217391,0,0,0,0
13137,GGCTGTGCTGCAGGAGGTGGCAG,0,0,0.04223569,0,0.410318103,522.5,205.3621992,0,0,0,0,0,0
13138,AAGTGAAAGGAAGAGCCACACAG,0,0,0,0,0.106383384,552.5,195.040613,0.004347826,-0.47826087,0,0,0,0
13139,TGGGTAGAGGAATGAGAAATGGG,0,0,0.416666666,0,0.116171344,485,164.806305,0,0.326086957,0,0,0,0
13140,GGAGAGTGAGTGGTTGAGTGGAG,0,0,0.006011809,0,0.032903448,357.5,176.5473837,0,-0.02173913,1,0,0,0
13141,GGCTGAGGGGTCTTTGCTCCTAG,0,0,0.016243184,0,0.23304828,425,202.9398318,0.073913043,-0.369565217,0,0,0,0
13142,CTCATCTTAGTTATTTCCTGTGA,0,0,0,0,0.266642786,462.5,195.3954737,0,0.065217391,0,0,0,0
13143,GGGTGGGGTGAGTTCTCCCCTAG,0,0,0,0,0.00789798,387.5,158.3214389,0,-0.543478261,0,1,1,0
13144,GGTGGATGTGTGTGTGAGTGTGG,0,0,0.2016,0,0.213926133,552.5,191.1798046,0.182608696,0.173913043,0,0,0,0
13145,AAATGTGTAGAAAAAGCACATGA,0,0,0.018468926,0,0.089775258,425,190.6078569,0,-0.108695652,0,0,0,0
13146,GGTGTGTGTGTGTGGGTGTGGAG,0,0,0.001319865,0,0.094763973,455,178.758767,0.343478261,-0.369565217,0,0,0,0
13147,AGTGTATGAGTGTGTGCATGTGA,0,0,0.015734266,0,0.187751667,552.5,190.7023627,0,-0.434782609,0,0,0,0
13148,GTCACCTTATTTTTTACCTGTGA,0,0,0.009114583,0,0.239359166,425,195.7045226,0.043478261,0.195652174,0,0,0,0
13149,GGCACTGCAGCAGGAAGAGGAAG,0,0,0.088888889,0,0.014499277,387.5,164.81236,0,-0.282608696,0,0,0,0
13150,AAATGAGAAGACCCAGCACACAG,0,0,0.005793638,0,0.009921775,300,176.1383728,0,0.086956522,0,0,0,0
13151,GTGTCTGAGGAGAAGTAGAAAGG,0,0,0,0,0.144062179,552.5,194.8938537,0.013043478,0.434782609,0,0,0,0
13152,GACATAGACCTCCTCCCCAACGG,0,0,0.192857143,0,0.213402153,552.5,171.3248993,0,-0.108695652,0,0,0,0
13153,GTCTGGTTTTCCTTGTTCACTGG,0,0,0.034996582,0.254431452,0.245385,455,179.2075796,0,-0.195652174,0,0,0,0
13154,GCCGCCCTCCACCTCTCCTCAGA,0,0,0,0,0.038523101,455,189.1587895,0.02173913,0.326086957,0,0,0,1
13155,GCCCGTGAGTGAGCACGTGAGGG,0,0,0.183673469,0.512410871,0.50455783,620,211.9259156,0.013043478,-0.260869565,0,0,0,0
13156,TGGATGGAGAAATAAGCATTGGG,0,0,0.109803922,0,0.02381073,387.5,150.8349679,0.043478261,-0.086956522,0,0,0,0
13157,TTGAACAGCAGTGGTTAGAGCAG,0,0,0.011111111,0,0.060024367,425,190.2539768,0,-0.195652174,0,0,0,0
13158,GCCTCACCCAAGCCTTCCCATGG,0,0,0,0,0.035022028,485,175.1796987,0,-0.173913043,0,0,0,0
13159,GACACGTTTTCATTGCTCCCAGG,0,0,0.08757526,0.085785,0.085785,485,169.0016542,0.634782609,-0.543478261,0,0,1,0
13160,TGGAGGGAGGGATGAGGAAGGGG,0,0,0.052436975,0.115428206,0.115428206,387.5,143.7959964,0,-0.130434783,0,0,0,0
13161,GAAGCAGACTCAGCACGTGAGGA,0,0,0.010912698,0,0.782934488,525,211.3283163,0,0.173913043,0,0,0,0
13162,GGTGAGTGAGTCGGTGAGTGAAG,0,0,0.016709292,0,0.177880621,365,182.1984679,0,-0.413043478,0,0,0,0
13163,GTCACTGCAGCTGGAGGAGGGGG,0,0,0.272727273,0,0.401298765,560,190.7768864,0,-0.47826087,0,0,0,0
13164,GAGGGAGGGGAGTCTGCTCCCAG,0,0,0.039173789,0.135502769,0.135502769,522.5,204.6612314,0,-0.456521739,0,0,0,0
13165,AAAAAAGAAGAAGAGGAAAAGAG,0,0,0.021399177,0,0.19201875,485,165.303969,0.017391304,2.02173913,0,0,0,0
13166,CTCATCCTGCCAGAAACACAAGA,0,0,0.015763881,0,0.24614019,522.5,197.6933811,0,6.195652174,0,0,0,0
13167,GTGGGGTGTGTGTGTGCGTGTGG,0,0,0.137454545,0,0.822304167,620,213.1838996,0,-0.565217391,0,0,0,0
13168,AAATTAGAAATGGAGGCACAGAG,0,0,0.016131687,0.348609699,0.343267022,460,198.9737594,0.091304348,0.043478261,0,0,0,0
13169,GCCCCAGGCTGTGCACGGGAGAG,0,0,0.014624881,0,0.152684,455,182.7207493,0,0.173913043,0,0,0,0
13170,TGGATGGCGGAAGTAGTAGTGAG,0,0,0.001932367,0,0.031762413,357.5,173.9755668,0,-0.065217391,0,0,0,0
13171,GGGTTGGGGGTGCTTGCCCCCAG,0,0,0.008097166,0,0.063280011,357.5,176.7589425,0,-0.086956522,0,0,0,0
13172,CAACAAAATTCATAGACTGCTAG,0,0,0.083829365,0,0.487092835,620,208.4624992,0,-0.173913043,0,0,0,0
13173,TCCTGTGTCTCTGGATGGGGAAG,0,0,0.017156863,0,0.470008475,492.5,152.5144001,0.226086957,NA,0,0,0,0
13174,GGCACAGCTGGTGGAGGAGGGAG,0,0,0.019972565,0,0.060443857,455,181.8008187,0.017391304,0.043478261,0,0,0,0
13175,TGTGTGTGTGTGCGTGCGTGTGA,0,0,0.011961722,0,0.355433782,522.5,204.4525791,0.939130435,4.760869565,0,0,0,0
13176,CCTGCCCCTGCTCCACTCACAGA,0,0,0.011935764,0,0.158154365,530,202.4178542,0,-0.282608696,0,0,0,0
13177,CCAGTGAAGTGAGCAGAGGCCAG,0,0,0.133282071,0.209053472,0.205849587,525,192.9416447,0.039130435,0.086956522,0,0,0,0
13178,TACCCCCTCCACCCAGGCCCCAG,0,0,0.000934899,0,0.054360238,387.5,153.2588674,0.034782609,-0.260869565,0,0,0,0
13179,CTTGCCTCCCCTCAACTCTCTGA,0,0,0.008417508,0,0.068442964,455,171.581079,0,-0.02173913,0,0,0,0
13180,AGAATCCCTGTTGCAGCAGCTGG,0,0,0.017307692,0.269301292,0.269301292,455,177.2301799,0.02173913,0.173913043,0,0,0,0
13181,GAGCACCTCCACCCCCTCTCCAG,0,0,0,0,0.098146003,485,179.109143,0,-0.195652174,0,0,0,0
13182,CAAAGTGAAGAAGAGGCAAAAGA,0,0,0.00867694,0,0.318743398,552.5,185.7924161,NA,0.326086957,0,0,0,0
13183,GGCACGCCGGCTGGAGGGGGTAG,0,0,0.033950617,0,0.240815753,560,190.8075019,0.404347826,0.391304348,0,0,0,0
13184,ACATGAGAATAACAGCCACAGAG,0,0,0,0,0.092152171,455,187.1805172,NA,-0.195652174,0,0,0,1
13185,TGCATCCATCCACAGAAACAGAG,0,0,0.035438032,0.240178592,0.23590875,455,188.4745684,0,0,0,0,0,0
13186,CCAGTGAGCAGGGCAGAGACAAG,0,0,0.116194626,0,0.036308406,357.5,162.5690977,0,0.02173913,0,0,0,0
13187,GAGTAGGAGAAGAAGAGGAAAGA,0,0,0.003034547,0,0.322464761,552.5,190.1478485,0,0.130434783,0,0,0,0
13188,AAATGAGAAGAAGCGTGAAATGG,0,0,0,0,0.004055816,320,138.5382785,0.056521739,0.260869565,0,0,0,0
13189,GGAATCACTTTTACAGCACCAGG,0,0,0.213017752,0.373127837,0.373127837,432.5,202.287415,0,-0.065217391,0,0,0,1
13190,GTCAACTTTGTCATTACATGGGA,0,0,0.011217949,0,0.356082003,560,189.7285664,0,-0.347826087,0,0,0,0
13191,CCAGAGAGCAGAAGGGAGGCAGA,0,0,0,0,0.050407362,425,192.8133945,0,NA,0,0,1,0
13192,GGAATCCCATCTGCAGAAACTGG,0,0,0.185714286,0,0.208575033,492.5,164.7061086,0,0.108695652,0,0,0,0
13193,ATCACCACAAATGTCTAGGGCAG,0,0,0.093333333,0.095070797,0.093466227,522.5,201.2178542,0,0,0,0,0,0
13194,TGGGTGGAGGGATCAGGAGGAGA,0,0,0.002133666,0,0.054599374,357.5,163.3195317,0,-0.043478261,0,0,0,0
13195,GAGCCCGGGCAGGAGAAGATGGG,0,0,0.185677749,0,0.25551675,455,168.5896626,0.243478261,0.065217391,0,0,0,0
13196,CCCTGACTGTCTGGATGGAGTGA,0,0,0.004520211,0,0.158255886,552.5,173.9334549,0,-0.282608696,0,0,0,0
13197,AAACTAGAAAAAGAGGAACATAG,0,0,0.021920116,0,0.532999604,552.5,191.0602325,0,-0.173913043,0,0,0,0
13198,GCAAATGACCCAGCATCAGTTAG,0,0,0.051775148,0,0.185123143,552.5,191.2226827,0,0.065217391,0,0,0,0
13199,AGCATGGAGGAATGAAGAGTTAG,0,0,0.0997151,0.550811624,0.534369486,560,202.5835741,0,-0.586956522,0,0,0,0
13200,GTTGAGTCAGTGTGTCCATGGAG,0,0,0,0,0.053377333,485,173.1484239,0,-0.413043478,0,0,0,1
13201,GACAACTAAGTCATTAGCTGCAG,0,0,0.005161723,0,0.609583333,552.5,193.585752,0,0.130434783,0,0,0,0
13202,GGTCTGTGTGTGTGTGGGTGGGG,0,0,0.006794589,0.359667248,0.353596915,552.5,192.0921886,0.004347826,-0.043478261,0,0,0,0
13203,TAATTATTTCCATTGTTCTCAGG,0,0,0.462222222,0.786045066,0.786045066,620,211.8942796,0.426086957,-0.239130435,0,0,0,0
13204,TGGGAGGAGGAATAGGGAGTAGG,0,0,0.15234375,0,0.057131627,425,191.1918738,0,0,0,0,0,0
13205,GGTGTGGGTGTGTGTGGGTGTGG,0,0,0.007549544,0.241506693,0.241506693,552.5,190.5826078,0,-0.239130435,0,0,0,0
13206,TGTGAGTCTGTGTGTGTGTGTGA,0,0,0.011965812,0,0.372455417,552.5,191.1542916,0,-0.326086957,0,0,0,0
13207,GCAATCCCTTCTCCACCAACAGA,0,0,0,0,0.033198795,387.5,161.4242536,0.4,0.608695652,0,0,0,0
13208,GGGACTGGGGCTGGGCGTGGTGG,0,0,0,0,0.068319815,455,184.0767356,0,0.02173913,0,1,0,0
13209,GACTTGTTTTCAGTTTTCTTGGA,0,0,0.000776398,0,0.110005605,365,159.556058,0,0.304347826,0,0,0,0
13210,AAAAGAGAAAAAGAAGCAAAGGG,0,0,0.179271709,0,0.123105465,455,168.3796421,0,-0.108695652,0,0,0,0
13211,TGAATGGAGGCATGAGGCATGGA,0,0,0.002834467,0,0.053494469,387.5,156.2705831,0.030434783,-0.652173913,0,0,0,0
13212,TGGAGGGAGGAAGGTGGGGTTAG,0,0,0.003462802,0,0.030556834,357.5,168.7820046,0,-0.043478261,0,0,0,1
13213,GATCCTCTCCACCCCTCCCCCAG,0,0,0,0,0.051173326,485,168.8495902,0,-0.760869565,0,0,1,0
13214,TGGATGGAAAAATTAGGAGTGGA,0,0,0.011111111,0,0.203459957,530,199.8092986,0,-0.173913043,0,0,0,0
13215,TAGATGAAGAAATTAGGAGTTGA,0,0,0.014624881,0,0.140887716,522.5,199.9458981,0.086956522,-0.195652174,0,0,0,0
13216,CCCTGTGTCTCTAGAAAGAAAAG,0,0,0.114219114,0,0.014586482,320,134.2885426,0.086956522,-0.130434783,0,0,0,0
13217,GGCTTCCCAACCCCTGGCCACAG,0,0,0.024304425,0,0.390673193,425,203.7254958,0,-0.304347826,0,0,0,0
13218,GGGAGGGAAGAATGAAGAGTGAG,0,0,0.102028985,0,0.166395667,552.5,196.6634738,0.130434783,0.02173913,0,0,0,0
13219,ATAAACAACACTGAGCAGAGAGG,0,0,0.139285714,0,0.141483199,455,192.0536734,0,0.326086957,0,0,0,0
13220,GAAAGAGAAGAAGAGGAAGAGAG,0,0,0.007201646,0.202836708,0.202836708,485,166.592289,0,0.195652174,0,0,0,0
13221,TAATGTGGAGAAAAGGCACAGGA,0,0,0.033577533,0,0.351943434,522.5,204.8148785,0,-0.5,0,0,0,0
13222,GGCTCCTTCCCACTCACTTTTGG,0,0,0.298136646,0.028481333,0.027974998,455,180.1114981,0,-0.456521739,0,0,0,0
13223,TATCACCACTATATTCTCAAGGA,0,0,0.001319759,0,0.198201266,425,196.403278,0,-0.282608696,0,0,0,0
13224,CCCCTTCATCCAGACACACGAAG,0,0,0.017720457,0.108990545,0.107052935,455,165.1957945,0.27826087,0.347826087,0,0,0,1
13225,GAAAAAGAAGAAGAGGGACAAGG,0,0,0.024276377,0,0.609583333,552.5,196.0519689,0.047826087,1.52173913,0,0,0,0
13226,ACCATCCAGCCAGGGCCACAGGA,0,0,0,0,0.024792954,455,186.3126091,0.017391304,-0.130434783,0,0,0,0
13227,GCCACTGGGGCTGGGGGTGGGGG,0,0,0.289285714,0,0.79687011,530,202.8531615,0,-0.02173913,0,0,0,0
13228,GGGAAGGAGGAAGGGGGAGTAGG,0,0,0.081096408,0.161348581,0.155902215,425,194.2053379,0.013043478,0.282608696,0,0,0,0
13229,GGTGATTGAGTGAGTGTTTGGGG,0,0,0.143589744,0,0.026557651,387.5,161.5052511,0,0.065217391,0,0,0,0
13230,AAGTGAAAAGACAAGGCACAAAG,0,0,0.03848653,0,0.183454856,425,199.0733982,1,2.02173913,0,0,0,0
13231,CCTGCCTTCACTCATCTCACTGG,0,0,0.101111111,0.050980307,0.050198999,425,185.2622404,0,-0.065217391,0,0,0,0
13232,GGTGAGTGGGTGGGTGGGTTGGG,0,0,0.007161125,0,0.054313087,387.5,147.6171881,0.030434783,-0.260869565,0,0,0,0
13233,GGTGTGTTAGCGTGTGCCTGTAG,0,0,0.018705574,0,0.163514241,455,183.1584461,0,-1.369565217,0,0,0,0
13234,AAGGGAGAAGAAGAGGCTCCTGG,0,0,0.043402778,0,0.127597274,485,155.2374668,0,-0.282608696,0,0,0,0
13235,TAGAAGGAGGAATGAAGGGTGGA,0,0,0.011752137,0,0.053377333,485,174.9599208,0.07826087,-0.043478261,1,0,0,0
13236,AAAGGAGGAGAAGAGGTAAATAG,0,0,0.023765432,0.19201875,0.19201875,485,163.492472,0,0.02173913,0,0,0,0
13237,AGAATGGAGGAAGAAGGAGTTAG,0,0,0.038043478,0,0.0854635,425,197.5334948,0.073913043,-0.152173913,0,0,0,0
13238,CCTGTCACACAGGGCAGTGAAGA,0,0,0.010653409,0,0.34064625,552.5,184.5404993,0.926086957,1.847826087,0,0,0,0
13239,GGCCCAGACTTAGTAAGTGGAGG,0,0,0.215686275,0,0.008485927,290,146.9047058,0.495652174,0.304347826,0,0,0,0
13240,AAATGAGAACAAGAGGAAGGTGG,0,0,0.017843137,0,0.066638083,417.5,125.3365526,0,0.02173913,0,0,0,0
13241,GGCGCCCTCCTCCGCGCCTCGGA,0,0,0,0,0.124304193,425,200.2171316,0.069565217,-0.195652174,0,0,0,0
13242,GGTGCAGGGGCTGGAGGTGGGGA,0,0,0.016624814,0,0.778438874,620,212.912599,0,-0.043478261,0,0,0,0
13243,GAATAGTTTTCATTGATCGCAGG,0,0,0.098484849,0.086114942,0.08458401,485,169.3472542,0,-0.347826087,0,0,0,0
13244,GACTTGTTTTCGGTGGCCTCAAG,0,0,0.011935209,0,0.016453469,290,163.7100421,0,0.130434783,0,0,0,0
13245,CCCTGTGACCCTGGATGTGTTAG,0,0,0.027654321,0,0.081354538,485,154.9371134,0.22173913,4.913043478,0,0,0,0
13246,ATGAACAGCAGTGAGTGAACGAG,0,0,0.008726568,0.047299809,0.047299809,417.5,132.5531388,0,-0.608695652,0,0,0,0
13247,GCCACTTCCCCTCCCACTTTTGA,0,0,0.007086168,0,0.144953165,455,182.0871493,0,-0.108695652,1,0,0,0
13248,GACTTTGATATCCTCCCCAGTGA,0,0,0.006758764,0,0.367894601,552.5,174.4110797,0.004347826,-0.02173913,0,0,0,0
13249,TCTATCCATCCAGAGAGAGAGAG,0,0,0.001310594,0,0.199996994,485,166.937889,0.247826087,1.47826087,0,0,0,0
13250,GGAGAGTGAATGTGTGTGTGTGA,0,0,0.021604938,0,1.101624443,560,193.8941525,0,-1.52173913,0,0,0,0
13251,GGCACTCCTTGTGGAGGTGGTGG,0,0,0.074479167,0,0.278359952,525,201.6352187,0,-0.260869565,0,0,0,0
13252,CAACACAAAGCATGGACGACAGG,0,0,0.079365079,0,0.015386086,387.5,151.3894821,0,-0.369565217,0,0,0,0
13253,CCAGTGGAGAGAGCAGAGGCTGA,0,0,0.028560444,0,0.152655014,525,195.5502003,0,0.195652174,0,0,0,0
13254,GATGAGGGAGTGTGTGGGAGTGA,0,0,0.000580926,0,0.131148806,485,164.8427082,0.969565217,6.586956522,0,0,0,0
13255,GGGTTGGAGGAGTGAGGACTGGA,0,0,0.013685287,0,0.259209507,455,179.8622996,0,0.195652174,0,0,0,0
13256,TGGGTGTAGGAATGAGGATATGA,0,0,0.009300595,0,0.142049486,485,148.0576193,0,-0.173913043,0,0,0,0
13257,TGGCTGGAGGAAAGAGGGGAAGA,0,0,0.003817873,0,0.050081283,387.5,146.2661463,0.126086957,0.369565217,0,0,0,0
13258,ACATGTGTCTCTGGAAGGAGGAG,0,0,0.036046742,0.120545223,0.118281463,485,164.2459742,0,-0.152173913,0,0,0,0
13259,ATGATCACCAGTGACAAGGGTGA,0,0,0.002347859,0,0.02182631,387.5,155.6682326,0.691304348,0.847826087,0,0,0,0
13260,AAATCAGAAAAACAGGCAGAAGA,0,0,0.002680312,0,0.168767057,455,172.6726231,0,0.152173913,0,0,0,0
13261,AGGAAAACCAGTGAGCAGAGTGG,0,0,0.520000001,0,0.327883914,560,201.0855901,0,0.152173913,0,0,0,0
13262,GGCATGTTGTCATTGTTCTTTGG,0,0,0.070748299,0,0.426140229,552.5,176.9890197,0,-0.02173913,0,0,0,0
13263,CCTGCCCCACAGGCCTGTATCAG,0,0,0,0,0.017874176,387.5,152.8947895,0.017391304,0.065217391,0,0,1,0
13264,GGGTGTGGGGAGTGTGTGCCGGG,0,0,0,0.010225039,0.010225039,387.5,159.365387,0.013043478,0.347826087,0,0,0,0
13265,GGTACTGAGGGTGGTGGTGGTGG,0,0,0.02234375,0,0.220450566,425,195.1350778,0,-0.195652174,0,0,0,0
13266,CACCCCCTCCCACCCTCCTCAGG,0,0,0,0,0.07436334,357.5,187.96539,0.004347826,-0.543478261,0,0,1,0
13267,GGCACTTCGGCTGGGTGTGGTGG,0,0,0,0,0.084133304,462.5,186.5213717,0,-0.826086957,0,0,1,0
13268,TGGATGGAGGGATGAGGAGTGGG,1,0.0627,0.65,0,55.5,545,216.5699163,0,0.282608696,0,0,0,0
13269,TGGGAGGGGGAATGAGGAGACAG,0,0,0.033420139,0,0.66025,552.5,176.8006631,0,-0.086956522,0,0,0,0
13270,GGTCAGTGTTTGTGTGTGTGTGG,0,0,0.120441177,0.331253535,0.325662758,552.5,188.3887722,0,-0.02173913,0,0,0,0
13271,AAGGACCCCAACATCATCAACAG,0,0,0.047619048,0,0.234785634,552.5,193.2920207,0.552173913,-0.065217391,0,0,0,0
13272,GAGGCCCAGAAGAAGAAGATGGA,0,0,0.015516493,0,0.415325641,552.5,173.8138829,0,-0.347826087,0,0,0,0
13273,ATGCACATCAGTCAGTAGGGGGG,0,0,0.04876161,0,0.19301625,455,174.9792626,0,-0.47826087,0,0,0,0
13274,ATGTACATAAGTGAGTAGAAGGG,0,0,0.447443181,0,0.40341275,552.5,174.1292028,0.352173913,-0.260869565,0,0,0,0
13275,TGGATGGATGAATGATTAGACAG,0,0,0,0,0.02413915,417.5,139.8280828,0.013043478,0.130434783,0,0,0,0
13276,GCCTCCGCAAACCCCAGCCACAG,0,0,0.017615602,0,0.022161777,357.5,177.6052713,0,0.152173913,0,0,0,0
13277,TAATACAAAGAATAGACTGTTAG,0,0,0.046666667,0.394491477,0.387083187,455,174.9587164,0.417391304,-0.282608696,0,0,0,0
13278,CATGCTTCAGAGGGCAGTAAAAG,0,0,0.064364712,0,0.519457564,620,209.7990988,0,-0.065217391,0,0,0,0
13279,CCCAGTGTCTCTGACTGGAGCAG,0,0,0.004456328,0.026842299,0.026365103,357.5,155.3425939,0,0.086956522,0,0,0,0
13280,CACCCAGACTGAGCACGTGCTGG,1,0.114535902,0.137362637,1.544444444,1.492090395,560,183.0224001,0,-0.347826087,0,0,0,0
13281,TGGTGGGAGGAGGTTGCCCCAGA,0,0,0.007763975,0,0.120099,455,181.1775292,0,-0.543478261,0,0,0,0
13282,GCCACCTCCAATCATTAGGTTGA,0,0,0.001169591,0,0.072336432,357.5,158.116058,0.1,0.369565217,0,0,0,0
13283,AAATGAGGAGAGGAGGAAGAGGA,0,0,0.00214549,0,0.085367372,387.5,156.6499716,0,-0.152173913,0,0,0,0
13284,AAAAGACAAAAAGAGGCAGAGGA,0,0,0.002652392,0,0.313735196,552.5,180.2034828,0,0.217391304,0,0,0,0
13285,TAAATGGAGGAATGCGGGGTTAG,0,0,0.017948718,0,0.082004963,455,178.8016451,0.008695652,0.413043478,0,0,0,0
13286,AAATGTGAAGAATAGGTACCCAG,0,0,0.005892256,0,0.056502759,387.5,149.7909845,0.373913043,-0.608695652,0,0,0,0
13287,GCCTTGTTTTCATTTCACTCCAG,0,0,0.010346855,0.028099353,0.028099353,412.5,166.4784415,0,-0.130434783,0,0,0,0
13288,GGCTAGTGTGTGTGTGCATGTGG,0,0,0.064735265,0,0.186959075,552.5,188.4152864,0,-0.173913043,0,0,0,0
13289,AAATGAGAGGGGGAGGCAGAGAG,0,0,0.010142318,0,0.075190916,357.5,170.5460356,0.191304348,0.630434783,0,0,0,0
13290,AATGAGTGTGTGTGTGTGTGAGA,0,0,0.014807692,0,0.372455417,552.5,194.0141086,0,-0.347826087,0,0,0,0
13291,GTTGAGTGTGTGTGTGGATGTGA,0,0,0.001079803,0,0.073001262,485,168.5907753,0.017391304,0.217391304,0,0,0,0
13292,AGATGAGAAGAACATGAACATGA,0,0,0.001559454,0,0.063223545,357.5,174.2675468,0,-0.043478261,0,0,0,0
13293,AAATGACAAGAAACTGCACATGG,0,0,0.019427002,0,0.014406786,362.5,181.4712924,0,0.130434783,0,0,0,0
13294,CCAGTGCCTAGAACAGAGGCTGG,0,0,0.233901845,0,0.096689837,425,190.0106601,0,-0.369565217,0,0,0,0
13295,AAAGGAGAAGAAGAGAGCCAAGA,0,0,0.000486306,0,0.019509753,442.5,154.6285298,0,-0.173913043,0,0,0,0
13296,GAAAGAGAAGAAGAGGGAGAAGG,0,0,0.003501401,0,0.202836708,485,166.592289,0,-0.130434783,0,0,0,0
13297,TCATGTGTCCCGGGATGGATGGA,0,0,0.016049383,0,0.639230037,522.5,205.9641631,0,0.326086957,0,0,0,0
13298,GCACCTTTCCCACATACCTTCAG,0,0,0.003392399,0.059184026,0.059184026,425,191.9521938,0,-0.739130435,0,0,0,0
13299,ATGAAGACCAGCTGGTAGAGAGG,0,0,0.06631579,0.024168632,0.023427831,362.5,188.5594104,0,0.565217391,0,0,0,0
13300,GATGAGTGTGTGTGTGTGTGTGA,0,0,0.016452991,0,0.741204809,560,195.2141086,0.156521739,0.413043478,0,0,0,0
13301,TGTGGGTGAGTGTGTGAGGGTGA,0,0,0.005833333,0,0.202836708,485,166.177569,0,0.239130435,0,0,0,0
13302,GTAGAAAAAGTATAGACTGCAGG,0,0,0.103896104,0.480400979,0.480400979,522.5,210.0703323,0,-0.260869565,0,0,0,0
13303,TGGGTGAAGGAGTGAGGATTAGG,0,0,0.300925926,0.167597955,0.167597955,455,177.4791188,0,-0.326086957,0,0,0,0
13304,GCCATCCATCTAGAGACTCCCAG,0,0,0.008276747,0.07732033,0.075868305,387.5,150.4089831,0,-0.891304348,0,0,0,0
13305,CAACACAAAGCATATACTAAAGA,0,0,0.002530774,0,0.058878491,387.5,137.1073786,0,0.086956522,0,0,0,0
13306,AGATGAGGAAATGAGGCACAGAG,0,0,0.047319616,0,0.648306325,522.5,203.1523462,0,-0.239130435,0,0,0,0
13307,TTTTTCCCACAGGGGAGTAATAG,0,0,0.002999694,0,0.402848101,522.5,202.8310584,0,-0.02173913,0,0,0,0
13308,CACACACATCCAGACACACACAG,0,0,0.04775023,0.247907189,0.243723101,522.5,201.6786744,0,0.065217391,0,0,0,0
13309,CAGTCATAGCAGAAGGAGAAGGG,0,0,0.072886297,0,0.112532218,552.5,197.7424093,0,-0.304347826,0,0,0,0
13310,TGGTTGGAAGAATGAGGATTAGG,0,0,0.272727273,0,0.606440299,560,184.8186197,0.491304348,-0.347826087,0,0,0,0
13311,TGTGAGTGAGAGTGTGTCTGTAG,0,0,0.043209877,0,0.066310475,387.5,166.5604719,0,-0.043478261,0,0,0,0
13312,TGTGTGTGAATGTGTGAGTGTGG,0,0,0.158383839,0,0.56142625,552.5,191.9338325,0,-0.152173913,0,0,0,0
13313,TGTGTGTGAATGTGTGAGTGTGA,0,0,0.010998878,0,0.56142625,552.5,191.9338325,0,-0.304347826,0,0,0,0
13314,AGTGAGAGTGTGTGTGTGTGAGA,0,0,0.0153125,0,0.25438705,552.5,191.8709278,0,2.913043478,0,0,0,0
13315,GAGAAAGAGCCAGCATCTGCAGG,0,0,0.030612245,0.083523485,0.083523485,485,152.4392864,0.117391304,0.913043478,0,0,0,0
13316,AAAGGAGAGGAAGAGGCATTAAG,0,0,0.02991453,0,0.127075016,485,146.4810198,0.004347826,0.456521739,0,0,0,0
13317,GGGGCTGAGGCTGGAGGTGCTGA,0,0,0.006045387,0,0.6510065,552.5,177.5609831,0,0.239130435,0,0,0,0
13318,ATATTGAGTAGAGGGGAGGCAGG,0,0,0,0.227816524,0.223971519,522.5,206.4472154,0,-0.086956522,0,0,1,0
13319,TGGATAGAGGAATTAATAGTGAG,0,0,0.017283951,0,0.00854056,387.5,167.5002944,0,-0.304347826,0,0,0,0
13320,GACTTTTTTTCTTTTTTCACCAG,0,0,0.002351558,0.038420656,0.037772206,357.5,164.742894,0.72173913,-0.739130435,0,0,0,0
13321,CTGGCCCCACCGGGAAGAAAGGG,0,0,0.02962963,0.045512754,0.045512754,357.5,172.8115614,0.973913043,0,0,0,0,0
13322,TGGGTGTGAGTGTGTGCGTGTGG,0,0,0.181818182,0,2.392592593,627.5,218.58368,0.786956522,-0.47826087,0,0,0,1
13323,GTCATCTCCAATGACAGGTGAGG,0,0,0.068060282,0,0.03135496,417.5,148.8891431,0,-0.608695652,0,0,1,0
13324,TGGATGGATGAATGATAGGTGGA,0,0,0,0,0.011345979,442.5,151.5423494,0,0.043478261,0,1,0,1
13325,CCCTGTGTCTTTGGAGAGAAAGA,0,0,0.003883136,0,0.021926724,320,137.5577794,0.030434783,-0.02173913,0,0,0,0
13326,CCCCTTCATCCAGGGACCCAGGG,0,0,0.029131653,0.027486352,0.026558543,455,179.4778981,0.42173913,0.804347826,0,0,0,0
13327,GCCTCTTCCCCACCCAGCGGCAG,0,0,0.000672818,0.076017549,0.076017549,417.5,127.2284721,0.130434783,-0.760869565,0,0,1,0
13328,GGGTGGGGATAGCTTTCTCCAGG,0,0,0,0.051923266,0.051127507,455,183.4607368,0.004347826,-0.065217391,0,0,1,0
13329,TGTGAGAGAGTGTGTGCATGTGA,0,0,0.042067307,0,0.448587654,560,192.5934859,0,-0.130434783,0,0,0,0
13330,CCCAGTGTGTCTGGATTGGTCGA,0,0,0.00191917,0,0.117323456,485,162.6325086,0,-0.326086957,0,0,0,0
13331,TTCACTTCCAATGACAAGTGTGA,0,0,0.039081289,0,0.054823864,485,169.3775902,0,-0.47826087,0,0,0,0
13332,GGCACAGACTGAGCTCAGGAAGA,0,0,0.003638726,0,0.030398918,387.5,157.7099341,0,0.043478261,0,0,0,0
13333,AAGTGGGAAGGAGAAGCACAGGG,0,0,0.267040149,0,0.133372593,425,196.4489107,0,-0.260869565,0,0,0,0
13334,TGGGTGGAAGAAAGAGGAGGAAG,0,0,0.012726244,0.158946449,0.156120734,455,167.7296992,0.839130435,-0.543478261,0,0,0,0
13335,GGCTCTGTGGGTGGAGCTGGGAG,0,0,0.008491781,0,0.321188687,455,188.0103883,0.791304348,-0.043478261,0,0,0,0
13336,GGGTGGGGGGAGTTTGCCCCAGG,1,0.00168,0.428571429,0,19.6,575,197.3766667,0.030434783,0.260869565,0,0,1,0
13337,ATATGAGAAAAGGAGGCAGAAGA,0,0,0.004255518,0,0.225999585,455,175.5041632,0.008695652,-0.130434783,0,0,0,0
13338,TGCTCGGGGGAGTTTGCACCAGG,0,0,0.201465202,0.317269355,0.305988667,552.5,191.9603467,0.02173913,-0.02173913,0,0,0,0
13339,AAAGGGGAAGAGGAGGCAGAGGA,0,0,0.00279879,0,0.148457925,455,178.0763156,0.065217391,-0.239130435,0,0,0,0
13340,TGGATGGATGGATGAGGGGAGGG,0,0,0.078,0,0.039653529,387.5,146.4492027,0,-0.02173913,0,0,0,0
13341,GGCCAAGACTGAGCGCGCCAAAG,0,0,0.018500274,0.025740727,0.024871842,387.5,147.5333252,0.004347826,0.108695652,1,0,1,0
13342,AAATGGGAACAAAAGGAACATGA,0,0,0.008547008,0,0.1187797,455,181.936848,0,-0.043478261,0,0,0,0
13343,GATTTCTTTTCTTTGTTCTTTAG,0,0,0.012152778,0.200922506,0.193778595,455,172.0323156,0.604347826,0.891304348,0,0,0,0
13344,CAAGTGACTGGAGCGGAGGGGAG,0,0,0.003791899,0.642348856,0.642348856,552.5,173.7308467,0,0.239130435,0,0,1,0
13345,GGTGTGTGTGTGTTTGTGTGAGA,0,0,0.001885522,0,0.05268594,455,181.3266039,0,-0.173913043,0,0,0,0
13346,AAATGAGAAGATGAGGAGAAGGG,0,0,0.026666667,0,0.015962717,345,134.3264553,0.017391304,0.108695652,0,0,0,0
13347,GGTGAGTATATGTGGGCGTGTGA,0,0,0.001944444,0,0.205849587,525,192.9416447,0,-0.108695652,0,0,0,0
13348,ACTGCCTCCTCTCCACTCTCTGG,0,0,0.125,0.072298905,0.072298905,455,171.821079,0.060869565,-0.108695652,1,0,1,0
13349,ATGGAGACAAGTGAGTAGATTGG,0,0,0.1875,0,0.244064714,552.5,175.4430357,0.969565217,0.543478261,0,0,0,0
13350,TCCTGGGTCCCTGGATGGAGGGG,0,0,0.053781512,0,0.388621058,552.5,175.2846797,0,0.413043478,0,0,0,1
13351,GGAACCCCGTCTGCAATACCTGA,0,0,0.020061728,0,0.060818669,485,175.6773627,0.013043478,0.239130435,0,0,0,0
13352,GACCACAAGCCAAAGACTGCTGG,0,0,0.079120879,0,0.307216294,522.5,200.2211627,0,0.173913043,0,0,0,0
13353,GGCACCTCCTCTGGAGGTGGGAG,0,0,0.058922559,0,0.303437425,620,206.0793184,0.3,-0.847826087,0,0,0,0
13354,TGTCTGCAGGCATGAGGAGTGAG,0,0,0.012581699,0,0.510158313,522.5,209.1851355,0,-0.260869565,0,0,0,0
13355,GACCCACTGCGCCCGGCCTCTGG,0,0,0.018681973,0,0.078664699,425,193.0171304,0.017391304,0.195652174,0,0,0,0
13356,ATCACCACTAATCACTAGGGAGA,0,0,0.020148026,0,0.242761273,522.5,203.3577183,0,-0.152173913,0,0,0,0
13357,GAGTCCTAGAAGATGAATAAAAG,0,0,0.045651577,0.027155669,0.026283198,455,174.7625649,0,-0.217391304,0,0,0,0
13358,GGGAGGGATGAATGAGAAGTTAG,0,0,0.079003185,0,0.372455417,552.5,192.9657886,0,-0.173913043,0,0,0,0
13359,GAACATAGGGCATAGACTGAGAG,0,0,0.058847737,0,0.231707007,552.5,173.2168188,0,-0.347826087,0,0,0,0
13360,TGTGAGTGTGTGTGTGAGAGCGA,0,0,0.005555556,0,0.123933228,485,163.5061086,0.017391304,0.130434783,0,0,0,0
13361,CACTGGCTTTCCTTGTTCTCTAG,0,0,0.021442495,0,0.480774398,522.5,207.8123988,0.004347826,0.086956522,0,0,0,0
13362,GCCTCTCTCCCACTCACCAAGGG,0,0,0.081026786,0.020438665,0.020093709,387.5,137.2920347,0,-0.369565217,0,0,0,0
13363,AGCACTGCGCTTGGGGGTGGGGG,0,0,0.072,0,0.205917821,425,193.7711583,0,-0.217391304,0,0,0,0
13364,GGTGTGTGGTTGTGTGCCTGAGG,0,0,0.093795094,0,0.16579195,552.5,183.5368299,0.886956522,0.02173913,0,0,0,0
13365,GGCACTGAAACTGGAGGGGGAGA,0,0,0.009027778,0,0.157801976,555,181.725333,0,-0.065217391,0,0,0,0
13366,TTTATCTTACTCATTTCCTGGAG,0,0,0,0,0.247307534,552.5,196.3918377,0,-0.956521739,0,0,0,0
13367,AAATCAGAAGAACAGGGAAAAAG,0,0,0.002162268,0,0.070548661,387.5,156.6782485,NA,NA,0,0,0,0
13368,GAACTTAAAGTATGGACTGCAAG,0,0,0.012570146,0,0.071579746,425,198.2564276,0,0,0,0,0,0
13369,CCTGCCTAAGTTCTGCTCACAGG,0,0,0.111428572,0,0.124046168,425,191.7032974,0,0.369565217,0,0,0,0
13370,GGTGCGTGGGTGTCTGGGTGTGA,0,0,0.000583567,0,0.05268594,455,181.3266039,0,0,0,0,0,0
13371,GAGATCTCGTCTGCAGCACCAGG,0,0,0.260085979,0.570375127,0.561633746,620,212.0890388,0.013043478,0.217391304,0,0,1,0
13372,ATGATCACCACTGATCAGAGCAG,0,0,0.003848004,0,0.036602584,357.5,180.1861488,0,0.108695652,0,0,0,0
13373,AGATGAGTAGAAAAGGCAGAAAG,0,0,0.01025641,0.200132056,0.19301625,455,175.6128626,0,0,0,0,0,0
13374,TGTGAGTGTGTGTGTCTGTGTGG,0,0,0,0,0.064062332,485,176.9656827,0,-0.065217391,0,0,0,0
13375,TGTGAGTGTGTGTGTCTGTGTGA,0,0,0,0,0.064062332,485,176.9656827,0,-0.260869565,0,0,0,0
13376,AGTGACTGAGTGAGTGTGTGTGA,0,0,0.013767482,0,0.142724794,455,186.9285844,0,0.239130435,0,0,0,0
13377,GGGGGAGGGGAGTTTGTTACTGG,0,0,0.125,0,0.116171344,485,164.806305,0.252173913,0.52173913,0,0,0,0
13378,GAAGTGTGAGTGTGTGTGTGTGG,0,0,0.102564103,0,0.601049167,552.5,196.1575689,0,1.717391304,0,0,0,1
13379,GGTGTGCGTGTGTGTGCATGTGA,0,0,0.007211538,0,0.122948862,552.5,186.1453856,0,-0.326086957,0,0,1,0
13380,GTGAAGGCCAGTGAGGAGAGCAG,0,0,0.031674208,0.112532218,0.112532218,552.5,197.7424093,0,-0.565217391,0,0,0,0
13381,GCCACCACAATGCCTGGCCCTGA,0,0,0.001734377,0,0.250277666,455,172.5755356,0,0.260869565,0,0,0,0
13382,AAAAGAGAAGAAGCTTCACAAGG,0,0,0,0,0.010324191,392.5,175.1917679,0,NA,0,0,1,0
13383,AAAACCGAACCAGAATTTTTAGG,0,0,0.293647059,0.378608822,0.365828778,522.5,199.473242,0,0.065217391,0,0,0,0
13384,GGCATTGGGGCTGGGTGTGGTGG,0,0,0,0,0.065950602,455,183.3164156,0.034782609,0.130434783,0,0,1,0
13385,GTACACAAACCATGGACTGATGG,0,0,0.067878788,0,0.095709979,455,165.191479,0,-0.260869565,0,0,0,0
13386,GGTGTGTGTGTGTGTGTGTAGAG,0,0,0.024747475,0,0.155313909,485,155.8281887,0,-0.217391304,0,0,0,0
13387,GAGCTGTTTTAGTTGTTCTCAAG,0,0,0.045433914,0.385203768,0.385203768,425,203.8522158,0.273913043,-0.043478261,0,0,0,0
13388,CCCTCTGTCTCTGGACGAGTTGG,0,0,0.135989011,0.016520168,0.015962525,417.5,144.4519209,0.004347826,0.282608696,0,0,0,0
13389,AACTGAGAAGAAAAAGTACAGAG,0,0,0.045047763,0,0.05918204,357.5,173.9795468,0.017391304,-0.47826087,0,0,0,0
13390,TGTGTGTGTGTGTGTGCGTATGG,0,0,0.204545455,0,0.426140229,552.5,176.8142997,0,0.108695652,0,0,0,0
13391,GAATTCAAAGCACAGATTGCAAG,0,0,0.027786638,0,0.223964003,455,186.5526484,0,-0.108695652,0,0,0,0
13392,AAGCCACTCCACCCGGCCTCAGA,0,0,0.001450893,0,0.240310978,522.5,202.6789944,0.556521739,-0.434782609,0,0,0,0
13393,GAAGAAAAAGCAGAGATTGCAGG,0,0,0.056521739,0,0.135498222,455,186.0549844,0.065217391,0.413043478,0,0,0,0
13394,AAGTCCCAGAAGGAGAAGAAGGA,0,0,0.024286685,0,0.36592984,522.5,202.3257622,0,-0.695652174,0,0,0,0
13395,TGATTCCCTACTGCACCACCAGG,0,0,0,0.250819,0.250819,552.5,196.0462377,0,0,0,0,1,0
13396,GCCTCTTTCCCTGCCAACTCAGA,0,0,0.000133915,0,0.041724123,290,143.860868,0.182608696,0.02173913,0,0,0,0
13397,TGTGAGTGAATGTGTGTGTGTGG,0,0,0.435555556,1.188203704,1.188203704,560,194.4221525,0.004347826,-0.543478261,0,0,0,0
13398,CATTTATTTTTATTGTTCTCTAG,0,0,0.039173789,0,0.473675365,522.5,210.6559323,0.082608696,0.347826087,0,0,0,0
13399,GGTGTCTGTGTGTGTGTGTGTGG,0,0,0.069421488,0,0.213926133,552.5,191.1798046,0,0.347826087,0,0,0,0
13400,GACCCCCGCCCCCACCCCTCGGG,0,0,0,0,0.019414315,357.5,180.9424888,0,-0.086956522,0,0,1,0
13401,GGCCAAGCAGCTGGAGGTGGTGG,0,0,0.112364946,0,0.482379464,622.5,211.2923156,0.004347826,0.02173913,0,0,0,1
13402,CTTGCTGCACAGGACAATAAAGG,0,0,0.305882353,0.035039743,0.033913968,455,182.4055395,0.1,0.217391304,0,0,0,0
13403,CCCTGTTTCTCTGGGTGGCCCAG,0,0,0.001811216,0.036762163,0.036141705,387.5,134.7241978,0,-0.304347826,0,0,0,0
13404,AACTGAGATGAAGAGGAACACGG,0,0,0.12,0.730827942,0.730827942,560,194.9261086,0,-0.739130435,0,0,0,0
13405,GGCAATGAGGCTGGAGATGGGGA,0,0,0.024074074,0,1.144757433,560,195.025752,0,0.086956522,0,0,0,0
13406,GGAGAGTGTGTGAATGCGTGTGA,0,0,0.015453297,0,0.049701659,425,193.5737145,0.013043478,0.282608696,0,0,0,0
13407,GCATTCCCGTCTGCAGAACCTGG,0,0,0.127272727,0,0.372455417,552.5,193.1405086,0,-0.130434783,0,0,0,0
13408,CCAGTGGGTAGAGCAGAGCAAGG,0,0,0.148908245,0.036762163,0.036141705,387.5,134.7241978,0,0.130434783,0,0,0,0
13409,GAGTCCTCCCAGAAGCAGAATGA,0,0,0,0,0.102694193,555,192.468796,0.017391304,-0.282608696,0,0,1,0
13410,GTTGAGTGAGTGTGTCCTGGAGA,0,0,0,0,0.01681386,417.5,145.5002409,0.2,-0.195652174,0,0,0,0
13411,CCAGCTTCCTCTCTGCTCACTGG,0,0,0.35028699,0.221326411,0.221326411,522.5,197.687258,0,0.456521739,0,0,0,0
13412,GGTGGGTGGGTGTGGGTGTGTGG,0,0,0.0112,0,0.094763973,455,178.758767,0,-0.608695652,0,0,0,0
13413,GGGTGGGGGGAGTTCTGTGCAGG,0,0,0,0,0.007295024,345,135.9704415,0,-0.565217391,0,0,0,0
13414,GGACACAAAGAATAAACTTCTGA,0,0,0.026143791,0,0.074184075,357.5,167.7748948,0,-0.02173913,0,0,0,0
13415,AAATGAGAAAAAGACTCAAATGG,0,0,0,0,0.019133259,387.5,151.9648162,NA,-0.413043478,0,0,0,0
13416,TCCTTCCAGCCAGAGACACTCAG,0,0,0.061279461,0.434296023,0.426140229,552.5,177.2290197,0,-0.086956522,0,0,0,0
13417,AATTTAGAGGAAGAGTCACACGG,0,0,0,0,0.155758982,552.5,196.1354738,0,0.086956522,0,0,0,0
13418,TGTGTGTGAGTGTGTGTGTTAGG,0,0,0.118787879,0,0.268517165,485,159.787969,0,0.02173913,0,0,0,0
13419,AGATGAGAAAAAGAAGCACCAGG,0,0,0.159714795,0.172149493,0.172149493,455,162.6236421,0.008695652,-0.065217391,0,0,0,0
13420,AGTGAGTGTGGGTGTGAGTGCAG,0,0,0.026133333,0,0.206712756,455,188.0240249,0,0,0,0,0,0
13421,TTTAACACCAGTGAGTAGGTTAG,0,0,0.034027778,0,0.216620121,485,150.7864001,0,-0.195652174,0,0,0,1
13422,TGCACAGCGGCTGCAGGAGGGGA,0,0,0.017195767,0,0.027974998,455,180.3514981,0.143478261,0.326086957,0,0,0,0
13423,CCCTGTTGCTCAGGATGGAGCAG,0,0,0.015337691,0,0.210633958,455,168.8633019,0,-0.195652174,0,0,0,0
13424,CCTGCTTCTACTCTACACACCAG,0,0,0.104855967,0,0.187530741,552.5,187.4763882,0,-0.217391304,0,0,0,0
13425,GGGTGGTGGGAGTTGTCTGCAGG,0,0,0,0.01490737,0.01490737,387.5,154.5733718,0,0.108695652,0,0,1,0
13426,GACTCCTTCCATCCCCCCTCGGA,0,0,0,0,0.086880194,455,190.9386929,0,0.173913043,0,0,0,0
13427,ATGAAATACAGTGAGAAGAGAAG,0,0,0.062236953,0,0.101685739,555,194.6425924,0,-0.152173913,0,0,0,0
13428,GGGGTGGAGGAAGGGGGAGTTAG,0,0,0.026281243,0,0.155902215,425,194.6200579,0,0.108695652,0,0,0,0
13429,GATGATTACTACATCCACAAAAG,0,0,0.104320988,0.256448054,0.251888977,552.5,194.0447241,0.07826087,-0.043478261,0,0,0,0
13430,GTCACCTCCAGTGGCTCAGGAAG,0,0,0.009607843,0.008650034,0.008517466,290,154.9212873,0,0.239130435,0,0,0,0
13431,GGCAATGCGGCGGGCGGCGGCGG,0,0,0.033395176,0,0.038847448,357.5,170.5652247,0.017391304,-0.02173913,0,0,0,0
13432,CCCTCTTTCCCTCCCTCCCTGGA,0,0,0,0,0.044584035,387.5,163.4474737,0.013043478,-0.043478261,0,0,0,0
13433,CTTGCCCCACAGCAGAGTGAGGG,0,0,0.005921053,0.006644418,0.006644418,295,153.1064733,0,0.02173913,0,0,0,0
13434,ATTTACCACTACATGCTCATCGA,0,0,0.000550964,0,0.186915845,455,166.7417785,0,0.108695652,0,0,0,0
13435,GGCGCGTGAGTTGGTGCGTGTGG,0,0,0.021500239,0,0.268601546,425,200.168259,0,0.304347826,0,0,0,0
13436,GTCTGCGATCAGAAGAAGAAAGG,0,0,0.08951049,0.835102675,0.822304167,620,213.1838996,0,-0.130434783,0,0,0,0
13437,GAGAACAAAGCACAGACTACAAG,0,0,0.075236825,0.19375862,0.190314023,455,177.5510795,0,-0.130434783,0,0,0,0
13438,GCCACTGCGCCTGGTGGTGACAG,0,0,0.013461538,0,0.172149493,455,162.6236421,0,-0.347826087,0,0,0,0
13439,TTTATGGAGGAATGTGCAGTAAG,0,0,0.003881957,0.161081177,0.161081177,455,183.2388674,0,0.065217391,0,0,0,0
13440,GAATTGGTTTCATTATTCACTAG,0,0,0.035541886,0.091644323,0.09001509,455,171.3337977,0,-0.326086957,0,0,0,0
13441,GACCCCTACCACCCCATCTCAGG,0,0,0.303333334,0,0.064709107,485,175.4424653,0.02173913,-0.413043478,0,0,0,0
13442,TTCATTTTAGTCATTCGCTGAAG,0,0,0,0,0.063433242,485,179.139479,0.056521739,0.260869565,0,0,0,0
13443,AGAATGAAAGAATGAGGAGTTGG,0,0,0.482142857,0,0.561633746,620,212.3290388,0.6,-0.195652174,0,0,0,0
13444,GCCTCCCCACAGCCCCGCCGTGG,0,0,0,0,0.025328791,387.5,145.5752162,0.030434783,-0.282608696,0,0,1,0
13445,AACTGAGAAGAAGATACATAGGA,0,0,0.001962323,0,0.022668515,387.5,156.4285526,0,0.152173913,0,0,0,0
13446,GGCACCATAGTCATTGCCTGAGA,0,0,0.009815705,0,0.176585759,552.5,198.0000733,0,-0.195652174,0,0,0,0
13447,TGTGAGTGTGTGTGTGACTGAGA,0,0,0.009259259,0,0.073001262,485,168.8307753,0,-0.47826087,0,0,0,0
13448,GACACAGCTGCTGGAGGAGGCAG,0,0,0.067599451,0,0.114716268,552.5,187.7909024,0,0.434782609,0,0,0,0
13449,AAATCAGAAGAAAAGGAATACAG,0,0,0.040499671,0,0.070548661,387.5,156.6782485,0.12173913,-0.434782609,0,0,0,0
13450,GCCCCCCACCAGCCAGCCTCCAG,0,0,0.016095107,0,0.198201266,425,193.937061,0.060869565,-0.195652174,0,0,0,0
13451,GGGAAAGAACCAGCATTTGTTGA,0,0,0.017857143,0,0.12320888,492.5,170.0307753,0,0.086956522,0,0,0,0
13452,GGTGAGAGAGAGAGTGCTTGGAG,0,0,0.078525641,0,0.041137344,357.5,175.6640817,0.039130435,0.239130435,0,0,0,0
13453,GGGAGGGAGGAATGAGGACTCAG,0,0,0.071146649,1.127118644,1.127118644,560,188.3636801,0.156521739,0.282608696,0,0,0,0
13454,GGTGGGTGAGTGGGTGGGGGAGG,0,0,0.002762148,0,0.070548661,387.5,156.6782485,0.02173913,0.195652174,0,0,0,0
13455,AAATGAGAAAAATAGGAAAAAGA,0,0,0.003888889,0,0.061843976,387.5,152.974832,0.27826087,-0.02173913,0,0,0,0
13456,CACTTGTTTTCCTTGTTTTATGG,0,0,0.060418904,0.068543427,0.067256227,387.5,148.9229663,0.07826087,-0.260869565,0,0,0,0
13457,TGCAAGGAGGAATGAGAGGTGGG,0,0,0.071794872,0.117805637,0.117805637,485,170.9742357,0,-0.043478261,0,0,0,0
13458,GGGTGCTGGGGGTCTGCTCCAGG,0,0,0.072356215,0.048116018,0.046641198,425,197.1615668,0.086956522,0.108695652,0,0,1,0
13459,GTGGAGTGAGTGTGGGTGTGAGA,0,0,0.000515572,0,0.161081177,455,183.2388674,0.004347826,-0.065217391,0,0,0,0
13460,GGGTGGGGGCAGTGGGCTCATGG,0,0,0,0,0.021941801,357.5,151.2244574,0,0.630434783,1,0,1,0
13461,AAATGTTAAGAAGAGTCAGATAG,0,0,0,0,0.033652831,485,166.9944094,0.065217391,0.217391304,0,0,0,0
13462,GAGAAAGACCCACCCTCAGTGAG,0,0,0.013564483,0,0.032186532,357.5,169.8303246,0.026086957,-0.369565217,0,0,0,0
13463,TGGCAGCAGGAATGCGGAGTTAG,0,0,0.008578431,0.270578527,0.261885241,522.5,200.4478776,0,-0.760869565,0,0,0,0
13464,GCTTCTTCCCCACCCACACTTGG,1,0.006644205,0.102122016,0.098130981,0.09638643,485,159.4008498,0.013043478,0.413043478,0,0,0,0
13465,GGGTGGGGGAAGTTTATTTCTGA,0,0,0.013960114,0,0.027486212,417.5,145.1857267,0,-0.869565217,0,0,0,0
13466,GAATTGTTTTCATTGTTGAATGG,0,0,0.016507936,0.041674916,0.040193141,442.5,125.3630669,0,-0.152173913,0,0,0,0
13467,AAATGAGAAAATGAGGCCCAGAG,0,0,0.015363512,0,0.237336648,462.5,182.2688298,0.595652174,-0.5,0,0,0,0
13468,AAATTTGAAGAAGAGGTATATGG,0,0,0.046153846,0,0.11028925,485,164.391585,0,-0.152173913,0,0,0,0
13469,GAGGCTGAGCAGAAGAGGAAGGA,0,0,0.00711222,0,0.692578247,560,196.7543049,0,-0.043478261,0,0,0,0
13470,ATGTCTTTTCCACCCACCTTAGA,0,0,0.024857954,0,0.822304167,622.5,214.4722196,0,0,0,0,0,0
13471,CTTGTCCCACATGGGAGAAATGG,0,0,0.008158508,0,0.038847448,357.5,170.5652247,0.008695652,0.413043478,0,0,0,0
13472,CACATGCATGCAGACACACACAG,0,0,0.00999898,0.228322521,0.224468976,522.5,197.975258,0.291304348,0.326086957,0,0,0,0
13473,CCAGTGAGTCTAGTGGAGGCTGA,0,0,0.006528965,0,0.184812236,432.5,197.5389952,0,1.304347826,0,0,1,0
13474,AAATCAGAAGACGAGGCTCCCAG,0,0,0.006091618,0,0.063669228,387.5,147.6346463,0,0.065217391,0,0,0,0
13475,ATGACCCCAAGAGAGTAGAGTGG,0,0,0.15,0,0.280247265,522.5,203.8526184,0.026086957,0.282608696,0,0,0,1
13476,GGCACCGCGGCCGGAGCTGTGGG,0,0,0.141851956,0,0.071832964,387.5,151.5742046,0,0.434782609,1,0,1,0
13477,CGTGAGTGAGTGTGAGCAGGAAG,0,0,0.018556005,0,0.027674303,387.5,148.8216452,0,-0.673913043,0,0,0,0
13478,AACATCAGTGAAAAGAGCTGTAG,0,0,0.071069671,0.093305235,0.090155691,357.5,169.9482591,0,-0.108695652,0,0,0,0
13479,GGCCCAGGGGCTGGAGGTGAGAG,0,0,0.047794118,0,0.39945125,552.5,176.3029991,0.1,0.130434783,0,0,0,0
13480,GAAGACAAACCATAGACTGGAAG,0,0,0.003050109,0,1.286963492,560,177.3970637,0,0.282608696,0,0,0,0
13481,CTTTCTCCTCAGGGGAGTAAAAG,0,0,0.002626263,0.1464432,0.141738197,522.5,198.3736141,0,-0.326086957,0,0,0,0
13482,GAGTGGGGTGAGTCTGCCCCTGG,0,0,0.055259027,0.028763793,0.028252436,455,177.9377017,0,-0.304347826,0,0,1,0
13483,GGGCTCCCTGCTGCAGCACGTGG,0,0,0.006343714,0.621681207,0.599576987,552.5,175.6690637,0,-0.086956522,0,0,0,0
13484,TGAATGGAGCAGTGAGGATTGAG,0,0,0.03744856,0.226868814,0.222835591,455,175.2161632,0.891304348,-0.586956522,0,0,0,0
13485,CTGAATATCAGTGGGTAGAGAGA,0,0,0.022569444,0,0.135502769,522.5,202.6750144,0.017391304,0.086956522,0,0,0,0
13486,CGGGCTGCGCCTGGAGGTGGAAG,0,0,0.023148148,0,1.299248042,620,212.8066636,0.02173913,0.260869565,0,0,0,0
13487,CCCTGCGTCTCTGGGAGGCTTGG,0,0,0.111142776,0.013431611,0.013204918,387.5,155.1705686,1,-0.043478261,0,0,0,0
13488,GGTGTGTGTGGGTGTGGGTGTGG,0,0,0.00513369,0,0.196246288,455,186.7357049,0,0.369565217,0,0,0,0
13489,AAAAGAGAAGCACAGGCCCATGA,0,0,0.001060853,0,0.063280011,357.5,177.1736625,0,1.804347826,0,0,0,0
13490,TGGATGGACGAATGAGTGGGTGA,0,0,0.000659879,0,0.027507403,417.5,131.6931754,0.017391304,-0.717391304,0,0,0,0
13491,ATGAACACCAGGCAGAAGAGCAG,0,0,0.049618997,0.079468745,0.079468745,365,185.8961531,0,-0.347826087,0,0,0,0
13492,CGTGTGTGTGTGTGTGTGTGGGG,0,0,0.072727273,0,0.372455417,552.5,192.9657886,0.004347826,-0.086956522,0,0,0,0
13493,AATTGTGAAAAAGAGGAACACAG,0,0,0.056935367,0,0.317950254,552.5,190.9081685,0.891304348,-0.108695652,0,0,0,0
13494,GGCATGGAGGAATGAGGAAAGAG,0,0,0.038322185,0.22076596,0.216620121,485,150.7864001,0,0.652173913,0,0,0,0
13495,GTCTCTTGCCCACCCACGTCAGG,0,0,0.008080808,0,0.136699648,485,153.2992498,0,-1.804347826,0,0,0,0
13496,GACACCCATGTCCTGCCTATCAG,0,0,0.005729167,0.05485428,0.05392847,455,175.8981443,0,-0.630434783,0,0,0,0
13497,GGGGAATGAGTGTGTATGTGAGG,0,0,0.233333334,0,0.059378332,485,178.611479,0,-0.673913043,0,0,1,0
13498,GGTGAATCAGTGAGTGAGTGGAG,0,0,0.051545036,0,0.128968187,455,183.8287674,0.313043478,0.456521739,0,0,0,0
13499,AAATGAGAAAAAAAGGACCAGAG,0,0,0.019854384,0,0.036711469,387.5,158.2994987,0.913043478,0.260869565,0,0,0,0
13500,GGCAAAAACCCAGCATCTGAAGG,0,0,0.13907967,0,0.087148938,485,153.727886,0,-0.239130435,0,0,0,0
13501,GAACACCAAGAACAAACTGCTAG,0,0,0.063209494,0.055359709,0.05366286,327.5,186.8803934,0,-0.065217391,0,0,0,0
13502,GAGCCCCTGCTCCCAGCCTCAGA,0,0,0.001469724,0,0.134695296,425,194.2751144,0.960869565,0.413043478,0,0,0,0
13503,GGAACTGCACCTGGAGGAGGAGA,0,0,0.01031746,0,0.172189308,552.5,184.2971499,0,-0.608695652,0,0,0,0
13504,GGTGTGTGTATGTGTGAGTGTGG,0,0,0.095030303,0,0.325662758,552.5,187.9740522,0,-0.195652174,0,0,0,0
13505,GGTGGGTGAGTGTGTGCACATGA,0,0,0.008952255,0,0.040763835,442.5,124.6027469,0.013043478,-0.065217391,0,0,0,0
13506,CACCCCCTCCCCCCAGCCTCTGG,0,0,0.063492063,0,0.468666667,432.5,199.9628947,0.326086957,-0.260869565,0,0,0,1
13507,GGTGTGTGTATGTGTGAGTGTGA,0,0,0.006599327,0,0.325662758,552.5,187.9740522,0.056521739,-0.152173913,0,0,0,0
13508,GAGGAATAGCAGAAGAAGAAAGA,0,0,0.013160026,0,0.539222871,625,212.8689152,0.030434783,-0.804347826,0,0,0,0
13509,TTGAGCATCAGTGATTAGAGGAG,0,0,0.023333333,0.416921397,0.402848101,522.5,200.6048415,0.813043478,-0.043478261,0,0,0,0
13510,TGGGTGGGGGACTGGGGAGTGGG,0,0,0.078399123,0.194911618,0.188649398,425,193.303461,0,-0.02173913,0,0,0,0
13511,CACTTGCTTTCCTTGGTCTCCAG,0,0,0.011597503,0,0.091513804,455,191.8122929,0,0.413043478,0,0,0,0
13512,GGGGAATGAGTGTGTGTGAGAGA,0,0,0.00462963,0,0.114544945,485,165.151905,0,-0.891304348,0,0,0,0
13513,CTTGCATCACAGGCCAGTAGAGG,0,0,0.247261405,0.039940895,0.038592679,455,166.2540506,0,-0.173913043,0,0,0,0
13514,CCCTGGTTCTCTGGATGGATGGA,0,0,0.022675737,0,2.156891484,635,217.4308352,0.17826087,0.239130435,0,0,0,0
13515,ATCCACACCAGTGGGTAGAGCGA,0,0,0.004399196,0,0.413535704,530,207.3592154,0.147826087,-0.065217391,0,0,0,0
13516,GCACACAAAGAATATACTGGAAG,0,0,0.001283847,0,0.103738294,357.5,161.3852948,0,-0.413043478,0,0,0,0
13517,TGGAGTGAGGAACAAGGAGTGAG,0,0,0.065497076,0,0.049912363,425,194.9871908,0.42173913,0.02173913,0,0,1,0
13518,GTTGAGTGTGTGTGTGTGTGTAG,0,0,0.046195286,0.764011111,0.741204809,560,195.2141086,0.026086957,-0.434782609,0,0,0,0
13519,GTCATCCCATTTGCAGCACCCAG,0,0,0.02020202,0.478372972,0.478372972,522.5,208.2421359,0.073913043,0.282608696,0,0,0,0
13520,CTATGAGAAGTAGAGGCACAGGG,0,0,0.191808192,1.562222222,1.562222222,530,213.9299163,0,-0.260869565,0,0,0,0
13521,ATGAAATCAAGTGAGAAGAGAAG,0,0,0.082070707,0,0.062129987,552.5,193.782629,0.008695652,0.304347826,0,0,0,0
13522,GGGTGAGGGGAGTGGGCTGCAAG,0,0,0,0.011635524,0.011439144,357.5,160.8198098,0,-0.043478261,0,0,1,0
13523,GGCCCCCTCCACCAGGCCTCAGG,0,0,0.014,0,0.118733646,432.5,194.3137938,0,-0.47826087,0,0,0,0
13524,CCTGTGAGCAGAGAAGAGGCTGA,0,0,0.01490551,0,0.03616144,425,188.8660134,0,-0.347826087,0,0,0,0
13525,GCGTCCGCCAAGAAGAAGAAAGG,0,0,0.157142857,0.792383078,0.768095474,622.5,206.9086663,0,0.086956522,0,0,0,0
13526,GCTGAGTGAGTGTATGCGTGTGG,1,0.087212857,0.519230769,1.505851064,1.505851064,537.5,209.7208154,0.02173913,-0.043478261,0,0,0,0
13527,AAATGAGAAGAAGGGAGAAATGA,0,0,0.000816993,0,0.004055816,320,138.5382785,0.026086957,-0.195652174,0,0,0,0
13528,GCACACAGAGCACTGACTGCCAG,0,0,0.062897986,0,0.086676978,425,194.7216779,0,-0.043478261,0,0,0,0
13529,AAACACAAGTCATAGACTGAGAG,0,0,0.063194444,0,0.392475151,552.5,173.1108833,0.369565217,0,0,0,0,0
13530,ATATGAGATGAAGAATCACACAG,0,0,0,0,0.042336113,455,183.5047722,0,-0.173913043,0,0,0,0
13531,CCCTGTGCTCATGGATGGATTGA,0,0,0.024305555,0,0.407554835,527.5,200.9185826,0.086956522,0.217391304,0,0,0,0
13532,CACCCCCCCCACCCCGCCTATGA,0,0,0.024801587,0,1.492090395,560,180.1625831,0,2.195652174,0,0,0,0
13533,GGTGTGTGTGTGTGTGTGCGAGG,0,0,0.028087774,0,0.111383028,485,162.2177886,0,-0.195652174,0,0,0,0
13534,CCAATCCATGGAGACACACATAG,0,0,0.005957725,0.203034972,0.203034972,425,193.2431583,0.017391304,-0.239130435,0,0,0,0
13535,CCAATGAGTAGAGTGGAAGAGAG,0,0,0.059230769,0.019630935,0.019281941,387.5,144.1262821,0,-1.217391304,0,0,0,0
13536,CTTGGTAGACAGGGCAGTAAGGA,0,0,0.018654337,0,0.539222871,625,210.6426982,0.239130435,0.086956522,0,0,0,0
13537,GGGAAGTGAGTGAGTGTGTGAAG,0,0,0.037692308,0.22854304,0.220828507,455,187.3129684,0.339130435,0.717391304,0,0,0,0
13538,GGCTCTGCAGCTGGAGGTGCAGA,0,0,0.012175325,0,0.853783598,560,178.4290197,0.226086957,1.913043478,0,0,0,0
13539,TTGTTGGAGGAAGTAGGAGTAAG,0,0,0.007303603,0,0.086676978,425,196.9478948,0,-0.130434783,0,0,0,0
13540,AGATGTGAAGGAGAGGCACCCGG,0,0,0.084415584,0,0.234185328,455,173.8063324,0,-0.02173913,0,0,0,0
13541,AGAGTCCCTTCTGCATCAGCTGA,0,0,0,0,0.090617958,485,170.2899742,0,-0.260869565,0,0,0,0
13542,TGGAAGGAGGAAGGAGATGTGGA,0,0,0.004227053,0,0.043896945,387.5,162.0029151,0.595652174,0.673913043,0,0,0,0
13543,TCTATCCATCCAGAAACAAAGGA,0,0,0.019257703,0,0.139218687,455,173.7169785,0,0.043478261,0,0,0,0
13544,AAGTCCAAGCAGGAGGAGAATAG,0,0,0.029264214,0.071983419,0.071983419,455,190.0290728,0.004347826,-0.282608696,0,0,0,0
13545,AGTGAGTGAGTGTTTGTGTGTGA,0,0,0.007777778,0,0.192228395,462.5,187.7747043,0.034782609,0.130434783,0,0,0,0
13546,GCCATCCATCCTGACAGACAGGG,0,0,0.004882585,0,0.08037722,357.5,176.2907669,NA,-0.152173913,0,0,0,0
13547,AAATGAAAAACAGAGGAACAAGA,0,0,0.012098765,0,0.192304556,455,184.608888,0,0.043478261,0,0,0,0
13548,CCATTGAGTATAGGGGAGACAAG,0,0,0,0.041244131,0.041244131,357.5,169.7091317,0.07826087,0.239130435,0,0,0,0
13549,GGCCCTGTGGCTGGAGGGAGGAG,0,0,0.019063181,0,0.097755,485,159.0552498,0.27826087,-0.217391304,0,0,0,0
13550,CGTATGGAGGAATGATGAGTAGG,0,0,0,0.550811624,0.534369486,560,202.5835741,0,0.173913043,0,0,0,0
13551,GACCACCCGCACCCCACCTCTAG,0,0,0.091710758,0,0.15035753,552.5,193.5636568,0.056521739,3.869565217,1,0,1,0
13552,ATGTGAGAAAAAGGGGCACAAAG,0,0,0.050187471,0,0.20338988,522.5,201.8010789,0.039130435,-0.02173913,0,0,0,0
13553,GACCCCGTCCACCCCTCATCCAG,0,0,0,0,0.064811944,492.5,175.30506,0,-0.065217391,0,0,0,0
13554,AAATGTGGAGAAGAGGGTCATGG,0,0,0.015406162,0,0.068624422,485,167.9047547,0,0,0,0,0,0
13555,AATGCAGACAACATCCTCAAGGG,0,0,0.18727491,0,0.496624264,622.5,208.7507788,0.134782609,0.347826087,0,0,0,0
13556,AGGATGGAGAAATGGGAAGTGGG,0,0,0.566222222,0,0.150462235,455,179.0151309,0.008695652,0.326086957,0,0,0,0
13557,GCCTCATTCACACCCAGCTGTGA,0,0,0.000541458,0,0.134467805,485,154.2985686,0.056521739,0.217391304,0,0,1,0
13558,CATGCGTGCGTGTGTGCGTGTAG,0,0,0.044770045,0,0.833979885,620,213.7118996,0.065217391,0.217391304,0,0,0,0
13559,ATGAAAACCAATGGGTAGTGGGA,0,0,0.016203704,0,0.023689272,357.5,168.7967477,0,-0.260869565,0,0,1,0
13560,CATCCCTGGGCTCTACTCACTAG,0,0,0.039724981,0,0.833979885,620,211.0268027,0,-0.043478261,0,0,0,0
13561,CCCCTTCATCCAGTGCCACAGAG,0,0,0,0.023306476,0.023306476,455,187.6128055,0,-0.391304348,0,0,0,0
13562,GGCCTAGACCGATCATGTGAGGG,0,0,0.031328671,0,0.087711102,455,186.1321972,0,-0.02173913,0,0,0,0
13563,CCTTCCTCCTCCCAACTCACTGA,0,0,0.012032923,0,0.096597642,425,193.9793785,0.139130435,0.304347826,0,0,0,0
13564,AACTTGTTATTAATGTTCTCCAG,0,0,0.046153846,0.197265749,0.197265749,425,199.5108154,0.130434783,-0.5,0,0,0,0
13565,GAGTGCGAACGAAAGAAGAAGGA,0,0,0.01625,0,0.227726547,425,200.0057155,0.039130435,-0.304347826,0,0,0,0
13566,GACAGCCATGTCCTACCCAAAAG,0,0,0.014259259,0.120854801,0.120854801,455,164.1838777,0.252173913,-0.173913043,0,0,0,0
13567,GGGCGGGGGGCCTTTGCGCCGGG,0,0,0.04567474,0,0.080449006,357.5,178.9568826,0,0.47826087,0,0,1,0
13568,GTGACCGAGAAGGAGAAGAATGA,0,0,0.013593492,0,0.509948268,522.5,203.595343,0,-0.369565217,0,0,0,0
13569,GTCACCCTCCACCCCTCCCCAGG,0,0,0,0,0.085785,485,170.0499742,0,-0.543478261,0,0,1,0
13570,GGCATTGAGGCTGGAGAGGGTGA,0,0,0.008936588,0,0.113428797,485,168.4024187,0,-0.304347826,0,0,0,0
13571,TAGATGGCGGAAGGAGGAGGGAG,0,0,0.004328153,0,0.26991206,455,169.2232626,0.252173913,0.152173913,0,0,0,0
13572,CCCCTCCTCCACCCGGCCTCGAG,0,0,0.00462963,0,0.402848101,522.5,203.4646584,0.030434783,-1.065217391,0,0,0,0
13573,GTCTTTTTTTAATTTTTCTCAGA,0,0,0.003607504,0,0.135266321,425,196.7369107,0,-0.304347826,0,0,0,0
13574,AGGATAGAGGAATGAGAAATTGA,0,0,0.046296296,0,0.122716208,485,165.679905,0,0,0,0,0,0
13575,GCCTCTCTGCCACCCTCCTGGAG,0,0,0,0.045764147,0.044991756,485,158.431013,0.073913043,-0.152173913,0,0,0,0
13576,GACCCCCCCCCCCCCCCCGCCGA,0,0,0,0,0.043021694,387.5,161.8336735,0,0.043478261,0,0,0,0
13577,CTTGCACCACAGGTAATTAATAG,0,0,0.003566529,0.013749123,0.013307384,357.5,170.5816987,0,-0.456521739,0,0,0,0
13578,GAGGGCGGGGAGTTTGCTACTGG,0,0,0.154532967,0,0.30174375,552.5,185.5524161,0.069565217,0.152173913,0,0,0,0
13579,GTCCCCCACCACCATGCCTCCAG,0,0,0.003519641,0,0.060024367,425,190.0139768,0,0.152173913,0,0,0,0
13580,TGGATGCAGAAATGAGAAGAAAG,0,0,0.087337963,0.15441023,0.15180415,485,153.7013718,0,0.304347826,0,0,0,0
13581,GCCCCTTACCCATCCACCCTGGG,1,0.001413661,0.099959432,0.19301625,0.19301625,455,174.9792626,0,-0.52173913,0,0,0,0
13582,AAAAAAGAAGAAGAGACACCAGG,0,0,0.093795094,0,0.113563,485,162.6120542,0,0.02173913,0,0,0,0
13583,GGATCCCCAAGCCCTGGCCAGGG,0,0,0.207468031,0.391492809,0.385203768,425,204.4858158,0.886956522,-0.260869565,0,0,0,0
13584,GGTGTGTGGGTGGGTGAGTGTGG,0,0,0.029512517,0,0.136842006,455,183.466468,0.052173913,0.347826087,0,0,0,0
13585,GGTATGTGAGTGTGTGTGAGAGA,0,0,0.003030303,0,0.19201875,485,165.303969,0,-0.217391304,0,0,0,0
13586,CAGACCACCAGTGGGTAGAGTGA,0,0,0.011752137,0,0.223971519,522.5,206.0324954,0.030434783,0.173913043,0,0,0,0
13587,GAGCCACCCCACCCAGCCTCTGA,0,0,0.007164903,0,0.240310978,522.5,199.5791775,0.030434783,0,0,0,0,0
13588,AAGAATCACTACATCCTTAAAGA,0,0,0.018654337,0,0.185123143,552.5,190.5890827,0,-0.02173913,0,0,0,0
13589,GATGTGTGTGTGTGTGTGTGGGA,0,0,0.005982906,0,0.372455417,552.5,192.7257886,0.291304348,-0.369565217,0,0,0,0
13590,TGTGTGTGAATGTGTGTGTGCAG,0,0,0.041062477,0,0.56142625,552.5,191.9338325,0,0,0,0,0,0
13591,AACTGAGAAAAACAGACACAGGG,0,0,0.168421053,0,0.09086204,455,186.8925172,0.047826087,-0.413043478,0,0,0,0
13592,ATGAAAATCAGTGGGCAGAGAAG,0,0,0.065534979,0.022545448,0.022183273,455,185.3865885,0,0.543478261,0,0,0,0
13593,GGCTCTTGCCCACTCACTTTAGG,0,0,0.240496894,0,0.046239667,455,178.7976651,0.008695652,0.130434783,0,0,0,0
13594,TGTGAGTGTGTGTGTGGATGCGG,0,0,0.024434389,0,0.073001262,485,168.8307753,0.134782609,-0.065217391,0,0,0,0
13595,ACCTCCCCACAGCCAGGCCACGG,0,0,0.17368421,0,0.777733333,530,201.201242,0,-0.826086957,0,0,0,0
13596,GGCTGCCCTAAGCCTGGGCATGA,0,0,0.002318841,0,0.189613667,552.5,188.2885664,0,-0.217391304,0,0,0,0
13597,GCCTCTCCAAAACCAGGCAAGAG,0,0,0.055750487,0.038420656,0.037772206,357.5,164.742894,0.704347826,-0.217391304,0,0,1,0
13598,GACATCGAATCAGAATGTTTGGG,0,0,0.057250708,0,0.142843894,455,177.7268109,0,-0.260869565,0,0,0,0
13599,GGTATCTCTTCGGCAGCAGCTGG,0,0,0.035845588,0.168242563,0.165251584,455,177.8247188,0.313043478,0.456521739,0,0,0,0
13600,GAAACCTCAGCAGAGTTGTTAGA,0,0,0.004913076,0,0.208990259,552.5,187.765669,0,-0.413043478,0,0,0,0
13601,GCCTGTGTATGTGGATGAATAAG,0,0,0.035117057,0,0.105235585,455,183.5868027,0.517391304,0.652173913,0,0,0,0
13602,GGTGTGTGTGCGCGTGCGTGTGG,0,0,0.114832536,0,0.17912637,425,198.2224954,0,0,0,0,1,0
13603,TGTGAGTGGGTGTGTGGGTGTGG,0,0,0.039215686,0,0.788265432,560,195.4541086,0.160869565,-0.347826087,0,0,0,0
13604,AACCTCCTCCACCCGGGCTCAAG,0,0,0.00043672,0,0.163368333,455,182.7185474,0.1,-0.652173913,0,0,0,0
13605,GAGAGGGAGAAGAAGAAGAAAGG,0,0,0.123809524,0,0.760552802,622.5,210.2603596,0.039130435,0.173913043,0,0,1,0
13606,GAAGGAGAAGAAGAGACAAATGA,0,0,0.01860119,0,0.090617958,485,170.2899742,0.8,0,0,0,0,0
13607,AATTATGACTAAATCCTCAAAAG,0,0,0.029425912,0,0.277495246,522.5,206.4411348,0.660869565,1,0,0,0,0
13608,GTGACCTAGAATTACTAGGGTGG,0,0,0.060357143,0,0.333568181,522.5,202.1130822,0,-0.217391304,0,0,0,0
13609,TGCAATGATGCTGGAGGTGGGGG,0,0,0.198095238,0,0.833979885,620,210.8520827,0,-0.391304348,0,0,0,0
13610,GGCGCTGCGGCGGGAGGCCGCGG,0,0,0.060036946,0,0.04809546,387.5,154.4389663,1,-0.369565217,0,0,1,0
13611,ATTTTCTTAGTCATTACCTAGAG,0,0,0.095703125,0,0.687682923,552.5,180.6608001,0,-0.456521739,0,0,0,0
13612,GACACCTAAGGAGAATTTTGCAG,0,0,0.00615148,0.06477143,0.063678242,357.5,159.242114,0,-0.195652174,0,0,0,0
13613,GGGAGAGACCCTGCAGCAGTAGG,0,0,0.044733728,0.025359961,0.024931944,387.5,167.4838204,0.039130435,-0.152173913,0,0,0,0
13614,GTCTTGTTAGTCACTATCTGGGA,0,0,0.002946128,0,0.052168566,455,183.9151203,0,0.152173913,0,0,0,0
13615,GAGGAGGAGGAGAAGAAGAAAAG,0,0,0.018004115,0,0.760552802,622.5,210.2603596,0.104347826,0.369565217,0,0,0,0
13616,TGGATGGAGGATGGAGGAGATGG,0,0,0.048913043,0,0.212175934,365,166.0469791,0,0.260869565,0,0,0,0
13617,GACTTGTTTACACTGACCTCCAG,0,0,0.112580917,0,0.032216187,387.5,166.4344061,0.139130435,0.630434783,0,0,0,0
13618,GCCAGTGTGGCTGGGGGTGGGGA,0,0,0.01640625,0,0.402848101,522.5,200.3648415,0.008695652,-0.630434783,0,0,0,0
13619,CCCATACACCCAGAGACTCAAGA,0,0,0.029761905,0,0.215429612,560,189.2309024,0,-0.043478261,0,0,0,0
13620,CTTGCCCCACAGGGAGGTAATGA,0,0,0.002967711,0,0.240610989,470,190.1045525,0,0.108695652,0,0,0,0
13621,TCCTCCCCAAGGCCTGTCAAAAG,0,0,0.018055556,0.112574373,0.112574373,387.5,161.2358053,0.004347826,-0.152173913,0,0,0,0
13622,GAGAAAAAGCAGAAGAAGAAAAG,0,0,0.065507684,0,0.539222871,625,212.8689152,0.508695652,-0.934782609,0,0,0,0
13623,CATGTCCACGACATCCCCAAAGG,0,0,0.11000764,0,0.56142625,552.5,191.9338325,0,3.782608696,0,0,0,0
13624,GGGTGGGGGCAATTTGCCCCTGA,0,0,0.011111111,0,0.237336648,462.5,182.2688298,0.069565217,-0.304347826,0,0,0,0
13625,GGGGAGTTAGTGTTTGCATGAAG,0,0,0.014957265,0,0.045592311,455,178.5096651,0,0.02173913,0,0,0,0
13626,GAGTCAGAGAAGGTGAAGAAGGA,0,0,0.019438693,0,0.043855756,425,191.2837744,0,0.434782609,0,0,0,0
13627,GGTGAGAGAGTGAGAGAGTGAGA,0,0,0.011365553,0,0.039019591,357.5,172.124366,0,-0.217391304,0,0,0,0
13628,GGCTCAGGGGAGTCTGCTCCAGG,0,0,0.086342229,0,0.1271669,522.5,203.9585114,0.834782609,2.130434783,0,0,0,0
13629,GAGCCACTGCACCCCACCTCCAG,0,0,0.074514991,0,0.094234184,552.5,195.6378098,0,1.717391304,0,0,0,0
13630,GTGTCCAAGAAGAAAAAGAAGAG,0,0,0.153799432,0.257759143,0.253408778,522.5,197.3780612,0,-0.086956522,0,0,0,0
13631,ACATGGGAAGAAGAACCACAGGG,0,0,0,0,0.041920373,455,185.6785685,0,-0.282608696,0,0,0,0
13632,GGGGAGAGAGTGTGGGTGTGTGG,0,0,0.010208333,0,0.10444789,455,181.0956866,0.02173913,-0.173913043,0,0,0,1
13633,AATTACCACAACATCATCAGAGA,0,0,0.016552075,0,0.104591523,485,158.9086378,0.026086957,0.369565217,0,0,1,0
13634,TGCCGAGTCTGAGCACGTGCCAG,0,0,0.015151515,0.710795455,0.697447183,552.5,177.6742631,0,-0.260869565,0,0,0,0
13635,GGTGAGTAAGTGAGAGAGTGTGA,0,0,0.012989204,0,0.057129709,357.5,171.4077299,0,-0.217391304,0,0,0,0
13636,CTGTGGGGGGACCTTGCTCCCAG,0,0,0.049254151,0,0.286208544,425,201.744579,0,-0.260869565,0,0,0,0
13637,ATGAACTTCAGTGAGATGAGGGA,0,0,0.003222327,0,0.064709107,485,175.4424653,0.447826087,0,0,0,0,0
13638,TGGAGGGGGAAATGTGGAGTTGG,0,0,0.087608889,0,0.35314247,522.5,195.613105,0,-0.108695652,0,0,0,0
13639,GTAATCCTTACTGGAGCACCTAG,0,0,0,0.206277769,0.206277769,522.5,199.229262,0,0.065217391,0,0,0,0
13640,GCTTATTTCCAACCCACCTGTGG,0,0,0.051995798,0,0.361308608,455,174.0159964,0,-0.847826087,0,0,0,0
13641,TGTGTGTGCGTGCGTGCGTGAAG,0,0,0.042530569,0,0.355433782,522.5,204.4525791,0,-0.5,0,0,0,0
13642,AAATTAGAAGCAGAGGCATATAG,0,0,0.014358974,0,0.550858209,462.5,182.1335964,0.808695652,3.934782609,0,0,0,0
13643,GGGGAGTGCGTGTGTGTGTGTGG,0,0,0.133333333,0.730827942,0.730827942,560,194.9261086,0.052173913,0.195652174,0,0,0,0
13644,GAGTCAGAGCAGAAGAAAGAGGA,0,0,0.016741071,0,0.111064366,492.5,162.4426828,0,-0.173913043,0,0,0,0
13645,GACATGAATGTCCTCCCTAAAGG,0,0,0.180803571,0,0.050766209,485,152.469902,0,-0.065217391,0,0,0,0
13646,CACTTGTTTTCTATTTTCTCCAG,0,0,0.006105006,0,0.07670389,327.5,187.7775574,0,-0.826086957,0,0,0,0
13647,TGGAAGGAGGGATGATGAGTGGG,0,0,0,0.276063927,0.268702222,462.5,195.5931704,0,0.413043478,1,0,1,0
13648,CCAGGGAGAAGAGTTGAGGCCAG,0,0,0.016141093,0.035477341,0.034907424,425,188.1056934,0,-0.304347826,0,0,0,0
13649,CAATGAGGAGAAGATGCAGAGGA,0,0,0.000779478,0,0.141195423,455,171.1451615,0.113043478,0.260869565,0,0,0,0
13650,GTGTGCCAGCAGTAGAAGAAAGA,0,0,0.00625,0,0.378170105,522.5,205.7891787,0,-0.086956522,0,0,0,0
13651,GCCTCCCCAAAGCTGAGGCATAG,0,0,0.00126749,0,0.001756701,325,150.6420346,0,-0.282608696,0,0,0,0
13652,GGTGCGTTAGTGTATGCCTGTAG,0,0,0.028935185,0,0.043898418,455,177.7493451,0,-0.456521739,0,0,0,0
13653,GAAAAAAAAAAATAGACTGCAAG,0,0,0.141910331,0,0.422106805,522.5,205.3185959,0.008695652,-0.043478261,0,0,0,0
13654,GTCACTGGTGCTGGAAGTGGTGG,0,0,0.218181818,0,0.15797057,552.5,194.6119768,0,-0.043478261,0,0,0,0
13655,GGTGAGCTGGTGTGTGTGTGGGA,0,0,0.009283372,0,0.229867816,555,188.7711108,0.034782609,0.5,0,0,0,0
13656,AGTGAATGAGTGAGTGAGTGAGA,0,0,0.020192308,0,0.142724794,455,186.9285844,0.095652174,0.847826087,0,0,0,0
13657,AGTGAATGAGTGAGTGAGTGAGG,0,0,0.290769231,0,0.142724794,455,186.9285844,0,0.086956522,0,0,0,0
13658,GAGTCCAATCAATAGAAGAAGAG,0,0,0.038716049,0,0.108455691,425,195.6416179,0,-0.282608696,0,0,0,0
13659,CCTGCCTCCGCGCGCCTGACCAG,0,0,0,0.005256015,0.005256015,260,160.2143601,0,-0.108695652,0,0,0,0
13660,AGTGAGTGGGTGTGTGCCGGCGG,0,0,0.071428571,0,0.06309328,485,159.0688864,0.2,0.434782609,0,0,0,0
13661,TACACCAGTGAAGAGAGTGGAGA,0,0,0.010869565,0,0.059088708,357.5,176.5612457,0,-0.347826087,0,0,0,0
13662,TGAATGGAGAAATGAGAAGGAAG,0,0,0.029891067,0,0.23083714,485,155.5565526,0.013043478,0.195652174,0,0,0,0
13663,GGAGTCCCTCCTGCAGCACCTGA,0,0,0.023148148,0,6.161619718,635,215.7346636,0.004347826,0,0,0,0,0
13664,CCAGTGAGTAGAGGAAAGGAAAG,0,0,0,0.003909308,0.003909308,325,138.927768,0,0.543478261,0,0,0,0
13665,AGTGAGTGTGTGCGTGCATGAGA,0,0,0.020495951,0,0.073380489,455,180.3175658,0.365217391,-0.304347826,0,0,0,0
13666,AAATGAAAAGAAGAGGCTGTAGA,0,0,0.002604167,0,0.026431993,442.5,123.5078861,0,-0.260869565,0,0,0,0
13667,TGGATGGACGGATGAGCAGATGG,0,0,0.046323529,0,0.077890861,387.5,150.8864249,0.434782609,1.565217391,0,0,0,0
13668,GACAGCCAAGCAGATTTTTTTGA,0,0,0.004092262,0,0.515234963,530,202.5214776,0,-0.239130435,0,0,0,0
13669,TGAATGCAGGAAGGAGGAGAGGA,0,0,0.005254331,0,0.172074689,455,169.6518987,0,-0.673913043,0,0,0,0
13670,TGTGTGTGTGTGTGTACGTGTGA,0,0,0.015151515,0,0.166395667,552.5,196.6634738,0.960869565,5.326086957,0,0,0,0
13671,TGTGTGTGTGTGTGTACGTGTGG,0,0,0.218181818,0,0.166395667,552.5,196.6634738,0,0.02173913,0,0,0,0
13672,GGCGCTTTCACACCCAGCTTAGG,0,0,0.022165388,0.56142625,0.56142625,552.5,192.1085525,0,0.282608696,1,0,0,0
13673,TCCTCCTTCCCACCCACCCGCAG,0,0,0.011473764,0.135459844,0.132915997,485,149.5284161,0.02173913,0.02173913,0,0,0,0
13674,CCTTCCTTCGCCCTTCTCACAAG,0,0,0.015629984,0.194911618,0.188649398,425,193.303461,0,0.630434783,0,0,1,0
13675,AAAGAAGAAAAATAGGCACATAG,0,0,0.039320988,0,0.509948268,522.5,202.547023,0,0.239130435,0,0,0,0
13676,GGGTGGGGGGAGTTGCTTCCAGG,0,0,0,0,0.041171214,420,167.9184415,0,0.043478261,0,0,0,0
13677,AAAGGATAAGAAGAGGTACAGGG,0,0,0.166666667,0,0.781869327,560,196.1571081,0,-0.369565217,0,0,0,0
13678,CGTGCGTGTGTGTGTGTGTGCAG,0,0,0.025925926,0,0.372455417,552.5,192.9657886,0,-0.326086957,0,0,0,0
13679,CCCTGTTGGTCTGGATGGACCAG,0,0,0.006114051,0.26607062,0.261579976,555,172.619622,0,0.086956522,0,0,0,0
13680,CCAGTGAGTGAAGGGGAAGCTGG,0,0,0,0.021019835,0.020375549,357.5,170.9156619,0.995652174,2.304347826,0,0,1,0
13681,GGAATGCTATCTTCAGCACCTAG,0,0,0.031597222,0.198303007,0.19526388,522.5,200.8550982,0.408695652,-0.543478261,0,0,0,0
13682,CCCCTCCATCTATTGACACACGG,0,0,0.017375566,0.046534924,0.045787375,327.5,190.9578111,0.243478261,0.391304348,0,0,0,0
13683,GTCTTGTTTTCACTGTGCCCAGA,0,0,0.001294034,0,0.074311256,387.5,157.7265685,0,-0.260869565,0,0,0,0
13684,TCCATTCAGACAGAGACACAGGA,0,0,0.034596246,0,0.487092835,620,208.4624992,0.008695652,-0.173913043,0,0,0,0
13685,TGGAGGGAGGAAGGGGGAGGAAG,0,0,0.004965047,0,0.068478489,357.5,157.067738,0.004347826,-0.152173913,0,0,0,0
13686,TGTGTGAGAGTGTGTGTGTGGGG,0,0,0.148484849,0,0.416345417,552.5,194.5423881,0,-0.565217391,0,0,0,0
13687,GGTAAGTGAGACTGTGAGTGGGA,0,0,0.011580882,0,0.158024834,357.5,183.3941048,0.008695652,-0.391304348,0,0,0,0
13688,GGTATGTGAGTGAGTGAGTGCAG,0,0,0.027412587,0,0.223964003,455,186.5526484,0,0.217391304,0,0,0,0
13689,GGTGTGTGTGTGTGTACCTGCAG,0,0,0.026936027,0,0.030962232,485,171.2401405,0,0.565217391,0,0,0,0
13690,GAGACCCAAGCTGAGTTTTGAAG,0,0,0.005242375,0,0.21876162,455,171.4351188,0.960869565,-0.282608696,0,0,0,0
13691,AAATGAGAGCAGGAGTCACAAGG,0,0,0,0,0.064999311,455,185.2439569,0,-0.260869565,0,0,0,0
13692,CGTGTATGAGTGTGAGCGTGTGA,0,0,0.010442774,0,0.243723101,522.5,201.9186744,0,-1.282608696,0,0,0,0
13693,GGGACAGAGGGTGGAGGTGGGGA,0,0,0.004890046,0,0.451897188,522.5,207.5561153,0.004347826,-0.086956522,0,0,0,0
13694,CATCACAAAACATAGACTGGAAG,0,0,0.007176727,0,0.633355972,552.5,176.5426637,0,-0.326086957,0,0,0,0
13695,TGTGAGTGTGTGTGTACATGTGA,0,0,0.028846154,0,0.032613551,485,172.5284605,0,-1.108695652,0,0,0,0
13696,GACCCCCCCCACCCACCGTCCGG,0,0,0,0,0.012926318,387.5,159.1814023,0,0.108695652,0,0,0,0
13697,GCAATGCCTTTTGTAGCACCCAG,0,0,0.020249836,0.075204037,0.075204037,425,199.3047476,0,0.043478261,0,0,0,0
13698,GACCCCCCCCACAGCGGCTCAGA,0,0,0,0,0.031762413,357.5,173.9755668,0.156521739,0.326086957,0,0,0,0
13699,GGGACTGCAGCTGGAGGGGGAAG,0,0,0.027777778,0,0.372057861,560,190.4888864,0,-0.565217391,0,0,0,0
13700,GGTGGGTGTGTGTGTGGGTGTGG,0,0,0.025411765,0,0.699446792,560,194.1657886,0,-0.304347826,0,0,0,0
13701,GGCTCTGCTCCGGGAGGTGGTAG,0,0,0.017598204,0,0.377902973,522.5,201.6587828,0.02173913,1.565217391,0,0,0,0
13702,GGCACCTTCCATGACTGGGGGGA,0,0,0.003002451,0,0.56142625,552.5,189.8823356,0,0.043478261,0,0,0,0
13703,CCCTCCCCAAAGCCCGGCTTTGA,0,0,0.003746254,0,0.058878491,387.5,137.1073786,0,0.239130435,0,0,0,1
13704,CCCATCCTTCCAGAGCCAAGCAG,0,0,0,0.033961087,0.033961087,417.5,130.9261573,0.008695652,0.391304348,0,0,0,0
13705,GAACACAGATCAGTGACTGCAAG,0,0,0.021492217,0,0.072488853,425,189.9699414,0,0.065217391,0,1,0,0
13706,CAGTCACAGCAGAAGATGAAGGG,0,0,0.06079932,0,0.251888977,552.5,194.0447241,0.086956522,0.217391304,0,0,0,0
13707,CTTGCCCCTCAGGAAAGTAGAGA,0,0,0.005310457,0,0.014556396,357.5,152.2564135,0,-0.086956522,0,0,0,0
13708,GGGAAAGCACCAGCATGGGTCAG,0,0,0.000746965,0,0.065964995,485,165.7309583,0,-0.239130435,0,0,0,0
13709,GAGTGGGAACAGAAGGAGAAGGA,0,0,0.002575549,0,0.090966306,552.5,194.8774898,0.056521739,0.086956522,0,0,0,0
13710,GGGGAGGGAGTGTGTGCCTGTGA,0,0,0.009726113,0,0.415901014,560,192.0654859,0.02173913,0,0,0,0,0
13711,TGGAAGGAGGAATAGGGAGAAGG,0,0,0.137109375,0,0.026365103,357.5,154.9278739,0,0.108695652,0,0,0,0
13712,GGACAGTGAGGGTGTGTGTGAGG,0,0,0.070588235,0.327755523,0.316692045,455,190.5822052,0.108695652,-0.086956522,0,0,1,0
13713,GTGTGGTGGGATTTTGTTCCAAG,0,0,0.01692135,0.204841945,0.204841945,455,187.8746077,0.017391304,0.195652174,0,0,0,0
13714,ATTAGAGAAGAAGATGCACAGGG,0,0,0.03492306,0,0.397208228,525,203.3513784,0.017391304,-0.086956522,0,0,0,0
13715,CCCCACCTCCACCCCACCTCAAG,0,0,0.083144369,0,0.272333333,552.5,200.3832541,0.160869565,-0.173913043,0,0,0,0
13716,TTCATCTTAGTTGTTACCTTTGA,0,0,0.017070791,0,0.132796733,357.5,164.8469791,1,1.326086957,0,0,0,0
13717,ATTGACCACTGCCTCCTCAAAAG,0,0,0.025801878,0,0.60458,432.5,204.4305958,0,-0.086956522,0,0,0,0
13718,CCTGGCTAAGCTCTACTTACTGG,0,0,0.214897959,0.183103326,0.180012975,552.5,185.4287494,0,0,0,0,0,0
13719,CCCTCTTTCCCACCTATTTTTAG,0,0,0.003703704,0.033200661,0.032020193,387.5,158.5835341,0,-0.043478261,1,0,0,0
13720,AGAAGAGAAGCAAAGGCACATGG,0,0,0.140659341,0,0.307297816,425,202.3569958,0,0.304347826,0,0,0,0
13721,GGGACCGGCGCTGGAGGTGGCAG,0,0,0.040792541,0,0.497494021,620,209.8264187,0,-0.456521739,0,0,0,0
13722,AGTATCCATTCTGCAGCACATGG,0,0,0.206470588,0,0.687682923,552.5,178.4345831,0.7,0.565217391,0,0,0,0
13723,GCCTATTTCCCTCCCAAGTTCAG,0,0,0.003072702,0.056765028,0.055806968,387.5,163.7861352,0,-0.804347826,0,0,0,0
13724,AAGAACCACTGCATCCTCATTAG,0,0,0.0455,0.37462874,0.361308608,455,174.4307164,0,-0.369565217,0,0,0,0
13725,GGGTGGGGTGTATTTACTCCTGG,0,0,0.153162393,0.0397786,0.039168966,357.5,184.0056096,0.195652174,0.217391304,0,0,0,0
13726,GAAGACAAGACATAGACTGGGAG,0,0,0.004744614,0,0.371543143,552.5,172.2372833,0.047826087,0.304347826,0,0,0,0
13727,GAGAGTGAGCAGAACAAGAAAGA,0,0,0.005024737,0,0.23197741,525,201.0450744,0.986956522,2.804347826,0,0,0,0
13728,TGAATCCCATGTGCAGCACTGGA,0,0,0.004836309,0,0.236507827,455,171.872536,0,-0.02173913,0,0,0,0
13729,GTCATATTAGTTATTACCAGCAG,0,0,0.037037037,0,0.278794225,462.5,180.1499156,0.282608696,-0.195652174,0,0,0,0
13730,AAATGAGAAGAAAAAAAACAAGG,0,0,0.405429865,0,0.008962459,315,157.2191209,0,0.217391304,0,0,0,0
13731,CCAAGTGTCTCAGGATGCATTGG,0,0,0.157218443,0.150546424,0.150546424,455,184.6589663,0,-0.152173913,0,0,0,0
13732,AAATGAGTAGATGTAGCACAGAG,0,0,0.01859114,0,0.026816403,327.5,182.5378764,0.143478261,-0.369565217,0,0,0,0
13733,AAATGACATGAATAGACACAAGA,0,0,0.00859375,0,0.039742653,455,186.0692924,0,0.065217391,0,0,0,0
13734,GGTGTGTGAGGGTGTGTATGAGG,0,0,0.046993007,0,0.062952983,387.5,165.2721519,0.013043478,0.02173913,0,0,1,0
13735,GGCATCTTTGTCATGTCCTGTGG,0,0,0,0,0.042336113,455,183.5047722,0,-0.152173913,0,0,0,0
13736,GAGGAAGAGAAGAAGAAGAAGGA,0,0,0.019959373,0,0.760552802,622.5,210.2603596,0,-0.217391304,0,0,0,0
13737,GAGTCCAAGAGGAAGAGGAAAAG,0,0,0.02577342,0.195444222,0.192304556,455,184.608888,0,-0.608695652,0,0,0,0
13738,AAAGACCACTACATACTTATTAG,0,0,0.015873016,0,0.034196069,387.5,141.9040452,0,-0.195652174,0,0,0,0
13739,GAGTGCATGCAGAAGAATAAGAG,0,0,0.044444444,0.20468015,0.201225633,552.5,187.005349,0.104347826,-0.52173913,0,0,0,0
13740,GGTGAGTGATTGGGTGATTGTGG,0,0,0.065942029,0,0.036711469,387.5,158.2994987,0,-0.456521739,0,0,0,0
13741,ATAGGAGAGGAAGAGACACAAGA,0,0,0.021043771,0,0.15797057,552.5,196.8381938,0.047826087,0.152173913,0,0,0,0
13742,CATTCCTAGCAGAGGAAGAAAGG,0,0,0.095238095,0.153420304,0.150830932,522.5,204.6496346,0,0.02173913,0,0,0,0
13743,AATCGAAAAGAAGAGGCAAAAGA,0,0,0.013593673,0,0.335877203,552.5,184.6672193,0.07826087,0.456521739,0,0,0,0
13744,AAATGAGTAGAAAAGGAAGAAGG,0,0,0.023076923,0,0.067148726,387.5,154.8667515,0,0.673913043,0,0,0,0
13745,AAACACACATCAGAGACTGCGAG,0,0,0.021195652,0,0.535768434,522.5,201.6091261,0.513043478,-0.586956522,0,0,0,0
13746,AATGAGGACGAGATCCTCAACAG,0,0,0.01355604,0.255573121,0.255573121,522.5,202.3229983,0,-0.434782609,0,0,0,0
13747,GATTTGTTTTCACTGAACTCTGA,0,0,0.018274854,0,0.037982503,387.5,170.8981425,0,0.130434783,0,0,0,0
13748,AGATGAGAAAACGAGTCACAAAG,0,0,0,0,0.117154697,455,188.9637372,0,-0.304347826,0,0,0,0
13749,GGCACAGATTGAGCACCTGAGAG,0,0,0.044948974,0,0.699446792,560,194.5805086,0,-0.02173913,0,0,0,0
13750,GGCACTGCTGCTGGGGGTGGTGG,0,0,0.346666666,0,1.095497183,537.5,203.4331981,0,-0.173913043,0,0,0,0
13751,TGAATGGATGAATGAGTAGATAG,0,0,0.014583333,0,0.153139514,485,156.5885087,0.086956522,0.869565217,0,0,0,0
13752,GAGTCCCTGCACAAGAAGAAAGA,0,0,0.010832458,0,0.815413027,530,207.2009018,0.77826087,-0.260869565,0,0,0,0
13753,GTCTCTTTCCAGCCCACCCTTGA,0,0,0.009433415,0,0.136188675,357.5,174.2658159,0,-0.260869565,0,0,0,0
13754,GCCTCCTTACCACCCACTGTAAG,0,0,0.032467532,0.034894916,0.034305973,485,157.2829024,0.013043478,0.260869565,0,0,0,0
13755,GGGAAGGAGGCATGGGGAGTGGG,0,0,0.124347826,0,0.223580696,425,197.4745747,0,0.043478261,0,0,0,0
13756,GTCACCTCCCATCATTAGGAAGG,0,0,0.00877193,0.057920224,0.056989779,357.5,153.3643215,0,-0.543478261,0,0,0,0
13757,GGTGTGTGTGTGTGTGTGTGGAG,0,0,0.026397306,0.699446792,0.699446792,560,194.1657886,0,0.043478261,0,0,0,0
13758,GGTGTGTGGGTGGGTGGGTGTAG,0,0,0.000964461,0,0.136842006,455,183.466468,0,-0.217391304,0,0,0,0
13759,GACTTTTTCCCAGCCAACTTTGA,0,0,0.002045246,0,0.23590875,455,187.1862484,0,0.065217391,0,0,0,0
13760,TGTGTGAGAGTGTGTGAGTGTGA,0,0,0.010311448,0,0.416345417,552.5,194.5423881,0.013043478,-0.304347826,0,0,0,0
13761,GACCCCCGGGACCCAGCCTCCGG,0,0,0.039231824,0,0.205849587,525,192.9416447,0,-0.108695652,0,0,0,0
13762,GAACACAAGCCACAGACTGGGAG,0,0,0.003210641,0,0.129928189,455,163.6115628,0.004347826,0.152173913,0,0,0,0
13763,CCCATCTGTCCAGAGGCACCTGG,0,0,0.026041667,0.074900404,0.073636262,485,159.2909764,0.02173913,0.130434783,0,0,0,1
13764,TGTGTGTGAGTGAGTGAGTGTGA,0,0,0.008158508,0,0.23590875,455,187.4262484,0,-0.304347826,0,0,0,0
13765,TCTGCCTCCTCTCCACTTACAAG,0,0,0.038690476,0,0.042586733,455,177.1457457,0,-0.239130435,0,0,0,0
13766,TGTGTGTGAGTGAGTGAGTGTGG,0,0,0.117482518,0.240178592,0.23590875,455,187.4262484,0,-0.043478261,0,0,0,1
13767,GGCATCCATTCTGCAGCCCATGG,0,0,0.026530612,0,0.127597274,485,153.0112498,0.073913043,-0.043478261,0,0,0,0
13768,AAATGAGAATGAGAAGCAGAAAG,0,0,0.016108388,0,0.061738132,357.5,163.0231584,0,-0.652173913,0,0,0,0
13769,AAGGACCAATACATCCACAGTGA,0,0,0.012138189,0,0.153139514,485,156.5885087,0,-0.043478261,0,0,0,0
13770,TCCTCTCCACAGCCTGGCCGAGG,0,0,0.236694678,0.396058781,0.388621058,552.5,175.2846797,0.043478261,0.130434783,0,0,1,0
13771,GGGAAAGTCCCAGCAATCGAGAG,0,0,0.026515152,0.041507995,0.041507995,417.5,140.6880462,0,-0.543478261,0,0,0,0
13772,GGCAGTGCGGCTGGAGAGGCTGG,0,0,0.08,0,0.049822465,417.5,134.3646357,0,-0.065217391,0,0,1,0
13773,TGGGTGGGGGAAGGGGGAGTCGG,0,0,0.077717391,0.153314627,0.148388855,425,191.5202409,0,-0.804347826,0,0,0,0
13774,CTTATCCATGCACAGACACATGG,0,0,0.102339181,0,0.502808992,522.5,203.940943,0.130434783,0.630434783,0,0,0,0
13775,CTCTGTGTCTCCAGAGGGATCGG,0,0,0.275190396,0.050947621,0.04922787,357.5,184.4561531,0,-0.434782609,0,0,0,0
13776,TGTGGGTGAGTCTGTGTGTGTGA,0,0,0.012352941,0,0.299915,455,189.2094685,0,-0.282608696,0,0,0,0
13777,GAGTCTGGGGAGAAGAAGAGTGG,0,0,0.202505447,0.361468495,0.349267027,552.5,172.1848627,0,-0.086956522,0,0,0,0
13778,GGCTCTGGGGCTGGAGAAGGTGG,0,0,0.254545454,0,0.113428797,485,168.8171387,0,-0.108695652,0,0,0,0
13779,GTCACTGAGGGTGGAGGGGGCGG,0,0,0.034469697,0,0.172235,455,184.2067661,0.382608696,0.456521739,0,0,1,0
13780,GGCATTGCTGGGGGAGGTGGAGA,0,0,0.002946128,0,0.227726547,425,200.0057155,0,0.152173913,0,0,0,0
13781,GGCATCACGGCTGGAGGTGGAGG,0,0,0.578512396,0,0.958618437,630,214.9425152,0,-0.456521739,0,0,0,0
13782,TGTGTGTGAGTGTGTGTTTGGGG,0,0,0.113131313,0,0.119478333,485,171.5022357,0,-0.717391304,0,1,0,1
13783,GGGATGGAGGAAAGAGGTGCTGA,0,0,0.002090301,0,0.052902764,387.5,147.1397463,0.17826087,0.130434783,0,1,0,0
13784,GAATAAGAAGAAAAGCCACAGGA,0,0,0,0,0.105393,455,191.1239336,0,-0.347826087,0,0,0,1
13785,CTGAACAATAGTGAGTAAAGAGA,0,0,0.0234375,0,0.189613667,552.5,186.7170694,0,-0.347826087,0,0,0,0
13786,TGGGTGGAGGAGTGAGGAATGGG,0,0,0.322420635,0.503353846,0.488328358,462.5,181.0622996,0.226086957,-0.043478261,0,0,0,0
13787,AAAGGAGGAGCAAAGGCACATGG,0,0,0.169230769,0,0.307297816,425,199.4971788,0,-0.086956522,0,0,0,0
13788,TGCCCAAACCGAGCTCGTGAAAG,0,0,0.027654321,0.262261487,0.253408778,522.5,197.6180612,0,-0.369565217,0,0,0,0
13789,GACACTGTGGGTGGAGGTGTCAG,0,0,0.033591524,0,0.387083187,455,172.4924994,0,0.282608696,0,0,0,0
13790,GGGTGGGGGGAGTAGGCTGGGGG,0,0,0.000227591,0,0.007159489,290,125.4681939,0.013043478,-0.347826087,0,0,1,0
13791,ATTTTGTTTTCATTGTTTTCCAG,0,0,0.075,0.317269355,0.305988667,555,193.0086667,0,-0.065217391,0,0,0,0
13792,ATGAGCAGCAGTGAGAAGAAGGG,0,0,0.39448052,0,0.113563,485,160.3858372,0,1.869565217,0,0,0,0
13793,AGCACCAGTGTGGAGAGTGGCAG,0,0,0.010702341,0,0.066654945,357.5,177.8072625,0,-0.195652174,0,0,0,0
13794,TGTGTGTGTCTGTGTGCGTGCGA,0,0,0.006060606,0,0.805112123,620,208.9601632,0,-0.760869565,0,0,0,0
13795,TGTGTGTGTCTGTGTGCGTGCGG,0,0,0.087272727,0,0.805112123,620,208.9601632,0.030434783,0.065217391,0,0,0,0
13796,TAGTGCCAGCAGAAGAAGAAGGA,0,0,0.028645833,0,1.737215529,627.5,216.7284992,0,1.413043478,0,0,0,0
13797,AAATAAGAAGATTAGACACAAAG,0,0,0.022469136,0,0.046855442,357.5,183.4078331,0,-0.326086957,0,0,0,0
13798,AATAACCACCTCATCTTCAAAGA,0,0,0.003155819,0,0.132156214,455,189.816154,0,0.108695652,0,0,0,0
13799,GTGGAGTGAGTGCGTGAGTGGGG,0,0,0.11722488,0,0.232606028,455,187.9465684,0.113043478,-0.804347826,0,0,0,0
13800,CCAGGGAGGATAGAGGAGGCAGG,0,0,0.053333333,0.072289628,0.072289628,425,196.0826313,0,-0.282608696,0,0,0,0
13801,GGTGTGTGTGTGTGTGCATGTAG,0,0,0.039160839,0,0.356082003,560,189.7285664,0,-0.391304348,0,0,0,0
13802,GGCACAGGCTGAGCAGATGATGG,0,0,0.088672964,0.101248391,0.099539557,485,176.9520461,0,0.043478261,0,0,0,0
13803,TTATAAGAAGAAGAGACACAGAG,0,0,0.163411897,0,0.272333333,552.5,200.3832541,0,-0.326086957,0,0,0,1
13804,CGTGTGTGCGTGTGTGCGTGCGA,0,0,0.010307153,0,1.632770745,627.5,215.1518996,0,-0.065217391,0,0,0,0
13805,GCCTGGGTCGCTGGGTGGATGGA,0,0,0.011775362,0,0.224468976,522.5,198.215258,0,-0.565217391,0,0,0,0
13806,CCCTCTTTCCCTCTCTCCTTGGA,0,0,0,0,0.019964212,357.5,182.556289,0,-0.413043478,0,0,0,0
13807,GGTGAGGGTGTGTGTGGGAGGGA,0,0,0.000411929,0,0.076074608,485,161.1229278,0,0.152173913,0,0,0,0
13808,AAAGGAGGAGCAGAGGCACATAG,0,0,0.047530864,1.446502058,1.411646586,530,210.1964993,0.008695652,-0.02173913,0,0,0,0
13809,TGTATGGAAGACTGAGCAGTGGG,0,0,0.019902698,0.177526564,0.171534106,455,186.0100081,0,-0.065217391,0,0,0,0
13810,CCCAGCCACCCAGAGCCCCATGA,0,0,0,0,0.030962232,485,171.2401405,0.052173913,-0.413043478,0,0,0,0
13811,CCAGAGAGTTGAGCAAAGGCCGG,0,0,0.415224914,0,0.060740505,455,181.4244961,0,0.130434783,0,0,0,0
13812,CACCACCACCACCCCACCTCCAG,0,0,0.084656084,0,0.272333333,552.5,197.5234372,0,-0.217391304,0,0,0,0
13813,AGCTGGAGGGAGTTTGCCCCAGG,1,0.004289832,0.148351649,0,0.208990259,552.5,190.8654859,0.047826087,-0.043478261,0,0,0,0
13814,AAATAAGCAGAAGAGGAATAAGA,0,0,0.005555556,0,0.182296282,485,163.077752,0,1.304347826,0,0,0,0
13815,GGCCCTGGGGGTGAAGGTGGTGG,0,0,0.042542017,0,0.11831363,425,197.3573147,0.02173913,0.369565217,0,0,1,0
13816,ATGTTCTTAGTCTTTACCTGGAG,0,0,0.022272727,0,0.573580538,522.5,208.2990795,0,-0.152173913,0,0,0,0
13817,CCCTCAGTATCTGGAGGGATTGG,0,0,0.202040816,0,0.090966306,552.5,194.8774898,0,-0.02173913,0,0,0,0
13818,GGCAGTGGTGTTGGAGGTGGTAG,0,0,0.016410256,0,0.462858836,522.5,204.621999,0,-0.347826087,0,0,0,0
13819,TAGATGGAGAAATGAAGATTCAG,0,0,0.136498892,0,0.079007985,485,165.9318378,0.186956522,-0.304347826,0,0,0,0
13820,GACCCCTTCCACCCCTCTCCAGA,0,0,0,0,0.010902405,417.5,143.3570601,0,-0.717391304,0,0,0,0
13821,TGTGTGTGAGTGTGAGTGTGCGG,0,0,0.098245614,0,0.163368333,455,182.7185474,0.013043478,-0.043478261,0,0,0,0
13822,AACAGCAGTGATGAGAGCAGAGA,0,0,0.002986144,0,0.090155691,357.5,169.9482591,0,-0.217391304,0,0,0,0
13823,TCCTCTTTCCCACCCCACTCTGA,0,0,0,0,0.046184952,417.5,143.7878631,0,-0.173913043,0,0,0,0
13824,GATTCAGAGCAGAAGAAGTTTAG,0,0,0.038888889,0.128639409,0.124065564,485,149.0004161,0,-0.826086957,0,0,0,0
13825,GGCCCAGCCCGAGCAGGTGAGGG,0,0,0.035164835,0.423323207,0.423323207,560,195.0200207,0.056521739,0.260869565,0,0,1,0
13826,AAATGAGAAGATGTGGTACTTAG,0,0,0.01290535,0,0.016064326,290,141.7210039,0.017391304,0.369565217,0,0,0,0
13827,AGATGAGAAAATGAGGCTCAGAG,0,0,0.032263374,0,0.140621964,455,180.8288298,0,-0.086956522,0,0,0,0
13828,GGCCCAGACAGAGCACTGGAAGA,0,0,0.004960317,0,0.185720751,492.5,168.9988192,0,-0.239130435,0,0,0,0
13829,GGTGTGTGAGTGGGTGTGGGGGA,0,0,0.000768555,0,0.070548661,387.5,156.6782485,0.013043478,0.195652174,0,0,0,0
13830,GGCTCTGCGGCTGCAGCTGGAAG,0,0,0.016636958,0,0.170568858,462.5,186.9011043,0.595652174,0.456521739,0,0,0,0
13831,AAATGAAAAGACAAGTCACAAAG,0,0,0,0,0.032002267,357.5,182.3129723,0.039130435,0.413043478,0,0,1,0
13832,AAATATGAATAAGAGGCAAAAGA,0,0,0.014969529,0,0.263834804,552.5,180.3859596,0,0,0,0,0,0
13833,TTCTTGATTTCATTTTTCTCTGG,0,0,0.090909091,0.284757314,0.275145253,522.5,202.3697976,0,-0.239130435,0,0,0,0
13834,TGTGTGTGATTGTGTGTGTGTAG,0,0,0.035746352,0.571587811,0.56142625,552.5,191.9338325,0.004347826,0,0,0,0,0
13835,GCCACAGCGGCGGGAGGTCGAAG,0,0,0.0348659,0,0.148457925,455,178.7099156,0,-0.065217391,0,0,0,0
13836,CCCATCAATCCTGAGAGACCTAG,0,0,0.000866508,0.082486247,0.081094074,387.5,150.9770078,0,-0.086956522,0,0,0,0
13837,GTCCCCTCCCTCCCCGCCTCTGG,0,0,0.181818182,0,0.542336973,522.5,207.2469185,0.07826087,0.173913043,0,1,0,0
13838,AGCACCACTGAGGAGAGCCGGGG,0,0,0.057571214,0.200132056,0.19301625,455,175.6128626,0,-0.152173913,0,0,0,0
13839,GAACACAAAGCAATTACTGAAGA,0,0,0.001831502,0,0.008795944,295,146.7168733,0,-0.760869565,0,0,0,0
13840,GGGGTGTGGGTGTGTGAGTGTGG,0,0,0.056565657,0,0.348646558,552.5,192.4377886,0,0.065217391,0,0,0,0
13841,GGGCAAGACTGAGCACTTCAGAG,0,0,0.008301405,0.192757284,0.189330488,485,165.649569,0,-0.065217391,0,0,0,0
13842,GACTTGTCTGCTTTGTTCACTGG,0,0,0.047619048,0,0.204216492,455,172.6443462,0.060869565,-0.108695652,0,0,0,0
13843,GAGCCCAAGTAGAAGAAGACAGA,0,0,0.009611688,0,0.415325641,552.5,173.8138829,0,-0.695652174,0,0,0,0
13844,CCCACTGTGGCTGGAGGTGTGGG,0,0,0.302884615,0,0.697447183,552.5,178.7225831,0,-0.260869565,0,0,1,0
13845,AGAAGAGAAGGAGAGGTACAAGG,0,0,0.115555556,0,0.33831875,455,190.8702052,0.27826087,0.434782609,0,0,0,0
13846,GGTGTGTGTGTGTGTGTGTCTGG,0,0,0.043636364,0,0.155313909,485,155.8281887,0,0.130434783,0,0,0,0
13847,GGTGTGTGTGTGTGTGTGTCTGA,0,0,0.003030303,0,0.155313909,485,155.8281887,0,-0.130434783,0,0,0,0
13848,CAACACAATTGATAGACTGCTAG,0,0,0.022569444,0,0.446837229,525,204.0183995,0.152173913,0.043478261,0,0,0,0
13849,ACAACAGAAGAAGAGGCACGAGA,0,0,0.015611403,0,0.697447183,552.5,179.6604801,0,0.108695652,0,0,0,0
13850,AAAAGCAGTGAGTAGAATGGTGG,0,0,0.312,0,0.117805637,485,170.9742357,0.747826087,0.304347826,0,0,0,0
13851,GGAGAGTGTGTGTATGTGTGAGA,0,0,0.010416667,0,0.051948337,455,182.0869239,0.130434783,-0.086956522,0,0,0,0
13852,GCTTCTTTCCCACCAACCTCAGA,0,0,0.000964506,0,0.369248131,462.5,168.5273785,0.026086957,-0.02173913,0,0,0,0
13853,GGTGTGTGTGTCTGTGTGTGAAG,0,0,0.013975045,0,0.173969682,455,185.2496881,0.008695652,-0.260869565,0,0,0,0
13854,ATGCATACCAGTCAGTAGAATGA,0,0,0.008983857,0,0.154587634,455,169.9034955,0.191304348,-0.086956522,0,0,0,0
13855,TCCTCTCTCCTTCCCACCTTGAG,0,0,0.018281102,0.275687211,0.266829791,425,202.870635,0,0.97826087,0,0,0,0
13856,TGGAAAGAGGGAGGAGGAGTGGG,0,0,0.084782609,0.182975808,0.177367355,425,200.3962918,0.147826087,0.043478261,0,0,1,0
13857,TGGAAGCAGGACTGAGGAATCAG,0,0,0.016751949,0,0.159111983,455,177.0643988,0,-0.630434783,0,0,0,0
13858,AGAAAAGGAGAAGAGGCACAAAG,0,0,0.062770919,1.364942529,1.364942529,620,213.698263,0.017391304,-0.086956522,0,0,0,1
13859,GGGGAGTGTGGGTGTGAGTGTGG,0,0,0.056,0,0.19349884,455,187.4960249,0.139130435,-0.304347826,0,0,0,0
13860,CCTTGTTTCTCTGGAAGGAGGGA,0,0,0.004376751,0,0.07647764,485,161.8627934,0.817391304,3.391304348,0,0,0,0
13861,CTTGAACCACAGGGCTGGAAAAG,0,0,0,0.031184504,0.030658184,485,173.4139368,0,0.260869565,0,0,1,0
13862,AAATGAGAGGATGAGGGTCAGGG,0,0,0.006535948,0,0.032454778,387.5,161.1146749,0.008695652,-0.413043478,0,0,0,0
13863,GGGTGGGGGGGTGTTGCTCCCAG,0,0,0.016908213,0.245153868,0.245153868,370,196.9544953,0,-0.065217391,0,0,0,0
13864,GACTTGTTCCCATTATTCTTTGA,0,0,0.009653092,0,0.08997611,455,158.9038617,0,-0.5,0,0,0,0
13865,TGGATGGAGGGATGGAGAGGAGG,0,0,0.074558823,0,0.015263278,290,144.3368689,0,-0.47826087,0,0,0,0
13866,GGCAGTGCGCCCCGAGGTGGCGG,0,0,0.095734072,0,0.239359166,425,195.7045226,0,-0.065217391,1,0,1,0
13867,TGTGAGTGTGTGTGTGAATGAGA,0,0,0.013461538,0,0.073001262,485,168.8307753,0,-0.130434783,0,0,0,0
13868,GGCTCCCCGAAGCCCAGCCAGAG,0,0,0.032791685,0.043815103,0.042336113,455,183.5047722,0,0.152173913,0,0,0,0
13869,GATATGTTTTCATTTTTCTGAGA,0,0,0.000191049,0,0.174469742,455,166.4537785,0.039130435,-0.086956522,0,0,0,0
13870,GACTGAGAGGAAGAGGCACTAGG,0,0,0.171428572,0.428215878,0.420174266,552.5,177.5746197,0,-0.086956522,0,0,0,0
13871,TGGATGGATGGATGAGCAGTGAG,0,0,0.021147422,0,0.348882289,462.5,189.2240249,0,-0.304347826,0,0,0,0
13872,GACTTTTTCTCATAGTTCTGGAG,0,0,0.005809731,0,0.034524344,455,164.6774511,0.656521739,0.717391304,0,0,0,0
13873,CCCTGTGTTTAAAGATGGATGAG,0,0,0.125641026,0,0.08425632,362.5,191.794715,0,-0.108695652,0,0,0,0
13874,TACCCCCTCCACCCCCCTCCAGG,0,0,0,0,0.01776112,417.5,145.7402409,0,-0.02173913,0,0,1,0
13875,TTGATGGAGGCATGAGCTGTGGA,0,0,0.00207962,0,0.066310475,387.5,166.3204719,0.886956522,-0.086956522,0,0,0,0
13876,AACACCCTCCACCCCTACTCTGG,0,0,0,0,0.104848333,485,180.051863,0,-0.695652174,0,0,0,0
13877,GGGGGGTGTGTGTGTGTGTGGGG,0,0,0.1008,0,0.348646558,552.5,192.4377886,0.017391304,0,0,0,0,0
13878,TGTGGGTGGGTGTGTGGGTGTGG,0,0,0.028235294,0,0.372455417,552.5,192.9657886,0.043478261,-0.065217391,0,0,0,0
13879,GATGTGAGAGTGTGTGCATGTGA,0,0,0.012943787,0,0.211957667,552.5,189.8651659,0.304347826,0.456521739,0,0,0,0
13880,GGAATCCCTTCTTCAGGATTAAG,0,0,0.000633484,0.027129392,0.026713615,320,120.8289685,0.104347826,0.217391304,0,0,0,0
13881,GCCTCTTTCCCGGACACCTTGGA,0,0,0.002393729,0,0.065816084,370,191.5453944,0,-0.217391304,0,0,0,0
13882,GAATCATAGCAGAAGATGAAAGG,0,0,0.053061224,0,0.235787213,552.5,193.5167241,0,0.152173913,0,0,0,0
13883,TGCACAGCGGATGGAGGGGGGGG,0,0,0.216666667,0,0.104202175,455,185.760599,0.134782609,-0.065217391,0,0,0,0
13884,CACCCCCGCCCCCCCACCTCAGG,0,0,0.209523809,0,0.151145,455,192.5816734,0.065217391,-0.043478261,0,0,0,0
13885,CCCTGTTTGGATGGATGGATAGA,0,0,0.009212018,0,0.278359952,525,201.6352187,0.652173913,0.586956522,0,0,1,0
13886,GGCCCTGCGGCTGGAGCGAGAGG,0,0,0.019772615,0,0.037635675,442.5,141.1689557,0.126086957,-0.543478261,0,0,0,0
13887,AAATGAGAAGAGGAAGTAAAAGA,0,0,0.009440813,0,0.021826573,290,145.542767,0.1,-0.086956522,0,0,0,0
13888,AGCACTGCGGATGGAGAGGGGAG,0,0,0.054444444,0,0.066310475,387.5,166.5604719,0.073913043,0.282608696,0,0,0,0
13889,TGTGAGTGTGTGTGAGTGTGGGG,0,0,0.162105263,0,0.099818052,455,180.047087,0,-0.152173913,0,0,0,0
13890,GCTGCCTCCCCACTGCTCACAGA,0,0,0.013188406,0,0.182543366,425,192.2851416,0,-0.282608696,0,0,1,0
13891,AAAGGAGAAGAAATGGCAAATGG,0,0,0.131868132,0,0.028759421,357.5,166.4398949,0.004347826,-0.52173913,0,0,0,0
13892,AAATGGGAAGAAGAGGAATCAGA,0,0,0.002428127,0,0.045990617,417.5,128.5423051,0.008695652,-0.347826087,0,0,0,0
13893,GGTGTGTGTGTGTGTGTGAGGGG,0,0,0.029090909,0,0.111383028,485,162.2177886,0.482608696,0.369565217,0,0,0,0
13894,GACCCTCCCCTCCCTGCCTCTGG,0,0,0.019047619,0,0.128747462,425,193.8770938,0,-0.173913043,0,0,0,0
13895,GAGGATCACTTCATCCTCAAAGG,0,0,0.142857143,0,0.473675365,522.5,210.6559323,0,-0.673913043,0,0,0,0
13896,GGGTCTTCCCCACCCACCTCCAG,0,0,0.008197921,0.687682923,0.687682923,552.5,178.1945831,0.413043478,0.47826087,0,0,0,0
13897,GGCATTGGGTCTGGGGGTGGCAG,0,0,0.056013258,0,0.35314247,522.5,195.613105,0.065217391,0.043478261,0,0,0,0
13898,TGTGAGGGTGTGTGTGCATGTGG,0,0,0.244343891,0,0.129506134,552.5,187.4337056,0.004347826,0.02173913,0,0,0,0
13899,GGAGCCTCCAGTGACTAGGGGAG,0,0,0.076675926,0.782934488,0.782934488,525,211.3283163,0.004347826,-0.195652174,0,0,0,1
13900,TCCTCTTCCCCACCCACATCAAG,0,0,0.012691013,0.139315909,0.136699648,485,153.5392498,0.12173913,0.239130435,0,0,0,0
13901,CCCTCTTTGCCACCCACTCTTGA,0,0,0.005445528,0,0.06309328,485,159.0688864,0.1,0,0,0,0,0
13902,CCATGTGTGTCTGGATGGACAGG,0,0,0.048773449,0.869431632,0.841830628,560,178.7746197,0,-0.891304348,0,0,0,0
13903,GCTGCACTCCCACCCACCTTGGG,0,0,0.256022136,0.53957968,0.531673751,620,213.6292352,0,-0.347826087,0,0,0,0
13904,GGCTCCTCTGCTGGAGGTGGAGG,0,0,0.17630854,0,0.329465174,620,210.1974548,0,-0.130434783,0,0,0,0
13905,CCTATCCACCCAGATACACCTGG,0,0,0.020604396,0.110531004,0.106601012,455,163.3675981,0,-0.260869565,0,0,0,0
13906,TGTGGGTATGTGTGTGCGTGTGG,0,0,0.432,0.860350791,0.833979885,620,210.8520827,0,-0.086956522,0,0,0,0
13907,TCCTCTTTCCTATCCACCTTCAG,0,0,0.055840456,0,0.638640845,432.5,204.6705958,0.008695652,-0.304347826,0,0,0,0
13908,CCCATCCATGCACAGACTCCTGA,0,0,0.001292161,0,0.041679092,387.5,142.1480098,0,-0.108695652,0,0,0,0
13909,AAAAGAGAGAAAGAGGGACAAGG,0,0,0.017429194,0,0.325662758,552.5,188.3887722,0.22173913,0.304347826,0,0,0,0
13910,GGGACTGGGGATGTAGGTGGGAG,0,0,0.016666667,0,0.116657239,425,197.7029147,0,0.326086957,0,0,0,1
13911,AAATGAAATGAAGAGTCACTGGA,0,0,0,0,0.044991756,485,158.431013,0,0.239130435,0,0,0,0
13912,TACCCTCTCCTCCCAGCCTCCAG,0,0,0.016460905,0,0.135266321,425,196.9769107,0.134782609,-0.47826087,0,0,0,0
13913,GCCTCTTTTCCTCCCCCCTCTGA,0,0,0,0,0.030847952,387.5,153.0980934,0.013043478,0.195652174,0,0,0,0
13914,AACACAAGTGTGAAGAGAGGGGA,0,0,0.00739645,0,0.038284407,357.5,176.2612785,0,-0.195652174,0,0,0,0
13915,GCCCATTTCTCACCCACCTGAAG,0,0,0.015921478,0.619096408,0.60809025,552.5,174.9087437,0,0,0,0,0,0
13916,GGGAGAGAACCATCATCAGTGGA,0,0,0.006923077,0,0.069665021,455,179.0292458,0,-0.130434783,0,0,0,0
13917,GACCCTCCCCACCCCACCCCTGG,0,0,0.256157636,0,0.049272081,485,166.2777732,0,2.434782609,0,0,0,0
13918,GTCCTGGACAGAGCACGTGAGGA,0,0,0.017217631,0,0.760552802,620,210.8939596,0.395652174,0.47826087,0,0,0,0
13919,TGTGAGTGAGTGTATGGGTGTGA,0,0,0.003063725,0,0.192228395,462.5,187.7747043,0.017391304,-0.086956522,0,0,0,0
13920,TGGATGAATGAATGAAGAGATAG,0,0,0.077777778,0,0.044991756,485,158.431013,0.008695652,0.108695652,0,0,0,0
13921,AAATGAGCAGATGAGAAACAAAG,0,0,0.017283951,0,0.046613295,387.5,170.1095456,0,0.326086957,0,0,1,1
13922,AATGATCACAACAACCTTAATGA,0,0,0.021996043,0,0.024460418,455,175.3597617,0.682608696,0.717391304,0,0,0,0
13923,CTTGCCCCACAGGGCTGCCGTGA,0,0,0,0,0.00577861,375,108.602641,0,-0.086956522,0,0,0,0
13924,ACATCAGAAGAAGAGGAACTTGG,0,0,0.172857143,0.268517165,0.268517165,485,159.547969,0.004347826,-0.5,0,0,0,0
13925,TGTGCGTGAGTGTGTGTGTAGGG,0,0,0.21875,0,0.268517165,485,159.787969,0.008695652,-0.673913043,0,0,0,0
13926,TGTGACTGAGTGTGTGTGTGTGA,0,0,0.022095959,0,0.780524691,560,197.6279049,0.073913043,0.652173913,0,0,0,0
13927,GGTGAGTGAGTGAGTGGGGAAGA,0,0,0.000662825,0,0.026713615,320,120.8289685,NA,-0.543478261,0,0,0,0
13928,GGTGAGTGAGTCGGTGACTGAGG,0,0,0.030690537,0,0.019611338,290,155.5751347,0,-0.108695652,0,0,0,0
13929,GGGCCAGACTCAGCCCGTGCAAG,0,0,0.003443526,0.100400502,0.096830707,357.5,161.0972948,0.052173913,-0.217391304,0,0,1,0
13930,AAATGAGTAGAAGGGAGACAAGA,0,0,0.000816993,0,0.014116628,387.5,166.1864614,0,0.217391304,0,0,0,0
13931,TGGATGGATAAATGATGAGATGG,0,0,0,0,0.057745862,485,155.8224574,0.013043478,-0.043478261,0,0,1,0
13932,GGGTGGGAGGAGGCTGGTCCCAG,0,0,0.001136687,0.031762413,0.031762413,357.5,173.9755668,0,-0.304347826,0,0,1,0
13933,GATTTCTTTTCATTGACCTCTAG,0,0,0.07798574,0.061452684,0.059378332,485,178.611479,0,0.195652174,0,0,0,0
13934,GGCCCAGACTGAGTCAGTGCTGG,0,0,0.045454545,0,0.003909308,325,138.927768,0,-0.130434783,0,0,0,0
13935,GAGTCTGAGGAAAAGAAGAGAGA,0,0,0.017898209,0,0.171839377,455,167.5685792,0,-0.217391304,0,0,0,0
13936,GGGCAGGGGGAGGTGGCTCCAGA,0,0,0.000507957,0,0.148388855,425,193.3317379,0,-0.130434783,0,0,0,0
13937,GGTGAGTCTGTGTGGGTGTGTGG,0,0,0.008615385,0,0.090197035,455,176.94727,0,0.065217391,0,0,0,0
13938,TGGAGGAAGGATTGAGGAGTCAG,0,0,0.055308642,0.875813992,0.85471004,530,209.0123988,0,-0.434782609,0,0,0,0
13939,TGAGTGGAGGAATGATGAATGGA,0,0,0,0,0.08458401,485,169.7619742,0.108695652,-0.413043478,0,0,1,0
13940,TGTGAGTGTGTGTGTGTGTATAG,0,0,0.068055556,0,0.164063988,485,157.1165087,0,-0.5,0,0,0,0
13941,TGTGAGTATGTGTGTGCATGTAG,0,0,0.107692308,0,0.189613667,552.5,186.7170694,0,0.086956522,0,0,0,0
13942,AGGATGGAGGAATGGGAAGACAG,0,0,0.088472222,0,0.0719626,387.5,146.8692674,0,0.02173913,0,0,0,0
13943,AGTTGGGAAGCAGAGGCACAAGA,0,0,0.011204482,0,0.473675365,522.5,210.4159323,0,-0.152173913,0,0,0,0
13944,TTCACCTTAGTCATTTTCTGGAG,0,0,0,0,0.104848333,485,179.637143,0.747826087,-0.434782609,0,0,0,0
13945,GCCTCATCCCCACCCCCATTGGA,0,0,0,0,0.030658184,485,171.6024399,0,-0.5,0,0,1,0
13946,GTTGAGTCAGTGAGTGAGTGTGA,0,0,0.008786086,0,0.23590875,455,185.3747514,0,-0.02173913,0,0,0,0
13947,GCACCCCAGCAGAAGAAGAAGAG,0,0,0.067963644,0.905329387,0.878799588,622.5,215.1752192,0,-0.282608696,0,0,0,0
13948,CAACCAGACTGAGCTCGTGAAAG,0,0,0.027160494,0.411084498,0.397208228,525,204.2249784,0,-0.717391304,0,0,0,0
13949,GGTGAGTGTGTATGTGTATGTGG,0,0,0.180923077,0,0.032454778,387.5,161.1146749,0,1.043478261,0,0,0,0
13950,CCCACCCATCCACAGGGACACAG,0,0,0.001234862,0.038521809,0.038521809,387.5,170.1378225,0.013043478,0.434782609,0,0,1,0
13951,GGGTCCTAGGAAAAGAAGAAAGG,0,0,0.165925926,0,0.44279322,522.5,203.8689823,0,0.173913043,0,0,0,0
13952,AGTGTGTGAGTGTGGGTGTGTGG,0,0,0.007636364,0,0.163368333,455,182.7185474,0.626086957,1.760869565,0,0,0,0
13953,CACACGGTGGCTGGAGGTGGAGA,0,0,0.020985958,0,0.82579023,620,214.074199,0,0.065217391,0,0,0,0
13954,GCCTCCTCCAAACCTGGCCCAGG,0,0,0.098484848,0.130906745,0.128697348,455,168.0033385,0.017391304,0.304347826,0,0,0,0
13955,AATGGCCACTTCATTCTCCATAG,0,0,0.000792219,0,0.070427919,357.5,166.7265748,0.030434783,-0.413043478,0,0,0,0
13956,GGCCCTGGAGCTGGAGGTTGCAG,0,0,0.025210084,0,0.30473625,552.5,180.5188028,0,0.195652174,0,0,0,0
13957,CCTGCCCCCGCTCTGTTAACAGA,0,0,0.00514156,0,0.008828675,387.5,159.8980385,0,0.043478261,0,0,0,1
13958,GGTAAGGGAGTGTGTGCAGGTGA,0,0,0.006363122,0,0.066766665,485,159.771886,0.004347826,0.02173913,0,0,0,0
13959,ACATTAGAAGCAGAGGCATAGGG,0,0,0.043516484,0.287011089,0.27680625,455,180.6935964,0,0.02173913,0,0,0,0
13960,CTCATCTTAAACATTACTTGAGG,0,0,0.321428571,0,0.158628435,455,182.5548466,0.052173913,0.239130435,0,0,0,0
13961,AAGTCCAAGCAGGACAAGAACAG,0,0,0.041501976,0.110201081,0.106481213,425,193.1104771,0,-0.130434783,0,0,0,0
13962,CTACCCCTCCACCCCGCCTCCGG,0,0,0.45021645,0,2.287423687,630,219.632,0.026086957,0.108695652,0,0,0,0
13963,TGCCCAGGATGAGCAGGTGATAG,0,0,0.025071225,0.166395667,0.166395667,552.5,194.8519768,0,-0.173913043,0,0,0,0
13964,AATGGCCACTCCATCCTAAGGAG,0,0,0.030745098,0.071821995,0.071821995,387.5,149.1206631,0,1.760869565,0,0,0,0
13965,AATGATCACTACTTGCACAATGA,0,0,0.000515873,0,0.034563474,357.5,172.7215628,0,-0.108695652,0,0,0,0
13966,ATGAACACTGGTGAGCAAAGTGA,0,0,0.015580484,0,0.02714194,485,167.5367241,0,0.760869565,0,1,0,0
13967,GACTGGTTCTCATTGTTCTTAGG,0,0,0.177230769,0,0.802811443,560,178.0142997,NA,NA,0,0,0,0
13968,GACATCATTCTCCTTCCCATCAG,0,0,0.002962963,0.237382927,0.230106822,522.5,194.5182442,0.065217391,-0.108695652,0,0,0,0
13969,TGAGAGAGAGTGTGTGTGTGAGA,0,0,0.02025463,0,0.410516581,552.5,195.3027081,0,-0.217391304,0,0,0,0
13970,TGGATGGAAGAATGAGGGGTGGG,1,0.006,0.257142857,0,0.964137288,567.5,192.2168864,0,-0.217391304,0,0,0,0
13971,AGGATGGAGGAGAGAGGAGAAGA,0,0,0.01953125,0,0.132796733,357.5,164.8469791,0,-0.195652174,0,0,0,0
13972,CTTTCCCCCCAAGGCAGGAAGGG,0,0,0.064646465,0.091660406,0.088566384,455,181.2271859,0,-0.608695652,0,0,0,0
13973,TGGTTGGATGAATGAGCAGTGGA,0,0,0.005545653,0,0.699446792,560,194.5805086,0,-0.043478261,0,0,0,0
13974,GGTGAGTGAGTGTGTTTGACGGA,0,0,0,0,0.01135084,350,113.0398632,0.939130435,-0.347826087,0,0,0,0
13975,AATGACTACTCCATACTCAGAGA,0,0,0.00383533,0,0.063678242,357.5,159.242114,0.013043478,0.173913043,0,0,0,0
13976,GACTTTTTTTCATTGTGGTAAAG,0,0,0.001355604,0,0.028616384,417.5,133.8669717,0,-0.065217391,0,0,0,0
13977,GACATCTGAATCATTAACTGTGG,0,0,0.270267806,0,0.56142625,552.5,189.8823356,0,-0.217391304,0,0,0,0
13978,AATGACTGAGTGTGTGTGTGTAG,0,0,0.062820513,0.375472992,0.368797917,552.5,196.1879049,0.017391304,0.195652174,0,0,0,0
13979,AAGGCCAGTGAGGAGAGCAGAGG,0,0,0.058229814,0.19375862,0.190314023,455,177.5510795,0,-0.391304348,0,0,0,0
13980,GAATGATAATAAGTGGCACATGA,0,0,0.017195767,0,0.140887716,522.5,200.1858981,0,-0.130434783,0,0,0,0
13981,AAAAATACCAGTGAGTAAAGGGA,0,0,0.028331044,0,0.185123143,552.5,191.2226827,1,1.956521739,0,0,0,0
13982,CAATGAGAAATTGAGGCACACAG,0,0,0.021272555,0,0.359810011,460,200.2620794,0.239130435,0.282608696,0,1,0,1
13983,AAAGAAGAAAAAGAGACACAAGA,0,0,0.035108024,0,0.238119304,552.5,194.7579177,0,-0.304347826,0,0,0,0
13984,GACTCTTAAGCAGAGTCTTTAAG,0,0,0.061794415,0,0.239135105,552.5,193.1711241,0,-0.543478261,0,0,0,0
13985,GTTGCCCCACGGGGCAGGAAGAG,0,0,0.051288245,0.376469945,0.364518519,462.5,188.746583,0.12173913,-0.326086957,0,0,0,0
13986,AAAAGATAAGAACTGGCACAGGA,0,0,0.004243413,0,0.056347346,425,194.804714,0,-0.282608696,0,0,0,0
13987,GGAATCCCATTTGTAGCAGCAGA,0,0,0.001818783,0,0.022771233,357.5,166.6229514,0,-0.065217391,0,0,0,0
13988,GATGAGTGGGTGGGTGGGTGGGG,0,0,0.008656305,0,0.144140246,455,184.514788,0,-0.043478261,0,0,0,0
13989,GAGTGAGGGCAGAGGAAGAAAAG,0,0,0.049432099,0.128972515,0.128972515,522.5,201.3866944,0,-0.630434783,0,0,0,0
13990,TTGCTGGAAGAGTGAGGAGTGGG,0,0,0.104278075,0.437114388,0.43009247,522.5,206.4105192,0.173913043,0.456521739,0,0,0,0
13991,GCCCCCCACCACCCCACCTCGGG,0,0,0.628571429,0,0.541956882,560,199.7717572,0,-0.065217391,0,0,0,0
13992,GTGAGGGAGGAGTGAGGAGTGAG,0,0,0.072943281,0,0.703915663,522.5,209.9555796,0,-0.5,0,0,0,0
13993,GGTGTGGGGGTGTGTGCTTGTAG,0,0,0.024647345,0,0.122948862,552.5,186.1453856,0.791304348,0.108695652,0,0,0,0
13994,TGTCTGTGAGTGTGTGTGTGGGG,0,0,0.089839572,0,0.609583333,552.5,196.0519689,0.047826087,0.108695652,0,0,0,0
13995,TGGATGGAGGGATGAAGGGATGA,0,0,0.01015625,0,0.011162696,320,133.1205572,0,-0.826086957,0,0,0,0
13996,AAATGAGAAAAAGAAGAAAAGGA,0,0,0.012200436,0,0.042827353,387.5,148.267131,0,-0.391304348,0,0,0,0
13997,ACTCACCACTATATCCTCAAAGA,0,0,0.015554299,0,1.384888889,530,211.5702996,0,-0.260869565,0,0,0,0
13998,TGGATGGAGGGATGAAGGGATGG,0,0,0.14625,0,0.011162696,320,133.1205572,0,-0.630434783,0,0,0,0
13999,ACATGAAAAGAAGAGACAGAAAG,0,0,0.025462963,0,0.058591155,485,168.5403934,0,-0.217391304,0,0,0,0
14000,CCTCCCTCAGCTTTAGTCACGGA,0,0,0.003393665,0,0.06113461,455,187.5788732,0,0,0,0,0,0
14001,CTTGCCCAACTGGGAAGGAATGA,0,0,0.001028807,0,0.041709922,357.5,170.2397445,0,-0.304347826,0,0,0,0
14002,CTCATCCATCAAGAGACCAAAAG,0,0,0.014430014,0.056254173,0.054254025,387.5,156.5585831,0.052173913,-0.239130435,0,0,0,0
14003,CCATGTCTCTCAGGCTGGATGAG,0,0,0.033703704,0.133476264,0.133476264,425,194.3656972,0,-0.673913043,0,0,0,0
14004,CATGAACACTGCATCCTCAGGAG,0,0,0.102567694,0,0.234185328,455,174.0463324,0.152173913,-0.086956522,0,0,0,0
14005,GTGTGAGAGCAGAAGAAAAACAG,0,0,0.072727273,0,0.187751667,552.5,190.4623627,0,0.086956522,0,0,0,0
14006,GATTCTGAGCAGAAGAGTAACAG,0,0,0.01416122,0,0.07127241,485,170.4765717,0,-0.413043478,0,0,0,0
14007,GTAATCTTAGGCATAACCTCTAG,0,0,0.022300195,0,0.096830707,357.5,161.0972948,0,0.043478261,0,0,0,0
14008,CCTATTCATACAGAGACAGAAGA,0,0,0.004802724,0,0.27401531,552.5,181.1462796,0,-0.282608696,0,0,0,0
14009,AGCTCTGCTGCTGGAGGAGGTGG,0,0,0.203636363,0,0.189613667,552.5,188.9432864,0.1,0,0,0,0,0
14010,GCCTTTTTCCCACCTTCCTTTAG,0,0,0,0,0.129751704,462.5,187.6162325,1,0.152173913,0,0,0,0
14011,CACCCCCTCCTCCCCGCCCACAG,0,0,0.007859318,0,0.121931204,387.5,145.0843164,0,-0.369565217,0,0,1,0
14012,TATTGTGAAGAAGAGGCCCAGGG,0,0,0.096038415,0.19194796,0.185123143,552.5,191.4626827,0,-0.173913043,0,0,1,0
14013,CCTGGGAGCAGAGAGGAGGCAGA,0,0,0.010135747,0,0.128428059,522.5,201.784715,0.656521739,0.586956522,0,0,1,0
14014,GGTTTGATTTCTTTGTTCTCTGG,0,0,0.160416667,0.481783043,0.474043556,522.5,208.3327188,0.091304348,-0.630434783,0,0,0,0
14015,CGTGAGGGCGTGTGTGAGTGTGA,0,0,0.00778089,0,0.25438705,552.5,191.8709278,0,-0.347826087,0,0,0,0
14016,GACATGTTTTCATTTCTTTCGGG,0,0,0.029154519,0,0.013580815,387.5,161.4076193,0.4,0,0,0,0,0
14017,CAGTCATGGCAGAAGAAGAAAGG,0,0,0.277939747,0,0.564014727,622.5,211.9310182,0.004347826,-0.673913043,0,0,0,0
14018,GAAAGAGAAGGAGAGGCAAAGAG,0,0,0.034391534,0,0.292400968,455,181.3483164,0.026086957,0.282608696,0,0,0,0
14019,GACTTGTTTTTATTCATCTTTAG,0,0,0.00593346,0,0.015263278,290,144.3368689,0,-0.826086957,0,0,0,0
14020,TCCTGTTTCCCACCCCTCTTTGG,0,0,0,0.106746041,0.104848333,485,179.637143,0,-0.913043478,0,0,0,0
14021,AAAATAGAAGAAGAAGAACAAGA,0,0,0.004357298,0,0.155096519,455,181.8449474,0,-0.086956522,0,0,0,0
14022,GATCCAGAAGCAGAGTATTTTAG,0,0,0.031154684,0,0.34522286,552.5,195.0263049,0.02173913,-0.239130435,0,0,0,0
14023,ATCACCTTAAATGAGTAGGGTAG,0,0,0.00875,0.254738974,0.24614019,522.5,197.9333811,0,-1.043478261,0,0,0,0
14024,GATTCCAAGAAGAAGAAAAAAAG,0,0,0.077777778,0.192480029,0.192480029,552.5,185.8737495,0.017391304,-0.239130435,0,0,0,0
14025,TGCCCCCTCCACCCCACCTCTGA,0,0,0.055555555,0,0.541956882,560,202.8715741,0.013043478,-0.608695652,0,0,0,0
14026,GGAAAAGACCCCGCCTCCATGAG,0,0,0.009968102,0.066016115,0.064842495,357.5,166.000878,0,0,0,0,0,0
14027,GGCATCCCTCTAGCAGCACCTGG,0,0,0.056263736,0.35477267,0.35477267,460,199.7340794,0.030434783,0.217391304,0,0,0,0
14028,AGGCTGGAGGAATGGGGAGAGGA,0,0,0.008961397,0,0.186915845,455,166.9817785,0,0.130434783,0,0,0,0
14029,AAAAGAGAAGAAAAGGAAAAAAG,0,0,0.022792023,0,0.074311256,387.5,157.0929685,0,-0.108695652,0,0,0,0
14030,AAAGACAAAGCATTGTCTGCTGA,0,0,0,0,0.040577667,455,189.3987895,0.065217391,0.326086957,0,0,0,0
14031,GCAGTGAGTGGAGCGAAAGCCAG,0,0,0.091044221,0,0.049160524,485,171.4965044,0,-0.413043478,0,0,0,0
14032,GCCACTGCTCCTGCAGGTGGAGG,0,0,0.063296703,0,0.126035717,522.5,198.3692986,0,-0.173913043,0,0,0,0
14033,GATGAGTGAGAGTGAACGTGTGA,0,0,0.025514507,0,0.03845588,357.5,181.2344688,0,0.065217391,0,0,0,0
14034,GGGATGGAGGAAAGAGGCATAGA,0,0,0.006256683,0,0.039962519,387.5,153.5293462,0.02173913,0.108695652,0,0,0,0
14035,AAATGAGAAGACAAGACAGAAGA,0,0,0.002108637,0,0.014080868,290,153.9481532,0.62173913,1.391304348,0,0,0,0
14036,CACTGGGTCTCTGGAGGGAGAGG,0,0,0.025386378,0.072576354,0.072576354,485,162.7479902,0,0.086956522,0,0,0,0
14037,ATATGAAATGAAGAGACACATGA,0,0,0.03030303,0,0.107893899,552.5,195.328613,0.052173913,-0.130434783,0,0,0,0
14038,GGTTTATTTTCCTTGTTCTCTGG,0,0,0.144736842,0.426762432,0.41990681,522.5,208.9299156,0,0.065217391,0,0,0,0
14039,CGCCCACACTGAGCAGATGAGGA,0,0,0.004896724,0,0.071611412,485,178.5422822,0.030434783,-0.152173913,0,1,0,1
14040,ACATGAGGAGAAAAGTCACATAG,0,0,0,0,0.100056646,455,189.0724366,0.030434783,0.369565217,0,0,0,0
14041,AACTTGTTTTCATTTTACACTGG,0,0,0.019591837,0,0.054360238,387.5,153.2588674,0,0.043478261,1,0,1,0
14042,AAATAAGAAGAAGAGGAAGAAGG,0,0,0.050555556,0,0.382126866,492.5,167.377569,0,0.043478261,0,0,0,0
14043,AAATAAGAAGAAGATACAGACAG,0,0,0.004012346,0,0.02182631,387.5,155.6682326,0.004347826,-0.043478261,0,0,0,0
14044,GCCACTTTCTCACACACTTTTGG,0,0,0.100840336,0,0.040430443,455,176.2721457,0,-0.260869565,0,0,0,0
14045,CACTTGTTTTTCTTGTTTTCTGG,0,0,0.037180864,0.087863661,0.08473962,357.5,179.8304826,0,0,0,0,0,0
14046,TGTTTGTGAGTGTGTGAGTGTGA,0,0,0.004285277,0,0.609583333,552.5,196.0519689,0.082608696,0.130434783,0,0,0,0
14047,TGGATGCAGGAGTGAAAAGTGGG,0,0,0.463425926,0,0.031836881,387.5,170.8261818,0.156521739,0.326086957,0,0,0,0
14048,TGTGAGCGTGTGTGTGTGTGAGA,0,0,0.013368055,0,0.25438705,552.5,191.8709278,0,-0.217391304,0,0,0,0
14049,AGTGAGTGTGGGTGTGTGTGAGA,0,0,0.007,0,0.206712756,455,188.0240249,0.008695652,0,0,0,0,0
14050,GAAAGAGAAGAAGGGGCCCAGGA,0,0,0.002939447,0,0.046239667,455,181.2638821,0,-0.282608696,0,0,0,0
14051,AGTGAGTGTGGGTGTGTGTGAGG,0,0,0.1008,0,0.206712756,455,188.0240249,0.217391304,-0.086956522,0,0,0,0
14052,CCATCCCCACAGCCTGGGCAGGG,0,0,0.027513227,0.292205076,0.281815562,552.5,188.2569303,0.139130435,2.326086957,0,0,0,0
14053,GATGAGTGAGTGGGTGAGAGTGA,0,0,0.00204385,0,0.074311256,387.5,157.7265685,0.086956522,0.326086957,0,0,0,0
14054,GACACCGATGTCATCCACAAGAG,0,0,0.026175214,0.098373949,0.098373949,387.5,150.2886485,0,0.5,0,0,0,0
14055,GACTTGTTCTCTTAGTGCTCAGA,0,0,0.001556178,0,0.023537898,357.5,174.8988235,0.07826087,0.02173913,0,0,0,0
14056,GACATGTTTTCATTTCTCTTGGA,0,0,0.000944822,0,0.030434884,387.5,149.6933526,0.017391304,0.173913043,0,0,0,0
14057,AACCTCCTCCACCCAGGCTCAAG,0,0,0.001940978,0,0.163368333,455,182.7185474,1,0,0,0,0,0
14058,GACATGTTTTCATTTCTCTTGGG,0,0,0.013605442,0,0.030434884,387.5,149.6933526,0,0.239130435,0,0,0,0
14059,GTTTTGTTTTTATTTTTCTCCAG,0,0,0.005698006,0.224235126,0.220450566,425,197.9948947,0,0.217391304,0,0,0,0
14060,GCCCCCACCCACCCCGCCTCTGG,0,0,0.589285714,0,1.737215529,627.5,214.6770022,0,0.108695652,0,0,0,0
14061,ACCATCCATCAAGAGAGAAAAAG,0,0,0.004901961,0.112574373,0.112574373,387.5,161.2358053,0,-0.391304348,0,0,0,0
14062,CCCATTCTTCTAGAGACACTGGA,0,0,0.005102041,0,0.210470358,455,170.9465154,NA,0.02173913,0,0,1,0
14063,TCCTCAGTCCCTCCCACCTTTGA,0,0,0.011801017,0,0.290868511,522.5,207.3147348,0,0.913043478,0,0,0,0
14064,GGGACTGCTGGTGGAGGAGGTGG,0,0,0.044444444,0,0.103762287,455,183.0588027,0.008695652,-0.173913043,0,0,0,0
14065,AAAGGAGAAGCAGAGTCCCAAGA,0,0,0,0,0.028124449,387.5,169.3845571,0,-0.108695652,0,0,1,0
14066,GGGGATTGTGTGTGTGTGTGAGA,0,0,0.006481481,0,0.210931167,552.5,191.9401246,0.308695652,0.304347826,0,0,0,0
14067,GGGATGTAAGAATGGGGAGTAGA,0,0,0.015860692,0,0.16811375,522.5,198.6500173,0,-0.304347826,0,0,0,0
14068,TCCTCCCCACAGCCTGGCCAGGG,1,0.1156,0.333333333,7.414830508,7.414830508,635,216.6082636,0,-0.217391304,0,0,0,0
14069,ATATGACAAGCAGAGGCACAAAG,0,0,0.051851852,0,1.012972574,530,211.5467355,0,-0.456521739,0,0,0,0
14070,CCATGTGTCTTGGGATGGACCAG,0,0,0.003142536,0,0.177763835,357.5,167.5882159,0.32173913,0.043478261,0,0,0,0
14071,AAAAGAAAAGAAGACACACACAG,0,0,0.033670034,0,0.047324984,455,184.4477717,0.026086957,-0.173913043,0,0,1,0
14072,GCATACAAAGCATAGACTAGAAG,0,0,0.006847183,0.219695863,0.219695863,485,150.2008001,0,-0.391304348,0,0,0,0
14073,GGTGTGTGAGGGTGAGCATGAGG,0,0,0.058299595,0,0.043821816,357.5,172.0512414,0.043478261,0.304347826,0,0,0,0
14074,CCCTGTGTATCAGTCTGGATCAG,0,0,0.012929293,0,0.016384823,327.5,181.677913,0.182608696,0.391304348,0,0,0,0
14075,GGCGTGTGTGCGTGTGCGTGAGA,0,0,0.004329004,0,0.456378813,522.5,207.1938159,0.160869565,0.891304348,0,0,0,0
14076,GAGTCCCTGCAGCAGAACAACGA,0,0,0.002051259,0,0.074121341,455,178.7943484,0,-0.043478261,0,0,0,0
14077,TGAGAGTGAATGTGTGTGTGTGG,0,0,0.311111111,0,0.553566283,552.5,192.6941525,0.039130435,-0.043478261,0,0,0,0
14078,TGAATGGATGAGTGAGGATTAGA,0,0,0.013374486,0,0.147831212,455,176.2481193,0.013043478,0.239130435,0,0,0,0
14079,CCTCCCTTCCCACCCACCTTCAG,0,0,0.074891067,0,0.778438874,620,216.012416,0,-0.02173913,0,0,0,0
14080,AGGTCGGGGGAGTTAGATCCCGG,1,0.003121429,0.191052632,0.166325226,0.163368333,455,182.7185474,0,0.260869565,0,0,0,1
14081,CCTGCCCCAGCTCTGCTCATGGA,0,0,0.007979911,0,0.070103434,455,161.5124173,0.004347826,-0.586956522,0,0,0,0
14082,GGTGCGTGTGTGTGTGTGTGCAG,0,0,0.036296296,0.699446792,0.699446792,560,194.1657886,0,-0.195652174,0,0,0,0
14083,GGGAGGGAGGAATAAGGAGGTAG,0,0,0.021005968,0,0.10391963,455,169.1348954,0.008695652,-0.326086957,0,0,0,0
14084,AGAGTGAGTAGACAGGAGGCAGA,0,0,0.007119247,0,0.086676978,425,197.8214948,0,-0.152173913,0,0,0,0
14085,CCTGCCTGGGCCCAACTCACAGA,0,0,0.016207611,0,0.061137397,425,192.7851176,0.07826087,-0.304347826,0,0,0,0
14086,ATGAATAGCAATGGGTAGAGCAG,0,0,0.072222222,0,0.068288723,425,196.4449307,0.008695652,-0.065217391,0,0,0,0
14087,TAATCCAATCAGAAGAAGAAGGG,0,0,0.4,0,0.561633746,620,212.3290388,0.291304348,0.130434783,0,0,0,0
14088,GCCCCTCCCCACCCCGCCTGCGG,0,0,0.042917167,0,0.421955546,552.5,176.9365991,0,-0.195652174,0,0,1,0
14089,AGTGAGTCAGTGAGTGAGTGGGG,0,0,0.178934911,0,0.23590875,455,185.6147514,0.734782609,-0.152173913,0,0,0,0
14090,GGTGGGTGAGTGTTGGTGTGTGA,0,0,0.000311111,0,0.023109381,357.5,171.0793627,0,-0.195652174,0,0,0,0
14091,TAGATGGATGAATGATGGGTGGA,0,0,0,0,0.032613551,485,172.2884605,0.013043478,-0.065217391,0,0,0,0
14092,GACTTTATTTTAATGTTCTCTGG,0,0,0.124260355,0.12302738,0.121141903,425,199.301431,0,-0.065217391,0,0,0,0
14093,GGAATGGAGGGGTGAGGAGTGAG,0,0,0.087312131,0,0.385203768,425,204.7258158,0,0.130434783,0,0,0,0
14094,GGTTTGTGCGTGTGTGTGTGTGG,0,0,0.035261708,0,0.353596915,552.5,192.0921886,0.056521739,0.586956522,0,0,0,0
14095,TGTGATTGTGTGTGTGCGGGGGG,0,0,0.1,0,0.194752216,552.5,182.7062357,0.265217391,0.260869565,0,0,0,0
14096,GGTGAGTCAGTGAGTATGTGAGG,0,0,0.198816568,0,0.036665336,387.5,168.3263255,0.004347826,-0.108695652,0,0,0,0
14097,GGAGATTGAGTGTGTGAGGGAGG,0,0,0.055555556,0,0.114544945,485,165.151905,0.07826087,0.413043478,0,0,0,0
14098,GAATTTTTGTCATTGTTATCCAG,0,0,0.049931413,0.113110241,0.113110241,552.5,187.5029024,0,-0.869565217,0,0,0,0
14099,GGCAGTGGGGCTGGGGGTGGGGG,0,0,0.250714286,0,0.75437037,530,201.8048415,0,-0.130434783,0,0,0,0
14100,GTTGGGGGAGGGTGTGCGTGGGG,0,0,0.107807487,0,0.542336973,522.5,209.0584155,0,-0.152173913,0,0,0,0
14101,GATGAACAAGACATCCTCAAGGA,0,0,0.027636054,0,0.487092835,620,208.4624992,0.008695652,-0.847826087,0,0,0,0
14102,AGTGTGTGGGTGTGTGAGTGTGA,0,0,0.007070707,0,0.372455417,552.5,192.9657886,0,-0.565217391,0,0,0,0
14103,AAATCAGAAAAAGATGCAAAAAG,0,0,0.011640212,0,0.116872277,455,167.9649221,0,-0.217391304,0,0,0,0
14104,CCCTGTGTCTGTGGAGGGACAGA,0,0,0.000546329,0,0.106375468,395,159.7438905,0,0.130434783,0,0,1,0
14105,TGGGAGGAGGAATGGGGCGTTAG,0,0,0.010030864,0,0.078958228,455,177.4077251,0,0.173913043,0,0,0,0
14106,TGTGAGTGTGTGTCTGTGTGAGA,0,0,0.008333333,0,0.055495857,455,182.6149239,0.204347826,-0.260869565,0,0,0,0
14107,GACACTGCCGCTGCTGGTGGTAG,0,0,0.010124918,0,0.036674888,425,189.1540134,0.069565217,-0.304347826,0,0,0,0
14108,AAATGAAAAGAAAATGCCCACAG,0,0,0.006512006,0,0.019864519,357.5,167.6871438,0,-0.347826087,0,0,0,0
14109,CTCAGTGACTCTGGATGAATAAG,0,0,0.062160062,0.315950226,0.310333333,552.5,189.5632498,0,-0.152173913,0,0,0,0
14110,CCATGTGTCTCAGGATACATCAG,0,0,0.079890261,0,0.057960373,387.5,164.5464552,0,-0.52173913,0,0,0,0
14111,AAAAACAAAGAATAGACTGGAGA,0,0,0.002321981,0,0.387083187,455,174.9587164,0.073913043,0,0,0,0,0
14112,CCCAGCCCTCCAAAGAGACACAG,0,0,0.003861237,0.223964003,0.223964003,455,184.3264314,0,-0.173913043,0,0,1,0
14113,GACCCCCTTCACCCCGGCCCCAG,0,0,0.003681166,0,0.208575033,492.5,164.7061086,0.126086957,-0.347826087,0,1,1,1
14114,AAGAACAGCAGAGAGAAGAGAAG,0,0,0.102564102,0,0.127203797,455,190.8556567,0.330434783,0.52173913,0,0,0,0
14115,GCATCCCCAATGCCTAGCCTGGG,0,0,0.16,0,0.06214508,387.5,158.0158905,0,-0.565217391,0,0,0,0
14116,CACTGGCTTTCCTTGTTCTCCAG,0,0,0.021442495,0,0.480774398,522.5,207.8123988,0,-0.717391304,0,0,0,0
14117,CTTCCCTCCCAGGGCAGTGACAG,0,0,0.023897059,0,0.208134859,552.5,181.2354389,1,0.239130435,0,0,0,0
14118,GATTCCAAGCAGAAATAGAAAGA,0,0,0,0,0.046662434,455,184.7933717,0,0.065217391,0,0,0,0
14119,AGATGAGAACAAGAGACACTAGG,0,0,0.192,0,0.110484003,485,159.5422378,0,-0.304347826,0,0,0,0
14120,TGAATCCCTCCTGCAGCCCTGGA,0,0,0.002116402,0,0.125900376,485,151.6473304,0,0.173913043,0,0,0,0
14121,CCAAAGAGTAGAGGGGAGGGGGA,0,0,0,0,0.09837725,455,168.2612954,0.004347826,0.043478261,0,0,0,0
14122,GACACTTCAGGAGAGTTTTTAAG,0,0,0.014739229,0.30830322,0.299268693,525,205.7009345,0,-0.456521739,0,0,0,0
14123,GACTTGTTTTTCTTCTTGTCAGA,0,0,0.000204474,0,0.019577774,260,165.623461,0,-0.543478261,0,0,0,0
14124,TATCACAAAGTACAGACTGCTAG,0,0,0.044455029,0.318337199,0.318337199,425,202.9425958,0,-0.152173913,0,0,0,0
14125,ACATCCCCCAATCCTGGCCAAAG,0,0,0.044444444,0.438148227,0.424071175,522.5,206.9961192,0.034782609,-0.217391304,0,0,0,0
14126,CCTGCCTCCACTCCACTCCCTGA,0,0,0.003831418,0,0.115515551,462.5,173.021079,0,-0.195652174,0,0,0,0
14127,CACATCCATCCAGAAAAGCAAGA,0,0,0.008873044,0,0.032020193,387.5,158.3435341,0,0.130434783,0,0,0,1
14128,GGCCCTGGTGCTGGTGGTGGCAG,0,0,0.00627451,0,0.234278012,522.5,197.0597811,0,-0.260869565,0,0,0,0
14129,GGTGGGTGAGTGTGGGTATGAGA,0,0,0.000807692,0,0.030398918,387.5,157.2952141,0.334782609,-0.065217391,0,0,0,0
14130,AAAAGAGGAGTAGAGGAACAAAG,0,0,0.012999894,0,0.321188687,455,188.0103883,0,-0.130434783,0,0,0,0
14131,AATGGCCTCTACATGTTCAAAGG,0,0,0.004747253,0,0.065950602,455,183.3164156,0,0.086956522,0,0,0,0
14132,GGCTCTGCTGCTGGGGTTGGGGG,0,0,0.055151515,0,0.094763973,455,179.173487,0.986956522,1.391304348,0,0,0,0
14133,GGCACTGGGACTGCTGGTGGTGA,0,0,0.003571429,0,0.050198999,425,185.2622404,0,0.130434783,0,0,0,0
14134,GGCCCAGAAAGAGCAAGTAAAAG,0,0,0.136054422,0.044333154,0.043620975,485,162.2120574,0.043478261,0.217391304,0,0,0,0
14135,GAATTATTTTAATTGTCCTCTAG,0,0,0.118954248,0,0.191598687,455,189.6698212,0.208695652,0.586956522,0,0,0,0
14136,AAATGGGAATAAGAGGCAGCAGA,0,0,0.00114496,0,0.110019113,485,144.5366797,0,0,0,0,0,0
14137,GACCCCGCCCGCCCCGCCCCGAG,0,0,0.021876643,0,0.179486078,455,176.7389186,0,-0.391304348,0,0,1,0
14138,ACATGAGAGGAGGAGGCACAAGA,0,0,0.026271311,0,0.846167111,530,208.4841192,0,0.152173913,0,0,0,0
14139,CCCATCCAGCCAGTGGCCCAAAG,0,0,0.003135411,0.004391041,0.004391041,387.5,160.8892758,0,0.043478261,0,0,0,0
14140,GACCCCCTGCTCCTCCCCTCGGG,0,0,0,0,0.011862146,357.5,180.0825254,0,-0.869565217,0,0,0,0
14141,AACTCCGAAACTGAGTTTTTCAG,0,0,0.046195286,0.669826867,0.648306325,522.5,205.6185631,0.552173913,0.130434783,0,0,0,0
14142,AAAAGAAAAGAGGAGGGACAAAG,0,0,0.005244896,0,0.194470201,455,187.2410077,0.02173913,-0.043478261,0,0,0,0
14143,GTCCCCCTCCTCCCCACCTCCGG,0,0,0.223776224,0,0.30078607,462.5,196.6414904,0,-0.434782609,0,0,0,0
14144,GAGTCCCAGTAGAGGAGGAAGGG,0,0,0.053287197,0.052470611,0.05162771,455,179.1997871,0,-0.543478261,0,0,1,0
14145,GAATGAGAAGAAAAGGAAAATGG,0,0,0.184615385,0,0.078497806,387.5,157.9665685,0,0.347826087,0,0,0,0
14146,AAAAAAGCAGAAGAGGCAAAAAG,0,0,0.019652305,0.49875,0.49875,552.5,183.1902631,0,-0.260869565,0,0,0,0
14147,AGTGAGCGCGTGTGCGCGTGGGA,0,0,0.006696429,0,0.16811375,522.5,198.6500173,0.017391304,-0.456521739,0,0,0,0
14148,GACTTGTTTTCATTACCCACTAG,0,0,0.032807894,0,0.007295024,345,135.9704415,0.02173913,0.065217391,0,0,0,0
14149,GGGGTGTGCGTGTGTGTGTGTGA,0,0,0.003367003,0,0.348646558,552.5,192.4377886,0,-0.086956522,0,0,0,0
14150,GGGGTGTGCGTGTGTGTGTGTGG,0,0,0.048484849,0,0.348646558,552.5,192.4377886,0,-0.152173913,0,0,0,0
14151,TGTGTGTGTGTATGTGCGTGCAG,0,0,0.052794613,0.444369398,0.43009247,522.5,206.2357992,0,-0.760869565,0,0,0,0
14152,GGTGTGTGGGTGTGTGTGGGCAG,0,0,0.007332585,0,0.111383028,485,162.2177886,0,-0.326086957,0,0,0,0
14153,TTGAGGAATGAATGAGGAGTGAG,0,0,0.056314254,0.57847376,0.569608261,620,211.3287188,0,-0.260869565,0,0,0,0
14154,AAAAAAAAAGAAGAGACACACAG,0,0,0.106995885,0,0.176585759,552.5,197.3664733,0.152173913,0.282608696,0,0,0,0
14155,GAACAAAACTGATAGACTGCTAG,0,0,0.027943122,0,0.246570675,525,202.2324155,0.473913043,0.434782609,0,0,0,0
14156,ATGTGGGAGGAAGAGGCACAAGG,0,0,0.211640212,0,0.497494021,620,212.6862356,0,-0.456521739,0,0,0,0
14157,TGGCTGAAGGAAAAAGGAGTTGA,0,0,0.012726244,0,0.056347346,425,194.804714,0,0.108695652,0,0,0,0
14158,AAGAGAGAAGAAGAGACAGAGAG,0,0,0.009430727,0,0.08458401,485,169.7619742,0,-0.652173913,0,0,0,0
14159,TGTGAGTGTGTGTGTGAGTTGGG,0,0,0.196,0,0.164063988,485,157.1165087,0.4,0.086956522,0,0,0,0
14160,AGGAGAGAGGAGTGAGGAGTGAG,0,0,0.119835391,0.440005705,0.425868976,522.5,208.4095956,1,0.282608696,0,0,0,0
14161,AAATGAGAGGAAAAGGCAAGGGG,0,0,0.201680672,0,0.04443798,387.5,137.8552992,0.195652174,0,0,0,0,0
14162,CCAGCGAGGAGAGAGGAGGGCAG,0,0,0.003304285,0.0601085,0.0601085,455,165.1751151,0,-0.173913043,0,0,0,0
14163,ATATGATAACAAGTGGCACAGGA,0,0,0.006156806,0,0.140887716,522.5,199.9458981,0.004347826,-0.717391304,0,0,0,0
14164,TATGAGTGTGTGTGTGCATGTGA,0,0,0.024408284,0,0.189613667,552.5,189.5768864,0.082608696,0.282608696,0,0,0,0
14165,AAATGATATGAAGAGGCAACAGG,0,0,0.033395176,0,0.082397692,485,144.971439,0,-0.152173913,0,0,0,0
14166,ATGAATACCAGGAAGTGGAGTGG,0,0,0.075630252,0,0.063452348,357.5,179.2124839,0.086956522,0.108695652,0,0,0,0
14167,TGTGAGTGGGAGTGTGTGTGGGG,0,0,0.233333334,0,0.206712756,455,188.0240249,0,0.195652174,0,0,0,0
14168,TGTTTGTGTGTGTGTGCGTGCAG,0,0,0.02056933,0.860350791,0.833979885,620,213.0782996,0,-0.413043478,0,0,0,0
14169,GGCGTGTGTGTGTGTGTGTGGAG,0,0,0.011313131,0,0.348646558,552.5,192.4377886,0,-0.347826087,0,0,0,0
14170,TGGATGGAGGAAAGATGGATGGA,0,0,0,0,0.005609452,320,136.2409204,0,0.413043478,0,0,0,0
14171,AATGACCACTAGATGCACCATGA,0,0,0.000170285,0,0.021826573,290,145.542767,0,-1.173913043,0,0,0,0
14172,CTCACCTCCAATGACAAGGAAGA,0,0,0.042275433,0,0.256639548,492.5,165.9739742,0,-0.673913043,0,0,1,0
14173,CGTGTGTAAGTGTGTGTGTGGGG,0,0,0.121212121,0.620616516,0.609583333,552.5,193.825752,0,-0.108695652,0,0,0,0
14174,CTCTGTGTCTCAGGCTGTATCAG,0,0,0.034282216,0.041659933,0.040919312,357.5,171.6135447,0.052173913,0.347826087,0,0,0,0
14175,TGGATGGAGGGATGTGGGGCCAG,0,0,0.001225589,0,0.017393037,290,136.2019615,0.008695652,0.086956522,0,0,0,0
14176,GGTGAGTGAGTGTGTAGTTTCAG,0,0,0.007116921,0,0.007062745,375,118.3645298,0,-0.086956522,0,0,0,0
14177,CTTACCTCACAGGGCAGTGAGAG,0,0,0.07109375,0,0.677902985,560,186.3952193,0.017391304,0.043478261,0,0,0,0
14178,AAATAGGAAAATGAGGCACAGAG,0,0,0.049931413,0,0.374191978,522.5,203.4178591,NA,-0.239130435,0,0,0,0
14179,GAGTCCGAGCAACAGAGGACAGG,0,0,0.007880664,0.043043463,0.041724123,290,143.860868,0.02173913,-0.456521739,0,0,0,0
14180,CACCGCCCCCACCCCCCCTCAGA,0,0,0,0,0.272333333,552.5,197.5234372,0,-0.152173913,1,0,1,0
14181,ATTTGAGAAGAGAAGGCACATGA,0,0,0.023767082,0,0.268601546,425,201.216579,0,0.065217391,0,0,0,0
14182,TCCTCCCCAAGGCCGGCCCAGGA,0,0,0.000531046,0,0.090669425,357.5,177.7767837,1,1.97826087,0,0,0,0
14183,TGGGTAGAGTAATGAGGATTAAG,0,0,0.087770062,0.277905994,0.277905994,552.5,180.8006796,0.043478261,0.282608696,0,0,0,0
14184,GACATCTGAGTCATTAATTGAGA,0,0,0.01292735,0,0.119478333,485,169.4507387,0,-0.195652174,0,0,0,0
14185,GCTTTTTTCCCACCTATCTTTAG,0,0,0.003528807,0,0.152925168,455,182.1905474,0,0.065217391,0,0,0,0
14186,GAACACTAAACATAGACTTAGAG,0,0,0.035288066,0,0.124203396,485,143.9394829,0,0.02173913,0,0,0,0
14187,CCCTCTTTCACAACCACCTAGAG,0,0,0.034722222,0.253346691,0.248589007,455,167.5713431,0,0.043478261,0,0,0,0
14188,GAGATGTTTTCATTGTGCACAGA,0,0,0.000555778,0,0.189330488,485,166.064289,0.043478261,-1,0,0,0,0
14189,AGATGAGAAGAAGAAGAAGAGGA,0,0,0.003050109,0,0.051461025,387.5,153.0188674,0.260869565,-0.304347826,0,0,0,0
14190,GGGTGGGGGGAGTCTCTTCAGAG,0,0,0,0.005615984,0.005615984,320,132.1486785,0,-0.217391304,0,0,1,0
14191,GGCAGAGCGGCAGGAGATGGCAG,0,0,0.100661728,0,0.172261305,455,187.4234845,0,-0.239130435,0,0,0,1
14192,TGTGTGTGAGTGTGTCTGTGTGA,0,0,0,0,0.104848333,485,179.637143,0,0.108695652,0,0,0,1
14193,GGTGAGTGAGGGTGGGGGTTGGG,0,0,0.000823529,0,0.034164895,290,140.6391837,0.008695652,0.02173913,0,0,0,0
14194,AAAGGAGAAGCAAATGCACATGG,0,0,0.032967033,0,0.082355815,327.5,188.3899742,0,0.086956522,0,0,0,0
14195,TGTGAGTGCGAGTGTGAGTGCAG,0,0,0.051851852,0,0.206712756,455,188.0240249,0,0.152173913,0,0,0,1
14196,TGGATGGAGGAAGTAGGGGGCAG,0,0,0.001273089,0,0.006432854,290,135.5005616,0,-0.065217391,0,0,0,0
14197,TGAGAGTGAGTGGGTGTGTGGGA,0,0,0.006038647,0,0.232606028,455,188.1865684,0,-0.347826087,0,0,0,0
14198,TGGAGGGAGGACAGAGGAGGGAG,0,0,0.005334603,0,0.125714241,357.5,163.5586591,0.4,-0.086956522,0,0,0,0
14199,GCGTCTTTCCCTCTCACGTTGGG,0,0,0.016296296,0.022431417,0.022431417,357.5,173.8933816,0,-0.304347826,0,0,0,0
14200,GCTGAGTGTGTGTGTGTTTGGGG,0,0,0.129230769,0,0.073001262,485,168.5907753,0.139130435,0.347826087,0,0,0,0
14201,GACTTTCATTGATTGTTCTCTGA,0,0,0.006365741,0,0.299268693,525,205.7009345,0,-0.413043478,0,0,0,0
14202,AGTGAGTGAGTGAGTGAGTGGAG,0,0,0.075384615,0,0.499277778,462.5,189.9145684,0,-0.173913043,0,0,0,0
14203,TGTGTGTGTGTGTGTGTGTGAAG,0,0,0.026397306,0,0.372455417,552.5,192.9657886,0,-0.108695652,0,0,0,0
14204,AATAACCATTGCATACTCAAAGG,0,0,0.11375,0.134340456,0.130024297,425,193.9295144,0,-0.130434783,0,0,0,0
14205,GCAATCCCTTCTGTAGCATGTGG,0,0,0.013783501,0.032734684,0.032734684,387.5,139.4352155,0,-1.282608696,0,0,0,0
14206,CCAGTGAGTACAGTGCCGGCAAG,0,0,0,0.007474511,0.007474511,290,163.0561947,0,0.065217391,0,0,0,0
14207,GACATACATGTCTTCACCATCAG,0,0,0.115856481,0.039994869,0.039352381,455,188.2430888,0,0.043478261,0,0,0,0
14208,GGCAATTCTGCTGGAGGGGGAGG,0,0,0.058049886,0,0.122948862,552.5,186.1453856,0.669565217,3.260869565,0,0,0,0
14209,GGTGTGTGAGTGCATGCATGTGG,0,0,0.149061465,0,0.016988688,357.5,171.3498415,0.008695652,-0.173913043,0,0,0,0
14210,TGTGTGTGTGTGTGTGTGTGTGG,0,0,0.101818182,0,0.372455417,552.5,192.9657886,0.026086957,0.130434783,0,0,0,0
14211,TCCACTGGGCCTGGAGGTGGAGG,0,0,0.178021978,0,1.317695783,620,210.8684466,0,-0.434782609,0,0,0,0
14212,TGTGTGTGTGTGTGTGTGTGTGA,0,0,0.007070707,0,0.372455417,552.5,192.9657886,0.686956522,-0.130434783,0,0,0,0
14213,TGGAGGGAGGGAAGAGGAGAGGA,0,0,0.01125,0,0.141811796,357.5,165.0446758,0.591304348,0.543478261,0,0,0,0
14214,GGGATCCCTTCTGCACCCCTAGA,0,0,0,0,0.021946731,417.5,138.8226409,NA,-0.456521739,0,0,0,0
14215,TGTGAGTGTGTGGGTGGGTGTGA,0,0,0.000639386,0,0.144140246,455,184.754788,0.160869565,0.282608696,0,0,0,0
14216,GCCTCATTCCACTCCACCTTAAG,0,0,0.031042885,0.088622944,0.087264738,362.5,193.9685113,0.27826087,-0.304347826,0,0,0,0
14217,AAAAGAGAAGAAGTGACACAAGA,0,0,0.017636684,0,0.076202191,462.5,190.5987895,0,-0.456521739,0,0,0,0
14218,GAACCCAAAGCAGAGAAGGCTGA,0,0,0.001409018,0,0.043896945,387.5,162.0029151,0,0.195652174,0,0,0,1
14219,TGTGAGGGTGTGTGTACGTGTGG,0,0,0.352941176,0,0.11364824,552.5,195.568613,0.004347826,-0.152173913,0,0,0,0
14220,TGTGAGGGTGTGTGTACGTGTGA,0,0,0.024509804,0,0.11364824,552.5,195.568613,0.043478261,-0.108695652,0,0,0,0
14221,TGGGTGGATGAATGATGGGTTGG,0,0,0,0,0.030962232,485,171.6548605,0.017391304,0.391304348,0,0,0,0
14222,GGCTGGTTTTCATTGCTCTTCAG,0,0,0.026548148,0,0.119960915,485,163.2456542,0.117391304,0.369565217,0,0,0,0
14223,CCAGTGAGTTGGCCAGAGGCTGG,0,0,0.252534451,0,0.061328553,327.5,182.785821,0.156521739,0.239130435,0,0,0,0
14224,GGCTCAGTGGCTGGAGCTGGTGG,0,0,0.113547237,0,0.350124604,552.5,192.454488,0,-0.065217391,0,0,0,0
14225,AAAGGATATGAAGAGGCAAAGGA,0,0,0.006377551,0,0.208134859,552.5,181.2354389,0,-0.391304348,0,0,0,0
14226,TGTGAGTGTGTGTGTTTGTGGGG,0,0,0,0,0.064062332,485,176.9656827,0.243478261,-0.217391304,0,0,0,0
14227,GGCCCCCACTGAGGACTTGACAG,0,0,0,0.035039743,0.033913968,455,182.4055395,0.634782609,0.282608696,0,0,0,0
14228,TGGGTGGAGGACAGAGGGGTGAG,0,0,0.011808367,0,0.056096875,357.5,175.6876457,0,-0.369565217,0,0,0,0
14229,AGGATGTATGGATGAGGAGTAGA,0,0,0.013756614,0,0.33136789,522.5,206.6269551,0,-0.173913043,0,0,0,0
14230,TGGATGGAGGGGTGAGGAAATGA,0,0,0.013098338,0,0.051316877,290,137.368216,0.004347826,-0.5,0,0,0,0
14231,AAAGGTAAAGAAGAGGGACAGGG,0,0,0.026260504,0.243240429,0.239135105,552.5,193.1711241,0,-0.173913043,0,0,0,0
14232,GGAGCTGGGGTTGGAGGTGGCGG,0,0,0.107142857,0,0.7469375,522.5,208.4684993,0.204347826,-0.02173913,0,0,0,0
14233,GAATGAAAAGACAAGGCACAGAG,0,0,0.062977958,0,0.195480436,425,199.6013982,0,-0.369565217,0,0,0,0
14234,GAGTCCGTGCACAATGAGAATGG,0,0,0.006233263,0.031934689,0.030955848,357.5,176.8886351,0,-0.086956522,0,0,0,0
14235,GAAGGAGAACAAGAGACACATGA,0,0,0.017361111,0,0.250819,552.5,196.0462377,0.108695652,-0.239130435,0,0,0,0
14236,GCACCAGACTGGGCAGGTGAGGG,0,0,0.066666667,0.129804532,0.125422944,455,193.4274737,0,-0.565217391,0,0,1,0
14237,AACAACACCAGTCAGTTGAGTGG,0,0,0.018270528,0,0.232606028,455,187.9465684,0.026086957,-0.913043478,0,0,0,0
14238,GGTGTGTATTTGTGTGCGTGTGG,0,0,0.177272727,0,0.734333036,622.5,205.8603463,0,-0.739130435,0,0,0,0
14239,TGTGCGTGCGTGTGAGCGTGTGG,0,0,0.165413534,0,0.24614019,522.5,199.7448781,0,-0.239130435,0,0,0,0
14240,TACACCAGTGAGGAAAGAGGAGG,0,0,0.13220539,0.033373132,0.032186532,357.5,170.0703246,0,-0.043478261,0,0,0,0
14241,GGTTGGTGGGGCTTTGCTCCAGG,0,0,0.098319328,0.263094174,0.263094174,425,202.342635,0.726086957,-0.760869565,0,0,1,0
14242,GGAAGGGAGGAGTGAGGAGTTAG,0,0,0.085968867,0,0.694060843,522.5,209.6675796,0.039130435,-0.391304348,0,0,0,0
14243,GATTTGTTTTCATTGTTGTTTGG,0,0,0.0275,0,0.270047141,492.5,157.3110668,0,2.260869565,0,0,0,0
14244,GGAACCGAAGCACAGTGTTTTGG,0,0,0.034344685,0.232606028,0.232606028,455,187.9465684,0,0.108695652,0,0,0,0
14245,ATTATCCCTTCTCCAGCACCTAG,0,0,0.04413172,0,0.573580538,525,208.9326795,0,-0.391304348,0,0,0,0
14246,CTAGCCCTACAGGCCAGTGATGG,0,0,0.100446429,0,0.073273358,455,173.1849985,0,0.239130435,0,0,0,0
14247,CTCATCCATTCACAAACACAGGA,0,0,0.023546336,0,0.14358594,425,190.2619215,0.352173913,0.434782609,0,0,0,0
14248,AAATGAAGAGGTGAGGCACAAGA,0,0,0.011033951,0,0.243372227,425,199.7708181,0.060869565,-0.065217391,0,0,0,0
14249,TGTGTGTGTGTGTGTGCCTGGAG,0,0,0.026936027,0,0.189613667,552.5,188.5285664,0,-0.804347826,0,0,0,0
14250,TGCATGGAAGATGGAGGAGTTGG,0,0,0.021500239,0,0.164115545,425,197.4967987,0.365217391,0.217391304,0,0,1,0
14251,CACGCCCTCCACCCCGCCAGGGA,0,0,0.000416833,0,0.219695863,485,150.4408001,0.091304348,-0.304347826,0,0,0,0
14252,GGTGAGTGAGTTTGCGGGTGCAG,0,0,0.001599707,0,0.123183479,365,177.4907669,0,-0.173913043,1,0,1,0
14253,GGGCCTGGGGCTGGAGGTGAGGG,0,0,0.106355042,0,0.6510065,552.5,177.5609831,0,-0.173913043,0,0,0,0
14254,AAATGAGAAGATGAGGAAATTAG,0,0,0.01037037,0,0.033961496,320,122.6121886,0,0.195652174,0,0,0,0
14255,GGCTTAGGGGAGTTTGTTCCTGA,0,0,0.003739316,0,0.34522286,552.5,194.6115849,0,-0.347826087,0,0,0,0
14256,GAATGCAATGCATTGACTGCTAG,0,0,0.047786667,0.132378138,0.130251581,522.5,201.439115,0.308695652,0.913043478,0,0,0,1
14257,AAAAGAGAAGGAAAGACACAGGA,0,0,0.01984127,0,0.055531438,357.5,185.3085699,0,-0.826086957,0,0,0,0
14258,AAACAGAAACCATAGACTGGGAG,0,0,0.002745098,0,0.388621058,552.5,175.2846797,0,0.065217391,0,0,0,0
14259,CCCACCCTTCCACAGAAACAGGG,0,0,0.084210527,0,0.223964003,455,184.3264314,0,0.173913043,0,0,0,0
14260,GGTGAGTGCTGCTGTGCGTGTGG,0,0,0.098319328,0,0.200516979,462.5,196.3022991,0,0.108695652,0,0,0,0
14261,AAATGAACAGAAAAGTCACAAGG,0,0,0,0,0.065045258,455,186.9292558,0,-0.782608696,0,0,0,1
14262,GGTGAGGATGTGTGTGCATGGAG,0,0,0.063348416,0,0.117023615,555,184.3338886,0,-0.043478261,0,0,0,0
14263,AGATGGTGAGAAGAGGCACAGGG,0,0,0.239455782,0.564014727,0.564014727,622.5,211.6910182,0,-0.195652174,0,0,0,0
14264,TACATCTTCCTCATTACCTGAAG,0,0,0.05014245,0,0.805112123,620,210.0084832,1,2.239130435,0,0,0,0
14265,TGGATGGATGGATGAGGAATGGG,0,0,0.247619047,0,0.3006731,462.5,179.462136,0.404347826,0.434782609,0,0,0,0
14266,GGCTGCCCACAGCCTGGCCCAAG,0,0,0.008197921,0.642348856,0.642348856,552.5,175.5423437,0,0,0,0,0,0
14267,TGTGAGTGCGTGCGTGTGTGCAG,0,0,0.054580897,0,0.144140246,455,184.754788,0,-0.282608696,0,0,0,0
14268,GCCTCTGCTGCTGGAAGTGGGGG,0,0,0.234965035,0,0.15797057,552.5,196.8381938,0,0.086956522,0,0,0,0
14269,GAATCAGAAGAAAAGGCACTGGG,0,0,0.435164835,0,0.26991206,455,171.2747595,0.782608696,1.565217391,0,0,0,0
14270,TAATTGTTTTCAATGTTTTCTGA,0,0,0.026785714,0,0.118417614,455,183.7493462,0.056521739,-0.217391304,0,0,0,0
14271,ATTGACCCACAGGTCATTAAGGA,0,0,0.002645503,0,0.090827917,455,185.2863843,0.926086957,5.239130435,0,0,0,0
14272,GGTGTGTGAGTGTGGGTGTGTGG,0,0,0.008484848,0,0.306794992,462.5,183.9185474,0,-0.02173913,0,0,0,0
14273,GCCCCCCTCCCCCCCCCCCCAGA,0,0,0,0,0.047610675,387.5,164.6934905,0,-0.413043478,0,0,0,0
14274,AAAGGAGAAGAAGATGAAAATGA,0,0,0.001240079,0,0.051461025,387.5,152.3852674,0,-0.065217391,0,0,0,0
14275,GGTATGTGAGTGTGAGTGTGGGG,0,0,0.088421053,0,0.155096519,455,181.8449474,0.32173913,0.434782609,0,0,0,0
14276,GGGTGGGGTGGGATTGCTACTGA,0,0,0.007142857,0,0.059144074,357.5,168.7628155,0.060869565,0.456521739,0,0,0,0
14277,GAGTCCCAGAAGAAGAAAGAAAG,0,0,0.040104167,0,0.058378574,485,155.6537496,0,-0.173913043,0,0,0,0
14278,ATTTAAAGCAGTGAGTAGAGTGA,0,0,0.013189935,0,0.778438874,620,212.912599,0,0.239130435,0,0,0,0
14279,GGTGAGTGAGTGTGAGTGCCAGA,0,0,0.002218189,0,0.017686193,320,116.1212675,0.513043478,1.956521739,0,0,0,0
14280,GACATGATTTCAGTCTTCTCAGG,0,0,0.029644269,0.10471389,0.101349588,425,192.2368771,0,0.130434783,0,0,0,0
14281,GTGTCTGAGCAGAGGAAGAAAGA,0,0,0.021885522,0,0.268036776,530,206.7348314,0.004347826,0.065217391,0,0,0,0
14282,TGTGTGTGAGTGTGTGTGCGGGG,0,0,0.046812957,0,0.202836708,485,166.177569,0.07826087,-0.065217391,0,0,0,0
14283,AGGTCTGAGCAGAAGAGGAAGAG,0,0,0.030588235,0.375472992,0.368797917,552.5,196.1879049,0,0.173913043,0,0,1,0
14284,CCAGTGAATTGAGGGGAGGGGAG,0,0,0,0.08601783,0.08601783,455,162.331662,1,2.108695652,0,0,1,0
14285,AAAGGGGAAGAAGAGGTGCAGGG,0,0,0.083333333,0,0.068624422,485,170.1309717,0,-0.565217391,0,0,0,0
14286,GCCTCCCCAAAGACAGGACTTGG,0,0,0.071940206,0,0.011570503,290,132.9327247,0.008695652,-0.065217391,0,0,0,0
14287,AAAGGACAAGCATAGGCACAAGA,0,0,0.003580729,0,0.209884409,425,200.213815,0,0.152173913,0,0,0,0
14288,AAATGTAAAGAAGATGCACAGAG,0,0,0.026455026,0.303620603,0.295934006,530,202.0238136,0.008695652,-0.065217391,0,0,0,0
14289,TAAAAAGAAGAAGAGACACAGAG,0,0,0.106995885,0.272333333,0.272333333,552.5,199.7496541,0,-0.152173913,0,0,0,0
14290,TGGAGGGATGGTTGAGGAGTGGG,0,0,0.073955555,0.231270929,0.227726547,425,200.0057155,0,0.195652174,0,0,0,0
14291,TGGAGGGAGGGAAGAGGAGCAGG,0,0,0.026181818,0,0.141811796,357.5,165.0446758,0.02173913,0.086956522,0,0,0,0
14292,CATTTTTTTTCATTGTTATCTGA,0,0,0.012241809,0,0.185123143,552.5,191.4626827,0.013043478,-0.347826087,0,0,0,0
14293,AAATGAGTTGAAGAGACATAGAG,0,0,0.030769231,0,0.047362622,485,164.1039769,0,-0.847826087,0,0,0,0
14294,TGCAAGTGAGTGTGTGAGTGCGA,0,0,0.0125,0,0.601049167,552.5,196.8122889,0,-0.065217391,0,0,0,0
14295,ATGAAAAGCAGTGAGAAGAAAAG,0,0,0.131899351,0,0.06522685,485,159.8881732,0,-0.108695652,0,0,0,0
14296,GCCACTTTCTCACCCTCCTATGA,0,0,0,0,0.104591523,485,158.9086378,0.9,-0.326086957,0,0,0,0
14297,GGCGCTCCCGCTGCAGGTGGAAG,0,0,0.025707799,0,0.08896183,522.5,200.3442542,0,-0.282608696,0,0,0,0
14298,GCCTCTTTGCTGCCCAACTTCAG,0,0,0.016643804,0.090447044,0.087674721,357.5,180.3079244,0,0.195652174,0,0,0,0
14299,CCTGCCTCCACTCTTCTCTGCAG,0,0,0.001532875,0,0.046387029,387.5,132.1156421,0,-0.065217391,0,0,0,0
14300,GGAATTTCTTCAGCAGCAGCAGA,0,0,0.005239335,0,0.096262749,455,176.5667348,0,-0.869565217,0,0,0,0
14301,GGGGCTTCGCCTGGAGGTGGGGG,0,0,0.071428571,0,0.846587038,620,210.4234828,0,0.173913043,0,0,0,0
14302,AAAGGAGAGGGAGAGGCAGAGGG,0,0,0.033854167,0,0.169128619,455,177.388536,0,-0.195652174,0,0,1,0
14303,GGGACTCCGGCTGGGCGTGGTGG,0,0,0,0,0.046662434,455,184.7933717,0.469565217,-0.543478261,0,0,0,0
14304,GTCCCCTCCTTTGACTAGGCTGG,0,0,0.0410662,0,0.337490089,455,169.9669799,0,-0.260869565,0,0,0,0
14305,GGTGTGTGTGTGTCTGCGTGTGA,0,0,0.006493506,0,0.243282841,530,203.512715,0.317391304,-0.565217391,0,0,0,0
14306,GACCCGCGCCCACCCGCCTCCGG,0,0,0.104761905,0,0.22549028,425,200.3680149,0,0.065217391,0,0,0,0
14307,CCAGTGAGTACCTCGGCGGCCGG,0,0,0.005970809,0.055532106,0.055532106,295,174.7683842,0,-0.369565217,0,0,1,0
14308,CTTGAGCCATAGGGCAATAACAG,0,0,0.06506899,0.322464761,0.322464761,552.5,190.1478485,0,-0.108695652,0,0,0,0
14309,AAATGAGAAAACCAGGCACAGAG,0,0,0.026811669,0,0.406822905,432.5,198.1928426,0,-0.043478261,0,0,0,0
14310,CCTGTGTATCCAGAGACACATAG,0,0,0.045256438,0.53957968,0.531673751,620,213.6292352,0,-0.239130435,0,0,0,0
14311,GACATTTTTTCATTATTCTAAAG,0,0,0.038731542,0.108990545,0.107052935,455,165.1957945,0,-0.52173913,0,0,0,0
14312,GACACCGAAGCAGGGTTTTCAGG,1,0.00169,0.042424242,0.415678521,0.415678521,470,172.8232154,0.343478261,0.847826087,0,0,0,0
14313,GGAGAGGGAATGTGTGCGAGAGG,0,0,0.112044818,0.31494187,0.309342904,552.5,180.5490828,0.069565217,-0.304347826,0,0,0,0
14314,GGCTCCCTCCGCCCCGCCCCGGG,0,0,0.114758621,0,0.27680625,455,181.1083164,0,-0.239130435,1,0,1,0
14315,GAGGCAGAACAGGAGAAGAACGA,0,0,0.016897044,0,0.204674188,522.5,203.0813151,0,-0.326086957,0,0,0,0
14316,AGATGAGAAAATGAGACACAGAG,0,0,0.064526749,0,0.117154697,455,188.9637372,0.056521739,-0.260869565,0,0,0,0
14317,GGTGCATGTGTGTGTGCATGTGG,0,0,0.207692308,0,0.10890785,552.5,186.7425824,0,0,0,0,0,0
14318,GAAGGAGGAGAAGAGGAACAAGA,0,0,0.014853395,0,0.609583333,552.5,194.240472,0,-0.02173913,0,0,0,0
14319,TGGATGGAAGAATGAGTGGATAG,0,0,0.009375,0,0.027507403,417.5,131.6931754,0,-0.065217391,0,0,0,0
14320,TGTGAGTGTGTGTGTGGATGGAG,0,0,0.006334842,0,0.073001262,485,168.8307753,0.847826087,-0.543478261,0,0,0,0
14321,AAGTGAAAAGAAGAGACACATGG,0,0,0.611111111,0,0.344412423,560,200.2003933,0.117391304,0.304347826,0,0,0,0
14322,AAAGGAGAGGCAGAGGCACATGG,0,0,0.166666667,0.883812757,0.862516064,530,209.3365359,0,-0.217391304,0,0,0,0
14323,CAGTCAGGGCAGAGGAAGAAGGG,0,0,0.226984127,0.137828997,0.135502769,522.5,202.6750144,0.013043478,-0.130434783,0,0,0,0
14324,AAATGAGGGGCTGAGGCACAGAG,0,0,0.016899863,0,0.217716589,425,198.1942185,0.860869565,0.108695652,0,0,0,0
14325,CCCTTCAATCCAGAGCCACCAGA,0,0,0,0,0.077563529,485,161.5171934,0,0.065217391,0,0,0,0
14326,TGGCTGGAGGAAGGAGGAAACGG,0,0,0.036993058,0,0.080487776,387.5,140.9414796,0.060869565,-0.413043478,0,0,0,0
14327,CACCCCCTCCACCTCCACTCTAG,0,0,0,0,0.015622402,387.5,169.2862784,0.417391304,-0.239130435,0,0,0,0
14328,CACTGTGTCTCTGTATGTTTTAG,0,0,0.01804944,0,0.014565495,387.5,151.1494821,0,-0.543478261,0,0,0,0
14329,TGGGAGAAGGAATGAGGAGATGG,0,0,0.17578125,0.459112755,0.45095075,552.5,177.5172993,NA,0.304347826,0,0,0,0
14330,AACACCCCTTAGAAGAGCGGCAG,0,0,0.03926282,0.332281119,0.332281119,522.5,199.2259453,0,-0.043478261,0,0,0,0
14331,CTGTCCCCACATGGCAGTACAAG,0,0,0.004120459,0.332103316,0.320295198,455,172.9446996,0,0.086956522,0,0,0,0
14332,GTCACTTCCACTCACTTGGGGAG,0,0,0.005406108,0.073953355,0.071577344,357.5,180.6985007,0.013043478,-0.52173913,0,0,0,0
14333,AGAGGAGCAGAACAGGCACAGAG,0,0,0.023391813,0.572069502,0.553689759,522.5,205.4872625,0,-0.456521739,0,0,0,0
14334,TGTGTGCGTGTGTGTGCGTGAGA,0,0,0.010416667,0,0.569608261,620,211.5687188,0,-0.5,0,0,0,0
14335,GGCTCCCCTCTGCCTGGCCAAGG,0,0,0.042809365,0.446837229,0.446837229,525,203.7783995,0,0.065217391,0,0,0,0
14336,AACATGTTTTCATTTTTCTAAGG,0,0,0.030612245,0,0.186915845,455,166.9817785,0,0.152173913,0,0,0,0
14337,ACATGAGAACGTGAGGCACAGGG,0,0,0.068095238,0.36568446,0.359810011,460,200.0220794,0,-0.260869565,0,0,0,0
14338,CCTGCCCCACTGGGGAGCAATGA,0,0,0.000392465,0,0.04615898,357.5,173.0995614,0,0.02173913,0,0,0,0
14339,AATGCCTCCTCTCTACTGACCAG,0,0,0.020426487,0,0.285817,552.5,188.5449303,0,-0.152173913,0,0,0,0
14340,CATGCCCAACAGGGGAGAAAAAG,0,0,0.004753086,0,0.083169333,455,176.2298282,NA,-0.326086957,0,0,0,0
14341,CCAGAGGGCAGAGGGGAGGCTGA,0,0,0,0,0.08896183,522.5,199.9295342,0.091304348,0.173913043,0,0,0,0
14342,CCAGAGAGCAGAGATGAGGCAAG,0,0,0.005982906,0.035477341,0.034907424,425,188.1056934,0,0.043478261,0,0,0,0
14343,ATGGACAGCAGTGAGGAGAATGG,0,0,0.130387191,0.115618439,0.113563,485,160.8005572,0,-0.217391304,0,0,0,0
14344,GTCCCCTCCACTAACTAGTGGAG,0,0,0.022523881,0,0.107124019,357.5,171.8489958,0.013043478,-0.043478261,0,0,0,0
14345,GAGCCCCTGCACCCAGCCTGTGA,0,0,0.000280977,0,0.106601012,455,163.3675981,0,-0.260869565,0,0,0,0
14346,AGATGAGCAGAAGGGGCAAAAGG,0,0,0.068571429,0,0.07431375,455,173.4729985,0,-0.630434783,0,0,0,0
14347,GGAGAGTGTGTGTGTGTGGGAGG,0,0,0.05,0,0.115680928,485,162.9781086,0,0.217391304,0,0,0,1
14348,GGTGAGTCTGTGTGTGTGTGGGG,0,0,0.172307692,0.644944444,0.628616737,560,192.3542916,0.082608696,-0.260869565,0,0,0,0
14349,CCCATCCCTCCAGAAATAGAGAG,0,0,0.006100218,0,0.046500926,387.5,150.1590505,0,-0.565217391,0,0,1,0
14350,GGGTGGGGGCAGTTTCCCCCAGG,0,0,0,0,0.082971349,492.5,172.6965044,0,-0.391304348,0,0,0,0
14351,AAGTGAGAAGTGGAGTCACAGAG,0,0,0,0,0.069609734,357.5,187.43739,0,-0.565217391,0,0,0,0
14352,TGTGAGTGAGGGTGTGGGTGAGG,0,0,0.023529412,0,0.716018519,462.5,193.1838052,0.060869565,-0.02173913,0,0,1,0
14353,GACACTGGGGCTGGTGTTGGGGA,0,0,0.001888736,0,0.163368333,455,180.6670504,0.326086957,0.152173913,1,0,1,0
14354,GGTGTGAGTGTGTGTGCATGTGG,0,0,0.132167832,0,0.122948862,552.5,186.1453856,0.065217391,0.5,0,0,0,0
14355,GGAAGGCGTTCTGCAGCAGCTGA,0,0,0.001785714,0,0.286465585,552.5,182.2778791,0.165217391,-0.282608696,0,0,0,0
14356,GGCACTGCTGCTGGCCGTGGGGG,0,0,0,0,0.07163701,462.5,184.9447722,0,-0.434782609,0,0,0,0
14357,GACACTGAGGCTTGAGGTGTCAG,0,0,0.029944444,0,0.26991206,455,169.2232626,0,-0.217391304,0,0,0,0
14358,CCCTGTGTGTCTCAATGGAGAGG,0,0,0.03449801,0.021717625,0.02101987,357.5,156.9641145,0,-0.239130435,0,0,0,0
14359,GACTCAGACTGAGGAGGTGAGAG,0,0,0,0,0.038523101,455,189.1587895,0,0.108695652,0,0,0,0
14360,TGGAGGCAGGAATGAGGGGGAGG,0,0,0.031058823,0,0.088386347,485,152.967566,0.104347826,0.065217391,0,0,0,0
14361,AAAAAAGAAGAAGAGGAAGAAGG,0,0,0.024074074,0,0.19201875,485,165.303969,0.065217391,-0.130434783,0,0,0,0
14362,GGTGTGTGTGTGTGTGCCTGTGG,0,0,0.103896104,0,0.356082003,560,189.7285664,0.013043478,-0.608695652,0,0,0,0
14363,GTCAGTGAGGGTGGAGGTGGAGG,0,0,0.062045455,0,0.794051205,522.5,208.3417793,0,0.152173913,0,0,0,0
14364,GGGTGGAGGCAGCTTCCTCCTGG,0,0,0,0.059906683,0.059906683,455,185.0373364,0,0.239130435,0,0,0,0
14365,TGGCTGGAGCAATTAGGATTTAG,0,0,0.006506899,0,0.068442964,455,170.947479,0.830434783,-0.434782609,0,0,0,0
14366,AAAAAAGAAGAAGAGGAAGAAGA,0,0,0.001671811,0,0.19201875,485,165.303969,0,-0.326086957,0,0,0,0
14367,CCTGCCTGGGCTCTGCTCTCAGA,0,0,0.009672619,0,0.073797574,455,167.1853812,0,-0.043478261,0,0,0,0
14368,ATCACCTCCAAGGGCTTGGGAGG,0,0,0.028,0.045496156,0.044687335,357.5,178.8586038,0.004347826,-0.02173913,0,0,0,0
14369,GAGCTGTTTTCATTGTGCTGAGG,0,0,0.002238958,0.259877595,0.250637503,485,159.674689,0,-0.434782609,0,0,0,0
14370,GGGTGGGGCCATTTTGCTCTAGA,0,0,0.001725838,0,0.165180024,455,165.3947829,0,-0.065217391,0,0,0,0
14371,GTCCTGTTTTCATTTCTCTCGGG,0,0,0.044817927,0,0.069289873,455,186.5909525,0,-0.130434783,0,0,0,0
14372,CCCATCCCACCACAGACACTAAG,0,0,0.026065163,0.148215887,0.148215887,455,165.5034822,0.013043478,0.239130435,0,0,0,0
14373,GAATCAGAACACAAGAAGAAGGA,0,0,0.016459709,0,0.256563061,522.5,205.2101352,0.908695652,0.543478261,0,0,0,0
14374,AGTGCGCGAATGTGTGCGTGGAG,0,0,0.074861111,0,0.89998622,620,210.5367628,0,0.065217391,0,0,0,0
14375,GGAGAGTGAGTGTGAGATTGAGG,0,0,0.128654971,0,0.031571911,387.5,158.0555341,0,-0.130434783,0,0,0,0
14376,GGTGAGAGAGGGAGTGCTTGGGG,0,0,0.161538462,0,0.041137344,357.5,175.6640817,0,-0.108695652,0,0,0,0
14377,GGTGTGTGGGTGTGTGTGTGTGG,0,0,0.113131313,0,0.699446792,560,194.1657886,0,0.108695652,0,0,0,0
14378,GTCACCAAAGCATAGTATTTAGA,0,0,0.008080808,0,0.161125676,455,186.0913876,0.234782609,-0.217391304,0,0,0,0
14379,GGTGTGTGGGTGTGTGTGTGTGA,0,0,0.007856341,0,0.699446792,560,194.1657886,0,-0.239130435,0,0,0,0
14380,AAAAGGGAAGAAGAGGAAGAAAG,0,0,0.005144033,0,0.116171344,485,164.806305,0.07826087,0.086956522,0,0,0,0
14381,GGAATCCCTTCTTAAGCCCTCAG,0,0,0.001555556,0.006532977,0.006432854,290,135.5005616,0,-0.347826087,0,0,0,0
14382,GGGAAAGACCCAGCACCTGATGG,0,0,0.241071429,0,0.034112411,425,140.5506409,0,0.282608696,0,0,0,0
14383,GGCATTGCTGATGGTGGTGGTAG,0,0,0.013198653,0,0.130024297,425,193.5147944,0.108695652,0,0,0,0,0
14384,GACTTTTTTTTATTGTGCTTTGA,0,0,0.000502765,0,0.081031088,387.5,153.0602213,0,-0.304347826,0,0,0,0
14385,GCCTGTGTCTCTGGATGAGCTGA,0,0,0.001496465,0,0.043060389,442.5,125.8910669,0.008695652,0.065217391,0,0,0,0
14386,GGCCCAGACAGAGGCCCTGATGA,0,0,0,0,0.019326615,357.5,167.3759463,0.069565217,-0.630434783,0,0,1,0
14387,AGAGGAGAAAAAGAGGGACAAAG,0,0,0.007116921,0,0.56142625,552.5,192.1085525,0.008695652,-0.413043478,0,0,0,0
14388,GGCACTGAAGCTGGAATTGGGGG,0,0,0.104464286,0,0.057887649,485,173.8658657,0.004347826,-0.130434783,0,0,0,0
14389,GACCCCCTCCGCCCGCCCTCCAG,0,0,0,0,0.062079479,365,182.6744688,0,0.152173913,0,0,0,0
14390,GGGCAGTGTGTGTGTGTGTGCAG,0,0,0.019215686,0,0.348646558,552.5,192.8525086,0.182608696,-0.02173913,0,0,0,0
14391,CTCATAATTCCAGAGACACAGAG,0,0,0.07034632,0.564014727,0.564014727,622.5,211.6910182,0.013043478,0.043478261,0,0,0,0
14392,CGTGCCTCCGCTCCACTACCAGG,0,0,0.022142775,0.015102472,0.014565495,387.5,151.1494821,0.62173913,-0.347826087,0,0,1,0
14393,TGTGAGTGTATGTGTGTGTGGGG,0,0,0.261333333,0.349240153,0.343031439,552.5,189.2623722,0,-0.434782609,0,0,0,0
14394,AAAAAAGAAGAAGATGCAGAAGA,0,0,0.000511779,0,0.133665,455,172.0830585,0,-0.282608696,0,0,0,0
14395,GGTGACTGATTGGGTGTGTGGGG,0,0,0.067440711,0,0.1187797,455,181.936848,0,0.239130435,0,0,0,0
14396,ATATGAGAGGAAGACGCAAAGGA,0,0,0.003935458,0,0.081669315,455,170.0451981,0,0.217391304,0,0,0,0
14397,CACATGTTGTCCTTGTTCTCAAG,0,0,0.01436572,0.444369398,0.43009247,522.5,206.6505192,0,0.02173913,0,0,0,0
14398,GGCAATGAGGCTGGGGGTAGAAG,0,0,0.044708995,0,0.126897152,455,169.8568415,0,NA,0,0,0,0
14399,TAGATGAAGGAATGAGGCTTAGA,0,0,0.007461674,0,0.066766665,485,160.405486,0,-0.195652174,0,0,0,0
14400,AGATGAGGTGATGAGGCACAGAG,0,0,0.030419753,0,0.43009247,522.5,204.1843022,0.013043478,0.195652174,0,0,0,0
14401,CCAGCCTCTGCTCTGCTCTCCAG,0,0,0.056712963,0.081983428,0.080525945,455,169.7571981,0,0.130434783,0,0,0,0
14402,GGGCCGGGGGAATGAGGAGTGGA,0,0,0.017192384,0,1.364942529,620,213.938263,0.273913043,1.826086957,0,0,0,0
14403,AGGACCAGTGAGCAGAGTGGTGA,0,0,0.014097744,0,0.118417614,455,183.5093462,0.008695652,0.173913043,0,0,0,0
14404,AGGTGCTAGCAGAAGAAGAAGGG,0,0,0.246857143,0.932255747,0.932255747,620,215.2884992,0.430434783,0.130434783,0,0,0,0
14405,GTCATCTTTGCCATTACTGGTGG,0,0,0.064285714,0,0.029954105,387.5,152.8388027,0,-0.217391304,0,0,0,0
14406,GGAGCTGCGGCTGGAGGTAAAGA,0,0,0.025189112,0,0.205067048,485,149.9128001,0,-0.217391304,0,0,0,0
14407,AGGAGGGAGGAATGGGGAGTTGG,1,0.0333,0.416,0,0.844444444,530,204.9046584,0,-0.043478261,0,0,0,0
14408,GCCCGCCTCCCCCCCGCCCCGGG,0,0,0.052019704,0,0.27680625,455,180.6935964,0,-0.369565217,1,0,1,0
14409,ATGTCCTAGCTGAAGAAGAAAGA,0,0,0.007992008,0,0.542336973,522.5,210.3467355,0,-0.347826087,0,0,0,0
14410,GGTAAAGACACAGCAGCCCTGGG,0,0,0.067241379,0.079311862,0.077901873,485,165.6438378,0,0.217391304,0,0,0,0
14411,GGGTTTGGGGAGTTTGCACAGAG,0,0,0.017283951,0.078292445,0.078292445,485,153.5647628,0.395652174,0.739130435,0,0,0,0
14412,TGTAAGGAGGAATGTGGACTAGA,0,0,0.001556513,0,0.13179369,455,172.4286585,0,-0.413043478,0,0,0,0
14413,AAATGAGAAAAACAGGCAGAAGG,0,0,0.049122807,0.307823318,0.300030323,462.5,175.1609431,0,NA,0,0,0,0
14414,GACATGTTTTTATTCTTCTTAGA,0,0,0.000832501,0,0.098205585,357.5,160.7516948,0,-0.347826087,0,0,0,0
14415,TGCACTGGGCTTGGAGGTGGGGA,0,0,0.005494505,0,0.73132116,522.5,204.8783629,0.008695652,0.152173913,0,0,0,0
14416,GATTCCCTCCACCCCTCATCCAG,0,0,0,0,0.052630051,485,175.0866408,0.786956522,0.130434783,0,0,0,0
14417,GCACTCCATCCAGAGCCACAGAG,0,0,0,0,0.268520667,552.5,200.5099741,0,0.108695652,0,0,0,0
14418,GATCTGTTTTCCTTTTTCTCTGA,0,0,0.001161375,0,0.195426448,425,195.875278,0,-0.130434783,0,0,0,0
14419,GCCTGTTTCCCACCCTCCTCTGG,0,0,0,0.232949744,0.22599602,492.5,164.6856542,0,-0.282608696,0,0,0,0
14420,GAGTCTTAGAAGGAGAAGAAAGA,0,0,0.020827171,0,0.201030077,522.5,200.5397782,0,0.065217391,0,0,0,0
14421,AGATGAAAAAAAGAGGCACACAG,0,0,0.193580247,0,1.68098692,627.5,212.7850828,0,-0.130434783,0,0,0,0
14422,GGTGACTGTGTGTGTGGGGGAAG,0,0,0.001559715,0,0.067386732,485,161.7201246,0,-0.434782609,0,0,0,0
14423,GGCACTTTGGGTGGAGGTGTCAG,0,0,0.022685185,0,0.237605379,455,170.3493186,0,4.152173913,0,0,0,0
14424,CACTGTGCCTCTGGAGGGGTGGG,0,0,0.094405594,0.088947581,0.085785,485,167.8237572,0,-0.130434783,0,0,0,0
14425,AAAAGAGAAGAAGCTGGACAGAG,0,0,0.000222311,0,0.023109381,357.5,171.4940827,0,0.152173913,0,0,0,0
14426,TGTGACTGTGTGGGTGCGTGTGA,0,0,0.007411067,0,0.215037438,522.5,203.9549151,0,0.282608696,0,0,0,0
14427,ATAGTATTAGTCATTACCTGTGA,0,0,0.031436012,0,0.778438874,620,216.012416,0,0.065217391,0,0,0,0
14428,CCTGCTTCCCCTCTTCTCCCCAG,0,0,0.003984674,0.071921594,0.070707728,455,167.4672581,0.004347826,-0.086956522,0,0,0,0
14429,AGAAGGGAGGCATGAGGAGTGGG,0,0,0.192,0.795717092,0.782934488,522.5,211.1535963,0.491304348,0.152173913,0,0,0,0
14430,ATTTAAACCAGTGTGTAGAGGGA,0,0,0.010942761,0,0.1271669,522.5,204.3732314,0.02173913,-0.086956522,0,0,0,0
14431,GCCAGAGCGGCTGGAGCTGGGGG,0,0,0.084705882,0,0.368797917,552.5,194.8995849,0,-0.217391304,0,0,0,0
14432,CACTCGTGTTCATTTTTCTCTGA,0,0,0.005196523,0,0.402848101,522.5,200.6048415,0.008695652,0.173913043,0,0,0,0
14433,AATTTAGAAGATGAGGCACAAAG,0,0,0.018300654,1.3300329,1.296361181,530,210.8675796,0.004347826,0.108695652,0,0,0,1
14434,TTGAACAGAAGTGAGGAGAGTGA,0,0,0.013245683,0,0.166395667,552.5,194.8519768,0,-0.043478261,0,0,0,0
14435,GCCTAGCAAAGGCCTGGCCATGA,0,0,0.008382936,0,0.458313578,522.5,206.7957953,0,-0.391304348,0,0,0,0
14436,GGTGAGTGTGTGTGTGAGTGCAG,0,0,0.072592593,0,1.773597222,567.5,196.6541086,0,1,0,0,0,0
14437,GATTTCGGTGTCCTCCCGATTGA,0,0,0.002970679,0,0.305988667,552.5,189.2752498,0.413043478,-0.152173913,1,0,1,0
14438,TGAATGAATGAATGATGAGTGGA,0,0,0,0,0.106383384,552.5,195.040613,0.043478261,0.369565217,0,0,0,0
14439,ATTCAAACCAGTGTGTAGAGCGA,0,0,0.006069094,0,0.1271669,522.5,204.3732314,0,0.086956522,0,0,0,0
14440,TGAATGAATGAATGATGAGTGGG,0,0,0,0,0.106383384,552.5,195.040613,0.034782609,0.413043478,0,0,0,1
14441,TTGAACCTCTGTGAGTAGAGGGA,0,0,0.023456648,0,0.89998622,620,208.7252658,0,-0.086956522,0,0,0,0
14442,AAATAAAAAGAAGAGACACCAGA,0,0,0.013678451,0,0.077563529,485,161.1024734,0,-0.239130435,0,0,0,0
14443,AAGGGAGTAGAAGAGGAACAGGG,0,0,0.076388889,0.590550491,0.570616297,552.5,193.712472,0,-0.434782609,0,0,0,0
14444,GAAGACAGAGAGTAGACTGCTGG,0,0,0.198611111,0,0.372711207,425,201.2803989,0.013043478,-0.260869565,0,0,0,0
14445,TCCTCCCCAGAGCTTCGCCAAGA,0,0,0,0,0.037372031,455,185.280653,0.043478261,-0.108695652,0,0,0,0
14446,GGAAGCCCTACTGCACCACGTAG,0,0,0,0.104591523,0.104591523,485,158.4939178,0,-0.130434783,0,0,0,0
14447,GGCCCTGCAGCAGGGGGTGGAGG,0,0,0.117983193,0,0.115264782,425,192.4434976,0.073913043,0.217391304,0,0,1,0
14448,GCCTCTCTCTCTCCCACCTCTGG,0,0,0.019607843,0,0.193993875,455,166.9713824,0,-0.47826087,0,0,0,0
14449,GCCAGTGAGGATGGAGGTGGTGA,0,0,0.0140625,0,0.794051205,522.5,208.3417793,0.004347826,0.130434783,0,0,0,0
14450,GTTATCTTGGTCAATACCTGGAG,0,0,0.073559671,0,0.252670315,530,204.273035,0.026086957,0.108695652,0,0,0,0
14451,AATGAACACTATGTCCTCACAGA,0,0,0.005146574,0,0.072206123,357.5,163.0609951,0,0.130434783,0,0,0,0
14452,GACTTGTTTTAATGCTCCTCAGG,0,0,0,0.011646331,0.011646331,260,166.137599,0,-0.847826087,0,0,0,0
14453,ATGTGAGAAGAAGAGGGAAATGG,0,0,0.011204482,0.196310413,0.189330488,485,166.697889,0,-0.565217391,0,0,0,0
14454,GAAATGTTGTCATTGTTTTCCAG,0,0,0.042579995,0.186959075,0.186959075,552.5,188.4152864,0,-0.065217391,0,0,0,0
14455,GGTGTCGATGTCCTCCCCATTGA,0,0,0.023871528,0,2.287423687,630,218.7584,0.1,-0.326086957,0,0,0,0
14456,AGAATCTCTTCTTCAGCATCTGG,0,0,0.10125,0,0.139257147,455,176.5694987,0,0.02173913,0,0,0,0
14457,GTGAACTACAGTGACTAGGGTGG,0,0,0.120714286,0.770556077,0.7469375,522.5,208.0537793,0.013043478,0.02173913,0,0,0,0
14458,ACTGAGCACTGCAACCTCAAAAG,0,0,0.040983245,0.075204037,0.075204037,425,199.3047476,0.013043478,0.326086957,0,0,0,0
14459,CGTCAGTGTATGTGTGCGTGTGA,0,0,0.014705882,0,0.805112123,620,209.3748832,0.086956522,-0.239130435,0,0,1,0
14460,GCCTTCCCAAAGCCCGGCCATGG,0,0,0.173553719,2.314545455,2.314545455,537.5,206.1046584,0.017391304,-0.260869565,0,0,0,0
14461,ACCTGGTTTTCATTGTTATCTGA,0,0,0.016923077,0,0.310333333,552.5,192.2483467,0.317391304,0.282608696,0,0,0,0
14462,CCCTGTGTCTTTGCAAGGTTCAG,0,0,0.016735401,0,0.006115509,290,153.2943058,0.286956522,-0.173913043,0,0,0,0
14463,GCCTCTGTCTCCCCCACCCTCGG,0,0,0.040191159,0.146542136,0.146542136,455,173.3609824,0.426086957,-0.217391304,0,0,0,0
14464,AAGCCCCCCCACCCCGCCCCGGG,0,0,0.124137931,0,0.519472711,552.5,184.8241831,0.008695652,-0.391304348,0,0,1,0
14465,TCCTTCCCAAAGCATTGCCAGGA,0,0,0,0,0.040577667,455,188.9840695,0.008695652,-0.369565217,0,0,0,0
14466,TGTGTGAGAGTGTGTGTGTGCAG,0,0,0.038496072,0,0.416345417,552.5,194.5423881,1,-0.347826087,0,0,0,0
14467,GCCTCCATGGAGCCTGGCCACGG,0,0,0.243055556,0.501549463,0.501549463,625,204.7654855,0,-0.195652174,0,0,0,0
14468,AGGACCACCAGAGAGGAGAGGGA,0,0,0.008076923,0,0.127203797,455,192.6671537,0,0.239130435,0,0,0,0
14469,ACTTGGGAAGATGAGGCACAAGA,0,0,0.009170335,0,0.41990681,522.5,208.9299156,0,-0.5,0,0,0,0
14470,AAATCTGAAAAACAGGCACAAGG,0,0,0.220551379,0.303640936,0.294333934,522.5,201.634639,0,-0.434782609,0,0,0,0
14471,GGGGGGGGGGGGGTTGCTTCTGA,0,0,0.003396739,0,0.107124019,357.5,171.8489958,0,-0.391304348,0,0,0,0
14472,TGGATGGATGAAGGATGAATGGA,0,0,0,0,0.018329335,387.5,157.7044733,0,-0.195652174,0,0,0,1
14473,AATGACCACCACTGCCACAATAG,0,0,0,0.028342577,0.027908208,357.5,172.0836473,0,-0.239130435,0,0,0,0
14474,GGGAGGAAAGAATGAGGAGTTAG,0,0,0.102028985,0,0.569608261,620,211.5687188,0,0,0,0,0,0
14475,CACTAGTTTTCATTTTTCTTTGG,0,0,0.015306122,0.190493182,0.186915845,455,166.5670585,0,-0.130434783,0,0,0,0
14476,TAATGAAAAGAAGACTCACATAG,0,0,0,0,0.049848983,455,185.3213717,0.008695652,-0.02173913,0,0,1,0
14477,CCCTCTTTCCCCCCAAACTTAGG,0,0,0.019493177,0,0.08037722,357.5,176.2907669,0.02173913,0.02173913,0,0,0,0
14478,GAGCCACTACACCCGGCCTCAAG,0,0,0.00515873,0,0.146830007,522.5,198.7192141,0,-0.52173913,0,0,0,0
14479,TCCTCCCCAAATCCTACCCATGG,0,0,0.090497738,0.052519052,0.05158538,387.5,173.2093626,0,0.086956522,0,0,1,0
14480,TGTAAGGAGGAAAGAGGGGTGAG,0,0,0.017948718,0.118417614,0.118417614,455,182.4610262,NA,NA,0,0,0,1
14481,TCCTCTCTCCCACCTGCCTTTGA,0,0,0.00061209,0,0.049848983,455,185.3213717,0.1,0.347826087,0,0,0,0
14482,GAGGCCAAGAAGAAGAAGGAGGA,0,0,0.014105903,0,0.313735196,552.5,180.2034828,0.017391304,-0.434782609,0,0,0,0
14483,GACGTGTTTTCACTCTTCTTGGG,0,0,0.040370813,0,0.068478489,357.5,157.482458,0,0.260869565,0,0,0,0
14484,AATGACCACTCCATTATCTATGA,0,0,0.000997151,0,0.010999708,290,150.7264689,0,0.239130435,0,0,0,0
14485,AAGTGAGAAGAAGGTGCTCAGAG,0,0,0.005281207,0,0.012218739,357.5,167.4024605,0,0.02173913,0,0,0,0
14486,GGAGAGTGAGTGAGCGGGTGAAG,0,0,0.002056767,0,0.05918204,357.5,173.9795468,0,0.195652174,0,0,0,0
14487,GGAATCCTCTCTGCAGAAGCAGA,0,0,0.003271902,0,0.106015171,485,160.4062917,0.060869565,0.5,0,0,0,0
14488,AAAAAAGAAGAAGAGGGAGAGAG,0,0,0.000786734,0,0.19201875,485,165.303969,0.308695652,0.413043478,0,0,0,0
14489,ACCTGTGTCCCTTGATGGCTGGA,0,0,0.002298851,0,0.187783063,455,173.9609431,0,-0.804347826,0,0,0,0
14490,GACAAAAAAGAAGAGTTTTTAGA,0,0,0.027636054,0,0.313028173,525,207.5124315,0.013043478,0.02173913,0,0,0,0
14491,GAGTCCCAGGAGTAGAAGGATGG,0,0,0.030078125,0.1152679,0.1152679,455,171.5777623,0.317391304,-0.739130435,0,0,0,0
14492,AACTGAGAACAAGAGGAAAAAAG,0,0,0.008888889,0.177529458,0.174373379,485,161.9461526,0,-0.152173913,0,0,0,0
14493,TGTTAGTGAGTGTGTGTGAGCGG,0,0,0.048484849,0,0.202836708,485,166.592289,0,0.043478261,0,0,0,0
14494,AAGTGATCAGAAGAAGCACATGG,0,0,0.140856343,0.27129322,0.27129322,522.5,198.9819807,0,-0.434782609,0,0,0,0
14495,TCCTGCCCAAAGACGGGCCACAG,0,0,0.002991453,0.161348581,0.155902215,425,194.2053379,0,-0.260869565,0,0,0,0
14496,CTTGCCTCCTCTTGACTCACCAG,0,0,0,0.079829497,0.079829497,425,192.8297584,0.2,0.413043478,0,0,1,0
14497,CTAGTGGGTAGAGTGGAGCCAGG,0,0,0.210953347,0.052627491,0.050756291,455,174.1896346,NA,1.456521739,0,0,0,0
14498,AAAAGAAAAGAACATGCACAGAG,0,0,0.007425972,0,0.101349588,425,192.2368771,0,-0.565217391,0,0,0,0
14499,GGCGCTCAGGCTGGAGCTGGGAG,0,0,0.017037718,0,0.395264636,552.5,191.8572912,0.069565217,NA,0,0,0,0
14500,AATTGAGAAGAAGCGGGAAAAGG,0,0,0.00381329,0,0.028210243,387.5,155.2987044,0,0.152173913,0,0,0,0
14501,AAGTTGTTTTCATTCTCCTCGAG,0,0,0.022459893,0.163996673,0.161081177,455,183.4788674,0.556521739,-0.086956522,0,0,0,0
14502,TGTGAGAGAGAGTGTGCGTGTGG,0,0,0.65625,1.066997778,1.066997778,530,211.7867355,0,0.347826087,0,0,0,0
14503,AAGAGGGAGGAATGAGGAATGGG,0,0,0.386813187,0.526848592,0.526848592,552.5,186.9236801,0.008695652,-0.282608696,0,0,0,0
14504,GACACTGCACCTGGAGGTGAGGA,0,0,0.014165522,0,0.392475151,552.5,172.8708833,0,-0.173913043,0,0,0,0
14505,GCCCCTTTCCCACTTAGCTTGAG,0,0,0.000482436,0,0.023109381,357.5,171.4940827,0.082608696,0.086956522,0,0,0,0
14506,GCCTCTGAGCCACCCACCTGTGG,0,0,0.051408799,0.26607062,0.261579976,555,172.619622,0,-0.304347826,0,0,0,0
14507,CTCTTCCCTCCAGGGACACAGGA,0,0,0.008034894,0,0.223971519,522.5,203.3473984,0,-0.086956522,0,0,0,0
14508,GACATGCATTTCCTGCCCATTGA,0,0,0.000969781,0,0.145923766,522.5,195.8320772,0,-1.173913043,0,0,0,0
14509,CCCTCCCCACCTCCTGGCCAGAG,0,0,0.009496676,0,0.359810011,460,200.2620794,0.065217391,-0.304347826,0,0,0,0
14510,TATACAGAAGCAGAGTTTATTGG,0,0,0.182397959,0,0.31428099,552.5,186.1380161,0.034782609,-0.130434783,0,0,0,0
14511,TGGATGGAGGAATGAGCGGATGG,0,0,0.052941177,0,0.072999949,425,136.8529557,0.026086957,-0.152173913,0,1,0,0
14512,GAACACAAGCCACAGAATGCTGG,0,0,0.098245614,0,0.114442385,455,179.7630516,0,-0.5,0,0,0,0
14513,GGATACCCGTCTGCAGCTCCTGG,0,0,0.098484848,0,0.180012975,552.5,187.6549664,0,-0.369565217,0,0,1,0
14514,AAAAGGGAAGAAGAGGCACAGAG,0,0,0.088183421,3.30316092,3.30316092,635,218.940416,0,-0.086956522,0,0,0,0
14515,GACCCACCACACCCTGCCTCAAG,0,0,0.013756614,0,0.141738197,522.5,196.1473971,0.065217391,0.086956522,0,0,0,0
14516,GAATGAGAGGAAGAGACAAAGAG,0,0,0.074074074,0,0.055367572,485,167.2037938,0,-0.043478261,0,0,0,0
14517,CTTGCCCCTCCAGGCAGTCAGGG,0,0,0.046344828,0.076418523,0.075190916,357.5,170.5460356,0.273913043,-0.043478261,0,0,0,0
14518,TTTATGTAGGAATTAGGAGTTGA,0,0,0.003367003,0,0.150830932,522.5,204.4096346,0,-0.152173913,0,0,0,0
14519,GGCAGTGCGGTGGGAGGGGGGGA,0,0,0.002136752,0,0.080449006,357.5,178.5421626,0,0.02173913,0,0,0,0
14520,AGGATAGAGGAAAGAGGGGTTGG,0,0,0.276923077,0,0.072659895,455,182.4913622,0.004347826,-0.043478261,0,0,0,0
14521,AGCACAGCGGCTGGAGAAGGCAG,0,0,0.12582716,0,0.072284392,485,171.0045717,0.008695652,0.065217391,0,0,0,0
14522,AGTGAGTGAGGGTGTGGGTGTGA,0,0,0.001470588,0,0.716018519,462.5,193.1838052,0,0.47826087,0,0,0,0
14523,AGATGAGAACTAGAGGTACAGAG,0,0,0.011912631,0,0.311591569,455,186.7520688,0,-0.760869565,0,0,0,0
14524,TGTGCGTGCGTGTGTGTGTGTGA,0,0,0.009259259,0,0.372455417,552.5,192.9657886,0,0.217391304,0,0,0,0
14525,GGCAATGGGGTTGGTGGTGGTGG,0,0,0.022605965,0,0.212805723,425,194.3747578,0,0.239130435,0,0,0,0
14526,AATGAGTGAGTGAGTGAGTGAAG,0,0,0.063786982,0.240178592,0.23590875,455,188.4745684,0,-0.173913043,0,0,0,0
14527,CCCACCCCAAGGCCTGCCCAAGA,0,0,0.003612556,0,0.33831875,455,191.1102052,0.017391304,-0.260869565,0,0,0,0
14528,AAAAGAGAAGGTGAGGCGCAGAG,0,0,0.010699588,0,0.080449006,357.5,178.9568826,0,-0.586956522,0,0,0,0
14529,GGAAGGGCGGCTGGGGGTGGGGA,0,0,0.013412698,0,0.240310978,522.5,201.3906744,0,-0.217391304,0,0,1,0
14530,CCCTCTTCCCCTCCCTCCTTAAG,0,0,0,0.133988,0.133988,455,191.0956567,0,-0.282608696,0,0,0,0
14531,GGATGGGGGGTGTTTTCTCTGGG,0,0,0,0.064436143,0.06214508,387.5,158.0158905,0,-0.086956522,0,0,0,0
14532,TTCTTGCTTTCATTGATCTCTGA,0,0,0.031565656,0,0.186003667,552.5,199.2883933,0,-0.086956522,0,0,0,0
14533,TGGATTGAGGAATGAGTAGAGGG,0,0,0.09375,0,0.306047226,492.5,160.490305,0,0.065217391,0,0,0,0
14534,GGCACTGGGGTAGAAGGTGGGAG,0,0,0.030769231,0,0.05553397,327.5,190.5148142,0,0.043478261,0,0,0,0
14535,ACCTCTCTCCCACTCAGCTTTGG,0,0,0.026691176,0.063158281,0.062035467,455,184.1915235,0,0.304347826,0,0,0,0
14536,GGTGGGGGTGTGTGTGTGTGTGA,0,0,0.008235294,0,0.241506693,552.5,190.5826078,0.373913043,1.195652174,0,0,0,0
14537,CCCAACCCAAAGCCTGGACAGAG,0,0,0.02713336,0,0.310333333,552.5,191.6147467,0,-0.47826087,0,0,0,0
14538,GAGTCCTAAAAGAAGAACAATAG,0,0,0.039304611,0,0.10777875,552.5,182.4419691,0,-0.5,0,0,0,0
14539,TGTGAGTATGTGTGTGTGTGTAG,0,0,0.072592593,0.379196691,0.372455417,552.5,191.1542916,0,0.043478261,0,0,0,0
14540,GCCTCCCGAGACCCTGGGCAGAG,0,0,0.006535948,0,0.12706804,455,177.9690129,0.165217391,-0.282608696,0,0,0,0
14541,GGTGTGTGGATGTGTGTGTGTGG,0,0,0.105589226,0,0.325662758,552.5,187.9740522,0,0.043478261,0,0,0,0
14542,TCCATCTATCCACACACACACAG,0,0,0.024189261,0,0.106481213,425,193.1104771,0,0.043478261,0,0,0,0
14543,AAATGAGAAAAAGAGGATTAGAG,0,0,0.026058879,0,0.031321497,442.5,137.0508193,0,0.304347826,0,0,0,0
14544,GGGTGGGGGCCGTGGGCTCCCAG,0,0,0,0.02743991,0.02663581,327.5,182.1319737,0,0.413043478,0,0,0,0
14545,AAATGAGAAGGAGAGGTTTAAGA,0,0,0.004861111,0,0.018006724,345,135.812472,0,-0.47826087,0,0,0,0
14546,GGTGTGGTAGTGTGTGCCTGCAG,0,0,0.016504918,0,0.201225633,552.5,187.005349,0,0.608695652,0,0,0,0
14547,GGGATGGAGGAATGAGGAGTGGA,0,0,0.06642512,0,100,642.5,222.8,0,-0.782608696,0,0,0,0
14548,GCCCCTTTCCTCCCAACCTTAGG,0,0,0.011642984,0.108175948,0.104700416,327.5,190.1731943,0,-0.391304348,0,0,1,0
14549,GAAAACAAAGGATGGAATGCTGG,0,0,0.045847953,0.048678696,0.047857114,357.5,179.4710206,0,-0.217391304,0,0,0,0
14550,GAGTGGGAGCAGATTAAGAAAGA,0,0,0.001587302,0,0.034564634,425,190.2794898,0,-0.065217391,0,0,0,0
14551,TGGATGGATGGATGAGCACTTGG,0,0,0.036565247,0,0.05883842,387.5,157.2760249,0,0.043478261,0,0,0,0
14552,GGGCCTGCAGCTGGAGGTGGGGA,0,0,0.007878151,0,1.532325837,627.5,215.0386196,0.086956522,0.152173913,0,0,1,0
14553,AGTGTGTGGGTGTGTGTGTGAGA,0,0,0.007070707,0,0.372455417,552.5,192.9657886,0,0.152173913,0,0,0,0
14554,AAATGGGAAGAAAATGTACAAAG,0,0,0.011396011,0,0.034563474,357.5,172.7215628,0,-0.173913043,0,0,0,0
14555,GAATGAGAAGAAAAGTCACGAGA,0,0,0,0,0.046424874,387.5,155.2746536,1,-0.695652174,0,0,0,1
14556,GGTGAAGGTGTGTGTGTGTGCGG,0,0,0.164705882,0,0.139070029,552.5,190.0849438,0.039130435,0.304347826,0,0,0,0
14557,TGTGAGTGAGAGTGTGTGTGTGA,0,0,0.024305555,0,0.716018519,462.5,193.1838052,0,-0.108695652,0,0,0,0
14558,CTCATCCTTCAAGAGAGACATAG,0,0,0.004456328,0.33831875,0.33831875,455,188.6439883,0.056521739,0.152173913,0,0,0,0
14559,CAGTCTGAGTAGAAGAAAAAGGG,0,0,0.432172869,0,0.172919285,552.5,186.9989463,0.02173913,0.152173913,0,0,0,0
14560,AGCACTGGGGATGGAGGTGTAGG,0,0,0.30375,0,0.387083187,455,172.7324994,0.013043478,-0.5,0,0,0,0
14561,GGCATCGAGGTTGGAGGTGGGGG,0,0,0.115702479,0,0.458313578,522.5,206.7957953,0,-1,0,0,0,0
14562,GGTGTGCTAGTGTGTGCCTGTAG,0,0,0.019290123,0,0.201225633,552.5,187.005349,0,0,0,0,0,0
14563,AAAAACAATGTCCTCCCCATTAG,0,0,0.101111111,0.919204167,0.919204167,620,215.0004992,0.286956522,-0.52173913,0,0,0,0
14564,GGAACTGCTGCTGGTGGTAGCAG,0,0,0.017119342,0,0.080525945,455,169.7571981,0.026086957,-0.260869565,0,0,0,0
14565,GTCCCCCACCCCCCCGACTCTGA,0,0,0.007542087,0,0.33831875,455,188.6439883,0,0.282608696,0,0,0,0
14566,AATGTCCACTACAAACTGAAAAG,0,0,0.001729226,0.011966746,0.011764776,357.5,166.6421405,0,-0.717391304,0,0,0,0
14567,GACCCTGCGGTGGGAGGTGGCGG,0,0,0.045945005,0,0.390673193,425,204.1402158,0.004347826,-0.326086957,0,0,1,0
14568,TGGATGGATGAATGGGTAGATGA,0,0,0.003385417,0,0.037612163,387.5,142.9094871,0,-0.5,0,0,0,0
14569,GCCTCCCTAAGGCCTGGACAAAG,0,0,0.079398148,0.306195556,0.306195556,462.5,185.6467661,0.008695652,-0.02173913,0,0,0,0
14570,ACTGTGTGAGTGTGTGTGTGGGA,0,0,0.007342657,0,0.609583333,552.5,196.6855689,0,0.065217391,0,0,0,0
14571,TGGATGGATGAATGGGTAGATGG,0,0,0.04875,0,0.037612163,387.5,142.9094871,0,-0.347826087,0,0,0,0
14572,GACTGAGAAAGAGAGGCACAGAG,0,0,0.067407407,0.732855442,0.721082663,522.5,207.4501799,0,-0.173913043,0,0,0,0
14573,AAGTGAGAAGAAGAGGGCAAGGA,0,0,0.000203785,0,0.037108776,442.5,141.5145557,0,0.086956522,0,0,0,0
14574,GGGTCAGGGGAGGATGCTCCTGG,0,0,0.126885537,0.049912363,0.049912363,425,194.9871908,0.565217391,0.282608696,0,0,0,0
14575,GTCCTCTTAGGCATCACCAGCAG,0,0,0.00285205,0,0.074184075,357.5,167.1412948,0,-0.326086957,0,0,0,0
14576,ACATGTAAAGAAGAGGCAAATGG,0,0,0.240524782,0,0.206090981,552.5,184.0428353,0,-0.456521739,0,0,0,0
14577,CTTGCCCCCCAGGAAAGTGAGGA,0,0,0.002480159,0,0.010995838,357.5,158.6460135,0,-0.130434783,0,0,0,0
14578,GAATGAAAAGATGAGCCACAGAG,0,0,0,0,0.091513804,455,191.8122929,0.230434783,0.369565217,0,0,1,0
14579,CTGAACAGCAGTGAGTAAAATGG,0,0,0.357633438,0,0.136699648,485,153.5392498,0,0.326086957,0,0,0,0
14580,GAAACCCAGCAGATGAAGAAGAG,0,0,0.033950617,0.148327514,0.143561971,522.5,203.7760346,0,-0.043478261,0,0,0,0
14581,AAATTAGAAGATGTGGCAGAAAG,0,0,0.001728395,0,0.034711106,357.5,167.808395,0,-0.108695652,0,0,0,0
14582,GACACCGAGACAGTGTGTTTAGA,0,0,0.002711208,0,0.044061797,455,177.6231875,0,-0.391304348,0,0,0,0
14583,AGATGAGAAGAAGAGTCATATGG,0,0,0,0,0.181555556,492.5,172.1235742,0.008695652,0.369565217,0,0,0,0
14584,AACCCCCTGCACCCCTCCTGGAG,0,0,0,0,0.073296119,485,160.8141938,0,-0.065217391,0,0,0,0
14585,GACACTGAAGCAGAGCTTGGGAG,0,0,0.00708061,0.021264238,0.020546458,417.5,132.2399902,0,-0.108695652,0,0,0,0
14586,TGTGAGAGAGTATGTGTGTGTGA,0,0,0.026466049,0,0.204841945,455,188.1146077,0,-0.608695652,0,0,0,0
14587,AAAGGAGAAGAATTGGCAGACAG,0,0,0.003240741,0,0.028759421,357.5,166.4398949,0,-0.369565217,0,0,0,0
14588,GTAATATTAGTCATTACCGGTGG,0,0,0.201190476,0,0.629670556,560,187.3380161,0.013043478,-0.456521739,0,0,0,0
14589,CACTCTGTTTCTGGATGGAGGAG,0,0,0.022875817,0.426140229,0.426140229,552.5,176.5742997,0.013043478,0.217391304,0,0,0,0
14590,TGTGTGTGACTGTGTGCATGTGA,0,0,0.006993007,0,0.285817,552.5,187.4966103,0,0.630434783,0,0,0,0
14591,GGAGCTGGCGCTGGAGGTGGGGA,0,0,0.013020833,0,0.822304167,620,210.7388027,0,0,0,0,0,0
14592,TCCCCCCTCAACCCCACCTCAGG,0,0,0.680952381,0,0.250819,552.5,196.6798377,0,-0.152173913,0,0,0,0
14593,GGAGAGTGTGTGTGTGTGAGAGA,0,0,0.003968254,0,0.115680928,485,162.9781086,0,-0.347826087,0,0,0,0
14594,GGTGAGTTGGTGTGTGCCTGTAG,0,0,0.051440329,0,0.337090963,560,187.9170694,0,-0.347826087,0,0,0,0
14595,GGTGTGTGAGTGAGCGGGTGTGG,0,0,0.004038742,0,0.060022353,357.5,173.2192268,0,-0.826086957,0,0,0,0
14596,GGGTGGAGGGTGCTTCCTCCAGG,0,0,0,0,0.036100118,357.5,183.7989891,0.017391304,0.152173913,0,0,1,0
14597,GGTGGGTTTGTGTGTGTGTGTGA,0,0,0.00875,0,0.353596915,552.5,189.8659716,0,-0.391304348,0,0,0,0
14598,GTCACCTCCATTGTCTGTGGAGG,0,0,0.019306184,0,0.008517466,290,154.9212873,0.939130435,0.652173913,0,0,0,0
14599,AGTGAGTGAGGCTGTGAGTGTGG,0,0,0.088941177,0,0.166452825,357.5,184.2677048,0.043478261,0.065217391,0,0,0,0
14600,CTTGTGAGTAGAGCAGAGGCCAG,0,0,0.156583132,0,0.785713928,530,205.4249784,0.908695652,-0.804347826,0,0,0,0
14601,GGTGAGTGGGTGTGTTTCTGGAG,0,0,0,0,0.011345979,442.5,151.5423494,0,-0.543478261,0,0,0,0
14602,AAATTAGAAGTAGAAGCAGAAAG,0,0,0.002815485,0,0.070427919,357.5,166.7265748,0,-0.02173913,0,0,0,0
14603,GAGGCTGAGGAGAAGATGAAGGG,0,0,0.030092593,0.328000636,0.322464761,552.5,190.5625685,0,0.130434783,0,0,1,0
14604,CCAGGTGTCTCTGTATGGAAAAG,0,0,0.021064815,0.100576004,0.096999969,455,169.0216154,0,-0.065217391,0,0,0,0
14605,CCAGTGAGAAGAGAGGAGCCCAG,0,0,0.037771392,0.080721247,0.080721247,462.5,174.0530351,0.417391304,0.304347826,0,0,0,0
14606,TTATGAGAAGATGAGGGACACGA,0,0,0.000990295,0,0.299915,455,190.2577885,0.656521739,2.195652174,0,0,0,0
14607,GGCCCTGGCTGAGCAGGGGAGGG,0,0,0.026862027,0.030658184,0.030658184,485,171.6024399,0.039130435,-0.260869565,0,0,0,1
14608,TCCTTGTTTTCATTGTTCTCTGG,1,0.885586742,0.785714286,0,5.21978022,635,221.36,0.013043478,0.434782609,0,0,0,0
14609,GTCACCTACAATGATTATGGAGA,0,0,0.002006173,0,0.147856593,462.5,177.6698282,0.791304348,0.391304348,0,0,0,0
14610,GACTAGTTTTCACTCATCTCTAG,0,0,0.025373351,0,0.025522883,357.5,176.916912,0.086956522,-0.130434783,0,0,0,0
14611,CATTTGTTTTCATTGTTGTTAAG,0,0,0.005092593,0.137365486,0.134785853,485,156.1110668,0,0.826086957,0,0,0,0
14612,AATGAGTGAGTCTGTGTGTGTGA,0,0,0.013065611,0,0.299915,455,190.2577885,0,0.130434783,0,1,0,0
14613,AAACACAAACCATAGAGTGGGAG,0,0,0.000322953,0,0.247304309,485,156.0845526,0,-0.47826087,0,0,0,0
14614,TGTGAGGCAGTGTGTGCCTGGGG,0,0,0.172376643,0,0.211957667,552.5,188.293669,0,0.239130435,0,0,0,0
14615,AAAGGAGAAGCACAGTCACAAGG,0,0,0,0,0.055531438,357.5,185.3085699,0,-0.282608696,0,0,0,0
14616,CCTGAATCCCCTCTCCTCACAGA,0,0,0.00401979,0,0.213651194,522.5,196.926938,0.043478261,-0.239130435,0,0,1,0
14617,GACCCCTCCCACCCCGACTCCGG,0,0,0.379166667,0,0.74016963,560,193.9308912,0.152173913,-0.434782609,0,0,0,0
14618,TGTGAGTGTGTGTGTCCATGAAG,0,0,0,0,0.032613551,485,172.5284605,0,-0.130434783,0,0,0,0
14619,ACATGAGAGCAGGAGGCACAAGG,0,0,0.151322751,0.402582351,0.396115165,522.5,202.2923828,0.069565217,-0.239130435,0,0,0,0
14620,AGTGAGTGAGTGTGTTGGGGAAG,0,0,0,0,0.034887914,417.5,150.1774631,0,0,0,0,0,0
14621,ATTGCCCCACAGAGCACTGATGA,0,0,0.005656109,0,0.078497806,387.5,157.9665685,0,-0.086956522,0,0,0,0
14622,GGTGTGTGTATGTGTGTGTGTGA,0,0,0.006599327,0,0.325662758,552.5,187.9740522,0.156521739,0.195652174,0,0,0,0
14623,GGTGTGTGTATGTGTGTGTGTGG,0,0,0.095030303,0.325662758,0.325662758,552.5,187.9740522,0.008695652,0.217391304,0,0,0,0
14624,GGTGAGGGAGTGCGTGTGTACGG,0,0,0.203173375,0,0.063787412,387.5,149.1937877,0.908695652,0.195652174,0,0,0,0
14625,GCCTCTGCCCCCCCGACCTTTGA,0,0,0.000537496,0,0.122923514,425,191.7938802,0,-0.586956522,0,0,0,0
14626,TGGATGGAGGAAAGGGGAAAGAG,0,0,0.046875,0,0.018595452,290,127.608058,0,-0.260869565,0,0,0,0
14627,GATTTGTTTTATTTTTTCTCTGA,0,0,0.001705109,0,0.108461679,327.5,190.5187943,0.169565217,0.326086957,0,0,0,0
14628,ACAATCTAGCCAGAGACACAAGA,0,0,0.030271715,0,0.561633746,620,212.3290388,0,0.717391304,0,0,0,0
14629,AAATGATTAAAAGAGGAACACAG,0,0,0.027654321,0.352151751,0.346494695,552.5,187.7391548,0.008695652,-0.282608696,0,0,0,0
14630,AAATGAGCAACAGAGGAACAAAG,0,0,0.019358025,0.281558646,0.281558646,455,183.8922518,0,-0.108695652,0,0,0,0
14631,TGGAGGAGGGAATGAGGAGCAAG,0,0,0.011061728,0,0.45095075,552.5,175.2910823,0,0.347826087,0,0,0,0
14632,CGGATGGAGGAAGGAGGATATGA,0,0,0.005822981,0,0.085022299,387.5,141.8150796,0.052173913,0.282608696,0,0,1,0
14633,TAATGAGAGTAAGAAGCACACAG,0,0,0.132171387,0.234614595,0.226695115,522.5,196.0414617,0.060869565,0.108695652,0,0,0,0
14634,GGTGTGTGTGTTTGTGTGTGAGA,0,0,0.002719503,0,0.173969682,455,185.2496881,0.047826087,-0.304347826,0,0,0,0
14635,CACACCGCCAATGACTAGAGAAG,0,0,0.065838301,0.359837588,0.359837588,552.5,185.8288193,0,0.47826087,0,0,0,0
14636,TGGATGGATGGAGGATGAGTGGA,0,0,0,0,0.030809736,357.5,182.2223895,0,-0.369565217,0,0,0,0
14637,AGGATGGAGGGATAAGGAGGAGA,0,0,0.005974265,0,0.057675395,357.5,164.1931317,0,-0.130434783,0,0,0,0
14638,GCCCCCACAGATCCTGGCCAAGG,0,0,0.103695325,0.435792537,0.422434911,522.5,203.2353823,0,-0.217391304,0,0,0,0
14639,GGGAGTGAGGCTGGAGGAGGGGA,0,0,0.009027778,0,0.305988667,552.5,188.8605298,0,-0.195652174,0,0,0,0
14640,GGTGAGTCAGTGAGTGAGTAGGA,0,0,0.012943787,0,0.093392989,387.5,148.4771515,0.313043478,-0.304347826,0,0,0,0
14641,GGGAGTGAGGCTGGAGGAGGGGG,0,0,0.13,0,0.305988667,552.5,188.8605298,0,-0.239130435,0,0,0,0
14642,TGGATGGATGAATAAGAAATGAG,0,0,0.069135802,0,0.015796261,387.5,151.866924,0,-0.608695652,0,0,0,0
14643,GAACACAAAGGAGAGACACCAAG,0,0,0.005053029,0,0.018100265,290,147.2992625,0,0.108695652,0,0,0,0
14644,GGAATTGAGGCTGGAGGAGGAGG,0,0,0.238989899,0,0.305988667,552.5,188.8605298,0,-0.434782609,0,0,0,0
14645,TGGAAGGAGGAAAGAGAAGAGGA,0,0,0.012620192,0,0.098373949,387.5,150.2886485,0.091304348,-0.043478261,0,0,0,0
14646,GATAACTGAGTGTGTGAGTGTGA,0,0,0.016826923,0,0.368797917,552.5,195.3143049,0.213043478,-0.195652174,0,0,0,0
14647,GAGCCAGGGCAGAAGAAGAATGA,0,0,0.03059835,0,1.46807152,627.5,214.640599,0.247826087,-0.02173913,0,0,0,0
14648,TGGTGGTGGGAGTCTGGTCCCAG,0,0,0.002489885,0,0.062035467,455,184.1915235,0,0.934782609,0,0,1,0
14649,GCCCCCCTCCCCCCCGCCCAAAG,0,0,0.011238825,0,0.121931204,387.5,144.8443164,0,-0.347826087,0,0,0,0
14650,GCGTGGCCGGAGTTTGTTCCTGA,0,0,0.00949211,0,0.416345417,552.5,192.4908912,0,-0.652173913,0,0,0,0
14651,GACAGTGATGTCCACCTCATCAG,0,0,0.044510288,0.052168566,0.052168566,455,183.5004003,0,-0.130434783,0,0,0,0
14652,GTTGACTGACTGTGTGTGTGTGG,0,0,0.080991736,0,0.339662881,552.5,191.1961685,0,-0.217391304,0,0,0,1
14653,GGTGTGTGTGCGTGTGTGTGTGA,0,0,0.004713805,0,0.196246288,455,186.7357049,0.008695652,0.108695652,0,0,0,1
14654,AGCACCAGTGGGTAGACAGGAGA,0,0,0.004575163,0,0.066310475,387.5,166.3204719,0,-0.239130435,0,0,0,0
14655,GGTGAGTGAGTGGGTGAGAGTGA,0,0,0.002415459,0,0.119375512,395,159.1665685,0.047826087,-0.456521739,0,0,0,0
14656,AGGGAGTGAGTGGGTGGGTGGGG,0,0,0.006905371,0,0.232606028,455,188.1865684,0.004347826,-0.043478261,0,0,0,0
14657,GGTGGGTGAGTGTGGATGTGAGG,0,0,0.0168,0,0.026676601,412.5,165.4301215,0.22173913,-0.152173913,0,0,0,0
14658,TGGAGGGGGCAATGAGAAGTCAG,0,0,0.045426831,0.532999604,0.532999604,552.5,188.8340156,0,-0.02173913,0,0,0,0
14659,CCAGCACGTGGAGCGGAGGCAGA,0,0,0.016878858,0,0.496624264,622.5,208.7507788,0,-0.108695652,0,0,0,0
14660,TACCACGAAGCATAGACTGTAGG,0,0,0.090756303,0.478676669,0.469687436,552.5,179.1512193,0,0.043478261,0,0,0,0
14661,TTGGTGGAGGAGTGACGAGTGAG,0,0,0,0.131647598,0.127203797,455,193.0818737,0.995652174,1.847826087,0,0,0,0
14662,GAGGGCAATCAGAAGAAGAAAAG,0,0,0.051851852,0.561010401,0.544570536,620,210.6951188,0,-0.260869565,0,0,0,0
14663,GCCTCCCCAAAGACTATCAACAG,0,0,0.010683761,0,0.011018566,320,140.6781426,0,-0.260869565,0,0,0,0
14664,GGGTTGGGGGAGGTTGCTGCTAG,0,0,0.002536232,0.38411194,0.38411194,462.5,178.8643595,0,-0.52173913,0,0,0,0
14665,GACAAAGAAGCATAGTGTTTGGA,0,0,0.00130052,0,0.135498222,455,185.6402644,0,0.173913043,0,0,0,0
14666,GGTGTGTGAGTGTGTGTATGAGA,0,0,0.008158508,0,0.224372457,492.5,172.7022357,0,-1.369565217,0,0,0,0
14667,TGGATGGATGAAAGATGAGTGGG,0,0,0,0,0.103445981,462.5,189.6524732,0.056521739,-0.086956522,1,0,0,0
14668,CCACTGAGAAGGGAGGAGGCTGA,0,0,0.008629493,0,0.064083778,425,195.0113346,0.02173913,-0.456521739,0,0,0,0
14669,TGGATGGACGGATGATGAATGGA,0,0,0,0,0.026286255,387.5,160.9737101,0,0.760869565,0,0,0,0
14670,GGTGTGTGAGTGTGACTGTGTGA,0,0,0,0,0.026676601,412.5,165.4301215,0,-0.02173913,0,0,0,0
14671,GAGTAGGAGGAGAAGGAGAAGGA,0,0,0.001483856,0,0.137119423,552.5,193.8455337,0,0.695652174,0,0,0,0
14672,GCTGTGTGAGAGTGTGGGTGGGA,0,0,0.000771288,0,0.33831875,455,190.4554852,0,0.173913043,0,0,1,0
14673,TGGATTGAGGAATGTGGAAGGGA,0,0,0.001167134,0,0.032014248,387.5,135.3213946,0,-0.173913043,0,0,0,0
14674,TGGAGGGAGGAGTGAGGGGGAGG,0,0,0.032627451,0,0.063669228,387.5,147.6346463,0,-0.217391304,0,0,0,0
14675,TGTGAGAGAGTGTGTGCGTGTGA,0,0,0.060763889,0,4.569366197,635,219.2168192,0.030434783,0.065217391,0,0,0,0
14676,GGCCCAGACTCAGCTCTGGAAGA,0,0,0.000496032,0,0.015320006,290,152.3534504,NA,0.086956522,0,0,0,0
14677,TGGAGAGAGGACTGGGGAGTTGA,0,0,0.007602339,0,0.114132886,425,194.202574,0.02173913,-0.326086957,0,0,0,0
14678,AAATGAGAAAAACAGACCCATGA,0,0,0.005198181,0,0.016400968,387.5,161.9971839,0,-0.260869565,0,0,0,0
14679,GAGTCCCAGCAAAAAAACAACAG,0,0,0.074558218,0.026092429,0.025254118,357.5,169.4703639,0.008695652,1.282608696,0,0,0,0
14680,AATCCCCACAACAACCTCAAGAG,0,0,0.036414566,0,0.196336672,522.5,200.4071589,0.02173913,0.739130435,0,0,0,0
14681,TGGATGGATAGATGAGTAGTAGA,0,0,0.005617284,0,0.1641228,457.5,183.0322885,0.056521739,-0.543478261,0,0,0,0
14682,GAGTCCTAGCCAATGAAGAAAAG,0,0,0.029497942,0,0.037929701,327.5,191.2314504,0,-0.065217391,0,0,0,0
14683,GCCGCCCCAATCCCTGGCCCGGG,0,0,0.023138626,0.183550994,0.180287865,357.5,167.2426159,0,0.086956522,0,0,1,0
14684,GCAACTGCGGCTGGCCGTGGGGG,0,0,0,0,0.068319815,455,186.9365525,0,-0.326086957,0,0,0,0
14685,AAAAACTAAGCATGGACTGCTAG,0,0,0.040116959,0.155598686,0.152972547,522.5,204.3040346,0,-0.195652174,0,0,0,0
14686,TGGATGGAGGAAGAAGGCCTTAG,0,0,0.004331168,0,0.00485935,290,141.8901616,0,0.130434783,0,0,0,0
14687,CCCTGGGGCTCTGGTTGGAGTGG,0,0,0.014789916,0.105183015,0.101632533,455,162.9695775,0,-0.608695652,0,0,0,0
14688,TGTGTGTGAGCGTGTGTGTGAGG,0,0,0.113131313,0,0.33831875,455,190.6954852,0,0.086956522,0,0,0,0
14689,AAATGAGGAAAAGAGGAAGAGGA,0,0,0.002772634,0,0.159803556,485,159.3743356,0.947826087,0.782608696,0,0,0,0
14690,AAATGAGAGAGAGAGACACAAGG,0,0,0.404444445,0,0.073322394,457.5,186.7299736,0.947826087,1.97826087,0,0,0,0
14691,AAAACAGAAGCAAAGGCACAGGA,0,0,0.009593581,0,0.307297816,425,201.3086758,0,-0.195652174,0,0,0,0
14692,CAAAGAGAAGAAGAGCCACAAGG,0,0,0,0.558632479,0.541956882,560,202.2379741,0.160869565,0.413043478,0,0,0,0
14693,GGCTCTCAGGCTGGAGATGGAGG,0,0,0.265416666,0,0.395264636,552.5,191.8572912,0.030434783,0.043478261,0,0,0,0
14694,ACCTATTTGCCACCAACCTTTGA,0,0,0.004913076,0,0.24614019,522.5,199.7448781,0.065217391,0.239130435,0,0,0,0
14695,AAATGAGGAGAAGAGACATAAAG,0,0,0.087749288,0,0.152506667,492.5,169.2637572,0,0.326086957,0,0,0,0
14696,GAGCCCAAGCAGAAGCAGCACGG,0,0,0,0.058591155,0.058591155,485,167.9067934,0.056521739,-0.282608696,0,0,0,0
14697,AATGGCCACTAAATTCACAAGAG,0,0,0.004740741,0.076307487,0.076307487,357.5,175.0024469,0.008695652,-0.086956522,0,0,0,0
14698,AAATGAGAAGAAAAGGAGGAAGA,0,0,0.001495726,0,0.01255604,345,132.5432352,0,-0.282608696,0,0,0,0
14699,ATGAACACAAGTGAATACATGGG,0,0,0.268907563,0.019783629,0.01914801,387.5,138.4722649,0,-0.304347826,0,0,0,0
14700,GACTCTCCAAAGACTGCCCACAG,0,0,0.015844722,0.142724794,0.142724794,455,186.6885844,0,-0.043478261,0,0,0,0
14701,GGTGTGTGTGTGAGTGAGTGAGA,0,0,0.004895105,0,0.136842006,455,183.466468,0.004347826,-0.347826087,0,0,0,0
14702,GTCCCCCTCCCCCCAGCCTCCAG,0,0,0.016760194,0,0.442262911,432.5,199.7228947,0.008695652,0.152173913,0,0,0,0
14703,CGTGTGTGAATGTGTGTGTGTGA,0,0,0.007856341,0,0.56142625,552.5,191.9338325,0,-0.847826087,0,0,0,0
14704,AAATGAGAAGAAGTAACAGATGG,0,0,0.062745098,0,0.002823269,325,145.317368,0,0.108695652,0,0,0,0
14705,GGTGAGTCAGTGAGTGTGTGGAG,0,0,0.051545036,0,0.398158228,462.5,186.8147514,0,-0.739130435,0,0,0,0
14706,GAGAGAGAAGAAGAGGCAAATGG,0,0,0.124716553,0,0.519472711,552.5,187.0504001,0,-0.217391304,0,0,0,0
14707,AGCAGTGGTGCTGGAGGTGGTGG,0,0,0.185142857,0,0.833979885,620,210.8520827,0,-0.391304348,0,0,0,0
14708,GATGTGTGCGTGTGTGTGTGTGA,0,0,0.005698006,0,0.372455417,552.5,192.7257886,0,0.239130435,0,0,0,0
14709,GTCTTGTTCCCATTGTTCTGAAG,0,0,0.005460335,0,0.392475151,552.5,172.8708833,0,-0.195652174,0,0,0,0
14710,TGTGCGTGTGTGTGTGCCTGTGG,0,0,0.142857143,0,0.189613667,552.5,188.5285664,0,-0.804347826,0,0,1,0
14711,AATGACCATTACATCTAGAATGG,0,0,0.019145299,0.011345979,0.011345979,442.5,151.5423494,0,-0.434782609,0,0,0,0
14712,ATGAGGACCAGTGGGTGGAGCAG,0,0,0.007686274,0.052168566,0.052168566,455,183.5004003,0.026086957,-0.565217391,0,0,0,0
14713,ATTGCCCCCCAGGTCAGTAGGGG,0,0,0.116526611,0.064710107,0.063494894,455,166.4634351,0,0.086956522,0,0,0,0
14714,GCCTCATCTTCATTGTTCTCGAG,0,0,0.203703704,0.82579023,0.82579023,620,212.785879,0.243478261,0.326086957,0,0,0,0
14715,CTGAAAACCACTGAGTAGATGGG,0,0,0.238775511,0.238667344,0.234185328,455,174.0463324,0,-0.195652174,0,0,0,0
14716,GAGTCCAACCAGGAGCAGAAGGG,0,0,0,0,0.039742653,455,186.0692924,0,-0.5,0,0,1,0
14717,TCGATGGAGGAATGGGGTGGCAG,0,0,0.010294118,0,0.036635506,387.5,142.1920452,0.013043478,0.260869565,0,0,0,0
14718,AAAATCGAAGCAGAGGCACAGAG,0,0,0.006734007,0,0.458313578,525,209.0220123,0,0.586956522,0,0,0,0
14719,GGCTCAGTCCAACCCACCTTTGA,0,0,0.018471156,0,0.328113869,522.5,208.5607515,0,0.195652174,0,0,0,0
14720,CCTGTGAGGAGTGAGGAGGCAGG,0,0,0.050980392,0,0.063186605,425,195.3569346,0.013043478,-0.413043478,0,0,0,0
14721,GAACACCCCCACCCCACCTCGGA,0,0,0.034391534,0,0.254924684,552.5,196.9954372,0.034782609,-0.043478261,0,0,0,0
14722,GTCTCCCCAGGGCCTGGCCGGGA,0,0,0.01743332,0,0.356503615,455,170.6005799,0,-0.065217391,1,0,0,0
14723,CCTGCCTTCACTCTTCACACAAG,0,0,0.022584362,0.135959851,0.135959851,455,175.915314,0,-0.347826087,0,0,0,0
14724,GACTTTTTTCCATTCTTCTTAGG,0,0,0.029090909,0.096873557,0.093603563,455,161.0776581,0,0.065217391,0,0,0,0
14725,AAAAGCGAAGAAAAGACACACAG,0,0,0.051800052,0,0.060534271,455,189.7526696,0,-0.630434783,0,0,0,0
14726,TGGAGGGAGGAAGGAGGTGGAGA,0,0,0.001023018,0,0.050081283,387.5,145.8514263,0,0.043478261,0,0,0,0
14727,TGTGTGTGAGTGTGAGGGTGTGA,0,0,0.000859993,0,0.163368333,455,182.7185474,0.052173913,0.260869565,0,0,0,0
14728,TGTGTGTGAGTGTGAGGGTGTGG,0,0,0.012383901,0,0.163368333,455,182.7185474,0.560869565,-0.673913043,0,0,0,0
14729,AAATATGAAAAAGAGGCATAAAG,0,0,0.069135802,0.273051741,0.263834804,552.5,180.3859596,0,-0.195652174,0,0,0,0
14730,GACATTAGTGTCCTCCCCACCAG,0,0,0.016049383,0.268059698,0.259011269,555,174.7934183,0,-1.304347826,0,0,0,0
14731,AATGAGTGAGTGAGTGTGTGTGA,0,0,0.017085799,0,0.23590875,455,188.4745684,0,0,0,0,0,0
14732,GGCAATGCGGTGGCAGGTGGGGG,0,0,0.037676609,0,0.058210306,327.5,192.3263112,0.095652174,-0.02173913,0,0,1,0
14733,TAATTGTTTTCCTTGTTGTCTGA,0,0,0.002111761,0,0.150546424,455,185.5325663,0.07826087,0.282608696,0,0,0,0
14734,GAGTCTGAGCAGGGTAAGAATGA,0,0,0.002803658,0,0.013376513,362.5,182.0684892,0,0.239130435,0,0,0,0
14735,AATGACCACAACCTCTTCAGTAG,0,0,0.011007912,0.037172681,0.03657553,387.5,150.2829172,0,0.065217391,0,0,0,0
14736,AAATAAGAAAAAAAGGCAGAAGA,0,0,0.006481481,0,0.168767057,455,172.6726231,0,-0.217391304,0,0,0,0
14737,TATGAGTGTGTGTGTGAGTGTGA,0,0,0.016452991,0,0.372455417,552.5,194.0141086,0.030434783,-0.130434783,0,0,0,0
14738,GGCACTGCGCCCGGCCGTGGCAG,0,0,0,0,0.028510336,357.5,174.9967157,0,0.065217391,0,0,0,0
14739,CCTTCCTTCTCTCTACTTACAGG,0,0,0.166193182,0,0.271345253,552.5,184.8115133,0,-0.52173913,0,0,0,1
14740,TATGAGTGTGTGTGTGAGTGTGG,0,0,0.236923077,0,0.372455417,552.5,194.0141086,0,-0.434782609,0,0,0,0
14741,AACTCCAGTGAGGAGAGAGCTAG,0,0,0.009932097,0,0.050081283,387.5,146.2661463,0,0.043478261,0,0,0,0
14742,CCTGCCTGCCCTGGACTCACAGA,0,0,0,0,0.072488853,425,189.9699414,0,-0.152173913,0,0,0,0
14743,CACCAGAAAGCACAGACTGCAGA,0,0,0.008391514,0,0.347016225,522.5,207.3866955,0,-0.217391304,0,0,0,0
14744,AAATCAGAAGATGTGGCACAAGA,0,0,0.009700176,0,0.195900422,432.5,199.7563949,0,-0.152173913,0,0,0,0
14745,AGTGAGGTAGTGTGTGCTTGTAG,0,0,0.057189542,0,0.211957667,552.5,188.293669,0,-0.043478261,0,0,0,0
14746,CAGTCGGGGGAGAAGAAGAAAAG,0,0,0.026406036,0,0.797205949,620,209.3224626,0,-0.608695652,0,0,0,0
14747,CAATCAGAGGAGAAGAAGAAAAG,0,0,0.050154321,0,0.786045066,620,211.8942796,0.004347826,-0.5,0,0,0,0
14748,GGTATCTGTTCTGCAGCCCCTAG,0,0,0.018207283,0.208990259,0.208990259,552.5,187.765669,0,0.173913043,0,0,0,0
14749,TGGATGGTGGAAGGAGGAAGAGG,0,0,0.014092594,0,0.076412446,387.5,138.7152626,0,-0.543478261,0,0,0,0
14750,GGTGAGGGAGTGGGTTCATGGGA,0,0,0,0,0.012748871,387.5,164.6057395,0,-0.108695652,0,0,0,0
14751,TCCTTTTCCCCACCCTCCTTTGG,0,0,0,0.272333333,0.272333333,552.5,197.5234372,0,-0.717391304,0,0,0,0
14752,GGGAAAGACCTAGCAAATGTAAG,0,0,0.021756022,0.009985274,0.009832243,345,149.2720461,0.273913043,-0.413043478,0,0,0,0
14753,GGCACTGCGGCTGCAGGAGGCAG,0,0,0.074074074,0,0.175593671,470,184.5374821,0,-0.782608696,0,0,0,0
14754,GGTGATTGAGTGTGTTGGGGCAG,0,0,0,0,0.018969751,417.5,148.3914791,0.047826087,0.195652174,0,0,0,0
14755,GGCTGGAGGGAGGCTGCTCCCGG,0,0,0.028666985,0.057402748,0.055558483,425,195.150314,0,-0.086956522,0,0,1,0
14756,AAATGTGAACTACAGGCACAGAG,0,0,0.009596641,0.165897829,0.163355334,425,196.6928753,0.782608696,1.391304348,0,0,0,0
14757,GGCCCCCCCCACCCCGACACAGG,0,0,0.106666667,0,0.19201875,485,164.126072,0,-0.108695652,0,0,0,0
14758,AGTGAGAGAGTGGGTGAGTGAGG,0,0,0.095869565,0,0.161125676,455,186.3313876,0,0.326086957,0,0,0,0
14759,TGGTGGGAGGTGTTTGGTCCCAG,0,0,0.004692475,0,0.33831875,455,188.8839883,0,-0.456521739,0,0,0,0
14760,CTTGCCCTACAAGGCCGTAAGGA,0,0,0,0,0.226140084,462.5,192.2956567,0,0.195652174,0,0,0,0
14761,TGAATGGATCAATGATGAGTAAG,0,0,0,0,0.143454022,552.5,192.4320573,0,-0.130434783,0,0,1,0
14762,GGGGAGGGCGTGTGTGCGAGGGA,0,0,0.003334667,0,0.205220971,552.5,181.5810389,0,-0.304347826,0,0,1,0
14763,GATGATCACTACAGCCTCAGAGG,0,0,0,0,0.062871376,455,168.6372314,0,-0.630434783,0,0,0,0
14764,AAATTAGAAGCAGAGACACAAAG,0,0,0.031111111,0,0.268702222,462.5,195.5931704,0,-0.043478261,0,0,0,0
14765,TGGATCGCGGACTGTGGAGTAGA,0,0,0.001068011,0,0.114132886,425,192.391077,0,-0.260869565,0,0,0,0
14766,CCCTCCCCACAGCCAGGCCCCGG,0,0,0.031328321,0.17544422,0.172149493,455,162.8636421,0.02173913,0.086956522,0,0,1,0
14767,ATGGACACAAGTGATTAGATAGG,0,0,0.053571429,0.110071443,0.108114617,455,163.0219981,0,-0.413043478,0,0,0,0
14768,TAGATGTTGGGATGAGGAGTAAG,0,0,0.034920635,0.542336973,0.542336973,522.5,207.2469185,0,-0.673913043,0,0,0,0
14769,GTCATATGAGTCATTACGTGAGA,0,0,0.006305115,0,0.35258529,560,190.0908658,0.1,-0.065217391,0,0,0,0
14770,GGCCCACACTGAGCACTGGGCAG,0,0,0.011358479,0.032860375,0.032305769,417.5,133.2697749,0.226086957,-0.065217391,0,0,1,0
14771,TGGATGGAGGAATGAGTAAATGG,0,0,0.100446429,0,0.117321346,425,131.5282891,0,-0.413043478,0,0,0,0
14772,TGGATAGAGGAATGTGGGATGAG,0,0,0.014814815,0,0.015047464,387.5,147.0356612,0,-0.065217391,0,0,0,0
14773,TGGATGGATGAATGGGAAGATGG,0,0,0.182,0,0.037612163,387.5,142.9094871,0.073913043,0.065217391,0,0,1,0
14774,GTCACCTCCAGGGTCTAGGGCAG,0,0,0.044938272,0.096508472,0.094387407,335,194.8146312,0.304347826,0.086956522,0,0,0,0
14775,AAAAAAAAAGGAGAGGCACAGAG,0,0,0.069547325,0,0.51740194,522.5,208.4248155,0.047826087,-0.086956522,0,0,0,0
14776,TCCACACCAAAGCTTGGCCAAGG,0,0,0.324263038,0.137828997,0.135502769,522.5,204.9012314,0,-0.043478261,0,0,0,0
14777,AAGTGAGAAAAAGAGGAAAAAGG,0,0,0.114074074,0,0.174373379,485,161.9461526,0,-0.217391304,0,0,1,0
14778,GACCCCCCAGCCCCCGCCTCAGG,0,0,0.133333333,0,0.407554835,527.5,200.9185826,0,-0.108695652,0,0,0,0
14779,CCTCTCCCACAGGGCAGGAAGGG,0,0,0.096256684,0.315950226,0.310333333,552.5,191.3747467,0,-0.891304348,0,0,0,0
14780,AGATGGGGAGATGAGGCACAGAG,0,0,0.036213992,0,0.425868976,522.5,206.3580986,0,0.130434783,0,0,0,0
14781,GTCTCCCCAGAGCCTGGCACAGG,0,0,0.049193231,0,0.20233989,485,146.0826637,0,-0.065217391,0,0,0,0
14782,TATTTGTTTTCATTGTTTTACAG,0,0,0.057291667,0.137365486,0.134785853,485,156.1110668,0.013043478,-0.043478261,0,0,0,0
14783,GTTTTGTTTTAAGTGTTCTCAGA,0,0,0.006793478,0,0.302995647,425,202.7025958,0,0.304347826,0,0,0,0
14784,CCATGTGTGAGTGGATGGATGGA,0,0,0.007983749,0,0.420324886,525,203.4903995,0,-0.195652174,0,0,0,0
14785,GGTGAGTGTGTGTATGAGAGAGG,0,0,0.06,0,0.015796261,387.5,151.866924,0.026086957,-0.543478261,0,0,0,0
14786,ACATGAGAAGGAGAGGAAAAGAG,0,0,0.026481482,0,0.106570406,387.5,160.9958053,0,0.239130435,0,0,0,0
14787,TGGTCTGGGGCTGGAGGTGGGAG,0,0,0.053030303,0,1.345833333,620,214.698583,0.008695652,-0.217391304,0,0,0,0
14788,GGGATGGAGGAAGGAGAGGTGGG,0,0,0.0931569,0,0.046238115,387.5,163.2912351,0.008695652,-0.02173913,0,0,0,0
14789,AATGAACACTGCATCCTTACAGG,0,0,0.088184137,0,0.04125219,387.5,148.6229991,0.443478261,1.347826087,0,0,0,0
14790,AATGAGTGAGTGTGTGTGTGTGA,0,0,0.024679487,0,1.290123457,560,199.1738889,0.62173913,0.130434783,0,0,0,0
14791,AAAAGATAAGAAGAGGCTCCTGA,0,0,0.002147324,0,0.088386347,485,153.382286,0,-0.108695652,0,0,1,0
14792,CCTGCCTCAGCTATTCTCAGTAG,0,0,0.00100553,0,0.037807551,357.5,154.3962776,0,-0.130434783,0,0,0,0
14793,TGTGTGTGAGTGCATGCGTGTGG,0,0,0.215311005,0,0.086676978,425,196.7731748,0.191304348,-0.195652174,0,0,0,0
14794,GCCCCCCTCCCCCCCGGCTGTGG,0,0,0.001087494,0,0.149027027,387.5,154.6062053,0,-0.434782609,1,0,1,0
14795,CCAAGTGGCTCTGGATGGAGCAG,0,0,0.013846526,0,0.6510065,552.5,177.5609831,0,-0.304347826,0,0,0,0
14796,AAATGAAAAAAAGTGCCACATGG,0,0,0,0,0.023064847,455,182.8974722,0,-0.130434783,0,0,0,1
14797,TCCTGGATTTCTGGATGGATTGG,0,0,0.5,0.355509852,0.344612998,620,211.0710548,0.769565217,1.065217391,0,0,0,0
14798,GTCCCCCTCCAACCAGCCCCTGA,0,0,0.002211496,0,0.06576318,357.5,166.288878,0.095652174,-0.282608696,0,0,0,0
14799,GTCATCTTAGATATCACCTGAAG,0,0,0.028554779,0,0.177576184,335,192.2467943,0.013043478,0.304347826,0,0,0,0
14800,CACCCCTTCCACCCCGGCTGGAG,0,0,0.000520633,0,0.183397224,485,158.6931082,0,-0.065217391,0,0,0,1
14801,GAGGCCGAGCAGAAGCAGGGTGG,0,0,0,0,0.035772345,417.5,133.1523742,0.908695652,3.260869565,0,0,0,0
14802,ACCACCAGTGGGTAGAGTGAGAG,0,0,0.079799107,0.075868305,0.075868305,387.5,150.1689831,0,-0.02173913,0,0,0,0
14803,AAATGAGAATGGGAGGCACCTGG,0,0,0.086687184,0,0.150040774,392.5,163.1244795,0,0.02173913,0,0,0,0
14804,TGGCTGGAGGGATGTGGAGAGGG,0,0,0.025808823,0,0.098205585,357.5,160.7516948,0,0.413043478,0,0,0,0
14805,CCTGCCTCCACTCTAATGAGCAG,0,0,0.001897846,0.018826474,0.018524041,417.5,134.3589045,0,-0.52173913,0,0,0,0
14806,TCCTCTGTGCCACCCACTTTGGG,0,0,0.234093637,0.134280554,0.129506134,552.5,187.4337056,0,-0.065217391,0,0,0,0
14807,TGGATGGAGGAATGATTTGGGAG,0,0,0,0,0.007062745,375,118.3645298,0,0.260869565,0,0,0,0
14808,GCTCCCCCCCACCCCGCCCCCAG,0,0,0.038633461,0,0.4917675,552.5,184.5841831,0.12173913,-0.434782609,0,0,1,0
14809,TCTTCCCTCCCACCCACCTTCAG,0,0,0.111400463,0.556118521,0.556118521,620,214.5028352,0,-0.130434783,0,0,0,0
14810,CTTCCCCTACAGGACAGTCACAG,0,0,0.018635903,0.07431375,0.07431375,455,172.8393985,0.017391304,-0.086956522,0,0,0,0
14811,AAAGCAGAAGAAGAAGCCCACGA,0,0,0.006113556,0,0.078958228,455,177.4077251,0,-0.326086957,0,0,0,0
14812,GGTGAGTGGGTGGGTGGATGAGG,0,0,0.007082432,0,0.025528453,387.5,159.3314548,0,0.130434783,0,0,0,0
14813,AAAAGAGAAAAAGAGGCATGTGG,0,0,0.156862745,0.195015369,0.191548429,485,145.4490637,0,-0.086956522,0,0,0,0
14814,GTCACTTTCCCTCCCAGCTTTGG,0,0,0.008488244,0.299915,0.299915,455,189.3841885,0,-0.130434783,0,0,0,0
14815,TGGATGCATGAATGAGTAGATAG,0,0,0.013368056,0,0.100708291,485,154.7333279,0.173913043,-0.065217391,0,0,0,0
14816,GCCACTGCTGCGGGGGGTGGAGG,0,0,0.12,0,0.121100973,425,193.0770976,0,-0.02173913,0,0,0,0
14817,GTCATCTTATTCATTTCCCAGGG,0,0,0,0,0.02977078,417.5,129.0342378,0.108695652,0.260869565,0,0,0,0
14818,CTCTGGGTCTCCGGATGTATGGA,0,0,0.022784233,0,0.09237382,455,184.0345823,0,0.086956522,0,0,0,0
14819,ACATGAGAAGCAGAGGCGCAAGG,0,0,0.125714286,0.364518519,0.364518519,462.5,188.506583,0,-1.108695652,0,0,0,0
14820,TCAGTGAGCACAGTGGAGGCAGA,0,0,0.02014652,0,0.075949862,425,197.3709513,0,0.108695652,0,0,0,0
14821,GGTGCTGGGGCAGGAGGTGGTGG,0,0,0.220982143,0,0.694060843,522.5,206.9824826,0.086956522,-0.282608696,0,0,0,0
14822,AAATGAAATGAAGAGGAACTAGA,0,0,0.011666667,0,0.100708291,485,154.7333279,0,-0.673913043,0,0,0,0
14823,AGTGAGTGTGTGTGTGCAGGAGA,0,0,0.006490385,0,0.06309328,485,159.0688864,0.02173913,-0.02173913,0,0,0,0
14824,GACCCGCCCCGCCCCGCCTCTGG,0,0,0.325,0,0.814779693,530,209.2841153,0.304347826,-0.173913043,1,0,1,0
14825,TCCTCCCCACAGCCTGGTGAGAG,0,0,0.006944444,0.0951046,0.0951046,485,158.0369304,0.039130435,-0.260869565,0,0,0,0
14826,GGTGAGGGAGCGTGTGGGGGAGG,0,0,0.005767013,0,0.06910214,387.5,158.8526245,0,-0.52173913,0,0,0,0
14827,TGTGTGTGTGTGTGTGCGTATGA,0,0,0.014204545,0,0.426140229,552.5,176.8142997,0.004347826,-0.391304348,0,0,0,0
14828,TATTTGTTTTCTTTGTTCTTGAG,0,0,0.017824074,0,0.338339998,455,173.8182996,0,0.217391304,0,0,0,0
14829,AAAGGAGAAGAAGAAGGAAAAAG,0,0,0.003844675,0,0.051461025,387.5,152.3852674,0,0.152173913,0,0,0,0
14830,TACTTGTTTTTATTTTTCTTGGG,0,0,0.013186813,0,0.103738294,357.5,161.6252948,0,-0.673913043,0,0,0,0
14831,ATTGACACCAATGAGTAGACAGA,0,0,0.009300595,0,0.361308608,455,174.4307164,0,-0.282608696,0,0,1,0
14832,TGTGAGAGAGTGCGTGTGTGTGA,0,0,0.022386696,0,0.161125676,455,186.3313876,0.02173913,0.02173913,0,0,0,0
14833,GGGGGGGGGGGGTCTGCTCCCAG,0,0,0.030092593,0,0.232771111,432.5,201.6571316,0.730434783,0.304347826,0,0,0,1
14834,CACATTCATCCACAGGCACAGAG,0,0,0.014176856,0,0.060534271,455,190.3862696,0,0,0,0,0,0
14835,GCCTCCCCAAAGTCTCTCCAAGA,0,0,0,0,0.062185908,395,172.6261425,0.591304348,-0.391304348,0,0,0,0
14836,AAAAGAGAAGGAGAGAGACATGG,0,0,0.018207283,0,0.055244454,387.5,173.8217793,0.708695652,4.913043478,0,0,0,0
14837,GACTTATTTTCATTTTGCGCAAG,0,0,0.001089325,0.030064944,0.029557519,387.5,151.4728834,0.013043478,0.02173913,0,0,0,0
14838,AGGCCCCTCCACCCAGCCTCTAG,0,0,0.020740741,0,0.397208228,525,204.2249784,0,-0.326086957,0,0,0,0
14839,GGTGGGTGAGTGGGTGGGGGGGA,0,0,0.000191816,0,0.070548661,387.5,156.6782485,0.026086957,0.086956522,0,0,0,0
14840,GAATGAGATGAAGAGGAACCAGA,0,0,0.004419192,0,0.164063988,485,157.1165087,0,0.173913043,0,0,0,0
14841,GGGAAAGTCCCAGCGTCAGTCAG,0,0,0.038888889,0,0.147856593,462.5,177.6698282,0.052173913,-0.260869565,0,0,0,0
14842,GTCCCCTGCCACCCCGCCCCCAG,0,0,0.030991911,0,0.34064625,552.5,182.7290023,0.008695652,-0.130434783,0,0,0,0
14843,AAATGAGAAGAAAAAGAAGAAGG,0,0,0.050678733,0,0.017168463,290,143.7595469,0,0.043478261,0,0,0,0
14844,TGGTTGGGGGAGGGAGGAGTGGA,0,0,0.006105743,0,0.272415361,425,198.0111621,0,0.152173913,0,0,0,0
14845,AATGAACACTTCCTGCTCAATGG,0,0,0.003007519,0.049825268,0.049825268,327.5,187.4775902,0,-0.02173913,0,0,0,0
14846,ATGAGCACCAGTGATTATAGAAG,0,0,0.017777778,0.160713688,0.156186541,462.5,179.4813251,0,-0.043478261,0,0,0,0
14847,GGCACTGTGGCCGGAGCAGGTGA,0,0,0.009029928,0,0.053117476,387.5,161.9746382,0,-0.043478261,0,0,0,1
14848,AAATTTGAAGAACAGGCACATAG,0,0,0.023391813,0,0.625677215,530,207.8263755,0.060869565,0.130434783,0,0,0,0
14849,AAAAGAGAGGAAGAAGCAGACAG,0,0,0.009682885,0,0.081669315,455,169.4115981,0,-0.326086957,0,0,0,0
14850,ACCACTTTCCCACCCAGCTGAGA,0,0,0.000308947,0,0.268517165,485,160.202689,0.052173913,0.152173913,0,0,0,1
14851,TGGAGAGAGGGATGAGGCGTTAG,0,0,0.02054321,0,0.098926116,455,184.472279,0,-0.304347826,0,0,0,0
14852,TGGAAGCAGTAATGAGGAGCAGG,0,0,0.025390625,0,0.415325641,552.5,173.3991629,0,0.130434783,0,0,0,0
14853,GAGCCACTGCACCCAGCCTCAGG,0,0,0.063869992,0,0.146830007,522.5,198.7192141,0,-0.043478261,0,0,0,0
14854,GGCTCTTTCCCAGCCACGATAGA,0,0,0.000250957,0,0.037831185,387.5,153.2893462,0.004347826,-0.608695652,0,0,0,1
14855,GAGCCACTGCACCCAGCCTCAGA,0,0,0.004435416,0,0.146830007,522.5,198.7192141,0.247826087,0.195652174,0,0,0,0
14856,GGGATGCAGGCCTGAGGAGTAGG,0,0,0.069221968,0.275687211,0.266829791,425,202.870635,0.065217391,0.456521739,0,0,0,0
14857,TGTGTCTGAGTGTGTGTGTGGAG,0,0,0.029996939,0,0.368797917,552.5,195.1395849,0,1.02173913,0,0,0,0
14858,AATTGATAAGAAAAGGCAAATGG,0,0,0.159571521,0,0.129984477,455,176.0414987,0.113043478,-0.565217391,0,0,0,0
14859,AAAAGAAAAAAAGAGGCTCAGAG,0,0,0.057613169,0,0.185328808,552.5,185.5281495,0,-0.086956522,0,0,0,0
14860,TCGGTGGAGGGGTGAGGAGTGGG,0,0,0.203125,0.397051531,0.390673193,425,204.1402158,0,0.086956522,0,0,0,0
14861,GGCACTGGAGCTGCAGGTGCCGA,0,0,0.005271241,0,0.057065031,455,163.3636181,0,0.065217391,0,0,0,1
14862,ATCAACTTCAATGACTAGGTTAG,0,0,0.081666667,0.710795455,0.697447183,552.5,177.6742631,0,0,0,0,0,0
14863,AAGATGGAGGAATGAGGACAGGA,0,0,0.01481681,0,0.219695863,485,151.0744001,0.017391304,0.239130435,0,0,0,0
14864,GGACAAGACTGGGCATGTGAGGA,0,0,0.007642563,0,0.125422944,455,192.3791537,0,-0.695652174,0,0,0,0
14865,GGTGGGTGTGTGGGTGAGTGAGG,0,0,0.052591304,0,0.136842006,455,183.466468,0.008695652,-0.239130435,0,0,0,0
14866,GAGTGAGAGCAGATGAAAAACAG,0,0,0.053333333,0,0.026558543,455,179.0631781,0.013043478,-0.47826087,0,0,0,0
14867,GGGAAAGAAGCATCATCCCTCAG,0,0,0.011621967,0.099749597,0.098147193,455,170.0011628,0.126086957,-0.065217391,0,0,0,0
14868,AACCCTAGTGAGAAGAGAGGAGG,0,0,0.122171945,0.071390727,0.068980913,455,181.6177622,0.030434783,0.065217391,0,0,0,0
14869,CCTGCCCCCTCTCCACACACAGA,0,0,0.005911045,0,0.05162771,455,179.1997871,0,-0.217391304,0,0,0,0
14870,CACAACAGTGAGTAGAACAGAAG,0,0,0.084656084,0,0.202836708,485,166.177569,0,-0.369565217,0,0,0,0
14871,GAGACCAGAACAGAGTTTTTCAG,0,0,0.08872428,0.859763489,0.846587038,620,208.1972658,0,0.043478261,0,0,0,0
14872,GGAACCCCCTCTGCAGCTTCTGG,0,0,0.213017752,0.058685016,0.056704087,485,157.7805664,0.334782609,-0.239130435,0,0,0,0
14873,CCCTGTGACACTGGCTGGAGCAG,0,0,0.00855615,0,0.154716633,455,159.7638251,0.017391304,0.065217391,0,0,0,0
14874,GGGATGGGGGAAGGAGGAGGGGG,0,0,0.032291782,0,0.26991206,455,169.4632626,0,-0.434782609,0,0,1,0
14875,GGTGTGGCAGTGTGTGCCTGTAG,0,0,0.016250997,0,0.201225633,552.5,187.005349,NA,-0.02173913,0,0,0,0
14876,TGGGAGTGTGTGTGTGTGTGTGA,0,0,0.009722222,0,0.367241041,552.5,193.7261086,0,-0.326086957,0,0,0,0
14877,AGATGGGAACAATAGGCACAGGG,0,0,0.068571429,0,0.308518702,522.5,202.682959,0.013043478,0,0,0,0,0
14878,TGGGAGTGTGTGTGTGTGTGTGG,0,0,0.14,0.373887938,0.367241041,552.5,193.7261086,0,0.043478261,0,0,0,1
14879,GATGTGTGTGTGTGTGTGTGCAG,0,0,0.022336182,0,0.372455417,552.5,192.7257886,0,0.02173913,0,0,0,0
14880,TAATGAAAATAACAGGCACAAGG,0,0,0.342105264,0,0.36592984,522.5,202.3257622,0,-0.239130435,0,0,0,0
14881,GATAGCAGTGAGTAGAGTGGAGG,0,0,0.265178571,0.317269355,0.305988667,552.5,191.9603467,0,-0.130434783,0,0,0,0
14882,GCCTCTGGGGCTGGAGCTGGAGG,0,0,0.066639243,0,0.609583333,552.5,194.000472,0.147826087,0.52173913,0,0,1,0
14883,GCCTGTGTGTCTGGAGGGAGGGA,0,0,0.002397698,0,0.073296119,485,160.8141938,0,0.934782609,0,0,0,0
14884,TTGCTGAAGGAATGAGGATTCGG,0,0,0.14973262,0.353204637,0.34064625,552.5,184.9552193,0.313043478,0.043478261,0,0,0,0
14885,ATCTTGATTTCATTTTTCTCTGA,0,0,0.005681818,0,0.275145253,522.5,202.3697976,0.02173913,0,0,0,0,1
14886,GGTGTGTGGGTGTGCGTGTGGGG,0,0,0.030853995,0,0.094763973,455,178.758767,0,-0.369565217,0,0,0,0
14887,CTCACTGTGGCTGGTGGTGGTGG,0,0,0.079545454,0,0.402848101,522.5,201.6531615,0.013043478,-0.02173913,0,0,0,0
14888,ACCCTCCCTCCAGAGACACTTAG,0,0,0.023529412,0.710795455,0.697447183,552.5,178.0889831,0.043478261,-0.239130435,0,0,0,0
14889,GGATGGGGGGAGTTTCCGCTGGA,0,0,0,0,0.021946731,417.5,138.8226409,0,-0.391304348,0,0,0,0
14890,GGAGGGTGAGTGTCTGGGTGGGG,0,0,0.012965186,0,0.085021828,455,184.7583843,0,-0.195652174,0,0,0,1
14891,AGATGAGGAAAGGAGGCACAGAG,0,0,0.102525834,0,0.648306325,522.5,203.1523462,0.295652174,-0.065217391,0,0,0,0
14892,GAGCCACTGCACCCGGCCTCCGA,0,0,0.000997969,0,0.146830007,522.5,198.7192141,0.186956522,0.369565217,0,0,0,0
14893,CTCATGGTTCCAGAGACACAAAG,0,0,0.023767083,0.564014727,0.564014727,622.5,211.6910182,0.408695652,-0.5,0,0,0,0
14894,TGGATGAAGGATTGAGCATTAGA,0,0,0.003631082,0,0.061258113,387.5,157.3666077,0,0.086956522,0,0,0,0
14895,AAATAAGAAACTGAGGCACAGAG,0,0,0.027961591,0,0.343267022,460,198.9737594,0.517391304,0.260869565,0,0,0,0
14896,TCCTGAGTGACTGGATGGATAAG,0,0,0.119223986,0.487092835,0.487092835,620,208.4624992,0.1,-0.130434783,0,0,0,0
14897,GGTGTGTGAATGTGTGGGAGTGA,0,0,0.000396118,0,0.167894875,485,161.1858326,0,0.434782609,0,0,0,0
14898,CCAGAGACTAGGGAGGAGGCTGG,0,0,0.077777778,0,0.104883434,425,195.4565779,0.073913043,0.195652174,0,0,0,0
14899,CCCTGTGGCTCTGCACGGTTCAG,0,0,0.029249763,0,0.011549968,387.5,156.4245726,0,-0.913043478,0,0,0,0
14900,AAATGAGAAGATCAGTCACAAGG,0,0,0,0,0.079468745,365,185.8961531,0,-0.565217391,0,0,1,0
14901,CCTGCTTCAGCTCTGCTCAGAAG,0,0,0.007889823,0.064266822,0.062097478,455,162.1096141,0.152173913,0.369565217,0,0,0,0
14902,GTCATCTCCATTGACTATAGAGG,0,0,0.093240093,0.053306356,0.051506986,387.5,155.5102631,0,-0.456521739,0,0,0,0
14903,GGGTGGGGGGCGCTTGCCCTTAG,0,0,0.010526316,0,0.025116065,290,140.9096625,0.017391304,-0.239130435,0,0,0,0
14904,TGGATGTATGAATGAGAAGCTGA,0,0,0.001795735,0,0.100708291,485,154.7333279,0,-0.086956522,0,0,0,0
14905,GGCCCAAACTGAGCAGCTGAGAG,0,0,0.009384951,0,0.127309176,492.5,179.7422822,0,0.065217391,0,0,0,0
14906,GGTGCTGCGGCTGGGGCTGGTGG,0,0,0.065716912,0,0.152925168,455,182.6052674,0,0.304347826,0,0,1,0
14907,CAACAGACAGCACAGACTGCCAG,0,0,0.031328321,0.351943434,0.351943434,522.5,204.8148785,0.1,0.239130435,0,0,0,0
14908,GTTGAGTCAGTTTCTGCGTGGGG,0,0,0.064550834,0,0.110193987,425,196.5048979,0,0,0,0,0,0
14909,AGAGTGTGAGTGTGTGGGTGTGG,0,0,0.013750955,0,0.601049167,552.5,196.3975689,0.382608696,0.282608696,0,0,0,0
14910,TGTGTGTGTGTGTGTGCTTGCGG,0,0,0.145454546,0,0.189613667,552.5,188.5285664,0.026086957,0.282608696,0,0,0,0
14911,GCTTTATTTACATTGTTCTCTAG,0,0,0.120039682,0,0.749905063,620,211.6542796,0,-0.108695652,0,0,0,0
14912,TGGATGGCTGCATGAGGAGCTGG,0,0,0.008311688,0.212557667,0.212557667,455,168.7727191,0,0.108695652,0,0,1,0
14913,AATAACAGCTACAGCCTCAAAAG,0,0,0,0.147977526,0.145600377,522.5,201.2042176,0,-0.02173913,0,0,0,0
14914,GCAATCCCCTCTGCAGCCCCAAG,0,0,0.031558185,0.401298765,0.401298765,560,190.7768864,0,0,1,0,0,0
14915,GGCCCTGAGGCTGGAGGGGAGGG,0,0,0.071691176,0,0.129409,485,152.6656498,0.2,0.043478261,0,0,0,1
14916,GATTTGTTTTCTTAGTTCTAGGA,0,0,0.004925871,0,0.047723985,357.5,162.179115,0.373913043,0.804347826,0,0,0,0
14917,AAAGTCGAAGAAGAGGCAAAAGA,0,0,0.002536526,0,0.30174375,555,184.5040961,0.986956522,2.173913043,0,0,0,0
14918,TGCTGGAGGGAGTGTGCTCCTGA,0,0,0,0,0.150830932,522.5,204.6496346,0,-0.065217391,0,0,0,0
14919,TACTTGTGTTCATTGTTATCCAG,0,0,0.102374169,0.678324226,0.656790123,560,191.8768498,0,-0.043478261,0,0,0,0
14920,GCCACTGTGACTGGAAGTGGTGA,0,0,0.03926282,0,0.238119304,552.5,193.5800207,0.034782609,-0.260869565,0,0,0,0
14921,GTCTATTTTTCATTGTTTTCTAG,0,0,0.04040404,0.191149887,0.187751667,552.5,190.4623627,0,-0.913043478,0,0,0,0
14922,CGCCCTCCCCACCCCGCCTCCGG,0,0,0.530612245,0,0.82579023,620,214.074199,0.060869565,-0.086956522,0,0,0,0
14923,AGGTCAGAGGAGAAGAAGAAGGA,0,0,0.018055555,0,0.797205949,620,212.1822796,0,0.413043478,0,0,0,0
14924,TCCATTCATCCACAGACACTTGA,0,0,0.016290727,0,0.163296796,455,170.7770955,0,-0.173913043,0,0,0,0
14925,CACTTGTTTTCATTTGTTTCCAG,0,0,0.00588697,0.014832503,0.014305125,387.5,162.2812193,0,0.065217391,0,0,0,0
14926,AGAAGAAAAGAAGAGGCTCACAG,0,0,0.049382716,0,0.211957667,552.5,190.2798859,0,0.130434783,0,0,0,0
14927,GGGAACCCTTCTGCTGGACCTGA,0,0,0.000249637,0,0.152925168,455,182.1905474,0.130434783,-0.043478261,0,0,0,0
14928,CCCCCTGTGTCTGGCTGGATAAG,0,0,0.022253346,0.242054876,0.234278012,522.5,198.8712781,0,0.282608696,0,0,0,0
14929,GTCTTTTTTTCTTTGTTCTCAGA,0,0,0.011223344,0,0.837857778,530,210.6579156,0.526086957,0.043478261,0,0,0,0
14930,GGCTGTGCTGCGGGAGGTGGGGG,0,0,0.101818182,0,0.410318103,522.5,205.3621992,0,0.282608696,0,0,0,0
14931,GTAGGAGAAGCAGAGGCACAGGG,0,0,0.181818182,0.807015306,0.794051205,522.5,211.8563163,0,-0.260869565,0,0,0,0
14932,TTGATGGGGGAATCAGAAGTCAG,0,0,0.048395062,0,0.090827917,455,183.2348873,0,-0.869565217,0,0,0,0
14933,TGTGTGTGCGTGTGTGCATGCGG,0,0,0.143856144,0,0.189613667,552.5,188.5285664,0,-0.043478261,0,0,0,0
14934,GGCACTGGGGCTGGGGGAGGGGG,0,0,0.278571429,0,0.147856593,462.5,177.6698282,0,-0.413043478,0,0,1,0
14935,TGTGAGTGAGTGTGTGCATGTGA,0,0,0.048076923,0,3.448148148,567.5,196.1766667,0,0.369565217,0,0,0,0
14936,GGCCCTGCTGCTGGAGCAGGCAG,0,0,0.007655175,0,0.069304995,485,167.9571753,0.008695652,-0.52173913,0,1,0,0
14937,TGGATGGATGAATGATAGGTAGG,0,0,0,0,0.011345979,442.5,151.5423494,0,0,0,0,0,0
14938,AAATGAGAAGGAAAAGCCCAAGA,0,0,0.007469654,0,0.015399591,260,163.8402409,0.069565217,-0.260869565,0,0,0,0
14939,AGCACTGTGGCCGGACGTGGTGG,0,0,0,0,0.133988,455,191.0956567,0,-0.586956522,0,0,0,0
14940,AAATGATAGGAAATGGCACATAG,0,0,0.048622982,0,0.032845321,425,191.7185337,0,-0.239130435,0,0,0,0
14941,CTGGCCTCACGGGGCAGTTACAG,0,0,0.036863426,0.189785817,0.186411847,455,179.3107356,0,-0.413043478,0,0,0,0
14942,GAGTGGGAGCGGCAGAAGAAGGA,0,0,0.002850877,0,0.177367355,425,200.3962918,0,-0.043478261,0,0,0,0
14943,GGCACGGGGGCAGGTGGTGGGGG,0,0,0.05877551,0,0.114132886,425,192.391077,0,-0.456521739,0,0,0,1
14944,CCAGTGATTAGACCAGGGGCTGG,0,0,0.043707886,0,0.057129709,357.5,171.4077299,0.013043478,0,0,0,0,0
14945,TAGTCTAAGCAGCAGAAGAATGG,0,0,0.195488722,0.240377365,0.240377365,522.5,205.5315147,0,0.108695652,0,0,0,0
14946,CCCGCCCCCGCCCTCCTCACCGG,0,0,0.07612782,0,0.133476264,425,194.3656972,0,0.282608696,0,0,0,0
14947,GTCCCCCCCCACCCCCACTCTGA,0,0,0,0,0.104848333,485,177.5856461,0,-0.130434783,0,0,0,0
14948,GACACTGCTGCGGGAGGTGCAGA,0,0,0.006715507,0,0.209660993,455,170.1465193,0.052173913,-0.391304348,0,0,0,0
14949,CACTCCCTCCACCACTCCTCTGG,0,0,0,0,0.040577667,455,189.3987895,0.034782609,0.195652174,0,0,0,0
14950,GGTGTGTGTGTGTGTGAATGTGA,0,0,0.004895105,0,0.069304995,485,167.5424553,0,-0.543478261,0,0,0,0
14951,GGTGTGTGTGTGTGTGAATGTGG,0,0,0.070489511,0,0.069304995,485,167.5424553,0.665217391,0,0,0,0,0
14952,AAATGAAAATAATAGGCAAAGGA,0,0,0.007254464,0,0.1152679,455,171.5777623,0,-0.413043478,0,0,0,0
14953,TGGATGGAAGAATGAGCAGATGG,0,0,0.085084034,0,0.276113616,492.5,158.3165087,0.030434783,-0.934782609,0,0,0,0
14954,AAATGAGAAAGTGAGACACAGAG,0,0,0.052427983,0,0.059041928,392.5,182.9736535,0,0.065217391,0,0,0,0
14955,GGACCCAAAGGAAAGACTGCTGA,0,0,0.004807692,0,0.307297816,425,201.9422758,0,-0.043478261,0,0,0,0
14956,GGTGTGTCCGTGTGTGTGTGTGA,0,0,0.004144004,0,0.353596915,552.5,189.8659716,0.02173913,-0.260869565,0,0,0,0
14957,GAGTTCAAGAAGAATAAGAACAG,0,0,0.020426487,0,0.241196307,522.5,196.3297412,0,-0.217391304,0,0,0,0
14958,CGCCCCCTCTGCCCCGCCTCAAG,0,0,0.090631808,0,0.73132116,522.5,207.7381799,0,-0.304347826,1,0,0,0
14959,CAATGAGAAACAGAGGCCCATGA,0,0,0.004232804,0,0.158628435,455,182.5548466,0,-0.52173913,0,0,0,0
14960,CTTCCTTCCAATGACTAGGGTGA,0,0,0.011176345,0,0.778438874,620,216.012416,0,-0.173913043,0,0,0,0
14961,GGTGAGTGAATTTGGGCATGCAG,0,0,0.003221565,0,0.032488523,357.5,166.8618083,0,0.195652174,0,0,0,0
14962,AAATAAAAAGAAGAGGAAGACAG,0,0,0.013106996,0,0.12450836,485,163.7943882,0,-0.5,0,0,1,0
14963,GGTGAGTGAATGTGGATGTGGAG,0,0,0.005646091,0,0.022309918,412.5,161.726705,0.426086957,-0.217391304,0,0,0,0
14964,GGTGTGTGGGGGTGTGTGTGGGG,0,0,0.045252525,0,0.196246288,455,186.7357049,0,-0.173913043,0,0,0,1
14965,CACTTCCATACAGATACACACAG,0,0,0.014855627,0,0.371023101,522.5,198.887642,0,-0.043478261,0,0,0,0
14966,AAAAGAGAAGAGGAGGGAGAGAG,0,0,0.000655612,0,0.094473225,387.5,158.8761885,0,-0.086956522,0,0,0,0
14967,AAATGAGAGAAACAGGCAGAGGG,0,0,0.032748538,0,0.098147193,455,170.0011628,0.465217391,0.391304348,0,0,0,0
14968,GACACCCCCCACCCCCACTCAGG,0,0,0,0,0.099539557,485,176.9520461,0.956521739,1.086956522,0,0,0,0
14969,GGCACTGGGGGTGGAGGGGAAGA,0,0,0.003487723,0,0.068185438,387.5,147.3091661,NA,-0.304347826,0,0,0,0
14970,CTATGAGCAGAAGAGGCAGAGGA,0,0,0.002319109,0,0.526848592,552.5,185.1121831,0.960869565,-0.086956522,0,0,0,0
14971,AAATGACAAGAAAATGAACAAAG,0,0,0.010968661,0,0.039019591,357.5,172.124366,0,-0.043478261,0,0,0,0
14972,AAACGAGAAGAAGAGGGAGGGAG,0,0,0.000943265,0,0.080071819,417.5,129.4546891,0,-0.043478261,0,0,0,0
14973,CACTTGTTTCCAATGTTCTTGGG,0,0,0.079120879,0.253346691,0.248589007,455,167.5713431,0.086956522,0.108695652,0,0,0,0
14974,GCCTTGTTGTCATTCTTTTCAGA,0,0,0.005922012,0,0.050816463,455,175.3698648,0.77826087,-0.239130435,0,0,0,0
14975,GACCCTCTCCGCGCCGCCCCGGG,0,0,0.022704881,0,0.061528511,357.5,170.9366118,0,-0.043478261,1,0,1,0
14976,AAGTGACAGGAAGAGTCACATGA,0,0,0,0,0.106383384,552.5,195.040613,0.208695652,0.108695652,0,0,0,0
14977,GTTGTGTGGGTGAGTGCGTGGAG,0,0,0.027689482,0.349534466,0.338304443,522.5,204.2125791,0,0.065217391,1,0,0,0
14978,GAGAGAGACCCAGCATCCTATAG,0,0,0.059230769,0.219695863,0.219695863,485,149.7860801,0.013043478,-0.086956522,0,0,0,0
14979,GACCACCTCCACCCTGGCCCTGG,0,0,0.000618178,0,0.048855403,387.5,151.9705474,0,-1.065217391,0,0,0,0
14980,GGGTGGGGGGAGTTGTCCCTGGA,0,0,0,0,0.004916404,320,125.1436193,0,-0.086956522,0,0,0,0
14981,AACGAACAATACTTCCTCAAGGA,0,0,0.007106414,0,0.201808749,522.5,203.4269151,0,-0.065217391,1,0,0,0
14982,GGAGAGAGAGTGTGTGAGAGAGA,0,0,0.005787037,0,0.129312723,485,164.5547082,0,-0.347826087,0,0,0,0
14983,CTTGCTCCACACGGCAGTTCTAG,0,0,0.015597148,0.060825611,0.058772425,387.5,141.8123157,0.004347826,-0.173913043,0,0,0,0
14984,GCCCCTTTCCCAACTCCCTTTGA,0,0,0,0,0.026815181,357.5,177.331632,0,-0.652173913,0,0,0,0
14985,GGTGAGAGAGTGAGTGTGTGAAG,0,0,0.073290598,0,0.286445647,462.5,187.5313876,0,-0.347826087,0,0,0,0
14986,GGCTCTTTCCCACCTACTCTGGG,0,0,0.008224459,0.027164177,0.02619834,387.5,148.5816452,0,-0.065217391,0,0,0,0
14987,GGCGCTGCGCCTGGAGCGGGAGA,0,0,0.001361656,0,0.104467922,485,166.9252192,0,-0.02173913,0,0,0,0
14988,TGGGTGGAGGATAGATGAGTGGA,0,0,0,0,0.04922787,357.5,183.8225531,0,-1.02173913,0,0,0,0
14989,CCTGCCTCAGCTCTTCTTCCAAG,0,0,0.00591133,0,0.014464324,387.5,144.8618649,0,-0.173913043,0,0,0,0
14990,GCAGGGAGTAGAGCTGAGGGCAG,0,0,0.001273089,0,0.186915845,455,166.5670585,0,-0.304347826,0,0,0,0
14991,TTGGATAGCAGTGAGTAGAGTGG,0,0,0.373086735,0.838642996,0.82579023,620,213.440599,0,-0.086956522,0,0,0,0
14992,GAGTTGTTTTTATTGTTGTTGAG,0,0,0.001595442,0,0.070816487,387.5,149.8809831,0,0.239130435,0,0,0,0
14993,AGCTCAGAAGCAGAGGCACAGGG,0,0,0.107755102,0.782934488,0.782934488,522.5,210.9135963,0,0,0,0,0,0
14994,AGCATCCATCCACAGACAAATGA,0,0,0.008717446,0,0.203890405,455,178.7126795,0.526086957,0.695652174,0,0,0,0
14995,TAAAACAAAGAACAGACTGCTGG,0,0,0.498614958,0.322857199,0.322857199,425,202.5969958,0.47826087,-0.282608696,0,0,0,0
14996,CATGACTACTAAATCCTCAGAAG,0,0,0.098622782,0.238852861,0.234367362,455,171.9631188,0.082608696,-0.086956522,0,0,0,0
14997,GGTGTGTGGGTGGGTGGGTGGGG,0,0,0.003720065,0,0.136842006,455,183.466468,0,-0.043478261,0,0,0,0
14998,GACACCTCCCACCCCACCTCCAG,0,0,0.177387914,0,0.176585759,552.5,195.5549764,0.013043478,-0.152173913,0,0,0,0
14999,GAGCCCCTGCACCCGGCCCCTGA,0,0,0.000296479,0,0.080525945,455,169.7571981,0.147826087,1.195652174,0,0,0,0
15000,CCCCTCCAGCCAGTGACTCAGGG,0,0,0.058263305,0,0.026821933,455,177.3041017,0,-0.043478261,0,0,0,0
15001,AATAAACACTACAACCTAAATAG,0,0,0.072222222,0.027486352,0.026558543,455,179.4778981,0.239130435,0.456521739,0,0,0,0
15002,TGGATGGGGGAAAGAAAAGTGAG,0,0,0.122849003,0,0.036665336,387.5,168.3263255,0,-0.413043478,0,0,0,0
15003,AAAGACATCTACATGCTCAAAGA,0,0,0.000797194,0,0.27129322,522.5,198.9819807,0,0,0,0,0,0
15004,TCCTCTTGCCCTCCCACGTTAAG,0,0,0.008449931,0,0.152684,455,182.9607493,0,-0.173913043,0,0,0,0
15005,GATTATTTTTCAATGTTCTCTGA,0,0,0.011017628,0,0.330292552,522.5,206.0983755,0.956521739,2.130434783,0,0,0,0
15006,GATTTGTTTTCATTTTTTCCTAG,0,0,0.004515599,0.026299103,0.025831563,387.5,148.2936452,0.034782609,0.260869565,0,0,0,0
15007,GCTTCCCCACAGCCTGCCAACAG,0,0,0.005991285,0.177529458,0.174373379,485,161.9461526,0.004347826,-0.239130435,0,0,0,0
15008,CCTTCCCCAAACCCTGCCCATGA,0,0,0.004248023,0,0.29571619,455,189.9697885,0,-0.413043478,0,0,0,0
15009,AAATGTGACAAAGAGACACAAAG,0,0,0.098765432,0,0.083779968,552.5,191.1740733,0,-0.586956522,0,0,0,0
15010,GAATACAAAGCATTGAGTACAGA,0,0,0.001244942,0,0.028610794,387.5,154.9531044,0,-0.173913043,0,0,0,0
15011,ACTTCCCCAAAGCCAGGGCAAGG,0,0,0.047763158,0.085028187,0.082004963,455,179.0416451,0,-0.5,0,0,0,0
15012,CCCTTCCCAAAGCCTTGCCCAGA,0,0,0,0,0.119960915,485,163.4856542,0.169565217,-0.369565217,0,0,0,0
15013,GCCGCCCCCAACCCGGGCCAGAG,0,0,0.00245098,0.119090999,0.115264782,425,192.4434976,0,-0.239130435,0,0,0,0
15014,GCCTCGCCAAACCTTGGGCACAG,0,0,0.00671024,0,0.013066803,357.5,172.6353976,0.039130435,0.173913043,0,0,0,0
15015,GTCTTGTTCTCATTGGTTTCAGA,0,0,0.010374241,0,0.032613551,485,172.2884605,0.165217391,-0.173913043,0,0,0,0
15016,AAATGAGAAGAATAGTTATAAAG,0,0,0,0,0.011018566,320,140.6781426,0.047826087,0.673913043,0,0,0,0
15017,GAAACCAAGCAGAAGAGGAAGGG,0,0,0.06302521,0.403345986,0.389730931,552.5,194.4291081,0.182608696,-0.195652174,0,0,0,0
15018,GGCCCAGGCTGAGTCCCTGAGGG,0,0,0.034509804,0.021995676,0.021995676,357.5,169.2678658,0.039130435,0.108695652,0,0,0,0
15019,AAATTGTTTTTATTGTTCTTTGA,0,0,0.005,0,0.381664022,455,175.3043164,0.182608696,0.282608696,0,0,0,0
15020,ACCTGTGTTTCAGGTTGGATTAG,0,0,0.036296296,0.125331575,0.121100973,425,193.3170976,0.095652174,0.173913043,0,0,0,0
15021,TTGAATACAAGTGACTAGAGTGG,0,0,0.217068646,0,0.148914815,522.5,199.2472141,0.017391304,0.282608696,0,0,0,0
15022,AAATGAGAATAACATGTACAAAG,0,0,0.00591293,0,0.050197315,357.5,169.5158104,0,NA,0,0,0,0
15023,GGTGAGCGTGTGGGTGGGTGAGG,0,0,0.006329923,0,0.088958845,455,182.3716072,0.008695652,-0.02173913,0,0,0,0
15024,GGAATCCCTTCAGCAGCAGACGG,0,0,0.05,0.172701342,0.172701342,395,144.7982997,0.67826087,-0.043478261,0,0,0,1
15025,GGCCTAGACTGAGGAGATGACGG,0,0,0,0,0.014831394,387.5,167.9979584,0,-0.065217391,0,0,0,0
15026,CTCATCTTTCTCATTATCTGTGA,0,0,0.005555556,0,0.343031439,552.5,189.2623722,0,-0.065217391,0,0,0,0
15027,CCTACCTCCACCCTACTCCCAGA,0,0,0.011433757,0,0.225999585,455,174.8705632,0.617391304,0,0,0,0,0
15028,TGTGTGTGAGTGTGCACGTGGGG,0,0,0.099173554,0,0.072985333,455,186.4162325,0,-0.108695652,0,0,0,0
15029,ATAGCCTCAAAGGGCAGTAAGAG,0,0,0.130401234,0,0.887386413,620,211.2970828,0,0.043478261,0,0,0,0
15030,GACTTGTGTTCATTCTTCGTAGG,0,0,0.015,0,0.052916112,387.5,134.0075616,0.004347826,-0.130434783,0,0,0,0
15031,CCCAGCCCTGCATAGACACACAG,0,0,0.008296296,0.501885845,0.486502371,522.5,200.3208061,0.865217391,2.152173913,0,0,0,0
15032,TGTGTGTGTATGTGTGCGTGTAG,0,0,0.052794613,0.805112123,0.805112123,620,208.9601632,0,0.304347826,0,0,0,0
15033,TCCTGTGTTTCTGAATGGATGAG,0,0,0.170138889,0.278541224,0.270694992,530,204.801035,0,0.02173913,0,0,0,0
15034,CTCTGTGTCTCTGAATAGCTGGA,0,0,0.009143156,0,0.028610794,387.5,155.5867044,0,-0.586956522,0,0,0,0
15035,TGGAAGGAAAAATGAGGAGGCAG,0,0,0.01372549,0.371543143,0.371543143,552.5,171.8225633,0.039130435,-0.043478261,0,0,0,0
15036,CTCAGTGTCTGTGGATGGCTGGG,0,0,0.022391402,0.287011089,0.27680625,455,181.1083164,0,0.086956522,0,0,0,0
15037,GGCACAGCGGGAGCAGGTGGTGG,0,0,0.074285714,0,0.033598052,327.5,191.8286472,0,0.152173913,0,0,0,0
15038,CCCATCCATGGACATACACACAG,0,0,0.001516136,0,0.069181599,327.5,184.2718378,0,-0.173913043,0,0,0,0
15039,TGGATGGAGGAAAGGAGAGGAGA,0,0,0.005514706,0,0.010153707,290,141.0676321,0,0.217391304,0,0,0,0
15040,TGGATAGAGGAGTGGGGAGGGGA,0,0,0.005752996,0,0.050003206,357.5,158.3532941,0.02173913,0.260869565,0,0,0,1
15041,GAATGTGAAGCAGAGGCCCAAAG,0,0,0.014109347,0,0.104202175,455,185.760599,0,0.108695652,0,0,0,0
15042,CCATGAGAAGAAGAGGAATAAGG,0,0,0.145054945,0.202836708,0.202836708,485,167.225889,0,-0.326086957,0,0,0,0
15043,TAATGAAAAGAAGAGGGAGAGGA,0,0,0.000510621,0,0.138537471,485,165.0827082,0,-0.217391304,0,0,0,0
15044,GGCACTGAGGCTGGTGGGAGGAG,0,0,0.008024691,0,0.023673199,387.5,145.7218282,0.056521739,-0.108695652,0,0,0,0
15045,GGGGTGTGTGTGTGTGTGTGAAG,0,0,0.013198653,0.36082635,0.348646558,552.5,192.4377886,0.065217391,0.130434783,0,0,0,0
15046,GATTTTTTTTCTTTGTTCTGTGA,0,0,0.000624092,0,0.193778595,455,172.0323156,0.026086957,0.434782609,0,0,0,0
15047,CCAGCGAGCGGAGCGGCGGCGAG,0,0,0.023462376,0.325662758,0.325662758,552.5,187.9740522,0,-0.260869565,1,0,1,0
15048,CCAGTGCTTAGAATGGAGGCTGA,0,0,0.012853899,0,0.053756663,425,192.5784971,0,-0.195652174,0,0,0,0
15049,GTGAAAGACCCAGTATCTCTGGG,0,0,0.134482758,0.015102472,0.014565495,387.5,151.1494821,0,NA,0,0,0,0
15050,GACCCTCTCCTCCCCTCCCCCAG,0,0,0,0,0.027346005,387.5,163.1475065,0,-0.304347826,0,0,0,0
15051,AAATGTGTAGAAAAGGAACAAAG,0,0,0.034188034,0,0.128968187,455,183.8287674,0.8,-0.02173913,0,0,0,0
15052,GGCCCTGCGGCTTGGGGTAGGGG,0,0,0.049159664,0,0.051728355,357.5,163.872058,0,0.043478261,0,0,0,0
15053,GGTACTGCTGGTGGCGGTGGTGG,0,0,0.025,0,0.134695296,425,194.2751144,0,0.108695652,0,0,0,0
15054,GGCACAGACAGAGCACCTCAGGA,0,0,0.005287051,0,0.176849269,485,161.6005526,0,-0.02173913,0,0,0,0
15055,TGGATGGTGGATTGATGAATGGA,0,0,0,0,0.038138151,387.5,160.3476568,0,-0.086956522,0,0,0,1
15056,CCCTCTCTCCCACCCTCATTCAG,0,0,0,0.037800745,0.036456719,485,174.10506,0,-0.282608696,0,0,0,0
15057,AAAAGAGAGGAAGAGGCATTAGA,0,0,0.006105006,0,0.127075016,485,146.4810198,0,-0.173913043,0,0,0,0
15058,AAAAGAGACAAAGAGGGACATGA,0,0,0.001037452,0,0.325662758,552.5,188.3887722,NA,NA,0,0,0,0
15059,GGCACCACCAATGACTATTGCAG,0,0,0.084691358,0,0.066766665,485,160.405486,0.013043478,0.065217391,0,0,0,0
15060,GACTTCTTTAGATTGTTATCAGG,0,0,0.078671329,0.091110952,0.091110952,455,180.7688626,0,-0.217391304,0,0,0,0
15061,GGCTCTGCGCCTGGAGGCTGCGG,0,0,0.072727273,0,0.090032355,485,157.1633304,0,0.043478261,0,0,0,0
15062,GAGAGCGAGCAGAACAAGGATGG,0,0,0.029220779,0,0.133665,455,172.0830585,0,-0.152173913,0,0,0,0
15063,CACCGCCCCCTCCCCGCCTCCAG,0,0,0.034188034,0,0.794051205,522.5,208.5817793,0.013043478,0.130434783,0,0,0,0
15064,AAATGATAAAAACAGGCAGAGGA,0,0,0.001949318,0,0.1152679,455,171.5777623,0,-0.173913043,0,0,0,0
15065,GGGGGTGGGGACTTTGCTCCAGG,1,0.007377147,0.220588236,0.795434599,0.795434599,530,210.0243156,0.026086957,-0.108695652,0,0,0,0
15066,GTCATCTTAGCCTTGCCCTGTGA,0,0,0,0,0.012919908,260,171.9751483,0,0.086956522,0,0,0,0
15067,TGAATTAATGAATGAGGAGTGAG,0,0,0.069135802,0,0.339788416,620,210.5430548,0.013043478,0.347826087,0,0,1,0
15068,CCCACACATGCAAAGACACAAGG,0,0,0.333333334,0.303640936,0.294333934,522.5,201.634639,0,0.239130435,0,0,0,0
15069,AAATTAGGAGATGAGGAACAAAG,0,0,0.008872428,0,0.28472943,455,186.1096515,0,-0.02173913,0,0,0,0
15070,AAAGAACACTGAATCCTCAAAGA,0,0,0.021385042,0,0.23304828,425,202.9398318,0,-0.239130435,0,0,0,0
15071,AGGACGGAGCAGTGAGGAGTGGG,0,0,0.288888889,0,0.648306325,522.5,205.2038431,0,-0.02173913,0,0,0,0
15072,AGATGGAAAGAAGAGGAACAGGG,0,0,0.266666667,0,0.251888977,552.5,193.8047241,0,-0.239130435,0,0,0,0
15073,GGTGTGTTTGTGTGTGCCTGTGG,0,0,0.064935065,0,0.180012975,552.5,185.4287494,0.013043478,0.326086957,0,0,0,0
15074,GGTGTGTCCGTGTGTGTGTGTGG,0,0,0.05967366,0,0.353596915,552.5,189.8659716,0,-0.173913043,0,0,0,0
15075,GGTTGGGTGGACATTGCTCCAGA,0,0,0.007953903,0,0.268601546,425,198.3567621,0.426086957,0.47826087,0,0,0,0
15076,TCTTGTGACCCTGGATGGATAGG,0,0,0.293333333,1.299248042,1.299248042,620,210.5804466,0,-1.304347826,0,0,0,0
15077,CCCACACACGCAGAGACACACAG,0,0,0.086419753,0,0.444271487,620,207.1741792,0,-0.065217391,0,0,0,0
15078,TCTGCCTCAGCTTTTCTCACTAG,0,0,0.031111111,0,0.095256253,425,191.5338775,0,-0.086956522,0,0,0,0
15079,GGAGAGGGTGTGTGTACGTGTGG,0,0,0.25210084,0,0.106383384,552.5,195.040613,0,-0.586956522,0,0,0,0
15080,CAATGAGAAGCAGAAGCACAGGA,0,0,0.022408963,0,0.468666667,432.5,199.9628947,0.004347826,-0.260869565,0,0,0,0
15081,CTTCACCCACAGGGCAGTCATGG,0,0,0.062590554,0,0.992537313,560,187.4900801,0,-0.717391304,0,0,0,0
15082,TGTGAGTGTATGTGTGCATGAAG,0,0,0.10051282,0,0.174634187,552.5,184.8251499,0,0.152173913,0,0,0,0
15083,GGCGAGAGAGTGTGTGCAGGAGG,0,0,0.064903846,0,0.065831932,485,160.117486,0,0.043478261,0,0,0,0
15084,GGTGGGTGAGTGAGTGAGTGAGG,0,0,0.232615385,0,0.443021127,462.5,188.6262484,0,0.065217391,0,0,0,0
15085,GGCTCTTTACCACCCAACTGTGA,0,0,0.00341006,0,0.164063988,485,156.8765087,0,-0.086956522,0,0,0,0
15086,AATGATCTCTAAATCCTAAAAGA,0,0,0.010629252,0,0.087696665,455,181.1747653,0,-0.282608696,0,0,0,0
15087,AAATGGGAATAAGAGACAAAAAG,0,0,0.064484127,0,0.045379586,485,164.3858538,0,-0.565217391,0,0,0,0
15088,GGCACAGCTGCTGCAGGTGCAGA,0,0,0.005895692,0,0.034524344,455,164.6774511,0,-0.173913043,0,0,1,0
15089,AGGAGTGAGGAATGAGGAGTGAG,0,0,0.110617284,0,1.46807152,627.5,217.325696,0,-0.369565217,0,0,0,0
15090,GAGATCCCTGCTGCAGGACCAAG,0,0,0.003942983,0,0.553566283,552.5,192.4541525,0.02173913,-0.217391304,0,0,0,0
15091,GGTGTTTGTGTGTGTGAGTGTGG,0,0,0.067878788,0,0.213926133,552.5,191.1798046,0,0.065217391,0,0,0,0
15092,TCCTCCCCAAAGCCTCCCCGAGA,0,0,0,0,0.046184952,417.5,143.7878631,0,-0.456521739,0,0,0,0
15093,ATGTATACAAGGGAGTAGAGAGG,0,0,0.253246753,0.256092016,0.248242453,522.5,204.8645352,0.013043478,-0.108695652,0,0,0,0
15094,CCTGCCACCGCAGTAATCACAGA,0,0,0.006628788,0,0.032002267,357.5,182.3129723,0.126086957,0.413043478,0,0,0,0
15095,TGGTTGGAAGAATGAGTGGTGGA,0,0,0.002840909,0,0.069304995,485,167.9571753,NA,-0.173913043,0,0,0,0
15096,GGTATGTGAGTATGTGTGTGTGA,0,0,0.00989899,0,0.28472943,455,188.3358685,0,-0.065217391,0,0,0,0
15097,GCCACTGTGGAGGGAGGTGGGGA,0,0,0.01577524,0,0.390673193,425,201.9139989,0.030434783,-0.130434783,0,0,0,0
15098,AACAGCAGTGAGGAGAGTGGCGG,0,0,0.100621118,0.232075362,0.225538028,462.5,184.1890262,0,-0.108695652,0,0,0,0
15099,GAACACTAAAGATAGATTGCTGA,0,0,0.003308256,0,0.192304556,455,184.608888,0.017391304,0.043478261,0,0,0,0
15100,GAGTCCTAGCAGAAAAAGGAGGA,0,0,0.014005602,0,0.17144262,462.5,173.0617977,0,-0.586956522,0,0,0,0
15101,AAAGGAGAAGAAGAGGAGGAGGA,0,0,0.001012731,0,0.037635675,442.5,141.1689557,0.004347826,2.913043478,0,0,0,0
15102,GGTGGGTGAGTTGGTGTGTGGGG,0,0,0.033712375,0,0.11019029,357.5,179.7101479,0.052173913,0.239130435,0,0,0,0
15103,CACACACACCCAGAGACACACAG,0,0,0.161616161,0,0.50455783,620,211.9259156,0,-0.065217391,0,0,0,0
15104,TGTGTGGAGTCATGAGGAGTGGA,0,0,0.007052951,0,0.687929438,522.5,206.5765799,0.017391304,0.108695652,0,0,1,0
15105,GAAAACAAATCATAGGCTGCGAG,0,0,0.03411306,0.471021596,0.471021596,560,197.2462377,0,-0.086956522,0,0,0,0
15106,TGGGTTGAGGAATGAGTAGAAGG,0,0,0.05859375,0,0.153788731,485,158.416705,0,0.130434783,0,0,0,0
15107,TGAATGGGGGAATGAGAACTAGG,0,0,0.230114942,0.192757284,0.189330488,485,163.838072,0,-0.108695652,0,0,0,0
15108,TGGAAAGACCCAGAATGCCTTGA,0,0,0.000640917,0,0.030222669,387.5,155.8267044,0,0.02173913,0,0,0,0
15109,TGGAGGAAGGAATGAGGAAGAGA,0,0,0.005602241,0,0.142049486,485,147.6428993,0,-0.260869565,0,0,0,0
15110,GAGAAGGAGGAGAAGAAGAAAGG,0,0,0.052910053,0,0.760552802,622.5,210.2603596,0,-0.326086957,0,0,0,0
15111,GAGAAGGAGGAGAAGAAGAAAGA,0,0,0.003674309,0,0.760552802,622.5,210.2603596,0,0.086956522,0,0,0,0
15112,GCCACTGAGGCTGGGCGTGGTGG,0,0,0,0,0.069289873,455,184.3647356,0,-0.391304348,0,0,0,0
15113,CCCTCCCCAAGCCCTGGTCAAGG,0,0,0.158013205,0.087863661,0.08473962,357.5,179.8304826,0,-0.456521739,0,0,0,0
15114,GGAACTGCTTCTGCAGGACCCAG,0,0,0.006664103,0,0.239135105,555,192.7564041,0,-0.326086957,0,0,0,0
15115,GCCTCTTGTCCAGCCTCCTTGGG,0,0,0,0.05726839,0.055513037,455,185.3526563,0.169565217,0.065217391,0,0,0,0
15116,CCAAACAAAACATAGACTGCTGG,0,0,0.441102757,0,1.317695783,620,213.0946636,0.117391304,0.282608696,0,0,0,0
15117,GCCACCCAGAAGCCCGGCCATGA,0,0,0.003908129,0,0.234278012,522.5,197.0597811,0,-0.47826087,0,0,0,0
15118,GAGTCAGGGCAGAAGGGGAAGGA,0,0,0.001604809,0,0.057319194,485,176.0396621,0,0.152173913,0,0,0,0
15119,AGTGAGTAAGTGAGTGAGTGAGG,0,0,0.290769231,0,0.23590875,455,185.6147514,0.491304348,-0.086956522,0,0,1,0
15120,GTCTTGTTCTTATTGTTTTCTGA,0,0,0.009221548,0,0.105235585,455,183.3468027,0,0.086956522,0,0,0,0
15121,GGCCTGTTTTCATTTTTCTAAGG,0,0,0.03697479,0,0.186915845,455,166.7417785,0,-0.152173913,0,0,0,0
15122,GAAACCAAAGCATCGACTCCAAG,0,0,0.010485985,0.07431375,0.07431375,455,174.6508954,0,-0.065217391,0,0,0,0
15123,CAAACAGAGGAAGAGGCACATGA,0,0,0.014847209,0,0.833979885,620,213.0782996,0,-0.152173913,0,0,0,0
15124,CCCAGCCAACCAGGGACAAATGG,0,0,0.118857143,0,0.043106678,455,171.5647151,0,-0.065217391,0,0,0,0
15125,GATTTGTTTTGGTTTTTCTCCGG,0,0,0.017733135,0.108461679,0.108461679,327.5,190.5187943,0.286956522,0.239130435,0,0,1,0
15126,TTAAACGCCAGTGAGTTGAGAGG,0,0,0.070588235,0,0.410516581,552.5,195.3027081,0.02173913,0.239130435,0,0,0,0
15127,GTCTTCTTTTCCTTTTTCTCAGA,0,0,0.001294559,0,0.119911766,425,195.250894,0,0.108695652,0,0,0,0
15128,AAAGAAGAAGAAGAGGAGCAGGA,0,0,0.007021605,0,0.113428797,485,170.6286357,0.186956522,0.260869565,0,0,0,0
15129,AAATGAGAAGAATAAGAATAAGA,0,0,0.004223228,0,0.017168463,290,143.7595469,0,-0.086956522,0,0,0,0
15130,AGTGCGAGAGTGTGTGTGTGGGG,0,0,0.18375,0.42388108,0.416345417,552.5,194.5423881,0,0,0,0,1,0
15131,AATTAGTAAGTGTGTGCGTGGAG,0,0,0.071794872,1.38618677,1.364942529,620,214.986583,0,-0.347826087,0,0,0,0
15132,CCTGTCTCCCCTCTACCGACTGA,0,0,0.001663696,0,0.104467922,485,166.5104992,0,-0.217391304,0,0,1,0
15133,AAATGGGAAGAAAAGGAAAACAG,0,0,0.034188034,0,0.04268194,387.5,156.1805845,0,0.086956522,0,0,0,0
15134,GGGACTGAGAAGAAGAAGAAAGA,0,0,0.021289997,0,0.760552802,620,211.3086796,0,0.217391304,0,0,0,0
15135,GCCACTGAAGCTGGAGGAGGCAG,0,0,0.05,0,0.189613667,552.5,186.4770694,0,1.086956522,0,0,0,0
15136,GAAAACAAAGCAAAGACTGGAAG,0,0,0.008891006,0,0.54077619,462.5,172.8894795,0,-0.326086957,0,0,0,0
15137,AAATGAGAAGAGTAGTGACATAG,0,0,0,0,0.016453469,290,163.7100421,0,-0.195652174,0,0,0,0
15138,TGTGTGTGAGTGTGTGTATGTGA,0,0,0.008158508,0,0.119478333,485,171.5022357,0.008695652,-0.695652174,0,0,0,0
15139,TGTGTGTGAGTGTGTGTATGTGG,0,0,0.117482518,0,0.119478333,485,171.5022357,0,0.02173913,0,0,0,0
15140,CCCTGAGTCATTGGATGGAGGAG,0,0,0.010457516,0,0.1938432,455,169.0545959,0,0.086956522,0,0,0,0
15141,ATCACCTCCTAAGACTATGGCAG,0,0,0.109803921,0.145806184,0.140621964,455,181.0688298,0,-0.543478261,0,0,0,0
15142,TGTGAGTGGGTGTGTGGGGGTGA,0,0,0.000680828,0,0.123933228,485,163.5061086,0,-0.173913043,0,0,0,0
15143,TCCTGTATCTCTGGGTGGACAGA,0,0,0.004103535,0,0.127663522,455,165.4721977,0,-0.260869565,0,0,0,0
15144,GACCCCCTCCACCCCACTCACAG,0,0,0.022988506,0,0.00577861,375,108.602641,0,-0.260869565,0,0,0,0
15145,ATGAATAGCAGTGATGAGAGCAG,0,0,0.007653061,0,0.039900114,455,182.8187516,0.134782609,0.02173913,0,0,0,0
15146,CCACTGACTAAAGAGGAGGCTGG,0,0,0.114027149,0,0.11831363,425,197.3573147,0,0.217391304,0,0,0,0
15147,GGCACTGGGGCTGGAGGGCAGGG,0,0,0.090055419,0,0.038699843,442.5,122.7912499,0,0.152173913,0,0,0,0
15148,GGTCCAGGCTGAGCGGGTGAGGG,0,0,0.050416667,0.069492688,0.068319815,455,184.0767356,0.008695652,-0.195652174,0,0,1,0
15149,TGTGAGTTGGTGTGTGAGTGGGG,0,0,0.194444445,0,0.372455417,552.5,191.1542916,0.02173913,-0.239130435,0,0,0,0
15150,GGGCAGGGGGAGACTGCTCCTGG,0,0,0.11092437,0.083846709,0.082499774,425,195.8995748,0,0.065217391,0,0,0,0
15151,GGTGTGTGAGTGAGTGAGTGAGG,0,0,0.117482518,0,0.443021127,462.5,188.6262484,0,0,0,0,0,0
15152,GGTGTGTGCGTGCGTGCATGTGG,0,0,0.11357064,0,0.069665021,455,179.0292458,0,-0.586956522,0,0,0,0
15153,AAATGAGAAGATTGGGAACATAG,0,0,0.005646091,0,0.014253296,295,169.3592833,0.013043478,-0.108695652,0,0,0,0
15154,GGGGTGTGAGGGTGTGTGTGGAG,0,0,0.008799102,0,0.316692045,455,190.1674852,0.008695652,0.195652174,0,0,0,0
15155,TCCTCTTACCCACCCACTTGCAG,0,0,0.023529412,0.139315909,0.136699648,485,153.5392498,0,0,0,0,0,0
15156,TGGATTGGGCAATGAGAAGTGAG,0,0,0.047319616,0,0.30692429,552.5,188.3363516,0.082608696,-0.5,0,0,0,0
15157,CCCCGCCCCCACCCCGCCTCCAG,0,0,0.087301587,0,1.364942529,620,214.571863,0.265217391,-0.260869565,0,0,0,0
15158,TGGATGGAGGAAGGATGGGTGGA,0,0,0,0,0.03165828,395,168.1889203,0,-0.043478261,0,0,0,0
15159,GACATGTGTTCATTTTTCTTGGA,0,0,0.001039305,0,0.176947,455,163.8819615,0,-0.260869565,0,0,0,0
15160,CACTGTGTCTCTTTATTGATGGA,0,0,0.001010101,0,0.035150404,357.5,176.8353837,0,0.391304348,0,0,0,0
15161,TTCACCTCCAGCTACTAGGGAGA,0,0,0.012828947,0,0.158845742,362.5,195.7544953,0,-0.02173913,0,0,0,0
15162,CAGAGCGAGAAGAAGAAGAAGGA,0,0,0.012282691,0,1.317695783,620,212.0463436,0,0.065217391,0,0,0,0
15163,GGTGAATGAATGAGTGAGTGGGG,0,0,0.301538462,0,0.1187797,455,181.936848,0,0.065217391,0,0,0,1
15164,ATTGAACACTGCATCCTCTAGAG,0,0,0.061279461,0,0.167467781,455,180.1959324,0,-0.260869565,0,0,0,1
15165,TGGAAGGAAGCATCAGGAGTAGG,0,0,0.055102041,0,0.072289628,425,196.0826313,0.426086957,0.065217391,0,0,0,0
15166,AAAGGACACTACATCCCCAAAGA,0,0,0.023409364,0,0.34522286,552.5,194.6115849,0,-0.195652174,0,0,0,0
15167,TGGATGGAGGAAGGAAGGGAGGG,0,0,0.058695652,0,0.007425845,320,129.8513204,0.347826087,0.282608696,0,0,0,0
15168,TGGAAGGAGGAGGGAGGAGGAAG,0,0,0.004309937,0.125714241,0.125714241,357.5,163.5586591,0.008695652,-0.152173913,0,0,1,0
15169,TGGGAGGAGGAATGAGGAAAGAG,0,0,0.032552083,0.211743071,0.20797875,485,149.1524801,0,-0.282608696,0,0,0,0
15170,AGTGAGTGAATGAGTGTGTGTGG,0,0,0.271384615,0,0.217271959,455,183.722832,0,0.152173913,0,0,0,0
15171,AGATGAAAAGAAGAGGGACCCAG,0,0,0.002772826,0,0.183397224,485,158.4531082,0,-0.304347826,0,0,0,0
15172,GGGTTCAAGCAGCAGAAGAAAGG,0,0,0.107177034,0.39072347,0.378170105,522.5,205.7891787,0,0.065217391,0,0,0,0
15173,AAAGAAGAAGAAGAGGAAGAGAG,0,0,0.008191872,0,0.19201875,485,165.303969,0,0.086956522,0,0,0,0
15174,AAATGGGAAAAGCAGGCACAGAG,0,0,0.052559382,0,0.144812296,425,195.2068586,0.017391304,0.956521739,0,0,0,0
15175,GTCCCCCTCCACCTCCCCTGTGG,0,0,0,0,0.017874176,387.5,152.8947895,0.126086957,0.47826087,0,0,0,0
15176,GGCACTGCAGCTGGGTGAGGTGG,0,0,0,0,0.00789798,387.5,158.3214389,0,-0.130434783,0,1,0,0
15177,TGCCCAGCCTGAGGACGTGAAGA,0,0,0,0,0.443035994,530,205.6609984,0,-0.347826087,0,0,0,0
15178,CCCATTCATTCAAAGACACTTGA,0,0,0.033613445,0,0.135166339,455,165.7853591,0.1,-0.108695652,0,0,0,0
15179,GAGTCCAAGGAGCAGAAGCAAGG,0,0,0.016938899,0.1152679,0.1152679,455,171.5777623,0.113043478,0.326086957,0,0,0,0
15180,AGGAGAGAGGAATGAGAAGTGAG,0,0,0.154864197,0,0.368797917,552.5,195.1395849,0.295652174,0.869565217,0,0,0,0
15181,TGTTGGGAGGAATGAGGAATGAG,0,0,0.037710438,0.500668269,0.4917675,555,185.7620801,0,-0.413043478,0,0,1,0
15182,TGAGAGTGTGTGAGTGCGTGTGA,0,0,0.020604395,0,0.350457709,522.5,205.2128991,0,0.369565217,0,0,0,0
15183,AAGGGAGAAGAAGAGGAAAAAGG,0,0,0.076388889,0,0.189330488,485,166.064289,0,0,0,0,0,0
15184,ATCAGCTTAGCCATTACCTTCAG,0,0,0.069688889,0,0.387083187,455,174.5439964,0,-0.02173913,0,0,0,0
15185,GGAGCTGCAGCAGGAGGTGGAGA,0,0,0.019345238,0,0.424071175,522.5,206.1225192,0,-0.217391304,0,0,0,0
15186,TCCTGTGTCTCTCCAGGGATGGG,0,0,0.062463852,0.015703557,0.015703557,357.5,180.7730689,0,-0.217391304,0,0,1,0
15187,GCCTCCCTCCTACCCACATTTGG,0,0,0.103550296,0,0.067566537,455,183.3774182,0,-0.260869565,0,0,0,0
15188,ATGAACTCAAGTGTGAAGAGAGA,0,0,0.012626263,0,0.015301435,455,183.9294283,0.17826087,0.739130435,0,0,0,0
15189,CCCGGTGTCCCTGGATGGGCTGA,0,0,0.000789141,0,0.191548429,485,145.4490637,0,0,0,0,0,0
15190,GGCAAGGACTGAGCATGTGAAGA,0,0,0.007344368,0,0.156419304,555,197.9636701,0.008695652,-0.239130435,0,0,1,0
15191,AATTGAGAAGAAAAGGAACTCAG,0,0,0.047300151,0,0.096996713,387.5,151.0489685,0.326086957,-0.086956522,0,0,0,0
15192,AATGCCCACTCTATCCTCATGGG,0,0,0.064615385,0,0.180287865,357.5,166.8278959,0,-0.282608696,0,0,0,0
15193,TATGACTGCTTCATCCTCAATAG,0,0,0.047530864,0.551191454,0.542336973,522.5,207.4869185,0.073913043,0.326086957,0,0,0,0
15194,GGCTGGGGGGAGGATGCTTCGGG,0,0,0.028666985,0.028870034,0.028356789,357.5,166.7854949,0,0.369565217,0,0,0,0
15195,TTATCCCCACTGGGCAGTAATGA,0,0,0.005550006,0,0.782934488,522.5,211.5683163,0,-0.043478261,0,0,0,0
15196,GGTATTGGGGCTGGAGCTGGCAG,0,0,0.017156863,0,0.570616297,552.5,193.297752,0,-0.586956522,0,0,0,0
15197,TCCATCCAGCCTGAGCCACAGAG,0,0,0,0,0.081866668,455,190.2356933,0.32173913,0.043478261,0,0,0,0
15198,GACACTGCGGCAGGTGGGGGGAG,0,0,0.011699905,0,0.040919312,357.5,171.6135447,0,-0.02173913,0,0,1,0
15199,TACCCACTCCACCCAGCCCCTGG,0,0,0.056923919,0,0.085423231,455,172.4589945,0.060869565,0.108695652,0,0,0,0
15200,TCCTCTTCTCCACCCACCTCTGG,1,0.053295007,0.079545455,0.434296023,0.426140229,552.5,175.0028028,0,0.130434783,0,0,0,0
15201,GGGTGGGGATAGTGTCCTCCAGG,0,0,0,0,0.019684751,455,181.3208727,0,-0.239130435,0,0,0,0
15202,GGTGAATGTGTGTGTCTGTGTGA,0,0,0,0,0.035022028,485,175.1796987,0.952173913,0.326086957,0,0,0,0
15203,GGGTCCCCTTCTCCAGCACCCAG,0,0,0.042451809,0.554851378,0.545938102,525,207.0107595,0.956521739,0.5,0,0,0,0
15204,AAATGAGAGAAAAAGGCATATGA,0,0,0.018408941,0,0.098147193,455,170.0011628,0,-1.02173913,0,0,0,0
15205,GACACCATCCACCCCTCATCAGA,0,0,0,0,0.034610809,485,173.23146,0,-0.195652174,0,0,0,0
15206,GGCTCTGAGGAAGGAGGTGGGAG,0,0,0.064343434,0,0.372711207,425,201.2803989,0,-0.5,0,0,0,0
15207,GGGATGGAGGAAAGAGTAGAAGG,0,0,0.09312291,0,0.103916143,387.5,151.5769685,0.047826087,0.260869565,0,0,0,0
15208,GATTACACAGCATTGACTGCTAG,0,0,0.033464052,0,0.210193223,522.5,203.0593984,0,0.065217391,0,0,0,0
15209,GTCCCGCTCCTCCCCGCCCCCAG,0,0,0.008002215,0,0.167467781,455,180.1959324,0.743478261,0.413043478,1,0,1,0
15210,AAATGAGAGGCAGAGGAAGAGGA,0,0,0.001080247,0,0.05883842,387.5,157.2760249,0,-0.217391304,0,0,0,0
15211,TGTGTATGAGTGTGTGAGTGTGA,0,0,0.011784512,0,0.368797917,552.5,195.1395849,0,-0.673913043,0,0,0,0
15212,GTCTTTTTTTAATTGTTCTTGGG,0,0,0.109090909,0,0.234185328,455,173.8063324,0,0.152173913,0,0,0,0
15213,GGTGTATGAGTGCGTGTGTGTGA,0,0,0.009303562,0,0.135498222,455,185.6402644,0,-0.130434783,0,0,0,0
15214,AAGCCCAAGGAGAAGAAGAAAGG,0,0,0.226470588,0.89998622,0.89998622,620,210.9514828,0,-0.152173913,0,0,1,0
15215,CGTGAGTTAGTGAGTGAGTGGAG,0,0,0.037393162,0,0.23590875,455,185.6147514,0,0.413043478,0,0,0,0
15216,AACCCTCTCCACCTCGCCCCAAG,0,0,0.043831418,0,0.047492766,455,175.0268314,0.073913043,-0.695652174,0,0,1,0
15217,GAAATGGTTTCATTGTTCTTCAG,0,0,0.018881627,0,0.44463744,552.5,178.2776193,0.091304348,0,0,0,0,0
15218,AATGAGAACCACATCCTCTAAAG,0,0,0.027920228,0,0.180199171,552.5,179.2910988,0.047826087,-0.326086957,0,0,0,0
15219,AGAATCCTTTCTGCCGCACACAG,0,0,0.027840909,0.190493182,0.186915845,455,164.7555615,0.082608696,0,0,0,0,0
15220,GGCATTGCTGCTGGTGGTGGTGG,0,0,0.067878788,0,0.460920296,530,200.9448781,0,-0.282608696,0,0,0,1
15221,CCCATCCCTCCTGCTACACAAGG,0,0,0.004373178,0.027233779,0.026816403,327.5,182.5378764,0,0.239130435,0,0,0,0
15222,TGGATGGATGGATGAGGAGGTAG,0,0,0.015860566,0,0.398033913,462.5,173.072536,0.473913043,0.847826087,0,0,0,0
15223,GGTGCGGTAGTGTGTGCCTGTAG,0,0,0.022694263,0,0.201225633,552.5,187.005349,0.8,-0.086956522,0,0,0,0
15224,GAGTCAGAGATGGAGAAGAAAGA,0,0,0.011214631,0,0.163355334,425,196.6928753,0.060869565,0.086956522,0,0,0,0
15225,TGGAGGGAGGAAAGGGGAGGGGG,0,0,0.050823529,0,0.068478489,357.5,157.067738,0,0.239130435,0,0,1,0
15226,TGGGTGGAGGCGTGAGGAATGGG,0,0,0.128968254,0.136188675,0.136188675,357.5,173.6322159,0.030434783,-1.152173913,0,0,0,0
15227,CTTGGCCCTTAGGGCAGGAAGGG,0,0,0.112941176,0.168638163,0.16579195,552.5,183.5368299,0.008695652,0.02173913,0,0,0,0
15228,GGTGAGAGAGTGAGTGAGTGTGG,0,0,0.282692308,0.286445647,0.286445647,462.5,187.5313876,0,-0.130434783,0,0,0,0
15229,CATTTTTTTTCATTGTTCTGAGA,0,0,0.00133734,0,0.416048168,552.5,179.7484161,0,-0.02173913,0,0,0,0
15230,CATAGTGTCCCTGGATGGATGGG,0,0,0.126984127,1.278706571,1.2395125,622.5,212.5666636,0.02173913,0.02173913,0,0,0,0
15231,TGTATAGAGGAAGGAGGAGGAGG,0,0,0.023017903,0.158042703,0.152423407,455,170.2490955,0,0.52173913,0,0,0,0
15232,GAGTAGGAGAAGGAGAAGAAGGA,0,0,0.011214631,0,0.294333934,522.5,201.634639,0,0.173913043,0,0,0,0
15233,TTGTACACCAGTGAGAAGGGAGG,0,0,0.216942149,0.090617958,0.090617958,485,170.2899742,0.07826087,-0.043478261,0,0,0,0
15234,GCCCCTTTCCAACTCACCTGGAG,0,0,0.016282199,0.055587598,0.054599374,357.5,163.3195317,0,-0.173913043,0,0,0,0
15235,AAAGGTGAAGAAGAGGAAAATGG,0,0,0.089285714,0,0.116171344,485,164.806305,0.052173913,0.195652174,0,0,0,0
15236,TGAATGGAGGGATGAGGTGGGAG,0,0,0.011151961,0,0.070816487,387.5,149.8809831,0.004347826,0.043478261,0,0,0,0
15237,GGACCACACAGAGCAAGTGAGAG,0,0,0.132407407,0.163111525,0.160358588,552.5,194.0086569,0,-0.02173913,0,0,0,0
15238,AAATAAGAAGCAAAGTCACAAAG,0,0,0,0,0.052855224,357.5,184.8938499,0,-0.152173913,0,0,0,1
15239,AAGTGAGAATATGAGGCAAAGGA,0,0,0.004925871,0,0.222835591,455,175.2161632,0.008695652,0.086956522,0,0,0,0
15240,GAACCACTGCACCCGGCCTCAGA,0,0,0.001729812,0,0.146830007,522.5,198.7192141,0,0.152173913,0,0,0,0
15241,GCCTCTTTCCCACTGATCTTTGA,0,0,0.001188272,0,0.035665761,365,173.5676827,0.234782609,0.065217391,0,0,1,0
15242,GACCCCCTCCACCCATCCTGAGA,0,0,0,0,0.0466435,395,151.7669526,0,-0.108695652,0,0,0,0
15243,AAGACAAAAGAAGAGGCACATAG,0,0,0.059278856,0.89186724,0.878799588,622.5,214.1268992,0.030434783,0.086956522,0,0,0,0
15244,AAAGACCTCTTCTTCCTCAAAGG,0,0,0.028257457,0.307942515,0.302995647,425,199.8427788,0.108695652,-0.086956522,0,0,0,0
15245,GAACACAAATAATAGAATGAAGA,0,0,0.009874132,0,0.117409956,387.5,149.8544689,0,-0.347826087,0,0,0,0
15246,GCCTCACCACAGCCAGGTCAGGA,0,0,0.00799991,0,0.043995919,455,172.7919247,0.117391304,-0.586956522,0,0,1,0
15247,TGTATGGAGAGATGAGGAATCAG,0,0,0.056172839,0,0.251369416,455,176.7021799,0,0.369565217,0,0,0,0
15248,CGTGTGTGAGTGTGTGTATGTGA,0,0,0.005827506,0,0.119478333,485,171.5022357,0.404347826,0.369565217,0,0,0,0
15249,CCCTCTGTCTCTGCAGGGAGGAG,0,0,0.005332902,0,0.016920887,387.5,151.8464695,0,0.326086957,0,0,0,0
15250,AATTACCATTACAACCTTAAAAG,0,0,0.032828283,0.027758944,0.026821933,455,177.3041017,0,-0.413043478,0,0,0,0
15251,CTGAAGACCAGGGAGTAGGGCAG,0,0,0.020833333,0,0.156821752,455,178.9499156,0.1,-0.260869565,0,0,0,0
15252,TGTGAGTGTGAGTGAGCGTGTGA,0,0,0.018092105,0,0.136607805,425,194.8031144,0,-0.217391304,0,0,0,0
15253,AAATGAAGAGAACAGGCACAAAG,0,0,0.080051982,0,0.67230241,530,205.4176817,0.130434783,-0.456521739,0,0,0,0
15254,ACATAAGGAGATGAGGCACAAAG,0,0,0.043155007,0.715408163,0.703915663,522.5,206.8557626,0.165217391,0,0,0,0,0
15255,TGCTCAGACTGGGCACTTGATAG,0,0,0.03744856,0.305343326,0.299915,455,189.6241885,0.22173913,0.717391304,0,0,0,0
15256,CCAGTGAGTGGAGCATTGGCTGG,0,0,0,0.022657154,0.022309918,412.5,161.726705,0.373913043,0.413043478,0,0,0,1
15257,CAGAATGACCCAGCCTCCGTGGG,0,0,0.117739403,0.252237445,0.243723101,522.5,202.9669944,0.139130435,0.086956522,0,0,0,0
15258,AGTGTGAGAGTGTGTGTGTGTGA,0,0,0.009280303,0,0.416345417,552.5,194.5423881,0,-0.130434783,0,0,0,0
15259,GGAATCCCCTCTGCACCCACCAG,0,0,0,0.009434634,0.009283074,417.5,141.7804605,0,-0.347826087,0,0,0,0
15260,AGTGTGAGAGTGTGTGTGTGTGG,0,0,0.133636364,0,0.416345417,552.5,194.5423881,0.943478261,1.782608696,0,0,0,0
15261,AAATGAGAAGAGAAGCCACTGGA,0,0,0,0,0.018640387,290,147.5585532,0,-0.47826087,0,0,0,1
15262,CCCACACATCTAGAGACACATGA,0,0,0.01984127,0,0.854046185,530,211.0956123,0,-0.282608696,0,0,0,0
15263,GAGAATGCGGATGGAGGTGGTGG,0,0,0.181318681,0,0.782934488,522.5,210.9135963,0.02173913,0.347826087,0,0,0,0
15264,TTCTTGTTTTCAATGTTTTCAAG,0,0,0.083916084,0.124526613,0.120099,455,184.0373462,0,0.065217391,0,0,0,0
15265,GGTGTGTGTGTGTGTATGTGAGA,0,0,0.007070707,0,0.060818669,485,175.6773627,0.191304348,1.391304348,0,0,0,0
15266,AATGTCTACTGCATCCTCTAAGA,0,0,0.007181187,0,0.179486078,455,178.5504156,0.330434783,0.434782609,0,0,0,0
15267,TGGGTGGGGGACGGAGGAGTGAG,0,0,0.008157471,0,0.272415361,425,198.0111621,0.013043478,-0.217391304,0,0,0,0
15268,CCCTGACTTTTTGGATGGATAAG,0,0,0.041589506,0,0.182853172,522.5,204.8409711,0.604347826,0.565217391,0,0,0,0
15269,TGTAAAGACCCAGACTCCGTTGG,0,0,0.047727273,0,0.059184026,425,192.8257938,0,-0.739130435,0,0,0,0
15270,TGCTTGGTTTCATGGTTCTCAAG,0,0,0,0.155598686,0.152972547,522.5,204.9376346,0.013043478,0.043478261,0,0,0,0
15271,TGCCAGTGAGTGTGTGCGTGTGG,0,0,0.226890757,0,2.287423687,627.5,218.9984,0,-0.326086957,0,0,0,0
15272,TGGATGAAGAAATGAAGAGTTGG,0,0,0.933333333,0,0.28912975,560,195.7366569,0,0.586956522,0,0,0,0
15273,AAATGAGAAGAAAAAGGAAAAGG,0,0,0.021901973,0,0.017168463,290,143.7595469,0.026086957,0.152173913,0,0,0,0
15274,AAAGGAGAAGATAAGCCACAGAG,0,0,0,0,0.04922787,357.5,183.8225531,0.043478261,0.391304348,0,0,0,0
15275,GGGATCCTTTCTGCAGCAGCTAG,0,0,0.017328961,1.040777778,1.040777778,560,186.0241831,0,-0.239130435,0,0,1,0
15276,CTCATCCATCAACAGACACCTGG,0,0,0.065245759,0,0.149801193,357.5,166.0929958,0,-0.739130435,0,0,0,0
15277,CCAGCCTCCGCTCTCCACACCAG,0,0,0.026936027,0.320559556,0.320559556,462.5,184.6788674,0,-0.326086957,0,0,0,0
15278,GGTGTGTGTCTGTGTGTGTGTAG,0,0,0.010558923,0.325662758,0.325662758,552.5,187.9740522,0,-0.130434783,0,0,0,0
15279,AGAATGGAGGAATGAAAAGTTGA,0,0,0.048611111,0,0.103380457,485,180.397463,0.12173913,0.152173913,0,0,0,0
15280,TGGATGAAGGAATGGGAAGAGGG,0,0,0.34125,0,0.044173195,387.5,144.4860866,0,0.043478261,0,0,0,1
15281,GACACCCTCCTCACCCCCTCAAG,0,0,0,0,0.055531438,357.5,185.3085699,0,-0.652173913,0,0,0,0
15282,CGTGTGTGAGTGTGTGTGTGTGA,0,0,0.008417508,0,1.290123457,560,198.1255689,0.947826087,-0.304347826,0,0,0,0
15283,TCCTGTGTCTCTTGATGGAAGAG,0,0,0.04375,0,0.577438983,462.5,173.7630795,0.973913043,3.934782609,0,0,0,0
15284,GAGTACAAGCAGATGAAAAACGG,0,0,0.210989011,0.030497342,0.029982619,455,178.4659813,0,-0.152173913,0,0,0,0
15285,ACATCTCTCCTACCCACCTTAAG,0,0,0.042777778,0,0.534744255,522.5,210.0587355,0.086956522,-0.52173913,0,0,0,0
15286,ATATGAGAGGAAGTGGCAAAGGA,0,0,0.007696008,0,0.045405701,455,172.6130351,0,-0.565217391,0,0,0,0
15287,AAATTCAAAGCATAGATTGCAAG,0,0,0.031676768,0,0.609583333,552.5,196.0519689,0,0.043478261,0,0,0,0
15288,CGTGTGTGTGTGTGTGTGTGAAG,0,0,0.018855219,0,0.372455417,552.5,192.9657886,0,-0.152173913,0,0,0,0
15289,GATGCGTTTTCATTTTTCTCTGG,0,0,0.061383929,0,0.397208228,525,202.3030584,0.013043478,-0.02173913,0,0,0,0
15290,GAGCCCCTCCCCTCCCCCTCAGA,0,0,0,0,0.054753998,357.5,185.6541699,0,-0.217391304,0,0,0,1
15291,GGCATCCATTCTGCAGCCCCTGG,0,0,0.053061224,0,0.60893267,560,191.3488498,0.173913043,0.586956522,0,0,0,0
15292,TGTATGGAGGGATGAGCAGCAGG,0,0,0.006951872,0.144232065,0.139103814,387.5,154.3182053,0,-0.108695652,0,0,0,0
15293,GGCCCTGGGGCTGGAGGATGGGG,0,0,0.100840336,0,0.097755,485,159.0552498,0,-0.043478261,0,1,1,1
15294,TGTGAGTGTGTGGGTGGGTGGGA,0,0,0.000639386,0,0.144140246,455,184.754788,0,-0.043478261,0,0,0,0
15295,GAACCCCTAAAGCCTGGCCATGG,0,0,0.356862745,1.345833333,1.345833333,622.5,214.458583,0,-0.152173913,0,0,0,0
15296,CCCGCTTGCCCACCCAACTTCAG,0,0,0.039609053,0,0.609583333,552.5,194.240472,0,-0.326086957,0,0,0,0
15297,TCCATCCATCCACGGACACTTGG,0,0,0.117894737,0,0.040216897,357.5,160.9238949,0.104347826,0.130434783,0,0,0,0
15298,GTCTCCCCTTCTGCAGCACCAGG,0,0,0.173553719,0,1.286675824,625,216.27008,0,0.152173913,0,0,0,1
15299,AGATGAGTAGAAGAGGAACAGAG,0,0,0.041481482,1.25042735,1.213101161,560,196.074072,0,-0.239130435,0,0,0,0
15300,GGGTGGGAGGAGTACGCTTCCGG,0,0,0.077922078,0.018593855,0.017996462,357.5,159.5059769,0,0.152173913,0,0,0,0
15301,CCCAGAAATCCAGAGACACAGAG,0,0,0.115555555,0.958618437,0.958618437,630,214.9425152,0,0,0,0,0,0
15302,AAAGGAGAAGAACAGACACTGGG,0,0,0.157894737,0,0.043948881,387.5,154.4010536,0.782608696,-0.782608696,0,0,0,0
15303,CGAGAGTGCGTGTGTGTGTGTGG,0,0,0.136054422,0,0.367241041,552.5,193.7261086,0,-1.239130435,0,0,0,0
15304,GGTGGGTGGGGGTGTGGGTGGGG,0,0,0.011294118,0,0.196246288,455,186.7357049,0,-0.173913043,0,0,0,0
15305,ATGAAGGCCAGTGAGCTGAGGGG,0,0,0.031372549,0.040448562,0.03914901,485,176.7562982,0,-0.586956522,0,0,0,0
15306,CTCTCTCTCTCTGGATGGATAGA,0,0,0.034102182,0,1.65734355,627.5,216.4884992,0.008695652,0.043478261,0,0,1,0
15307,TCCATCCATTCAGCGACACTTGA,0,0,0.008403361,0,0.095709979,455,165.431479,0.034782609,-0.630434783,0,0,0,0
15308,AAGTAAGAGGAAGAGGCACTTGA,0,0,0.014711934,0,0.397764972,552.5,176.2862997,0,-0.326086957,0,0,0,0
15309,CACACTGCAGCTGGAGGTGGTGG,0,0,0.388540031,0,1.632770745,627.5,216.2002196,0,0.108695652,0,0,0,0
15310,GGTGAGGGTGTGTGGGTGTGTGG,0,0,0.008235294,0,0.061604575,455,177.6639062,0,-0.217391304,0,0,0,0
15311,GGTGAGGGTGTGTGGGTGTGTGA,0,0,0.000571895,0,0.061604575,455,177.6639062,0,-0.369565217,0,0,0,0
15312,TGTGAGTGTGTGTTTGTGTGTGA,0,0,0.005185185,0,0.055495857,455,182.6149239,0.017391304,0.02173913,0,0,0,0
15313,TGTGAGTGTGTGTTTGTGTGTGG,0,0,0.074666667,0,0.055495857,455,182.6149239,0.456521739,1.326086957,0,0,0,0
15314,CGGGTGAGGAAAGCGGAGGCCAG,0,0,0.06822926,0.478372972,0.478372972,522.5,208.2421359,0.004347826,-0.086956522,0,0,0,0
15315,AATGATCACTTTATCCTCCAAGA,0,0,0.002210433,0,0.078222293,357.5,172.7198319,0,-0.130434783,0,0,0,0
15316,CTCTCCCTCCACCCCGACTCCGA,0,0,0.013468013,0,0.609583333,552.5,197.1002889,0.626086957,1.282608696,0,0,0,0
15317,GAGTGCGAGCAGAATGGGAATGG,0,0,0.002908856,0.026676601,0.026676601,412.5,165.4301215,0,0.260869565,1,0,1,0
15318,GACATAAATCTCCTCCCCAGGAG,0,0,0.016993464,0.246882982,0.238549379,552.5,172.9014989,0.991304348,-0.282608696,0,0,0,0
15319,GGTGTGTGAATGTGTTTGTGTGA,0,0,0,0,0.091675932,485,174.6454066,0,0.02173913,0,0,0,0
15320,GGGTAGGGGTAACTTGCTCCTAG,0,0,0.134519168,0.246927836,0.239359166,425,195.7045226,0,0.086956522,0,0,0,1
15321,GGTGAGTGGGTGAGTGTCTGTGG,0,0,0.102564103,0,0.025528453,387.5,159.3314548,0.017391304,0,0,0,0,0
15322,CCTCCCTCCCCTCTTCACACAGA,0,0,0.001568627,0,0.142843894,455,178.1415309,0.030434783,-0.173913043,0,0,0,0
15323,GCCTCGTTCACACCTACCTTGAG,0,0,0.008559671,0.409421048,0.399055958,530,199.415258,0,-0.108695652,0,0,0,0
15324,AATTGAGAAGAAGAGCCTCAGGA,0,0,0,0,0.104736419,492.5,177.1602408,0.008695652,0.086956522,0,0,0,0
15325,GATTACAAAGCATAGAGTGTGGA,0,0,0.000692042,0,0.250637503,485,159.674689,0.013043478,0.152173913,0,0,0,0
15326,AGGATGGATGAAGGAGGAGATGA,0,0,0.005434783,0,0.164916269,455,168.6032992,0,0.347826087,0,0,0,0
15327,ATAGTGAGTAGAATGGAGGCAGA,0,0,0.042735042,0,0.086676978,425,197.8214948,0,-0.130434783,0,0,0,0
15328,TTTACCTCCAATGCCTAGGACAG,0,0,0.035807292,0,0.102464755,455,169.8952154,0,-0.52173913,0,0,0,0
15329,CCTACATCTGCTCCACTCACTAG,0,0,0.054166667,0,0.078802207,522.5,200.941451,0.004347826,0.173913043,0,0,0,0
15330,GGCACTGCAGCAGGGGATGGGGG,0,0,0.312,0,0.042336622,357.5,172.3309866,0.234782609,0.304347826,0,0,0,0
15331,ATCATCCATCCAAAAACACACGG,0,0,0.789798437,0.161348581,0.155902215,425,195.2536579,0.017391304,0.02173913,0,0,0,0
15332,AAATGAGAAGAAAACCCCCAGAG,0,0,0,0,0.004562706,290,152.7818987,0.208695652,0.695652174,0,0,0,0
15333,GCCACCTCCCTTGGCTAGGGGGA,0,0,0.002849003,0,0.114484162,425,196.0989952,0,0.130434783,0,0,0,0
15334,GGCTCTTCGGCTGGAGGTAGCGG,0,0,0.259740259,0,0.677902985,560,186.3952193,0.339130435,0.543478261,0,0,0,0
15335,GGGTCAGGGGAGTTATCTCCTGG,0,0,0,0.0412246,0.039900114,455,184.6302485,0,-0.239130435,0,0,0,0
15336,GCTGAGTGTGTGTGTGACTGGGG,0,0,0.092307692,0,0.073001262,485,168.5907753,0.02173913,-0.02173913,0,0,0,0
15337,GTGTGGTGTGAGTTTGCTCTCAG,0,0,0.015084175,0.291053776,0.291053776,552.5,175.4794389,0,-0.152173913,0,0,0,0
15338,AAATGAGAATAAGAGGCTTAAGA,0,0,0.013020833,0,0.151953342,492.5,159.2369304,0,-0.413043478,0,0,0,0
15339,CGTGTGTGTGTGTGTGGGTGTAG,0,0,0.002376708,0,0.372455417,552.5,192.9657886,0.004347826,-0.239130435,0,0,0,0
15340,GCCTTTTTCTTACCCATCTTGAG,0,0,0.022296367,0.29581478,0.29581478,455,185.7037488,0.013043478,0.130434783,0,0,0,0
15341,AAGTGAGAAGAAAAGTCACAGGA,0,0,0,0,0.195150231,462.5,193.0842536,0.008695652,-0.130434783,0,0,0,1
15342,GAGTTAGAGCAGAGGAAGAGAGG,0,0,0.21087344,0,0.059518236,455,167.3489114,0,-0.391304348,0,0,0,0
15343,GTCTCCTCCAAAGACGAGGTGAG,0,0,0.031981352,0.056884272,0.055872996,387.5,156.1842737,0,-0.695652174,0,0,0,0
15344,AAGTGAGAAAAAGAGACAGAGAG,0,0,0.018484225,0,0.077901873,485,165.6438378,0.004347826,0.043478261,0,0,0,0
15345,TGGAAGGAGGAAAGATGAGTGGG,0,0,0,0.19249863,0.187365333,462.5,192.3239336,0,0.108695652,0,0,0,0
15346,GGCTCCCTCCACTCAGCCTCAAG,0,0,0.0258107,0,0.155902215,425,194.3800579,0,-0.02173913,0,0,1,0
15347,GGCACTGCTTCTGAAGTTGGTGA,0,0,0.005642361,0,0.044061797,455,177.6231875,0.169565217,-0.217391304,0,0,0,0
15348,AAATGAGCACAAGCAGCACAGAG,0,0,0.008963585,0,0.050198999,425,185.2622404,0,0.152173913,0,0,0,0
15349,GGTGAGGGTGTGTCTGGGTGAGG,0,0,0.008897677,0,0.034250305,455,180.2317431,0,0.630434783,0,0,0,0
15350,GACTTATTTTCATTGGTGTATAG,0,0,0.005982906,0.013231081,0.012784463,417.5,137.5646569,0.026086957,5.52173913,0,0,0,0
15351,GACACCCAAGCTGAGTCTTATAG,0,0,0.023590686,0,0.081094074,387.5,150.9770078,0.095652174,0.108695652,0,0,0,0
15352,ATTTACCACTGCATCCCCAACAG,0,0,0.031458975,0,0.33831875,455,190.8702052,0,4.739130435,0,0,0,0
15353,TGGAGGGGAGAATGGGGAGTTAG,0,0,0.050844444,0,0.234278012,522.5,196.6450611,0,-0.108695652,0,0,0,0
15354,TGTGATTGTGTGTGTGCGTGTGA,0,0,0.027777778,0,0.987826301,627.5,214.6542356,0,-0.413043478,0,0,0,0
15355,GCAACCCCAAATCCAGGCCAGGA,0,0,0.006381695,0,0.195426448,425,195.875278,0,-0.369565217,0,0,0,0
15356,CCCACCCCTCCAGAGATAAAAGG,0,0,0.085714286,0,0.182296282,485,163.077752,0,-0.326086957,0,0,0,0
15357,GAACACAGAGCTTGGAATGCGAG,0,0,0.013801555,0.040380122,0.040380122,357.5,175.7587869,0,-0.260869565,0,0,0,0
15358,CAATCATAGCAGAAGAAGAAGGA,0,0,0.019740039,0,0.556118521,620,214.5028352,0,0,0,0,0,0
15359,ATTTACAGCAGTGTGTAGAGGGA,0,0,0.007575758,0,0.210193223,522.5,203.0593984,0.008695652,-0.043478261,0,0,0,0
15360,GCCCCGCCCCGCCCCGCCTCGGA,0,0,0.017733135,0,0.480400979,522.5,207.8441153,0.082608696,-0.065217391,0,0,0,0
15361,TGGGTGGAGGTAGGAGGAATCAG,0,0,0.009290227,0,0.107124019,357.5,171.8489958,0,-0.02173913,0,0,0,0
15362,GTTTTGTTGTCACTGTTCTCTAG,0,0,0.063352826,0,0.333568181,522.5,204.9728991,0,-0.326086957,0,0,0,0
15363,CCCCCACCCCACCCCGCCTCCAG,0,0,0.135109599,0,0.82579023,620,214.074199,0,0.065217391,0,0,1,0
15364,AAATGATAAAAAGAGCCAAATAG,0,0,0,0,0.051230178,485,163.788657,0,-0.434782609,0,0,0,0
15365,GACTCGGAGCAGAAGCAGCAAGA,0,0,0,0,0.051173326,485,168.8495902,0.326086957,0.413043478,0,0,0,0
15366,CTTGCCCAAGTGGGCAGTACTAG,0,0,0.004582866,0,0.320401983,455,167.740763,0,-0.52173913,0,0,0,0
15367,GCCTCCCCAAATGCTGGCCTAAG,0,0,0.008158508,0,0.212175934,365,166.0469791,0,-0.695652174,0,0,0,0
15368,GACATGTCTCCATTATTCTCAGA,0,0,0.016599232,0,0.35314247,522.5,196.027825,0.004347826,-0.47826087,0,0,0,0
15369,CCAGGGAATGGAGCGGACGCTGG,0,0,0.169312169,0.276003541,0.271345253,552.5,184.3967933,0,-0.304347826,0,0,0,0
15370,CCTCCCTCCGCTCTGCTCGGCAG,0,0,0.001967993,0.056747143,0.055738305,387.5,136.2337786,0,-0.47826087,0,1,0,1
15371,AAGTGATATGAAGAGACACAGGA,0,0,0.014550264,0,0.106383384,552.5,195.040613,0,0.02173913,0,0,0,0
15372,TGTGTTTGTGTGTGTGCGTGTGG,0,0,0.145454546,0,0.50455783,620,212.1659156,0,-0.086956522,0,0,0,0
15373,TGTGTTTGTGTGTGTGCGTGTGA,0,0,0.01010101,0,0.50455783,620,212.1659156,0,-0.391304348,0,0,0,0
15374,GCCCCCCTTCACCCCCACTCCAG,0,0,0,0,0.064062332,485,176.7256827,0.013043478,0.260869565,0,0,0,0
15375,GAGTCCCAGCAGAAAACAAATGA,0,0,0.005489752,0,0.01976186,387.5,156.2003533,0,0.086956522,0,0,0,0
15376,GACGTCGTTGTCATCCCCACAGA,0,0,0.000650391,0,0.25551675,455,168.5896626,0.034782609,-0.130434783,0,0,0,0
15377,AAATGAAGAAATGAGGCACAGAG,0,0,0.05914952,0,0.403866344,522.5,201.0091654,0,-0.086956522,0,0,0,0
15378,AAATGGAAAGACCAGGCACAAGG,0,0,0.079145232,0,0.10739066,425,197.8154142,0,0.043478261,0,0,0,0
15379,AGCAAGTGAGTGTGTGTGTGTAG,0,0,0.042,0.611927885,0.601049167,552.5,196.8122889,0.017391304,0.217391304,0,0,0,0
15380,GGAGTGTGTGTGTGTGTGTGTAG,0,0,0.018855219,0,0.348646558,552.5,192.4377886,0,-0.47826087,0,0,0,0
15381,TGTGTGTGAGTGTGAGTGTGTGG,0,0,0.098245614,0,0.163368333,455,182.7185474,0,0,0,0,0,0
15382,GGGGGGGGGGAGTGTGCCACGGG,0,0,0,0.014565495,0.014565495,387.5,150.5158821,0.717391304,-0.717391304,0,0,0,0
15383,TGTGAGTGTGTGTATGCATGCGA,0,0,0.021634615,0,0.028252436,455,178.1777017,0,-0.434782609,0,0,0,0
15384,TGTGTGTGAGTGTGAGTGTGTGA,0,0,0.006822612,0,0.163368333,455,182.7185474,0.943478261,1.934782609,0,0,0,0
15385,AAATGAAACTCAGAGGCACACAG,0,0,0.048148148,0.282499134,0.278359952,525,201.6352187,0.152173913,0.739130435,0,0,0,0
15386,ATCATCTTTGTCATCAGCTGAAG,0,0,0.002245989,0,0.099818052,455,180.047087,0,-0.173913043,0,0,0,0
15387,GGCCCAGAGGCTGGACGTGGGGA,0,0,0,0,0.156419304,552.5,196.1521732,0,-0.434782609,0,0,1,0
15388,GAATGAGAAAATGAAGCACAAGA,0,0,0.020334059,0,0.182543366,425,192.2851416,0.130434783,-0.260869565,0,0,0,0
15389,GACCCCTCCCCCCCCACCTCAGG,0,0,0.325,0,0.093281959,455,190.1984926,0.008695652,-0.02173913,0,0,0,0
15390,CCCTGTGGCTCTGGAAGGTACAG,0,0,0.052350427,0,0.033961087,417.5,130.9261573,0,0,0,0,0,0
15391,TACACTGAAGCAGAGACTTTAGA,0,0,0.041380188,0,0.063433242,485,179.139479,0,-0.391304348,0,1,0,0
15392,TGTGTGTGTCTGTGTGCGTGAGA,0,0,0.006060606,0,0.805112123,620,208.9601632,0,-0.695652174,0,0,0,0
15393,GAGCCACTGCACCCAGCCTCTGA,0,0,0.004435416,0,0.146830007,522.5,198.7192141,0,-0.086956522,0,0,0,0
15394,GAGCCACTGCACCCAGCCTCTGG,0,0,0.063869992,0,0.146830007,522.5,198.7192141,0.104347826,-0.326086957,0,0,0,0
15395,TGTTGGGGGAAGTTTGGTCCAAG,0,0,0.007116921,0.563585582,0.553566283,552.5,192.6941525,0,0.304347826,0,0,0,0
15396,CAATGACAATAAGAGCCACAGGA,0,0,0,0,0.171309377,552.5,194.5366569,0,-0.195652174,0,0,0,0
15397,CCCATCAAAACAGACACACAAAG,0,0,0.042676768,0.145040968,0.140595268,522.5,193.6582809,0,-0.195652174,0,0,0,0
15398,CCCGCCTCACCTCTACTCCCCGA,0,0,0.002111189,0,0.276732817,552.5,178.9724833,0,0.195652174,1,0,1,0
15399,GGGTTGGGGGAGTATACTCTAAG,0,0,0.014444444,0.016920887,0.016920887,387.5,151.8464695,0,-0.02173913,0,0,0,0
15400,GGTGTTGTAGTGTGTGCGTGTAG,0,0,0.023106886,0,0.539222871,625,210.6426982,0.134782609,0.434782609,0,0,0,0
15401,AAAGGAGAAGGAGAGGGACAGAG,0,0,0.006195534,0,0.635340376,462.5,192.3102052,0.686956522,-0.391304348,0,0,0,0
15402,GGCCCCCTCCCCTCCTCCTCTGG,0,0,0,0,0.055531438,357.5,185.9421699,0,0.173913043,0,0,0,0
15403,AACATCCATGTCCTCCCCCAAGA,0,0,0.005000673,0,0.150052274,485,148.9312193,0,-0.304347826,0,0,0,0
15404,TGTGAGTGTGTTTGTGCGTGTGA,0,0,0.016025641,0,0.846167111,530,208.7241192,0.082608696,-0.239130435,0,0,0,0
15405,GAGACAGAGCAGAAGCTGAATGA,0,0,0,0,0.060221432,485,178.265879,0.004347826,-0.326086957,0,0,1,0
15406,GCGTGGGGGCTGCTTGCTCCTGG,0,0,0.067268764,0.292416186,0.283021289,425,198.2388593,0,0,0,0,0,0
15407,GGTTTGTGACTGTGTGTGTGTGA,0,0,0.001714111,0,0.532999604,552.5,191.0602325,0.491304348,0,0,0,0,1
15408,AAAGAAGAAGAAGAAGCAGAGGA,0,0,0.004425381,0,0.133665,455,172.0830585,0.039130435,0.326086957,0,0,0,0
15409,GGTATGTGTGTGTGGGCGTGAAG,0,0,0.002545455,0.242054876,0.234278012,522.5,198.8712781,0,-0.02173913,0,0,0,0
15410,GGCCCAGACTGAGGAAGAAAGGA,0,0,0,0,0.002064779,320,134.1010562,0,-0.130434783,0,0,1,0
15411,CCCTCTTCCCCACTCCCCTTCAG,0,0,0,0.040577667,0.040577667,455,187.1725725,0,-0.02173913,1,0,0,0
15412,AAGAGCAGAGAGTAGAGTGGTGG,0,0,0.179081633,0,0.186959075,552.5,188.0005664,0,-0.065217391,0,0,0,0
15413,TACTTGTTTCCATTGTTAACAAG,0,0,0.021272555,0.0951046,0.0951046,485,158.0369304,0.008695652,-0.217391304,0,0,0,0
15414,TGTGGGTGAGTGGGTGTGTGTGG,0,0,0.087652174,0,0.23590875,455,187.4262484,0.02173913,0.152173913,0,0,0,0
15415,TGGATGTATGAATGAATAGTAGG,0,0,0.076190476,0,0.039537264,485,174.5825019,0,0.086956522,0,0,0,0
15416,AAAAGTGAAGAAGAGGCCAAAGG,0,0,0.027766208,0,0.059141775,485,160.3690828,0,0.326086957,0,0,0,0
15417,TGGAATGAGGAAGGAGGAGAGAG,0,0,0.012681159,0,0.154587634,455,169.4887755,0,-0.239130435,0,0,1,0
15418,TTCTTTTTTTCATTGTTCTTCAG,0,0,0.037710438,0,0.421955546,552.5,180.0364161,0,-0.391304348,0,0,0,0
15419,GCCATTGTGGCTGGAGCTGGTGG,0,0,0.090703414,0,0.609583333,552.5,193.585752,0,0.02173913,0,0,0,0
15420,GAGTGGGAGAAGAAGAAAAAGGA,0,0,0.0125,0,0.164163878,552.5,185.7106263,0,-0.369565217,0,0,0,0
15421,AGGAAAGCCCCAGGATCCCTCAG,0,0,0,0.07850044,0.07850044,455,173.7129985,0,-0.239130435,0,0,0,0
15422,TGGATGGAGGGGTGAAGAGATGG,0,0,0.2640625,0,0.028020644,290,150.82779,0,-0.130434783,0,0,0,0
15423,TGGATGGATGAAAGAAGAGTCAG,0,0,0.095726496,0.106000202,0.103445981,462.5,189.6524732,0,0.173913043,0,0,0,0
15424,TGTGAGTGTGTGTGTGTGGGGGG,0,0,0.07,0,0.123933228,485,163.5061086,0,-0.652173913,0,0,0,0
15425,GCCTCTTGCCCAGCCCACTTCAG,0,0,0,0.036665336,0.036665336,387.5,168.3263255,0,0.195652174,1,0,0,0
15426,GGTGAGGGTGTGGGTGGGTGGGG,0,0,0.005415977,0,0.088958845,455,182.3716072,0,-0.456521739,0,0,0,0
15427,TGGATGGATGAATGCAGAGAGAG,0,0,0.021212121,0,0.016803356,387.5,146.6071723,0.004347826,0.217391304,0,0,0,0
15428,GTCACCTCGCATGAGTAGGCTGA,0,0,0.000307067,0,0.08997611,455,158.9038617,0.47826087,1.956521739,0,0,0,0
15429,TGGAAGGAGGAATGAGGGGCCAG,0,0,0.004713805,0.265454359,0.257530348,492.5,156.5507468,0,-0.456521739,0,0,0,0
15430,GGGTGGTGCCAGTTTCCTCCAGG,0,0,0,0.094581352,0.094581352,552.5,190.5768765,0,0.630434783,0,0,0,0
15431,CCCCTGCATCTATAGACACATGA,0,0,0.001131222,0,0.185915179,425,200.8110118,0,0.282608696,0,0,0,0
15432,GCCACCCCTAAGCCAGGGCAGAG,0,0,0.005717999,0.049928839,0.048243477,455,174.7362648,0,-0.652173913,0,0,0,0
15433,GCCTCCTTCCCACCACCCTCCAG,0,0,0,0.018091479,0.017480796,387.5,148.7809686,0.995652174,0.086956522,0,0,0,0
15434,GTCATCTTAGTCAGGACCTGAAG,0,0,0,0,0.208436264,440,195.7537938,0,-0.02173913,0,0,0,0
15435,GTCTCCCCTGAGGCTGGCCATAG,0,0,0.010713192,0,0.311578392,522.5,200.5091627,0.07826087,0.260869565,0,0,0,0
15436,GTCATAGTAATCATTCCCTGCAG,0,0,0,0,0.093652566,552.5,192.7506729,0,-0.217391304,0,0,0,0
15437,GGGTGGGGGGGGGTTGTTCCAAG,0,0,0.020515298,0,0.210328283,365,183.6844847,0,0.065217391,0,0,0,0
15438,AACGGAGAAGCAAAGGCACAGAG,0,0,0.025641026,0,0.302995647,425,202.0689958,0,0.195652174,0,0,0,0
15439,GGCTCCCCAACTCCTGGGCAGGA,0,0,0.000990958,0,0.08473962,357.5,179.5904826,0.056521739,0.195652174,0,0,0,0
15440,CCTCCCTGGCCTCTACTCACTAG,0,0,0.021848739,0,0.768095474,622.5,206.2750663,0,-0.108695652,0,0,0,0
15441,CGGACGGAGGAATGGGGAGTGGG,1,0.0124,0.557142857,0.844444444,0.844444444,530,204.9046584,0.008695652,-0.173913043,0,0,0,0
15442,GGAATGCCAACAGCAGCACCTGG,0,0,0.318367347,0.228631299,0.228631299,522.5,200.7463988,0.243478261,-0.195652174,0,0,0,0
15443,GGCCTAGACTGAGCTTTTGAGGA,0,0,0.000679876,0,0.026676601,412.5,165.4301215,0.017391304,0.02173913,0,0,0,0
15444,GGTCCCCTCCTCCCCGCCCCCAG,0,0,0.01210335,0,0.272930963,455,181.4539164,0,-0.130434783,0,0,0,1
15445,GACACCGCAGCCAAGTTTATTGG,0,0,0.029744691,0.088659331,0.085810839,357.5,168.1367621,0.017391304,0.326086957,0,0,0,0
15446,GCCCCTTTCATAGCCACCTTGGG,0,0,0.023529412,0.283021289,0.283021289,425,197.6052593,0,-0.434782609,0,0,1,0
15447,GAGAACACCAGTTAGTAGAGTGA,0,0,0.017628205,0,1.150704225,530,210.6606795,0,-0.326086957,0,0,0,0
15448,ATCACAGAAGCAGAGATTTTGGA,0,0,0.03837072,0,0.164761667,552.5,199.8855901,0,0,0,0,0,0
15449,TCCTCCCGGCAGCCTGGCCACGG,0,0,0.142857143,0.805112123,0.805112123,622.5,207.1486663,0,-0.02173913,0,0,1,0
15450,GACACGTTTTCATTTCTCTCGGG,0,0,0.045351474,0,0.069289873,455,185.5426325,0,-0.347826087,0,0,0,0
15451,GGCAGTGCAGGTGCAGGTGGGGG,0,0,0.041326531,0,0.072289628,425,196.0826313,0,0,0,0,0,1
15452,GTCTCTTCCAATGACAAGGAGGA,0,0,0.034973312,0,0.068705615,485,162.1143902,0,-0.239130435,0,0,0,0
15453,GGGGCTGCGGCTGCAGGGGGCGG,0,0,0.044642857,0,0.045592311,455,180.7358821,0,-0.086956522,1,0,1,0
15454,GGTGCGTGAGTGCGAGGGTGTGG,0,0,0.01344305,0,0.060022353,357.5,173.2192268,0,-0.369565217,1,0,0,0
15455,TAGATTGAGGAAGGAGGAGGAAG,0,0,0.006732682,0,0.163296796,455,170.5370955,0,-0.152173913,0,0,0,0
15456,GAATTAGAAGGAGAGTCACATAG,0,0,0,0,0.151145,455,194.3931704,0,0.086956522,0,0,0,0
15457,GACACTGAAGCAGTGATTTTAGG,1,0.001,0.45021645,0,0.043643535,462.5,189.6864055,0,-1.02173913,0,0,0,0
15458,AAATGAGGGGGAGAGGGACAGGG,0,0,0.01869281,0,0.186788635,455,184.9242079,0.469565217,-0.152173913,0,0,0,0
15459,GAACACAAAGCAAACAGTGAAAG,0,0,0.001439737,0,0.022727774,290,137.3699469,0,-0.695652174,0,0,0,0
15460,AGGATGTAGGAATGAGGGGAGGA,0,0,0.008928571,0,0.09336586,485,154.255886,0,0.130434783,0,0,1,0
15461,GATGAGTGAATGTCTTCGTGTGA,0,0,0,0,0.035479776,455,185.040653,0,-0.195652174,0,0,0,0
15462,GGCACTGCAACTGGATGAGGGGA,0,0,0,0,0.02714194,485,167.5367241,0,-0.152173913,0,0,0,0
15463,AGTGAGTGAGGGTGTGTGTGTGA,0,0,0.011666667,0,0.716018519,462.5,193.1838052,0,0.065217391,0,0,0,0
15464,AGGATGGAGGAAGGAGGCGGGAG,0,0,0.002273373,0,0.052902764,387.5,147.1397463,0,-0.152173913,0,0,1,1
15465,GGCTCTCTCCCTCCCACCATTGG,0,0,0.045548654,0.173776681,0.167597955,455,178.1127188,0.160869565,0.347826087,0,0,1,0
15466,AGGAGGGAGGAATGGGGAGCAGG,0,0,0.037818182,0.190493182,0.186915845,455,166.5670585,0,1,0,0,0,0
15467,TGGCTGGGGGAATGGAGAGTGGG,0,0,0.168235294,0,0.069289873,455,183.7311356,0,0.239130435,0,0,0,0
15468,TGGAAGGAGGAATAAAGATTAAG,0,0,0.064814815,0,0.012134777,387.5,158.2360695,0,-0.782608696,0,0,0,0
15469,TGGATGGATGGAAGAAGAGTGGA,0,0,0.016666667,0,0.030809736,357.5,182.2223895,0,-0.391304348,0,0,0,0
15470,TGTGTGTGCGTGTGTGTGTGGGA,0,0,0.006734007,0,0.372455417,552.5,192.9657886,0.169565217,0.5,0,0,0,0
15471,ATGACAACCAGTGCCTAGAGGGG,0,0,0.027133581,0.035128955,0.034564634,425,190.2794898,0,-0.434782609,0,0,0,0
15472,GTCTTGTTTCCATTGTTTCCAGA,0,0,0.004776832,0,0.090032355,485,157.7969304,0.034782609,-0.195652174,0,0,0,0
15473,TGAAGGGAGAAATGAGGAATGGA,0,0,0.022222222,0,0.452917868,552.5,181.6439436,0,-0.739130435,0,0,0,0
15474,CCAGTCCATCCAGAGGCCCAGAG,0,0,0.005144033,0,0.052630051,485,175.0866408,0,-0.043478261,0,0,0,0
15475,AAGTCCCAGAAGAAGAGGAAAGA,0,0,0.006571691,0,0.383454129,552.5,190.8389717,0.382608696,0.804347826,0,0,0,0
15476,ATGTATAACACTGAGTAGAGAGA,0,0,0.011431277,0,0.458313578,522.5,207.2105153,0,0.239130435,0,0,0,0
15477,TGTGTGTGCGTGTATGCGTGCAG,0,0,0.04040404,0,0.136846598,522.5,202.312715,0,-0.043478261,0,0,0,0
15478,AAATGAGAAAACTAAGCACAGAG,0,0,0.017979589,0,0.061328553,327.5,182.785821,0.339130435,-0.173913043,0,0,0,0
15479,TGTGAATGAGTGTGTGATTGTGA,0,0,0.021604938,0,0.072284392,485,171.0045717,0,-0.347826087,0,0,0,0
15480,TGTGTGTGAGTGTGTATGTGTGA,0,0,0.011784512,0,0.104848333,485,179.637143,0,-0.934782609,0,0,0,0
15481,GGATGGGAGGAGTATTCTCCAGG,0,0,0,0.03863586,0.037983778,455,186.6445725,0,0.086956522,0,0,0,0
15482,TGGATGGATGAGTGATGAATGGA,0,0,0,0,0.02330241,387.5,159.4876934,0.008695652,0.086956522,0,0,0,0
15483,CTTTCTTCACAGGGCAGCAAGAG,0,0,0.030483406,0,0.121741508,552.5,188.7339019,0.065217391,-0.739130435,0,0,0,0
15484,GGCACTGTGGGTCGTGGTGGGGG,0,0,0.018421053,0,0.078569341,327.5,186.1637572,0,-0.434782609,0,0,0,0
15485,GGCAAAGAACCAGCTTCAGTGAG,0,0,0.009204471,0.050105032,0.050105032,455,175.0818648,0.030434783,-0.086956522,0,0,0,0
15486,GCCTCCCCGAAGCCCGGCTGCGG,0,0,0.064171123,0.031795118,0.030773588,387.5,133.1475982,0.17826087,0.326086957,0,0,1,0
15487,TGGATGGATGAATGACATGTTGG,0,0,0,0,0.011345979,442.5,151.5423494,0,0.043478261,0,0,0,0
15488,GTAGAGTGAGTGTGAGAGTGTGG,0,0,0.122807017,0,0.161081177,455,183.2388674,0.256521739,-0.434782609,0,0,0,0
15489,TGTGTGTGGGTATGTGCGTGTGG,0,0,0.226262627,0,0.43009247,522.5,206.2357992,0.473913043,-0.434782609,0,0,0,0
15490,AGTGAGTGTGTGAGTGTGTGTGA,0,0,0.012115385,0,0.144140246,455,184.754788,0,0,0,0,0,0
15491,AGGATGGAGGAATGGGGAGATGA,0,0,0.025390625,0,0.399880226,462.5,169.0553785,0.026086957,-0.391304348,0,0,0,0
15492,TGGATGGATGAATGAAGGGATAG,0,0,0.031111111,0,0.012289022,417.5,135.3908606,0,-0.434782609,0,0,0,0
15493,ATTAAGACTAGGGAGTAGAGAAG,0,0,0.028356481,0.256563061,0.256563061,522.5,205.2101352,0.186956522,-0.369565217,0,0,0,0
15494,GGGTGGGGGGGGTCTGCTCCAAG,0,0,0.048148148,0.473254518,0.473254518,440,203.7307316,0.004347826,0.282608696,0,0,0,0
15495,GGAATCCTTTATGCAGCACACAG,0,0,0.085069444,0.688147887,0.688147887,462.5,173.9324994,0.917391304,NA,0,0,0,0
15496,TGGAAGGAGGAGTGAGGAGGGAG,0,0,0.016521423,0,0.646453731,462.5,174.2579796,0.047826087,NA,0,0,0,0
15497,GACACGGAGGCAGAGTTGATCAG,0,0,0.008230453,0,0.034305973,485,157.2829024,0,-0.391304348,0,0,0,0
15498,GGCCAAGAGTGAGAATGTGACGG,0,0,0.038095238,0.023146949,0.022403272,455,185.0242891,0.013043478,-0.195652174,0,0,0,0
15499,GGCGCTGGGGCTGGAGGGGCGGG,0,0,0.057397959,0,0.129409,485,152.6656498,0.095652174,-0.282608696,0,0,1,0
15500,GGTGGGTGAGTGGGGGCGTTCAG,0,0,0.001704348,0,0.068478489,357.5,157.067738,0,0.065217391,0,0,0,0
15501,CTAGCCCCACAGGGGAGCAGAGG,0,0,0.011704682,0.035456754,0.034196069,387.5,141.9040452,0,-0.108695652,0,0,1,0
15502,GGCCCCCTCCAAGCAGCCTCAAG,0,0,0.004489338,0,0.07670389,327.5,187.5375574,0.017391304,-0.347826087,0,0,0,1
15503,TGTGAGTGCGTGTGTGTGTGCAG,0,0,0.069135802,0,0.788265432,560,195.4541086,0,0.239130435,0,0,0,0
15504,GACTTGGTTTCTTTTTTCTCTGG,0,0,0.028011204,0,0.240660381,432.5,196.0936972,0.060869565,-0.326086957,0,0,0,0
15505,GCCTCTTGCCCACCGACTTGAAG,0,0,0.001078431,0.032925581,0.032925581,387.5,139.3322283,0,-0.02173913,0,0,0,0
15506,GTCTTGTATTCATTGTTTTGGGA,0,0,0.001527884,0,0.136699648,485,153.2992498,0,0.108695652,0,0,0,0
15507,GCCTATTTCCCATGCAACTTTGG,0,0,0,0,0.033370636,357.5,175.7870637,0,-0.326086957,0,0,0,0
15508,GGTGTGCGTGTGTGTGTGTGTGG,0,0,0.07,0.241506693,0.241506693,552.5,190.5826078,0,-0.782608696,0,0,0,0
15509,GGTGTGCGTGTGTGTGTGTGTGA,0,0,0.004861111,0,0.241506693,552.5,190.5826078,0.047826087,0.065217391,0,0,0,0
15510,TAATGTGAAGAAGAAGAACAGGA,0,0,0.021786492,0,0.098837842,455,182.2208834,0.104347826,0.130434783,0,0,0,0
15511,GGTGTGCGTGTGTGTGTGTGGAG,0,0,0.018148148,0,0.241506693,552.5,190.5826078,0.008695652,-0.065217391,0,0,0,0
15512,AAAAGAGGAGCAGAGGCCCACAG,0,0,0.006897903,0.169226528,0.163514241,455,183.5731661,0,-0.304347826,0,0,0,0
15513,TGTGAATGAGTGAGTGTGTGAGA,0,0,0.022435897,0,0.142724794,455,186.9285844,0.017391304,-0.152173913,0,0,0,0
15514,GGCGTGTGTGTGTGTGCATGTGG,0,0,0.064735265,0,0.186959075,552.5,188.0005664,0,-0.152173913,0,1,0,1
15515,GGAACTGTGGCTGGGAGTGGGAG,0,0,0.12779321,0,0.068319815,455,184.0767356,0,-0.02173913,0,0,1,0
15516,CCTGTCTCCCCTTTACTCCCTGG,0,0,0.036865204,0.174662849,0.168767057,455,172.6726231,0.143478261,0.543478261,0,0,0,0
15517,TCCTCTCCAAAGACTGTCCAGGG,0,0,0.089285714,0.145308048,0.142724794,455,186.9285844,0,-0.043478261,0,0,1,0
15518,GGTGAGTCAATGAGTGAGTGTGA,0,0,0.012886259,0,0.196330083,455,180.623015,0,-0.173913043,0,0,0,0
15519,GAATGCTAAGTATAGACTGCAGA,0,0,0.005384615,0,0.51740194,522.5,208.4248155,0,0.152173913,0,0,0,0
15520,AAAGGAGAAAAAGAGACAGAGAG,0,0,0.018904321,0,0.079007985,485,165.2982378,0,0.173913043,0,0,0,1
15521,ATGAACACCAGAGAGAGGAGAAG,0,0,0.033273916,0.080918243,0.079058054,395,174.4093626,0.195652174,-0.152173913,0,0,0,0
15522,TGGATGGAGGGATGGTGTGTGGG,0,0,0,0,0.006844263,290,156.0511355,0.243478261,0,0,0,0,0
15523,GCACACTAAGCAAAGACTGAAAG,0,0,0.030849359,0,0.184349937,455,169.9398987,0.295652174,0.456521739,0,0,0,0
15524,GTCATTTTTGTTATTACCTCTAG,0,0,0.033333333,0,0.113999847,455,168.6005353,0.334782609,0.52173913,0,0,0,0
15525,GGGACTGAGGAGGGAGGTGGGGG,0,0,0.121875,0,0.385203768,425,201.6259989,0.008695652,0.065217391,0,0,0,0
15526,AAGGCAGAAGAAGAGGCAAAAAG,0,0,0.033344356,0,0.4917675,555,185.7620801,0,0,0,0,0,0
15527,GGACAAGACGGAGGACGTGACAG,0,0,0,0.200014115,0.193587958,522.5,200.7527589,0,-0.173913043,0,0,0,0
15528,GGTGGGTGTGGGTGTGGGTGCGG,0,0,0.010164706,0,0.196246288,455,186.7357049,0,-0.217391304,0,0,0,0
15529,GGCACTGCCTATGGAGGCGGCAG,0,0,0.036458333,0,0.087580097,457.5,178.5950662,0.034782609,0,0,0,0,0
15530,GGCCCAGACTGAAACAGTGACGG,0,0,0.088111888,0,0.003468588,330,166.5660474,0,-0.391304348,0,0,0,0
15531,AAATGAGAAGAACAAGCAAGAGG,0,0,0.12987486,0,0.018595452,290,127.608058,0,-0.02173913,0,0,0,0
15532,TACTTACAAGAAGAGGCACAAGG,0,0,0.088392857,0.919204167,0.919204167,620,215.0004992,0,0.108695652,0,0,0,0
15533,TGTGTGTGACTGTGTGTGTGTAG,0,0,0.017598204,0,0.56142625,552.5,191.9338325,0.008695652,0.173913043,0,0,0,0
15534,GGTTCTTTGCCACCCACCTCAGG,0,0,0.026915114,0.420174266,0.420174266,552.5,177.3346197,0,-0.260869565,0,0,0,0
15535,TTTGCCCCACAGTCCAGCAAAGA,0,0,0.003826531,0,0.017894751,357.5,172.6381615,0.291304348,0.282608696,0,0,1,0
15536,TCCTGTGTTTCTGGATGCAGGAG,0,0,0.019063181,0.08512202,0.083523485,485,152.6792864,0.552173913,-0.652173913,0,0,0,0
15537,CTTGGACCACAGAGCAATAAAAG,0,0,0.124444444,0,0.135498222,455,185.6402644,1,4.956521739,0,0,0,0
15538,TCCTCCCCAAAGCCCGCCCCAAG,0,0,0.003781127,0.073339875,0.0719626,387.5,146.8692674,0.034782609,-0.608695652,0,0,0,0
15539,GTCCCTTTCCACCCTGCCTCTGG,0,0,0.036580087,0,0.166462878,522.5,200.5838136,0,-0.239130435,0,0,0,0
15540,TGTGTGTGAGTGTGTGTGAGAGA,0,0,0.003367003,0,0.202836708,485,166.177569,0.047826087,0.065217391,0,0,0,0
15541,CACTTGTTTTCCTCATTCTCCGG,0,0,0.050546535,0.030563674,0.029531989,327.5,185.6376933,0.282608696,0.02173913,0,0,0,0
15542,AGTGAGTGAGTGAATGAGTGAAG,0,0,0.056538461,0,0.035150404,357.5,177.0753837,0.439130435,0.086956522,0,0,0,0
15543,CTTCACTCTGCTCTACTCACTGG,0,0,0.240641711,0,0.833979885,620,212.8382996,0,-0.065217391,0,0,0,0
15544,AATGGAGAAGAAGATGCCCAAGG,0,0,0.012004802,0,0.082004963,455,178.1680451,0,-0.260869565,0,0,0,0
15545,GGGTAAGATCCAGAATCTGTGGG,0,0,0.125284091,0.027758944,0.026821933,455,177.3041017,0,-0.195652174,0,0,0,0
15546,GGTGTGAGAGTGTGAGTGTGAGA,0,0,0.005969786,0,0.105930922,455,180.3353666,0.013043478,-0.695652174,0,0,0,0
15547,CGTGTGTGTGTGTGTGAGTGTGA,0,0,0.005050505,0,0.372455417,552.5,192.9657886,0,0,0,0,0,1
15548,GAGTTCCAGACGAAGAAGAAGAG,0,0,0.039320988,0,0.476527186,522.5,204.3066791,0.07826087,-0.195652174,0,0,0,0
15549,TCCTCACCATAGCCTTGCCACAG,0,0,0,0,0.151745495,552.5,195.1338537,0,-0.5,0,0,0,0
15550,GTCACCTCTAATAACTTGGAAGA,0,0,0.007011218,0,0.054313087,387.5,147.6171881,0,-0.02173913,0,0,0,0
15551,TGGAAGAAGGAATGTGGAGAAGA,0,0,0.00390625,0,0.120854801,455,164.1838777,0,0.086956522,0,0,0,0
15552,GACACCAAAGCAGCATTTTGCAG,0,0,0.00922722,0.017389087,0.0170956,357.5,153.8330131,0,-0.760869565,0,0,0,0
15553,CAAGACAAGGCAGAGACTGCAGA,0,0,0.004313319,0,0.355433782,522.5,204.8672991,0.043478261,-0.043478261,0,0,0,0
15554,GAAAGGGAGGAATGAGGAGTTAG,0,0,0.100720921,0,1.286675824,622.5,217.14368,0,-0.108695652,0,0,0,0
15555,CTCTGTGTCTCTGGATGTGCAGG,0,0,0.020661157,0.043060389,0.043060389,442.5,125.6510669,0,-0.347826087,0,0,0,0
15556,GGGGTGGAGGAAGGAGGAGAAAG,0,0,0.022743384,0.275077841,0.26991206,455,171.6894795,0,-0.173913043,0,0,0,0
15557,AAATGAAAAGAAGAAGGAGAGGA,0,0,0.000480584,0,0.033368241,387.5,150.8756866,0.27826087,0.152173913,0,0,0,0
15558,AGGATGCAGGAAGGAGGAGAGGG,0,0,0.100883152,0.187878165,0.184349937,455,170.1798987,0.004347826,-0.695652174,0,0,0,0
15559,GCCTTGTTTTCCTTGTCCTTAAG,0,0,0.011351909,0.132110445,0.132110445,387.5,153.1201886,0,-0.065217391,0,0,0,0
15560,TGGCTGGAGGAATGGAGAGAGGA,0,0,0.008961397,0,0.030434884,387.5,149.6933526,0,0.02173913,0,0,0,0
15561,GGTCCTGCAGCTGGAGGTGGAGG,0,0,0.155987395,0,1.532325837,627.5,215.0386196,0,-0.130434783,0,0,0,0
15562,GGGTGGGGGTTGTGTGCTTCAAG,0,0,0,0.034324559,0.034324559,357.5,165.5909953,0,0.065217391,0,0,0,0
15563,GGCGCTGCGGCCGGAGGAGCTGG,0,0,0.169172933,0,0.063669228,387.5,148.0493663,0.069565217,0.130434783,0,0,0,0
15564,TGTGAGTGAGTGTGTTGGTGAGG,0,0,0,0.221901235,0.221901235,492.5,182.125463,0.008695652,0.260869565,0,0,0,0
15565,AAATGTGAAGGAAAGGCAGACGG,0,0,0.053571429,0,0.061528511,357.5,170.9366118,0.160869565,-0.195652174,0,0,0,0
15566,GCCTCACCAGGGCCTGGCCTGGG,0,0,0.201190476,0,0.1938432,455,169.0545959,0,0.02173913,0,0,0,0
15567,TGGATGGAGGAAGTAAGAGTGAG,0,0,0.018035427,0,0.023008875,365,181.9730689,0.026086957,0.108695652,0,0,0,0
15568,GGGATCCCTTCATCAGGACCAGG,0,0,0.008627451,0,0.108647626,357.5,180.4704679,0,-0.260869565,0,0,0,0
15569,TGTTTGTTTTCATTATTCTCAAG,0,0,0.134204793,0,0.397208228,525,204.2249784,0,-0.043478261,0,0,0,1
15570,GGTGGGTGAGGGTGTGGGTGTGG,0,0,0.016941176,0,0.635340376,462.5,191.8954852,0,-0.347826087,0,0,0,0
15571,GTCACCTGCAATAACTAAGAAAG,0,0,0.099852071,0,0.047545522,387.5,144.0399293,0.726086957,-0.326086957,0,0,0,0
15572,GGCTTTTTCTCATTGTTCTCTAG,0,0,0.127635328,0.963435528,0.940220214,627.5,214.4142356,0,-0.434782609,0,0,0,0
15573,AGATGAGAAGAAGGAGCCCAAGG,0,0,0.066928104,0,0.012392231,357.5,167.6904605,0.026086957,-0.391304348,0,0,0,0
15574,TAATGAGAAGAAGAAGAAGAAGA,0,0,0.003812636,0,0.054360238,387.5,153.2588674,0,-0.108695652,0,0,0,0
15575,GCCTCCCCACATCCTATCCAAGG,0,0,0.032051282,0.041594476,0.040957013,387.5,168.2176262,0.004347826,-0.195652174,0,0,0,0
15576,GATGACAATTACATTCTCAAAGA,0,0,0.003038194,0,0.16811375,522.5,198.6500173,0,-0.130434783,0,0,0,0
15577,CCTGCCTCAGCTCACCTCCCGAG,0,0,0.007762353,0,0.010995838,357.5,158.6460135,0,0.043478261,0,0,0,0
15578,CCTGCCTCCCCTACAATCACTGG,0,0,0.043956044,0.012468083,0.012468083,357.5,175.7813325,0,3.673913043,0,0,0,0
15579,TGGATGGAGGGAGCTGGAGTGGG,0,0,0.014534161,0,0.011192246,265,177.6243895,0,0.260869565,0,0,0,0
15580,AAGTTAGAAGAAAAGGAACACAG,0,0,0.020474834,0,0.220828507,455,186.8982484,0,-0.282608696,0,0,0,0
15581,AACCCCCACCACCACGCTTCCAG,0,0,0.042,0,0.046239667,455,179.0376651,0,-0.586956522,0,0,0,0
15582,AGGATGAAGTAATTAGGAGTAAG,0,0,0.05617284,0.143306389,0.140887716,522.5,200.1858981,0,-0.282608696,0,0,0,0
15583,GGCAAGGCGGGTGGAGGTGAGGA,0,0,0.005314626,0,0.221695444,455,172.7580124,0,-0.260869565,0,0,0,0
15584,AGCCCCCTCCACCCTGCCCCAGG,0,0,0.013241379,0,0.141195423,455,174.0049785,0,-0.108695652,0,0,0,0
15585,TGAGGAGAAGCAGAGGCACAGAG,0,0,0.051851852,0,0.794051205,522.5,211.8563163,0,0,0,0,0,1
15586,CTTTCCCTACAAGGGAGTAACGA,0,0,0.001031145,0,0.188649398,425,193.303461,0,-0.065217391,0,0,0,0
15587,TCCATCCAAACACAGACACAGGG,0,0,0.338847118,0.327354513,0.327354513,522.5,200.7491627,0.004347826,-0.347826087,0,0,1,0
15588,GTGTGGGGGGAGTTGGAACCGGG,0,0,0.00989899,0.032599744,0.032020193,387.5,158.3435341,0.047826087,0.282608696,0,0,0,0
15589,TGGATGGATGAGTGAGTGGTTGG,0,0,0.038518518,0,0.032454778,387.5,161.1146749,0,-0.173913043,0,0,0,0
15590,AAAGGAGAAGAAGGAGAACAAGG,0,0,0.128104575,0,0.023109381,357.5,171.4940827,0.230434783,0.043478261,0,0,0,0
15591,CCCATACATACATACACACACAG,0,0,0.017070707,0,0.082683012,425,188.7159375,0.22173913,-0.086956522,0,0,0,0
15592,TGCCCCCTCCAGCCCCCCTCCAG,0,0,0,0,0.133988,455,193.9554737,0,0.239130435,0,0,0,0
15593,AAAAGAAAAGAAGAGGAAGAAGA,0,0,0.001929012,0,0.131148806,485,164.2091082,0,-0.434782609,0,0,0,0
15594,ATCTGAGAAAATGAGGCACAAAG,0,0,0.025140292,0,0.639230037,522.5,205.7241631,0,-0.195652174,0,0,0,0
15595,GCCTCCCCACAGCCCAGCCTTGA,0,0,0.003787879,0,0.025328791,387.5,145.5752162,0.543478261,-0.47826087,0,0,0,1
15596,CTTACTCCAGAGAGCAGTAAGGA,0,0,0.020833333,0,0.308518702,522.5,202.049359,NA,-0.5,0,0,0,0
15597,CCAGTGAGGAGAGCGCAGCCGGA,0,0,0,0,0.093181573,492.5,168.4037938,0,0.391304348,0,0,0,0
15598,AAAAGAGAGGAAGAGGGAAAAGG,0,0,0.008003201,0,0.117323456,485,162.6325086,0,-0.5,0,0,0,0
15599,AAGTCTGAGCACAAGAAGAATGG,1,0.023401361,0.442436975,0.860812785,0.837857778,530,210.8979156,0,-0.369565217,0,0,0,0
15600,GTCTCTCTCACACCCACCTGGGA,0,0,0.006638072,0,0.438724268,552.5,174.4474829,0,0.043478261,0,0,0,0
15601,GCCTCCCTCCTCCCTGCCTCAGG,0,0,0.012893773,0,0.223580696,425,197.6492947,0.004347826,-0.02173913,0,0,0,0
15602,GGTGTGTGTGTGTGAGTGTGGGA,0,0,0.004093567,0,0.094763973,455,178.758767,0,-0.239130435,0,0,0,0
15603,GGTGTGTGTGTGTGAGTGTGGGG,0,0,0.058947368,0,0.094763973,455,178.758767,0,-0.195652174,0,0,1,0
15604,GACCCCCACCACCCATCCTCCAG,0,0,0,0,0.123181997,462.5,185.8047356,0.030434783,0.065217391,0,0,0,0
15605,CCCTCTGTCTCTGTATGGGGCAG,0,0,0.003594771,0,0.030988834,387.5,138.3868955,0,-0.391304348,0,0,0,0
15606,ACTGGCCACTGCGTCCTCAAGGA,0,0,0.016653727,0,0.307297816,425,201.9422758,0.008695652,0.043478261,0,0,0,0
15607,ATGACCACCTGTGAGTAAACAGG,0,0,0.130898513,0.119185689,0.119185689,485,150.3590104,0,-0.304347826,0,0,0,0
15608,GAGATGGATCAGAAGAAGAAGAG,0,0,0.020950243,0,0.482379464,622.5,211.2923156,0,-0.065217391,0,0,0,0
15609,TATAAGTGAGTGTGTGTGTGGGA,0,0,0.024679487,0,0.609583333,552.5,197.1002889,0,0.108695652,0,0,0,0
15610,GCTGAGTGCATGTGTGTGTGAGG,0,0,0.172307692,0.343031439,0.343031439,552.5,189.0223722,0,0.086956522,0,0,0,0
15611,AACGTCCATGACCTCCCCATCAG,0,0,0.075195312,0,0.542336973,522.5,209.7131355,0.130434783,-0.130434783,0,0,0,0
15612,GAGCCCCTGCACCCAGCCACAGA,0,0,0.001364743,0,0.080525945,455,169.7571981,0,-0.108695652,0,0,0,0
15613,GGTGAGACAGTGTGTGTGTGGGA,0,0,0.017450142,0,0.74016963,560,193.9308912,0,0.108695652,0,0,0,0
15614,CCAGTGAAGAGGGCGGAGGAAGG,0,0,0.223544973,0.1884295,0.1884295,455,167.2867023,0.543478261,0.239130435,0,0,1,0
15615,GAATGAGAGGAAGAACCACAAGG,0,0,0,0,0.044594039,455,183.7447722,0.626086957,0.086956522,0,0,0,0
15616,GCCCCGCTCCTCCCCGCCTCCGG,0,0,0.120879121,0,0.89728903,530,212.1439323,0.456521739,0.326086957,0,0,0,0
15617,GGTGTGTGTGGGTGTACGTGTGG,0,0,0.087272727,0,0.083448429,455,190.4333901,0,-0.217391304,0,0,0,0
15618,ATTAACCTCTACCTCCTCAAGGG,0,0,0.059056733,0,0.553689759,522.5,205.4872625,0,0.173913043,0,0,0,0
15619,GGCTGGGTGGAGTTTCCTCTCAG,0,0,0,0.116101159,0.111973118,485,161.1461572,0,-0.543478261,0,0,0,0
15620,TTCCCCCTCCACCCAGCCCCTGG,0,0,0.044583769,0,0.141195423,455,174.0049785,0,-0.130434783,0,0,0,0
15621,TAGTCAGGGCAGAATAAGAAGGA,0,0,0.00675548,0,0.243723101,522.5,200.1071775,0,0.152173913,0,0,0,0
15622,TGTGAGAGAGTATGTGTGTGAGA,0,0,0.026466049,0,0.204841945,455,188.1146077,0.617391304,0.086956522,0,0,0,0
15623,GGTGGGTGAGTGTGGGTGTATGG,0,0,0.01575,0,0.068124595,387.5,145.5809474,0,-0.02173913,0,0,0,0
15624,GTTATCCCTCCTGGAGCACCTGA,0,0,0,0,0.20338988,522.5,201.8010789,0.226086957,-0.065217391,0,0,0,0
15625,GGGTGGGGAGTGGTTGCTCAGGG,0,0,0.025800287,0.080894509,0.078295489,357.5,162.3732155,0,0.130434783,0,0,0,0
15626,GCCACTTCCCCTCTCACCTTTGA,0,0,0.00808348,0,0.104883434,425,195.8712979,0.660869565,0.826086957,0,0,0,0
15627,AGCACTTCGGCTGGAGGCAGGAG,0,0,0.040816326,0,0.070528167,485,160.645486,0,-0.043478261,0,0,0,0
15628,AATGACCTCTATATACCCAAGGG,0,0,0.036199095,0.072630018,0.072630018,357.5,173.1909499,0,0.152173913,0,0,0,0
15629,GGCACTGAGGCTGGATGGGCTGG,0,0,0,0,0.021131343,417.5,136.2508239,0.356521739,-0.152173913,0,0,0,0
15630,GGGATTGCAGCTGGAGGGGGAAG,0,0,0.017676768,0,0.186959075,552.5,188.0005664,0.013043478,-0.065217391,0,0,0,0
15631,TGCATGGAGGGCTGAGGAGGGGG,0,0,0.011609907,0.18431734,0.177763835,357.5,167.5882159,0,-0.152173913,0,0,1,0
15632,GGTGTGTGTGTGTGTGTGTTGAG,0,0,0.018478114,0,0.155313909,485,155.8281887,0.139130435,0.586956522,0,0,0,0
15633,GATCGACTCCACCCCGCCTCTGG,0,0,0.383035714,0,1.383891331,627.5,216.797696,0.039130435,-0.173913043,1,0,1,0
15634,AAAAAAGAAGAAGAAGTACAGGA,0,0,0.012587751,0,0.155096519,455,181.8449474,0,0.086956522,0,0,0,0
15635,AAAAAAGAAGAAGAAGTACAGGG,0,0,0.181263617,0,0.155096519,455,181.8449474,0.182608696,0.304347826,0,0,0,0
15636,GGCGCTGTGGCGGGAGGCGGAGG,0,0,0.1171875,0,0.144953165,455,182.0871493,0.52173913,-0.173913043,0,0,0,0
15637,GGGAAGGAGGAATGATAAGTGGG,0,0,0,0,0.104848333,485,179.637143,1,-0.152173913,0,0,0,0
15638,AACTTGTTTTCATTGTCCCAGAG,0,0,0.022718053,0.086201719,0.084582907,417.5,130.3282891,0.039130435,-0.847826087,0,0,0,0
15639,AAAGGAGATGAAGAGTCAAATGA,0,0,0,0,0.052414635,485,166.3301938,0,-0.239130435,0,0,0,0
15640,AAAGGAGAAGAGGAGACAGAGAG,0,0,0.014628344,0,0.04220622,387.5,162.5738737,0,0.02173913,0,0,0,0
15641,GGCCCTGCTGCTGGAGAAGGAGG,0,0,0.117124183,0,0.069304995,485,167.9571753,0,-0.152173913,0,0,0,0
15642,AGGATGCAGGAAAGAGGAGGAGG,0,0,0.083993213,0.187878165,0.184349937,455,170.1798987,0,0.065217391,0,0,0,0
15643,GAGATCGATGACCTCTCCAGCAG,0,0,0.005279035,0.064436143,0.06214508,387.5,158.0158905,0.091304348,0.304347826,0,0,0,0
15644,GAACTAAGAGCATAGATTGCAAG,0,0,0.029958848,0,0.350124604,552.5,192.039768,0,-0.804347826,0,0,0,0
15645,GTCACTTCTAATGACTTGAGTGA,0,0,0.005373677,0,0.067386732,485,161.7201246,0,-0.260869565,0,0,0,0
15646,AAAGGAGAAGAAAAAACACATGA,0,0,0.03770739,0,0.026815181,357.5,177.331632,0,-0.086956522,0,0,0,0
15647,GGGACTGGGCCTGGAGGCGGCAG,0,0,0.014285714,0,0.281815562,552.5,185.1571133,0,4.630434783,0,0,0,0
15648,GATCCCAAGCAGAATAAGAATGA,0,0,0.003209617,0,0.27129322,522.5,201.2081976,0,-0.304347826,0,0,0,0
15649,GTCTCCCCAAATCCTGACCTTGA,0,0,0.013597514,0,0.132110445,387.5,153.1201886,0,2.065217391,0,0,0,0
15650,GGCAGCGGGGCTGGTGGTGGGAG,0,0,0.018181818,0,0.23197741,522.5,198.8188575,0.039130435,0.369565217,0,0,0,0
15651,AGTGAGTGAGAGAGTGAGTGAAG,0,0,0.056538461,0,0.130929356,357.5,182.4844847,0.9,-0.52173913,0,0,0,0
15652,CATGAGTGCGTGTGTGTGTGTGA,0,0,0.011192511,0,0.372455417,552.5,194.0141086,0,-0.739130435,0,0,0,0
15653,AGCAGAAAAGAAGAGGCACAGAG,0,0,0.042328042,0.905329387,0.878799588,622.5,215.1752192,0,0.195652174,0,0,0,0
15654,AGATGAGAAGCCGAGGCCCATGA,0,0,0.001113896,0,0.08473962,357.5,179.5904826,0,-0.173913043,0,0,0,0
15655,GGGATGGAGGAAAGAGCAGGGGG,0,0,0.027496499,0.105904969,0.103916143,387.5,151.5769685,0,-0.02173913,0,0,0,0
15656,TGGGTGGGGGAATGCGGATTTAG,0,0,0.021604938,0,0.133665,455,170.2715615,0,-0.02173913,0,0,0,0
15657,AACACCTGTGAGTAAGGCAGAGG,0,0,0.056561086,0,0.01490737,387.5,154.5733718,0,-0.52173913,0,0,0,0
15658,GGGAAGGACCCGGCATCCCCAGA,0,0,0.001459933,0,0.058772425,387.5,141.8123157,0,-0.347826087,0,0,1,0
15659,TGTGATTGAGCGTGAGCGTGAGG,0,0,0.257309942,0,0.135266321,425,196.9769107,0.286956522,0.130434783,0,0,1,0
15660,GAGCCCCTCTCCCCGGCCTCTAG,0,0,0.002440087,0,0.203034972,425,193.2431583,0.030434783,-0.434782609,0,0,0,0
15661,TGCATGGCTTCTGCAGCACCAGG,0,0,0.100840336,0,0.556118521,620,214.5028352,0,1.304347826,0,0,0,0
15662,TGGATGAAAGAATGAAGATTGAG,0,0,0.111111111,0,0.033986578,485,164.820613,0.004347826,-0.413043478,0,0,0,0
15663,AAAGGAGAAAAAGAGGGAGAAAG,0,0,0.001112019,0,0.176849269,485,161.6005526,0,NA,0,0,0,0
15664,GACCCCCTTCCCCCAGCCTCTGG,0,0,0.077777778,0,0.231154305,432.5,196.0031144,0,-0.47826087,1,0,0,0
15665,GAGCACAAAACCTAGATTGCTGA,0,0,0.00486427,0,0.258564504,455,184.9780521,0.086956522,-0.47826087,0,0,0,0
15666,GGGTCAAAGCAGAGGAAGAAAGG,0,0,0.346666667,0.092548391,0.092548391,522.5,203.1516506,0,0,0,0,0,0
15667,GACCCCATCCACCAAGCCTGGGA,0,0,0.00023829,0,0.0170956,357.5,153.8330131,0.860869565,2.260869565,0,0,0,0
15668,GACACCCTACACCTCCCCTCAGA,0,0,0,0,0.023537615,455,185.4390091,0,-0.108695652,0,0,0,0
15669,CTCTGTGGCACTGGTTGGATTAG,0,0,0.02962963,0.377392597,0.371023101,522.5,196.661425,0,-0.152173913,0,0,0,0
15670,GGGTTGGGGGAGTAGGCTTCAGG,0,0,0.004285714,0,0.018907676,357.5,161.3174738,0,-0.173913043,0,0,0,0
15671,GGTGTGTGTGTGGGTGCTTGAAG,0,0,0.009837505,0,0.069665021,455,179.0292458,0,-0.456521739,0,0,0,0
15672,CGTGGGTCTGTGTGTGCGTGTGG,0,0,0.18989011,0.860350791,0.833979885,620,210.8520827,0,-0.152173913,0,0,0,0
15673,AACACCACTGAGTAGACCGTTAG,0,0,0.026277862,0.47736385,0.47736385,492.5,159.176472,0,0.043478261,0,0,0,0
15674,AGGTAGGGAGAGTTTGATCCTAG,0,0,0.060666667,0.379196691,0.372455417,552.5,192.9657886,0,-0.608695652,0,0,0,0
15675,AAATGAGTAGAAGGGAAACAAGA,0,0,0.006481481,0,0.014116628,387.5,166.1864614,0,-0.5,0,0,0,0
15676,GAGCTCAAGGCATGGACTGCAGG,0,0,0.069135803,0.132691231,0.128428059,522.5,201.784715,0,-0.130434783,0,0,0,1
15677,AGTGAGTGTGTGTGTGTGTTTGA,0,0,0.01225,0,0.164063988,485,157.1165087,0,-0.065217391,0,0,0,0
15678,CACTGTGGCACTGGCTGGATCAG,0,0,0.032323232,0.377392597,0.371023101,522.5,196.661425,0.039130435,0,0,0,0,0
15679,ACTGGCCCACAGGGCAGAAATAG,0,0,0.088888889,0.321774194,0.310333333,552.5,192.2483467,0,-0.130434783,0,0,0,0
15680,CCAGAGAGTAGAGGGAAGGGCAG,0,0,0,0.016920887,0.016920887,387.5,151.8464695,0,0.02173913,0,0,0,0
15681,GGGACAGACCCTGCAGCCCTGGG,0,0,0.025862069,0.041468993,0.040069196,387.5,162.1591537,0,-0.282608696,0,0,1,0
15682,AAAAGAGGAAAAGAGGAACAGGA,0,0,0.010562414,0,0.532999604,552.5,189.2487356,0,-0.391304348,0,0,0,0
15683,TAGAAGCAGGAATGAGGACTGAG,0,0,0.033804278,0.353204637,0.34064625,552.5,184.5404993,0.343478261,0.847826087,0,0,0,0
15684,GTTATCTCAGTCATAACCTAAAG,0,0,0.096742507,0,0.174469742,455,164.2275615,0.030434783,0.065217391,0,0,0,0
15685,CCCACCCTTCCACAGGCACAGAG,0,0,0.008996851,0.098395954,0.095234639,455,188.0241166,0,0.086956522,0,0,0,0
15686,TGTGAGCACGTGTGTGCGTGTGA,0,0,0.027281746,0,0.569608261,622.5,209.7572219,0,0.02173913,0,1,0,0
15687,GACTTGATGTCATTGTCTTCTAG,0,0,0.06372549,0,0.045054092,485,166.4475945,0.069565217,0.260869565,0,0,0,0
15688,CTGGAGTGAGTGTGTGTGTGTGG,1,0.008428684,0.106060606,0.611927885,0.601049167,555,197.4458889,0.008695652,-0.304347826,0,0,0,0
15689,AAATGAGAGTCAGGGGCACAGAG,0,0,0.026213992,0,0.06072567,427.5,192.3792149,0.165217391,NA,0,0,0,0
15690,CACCCCGCCCACCCCGCCCCTGG,0,0,0.092726746,0,0.359837588,552.5,182.9690023,0.004347826,0.130434783,0,0,0,0
15691,AGTGGGTGAGTGTATGTGTGTGA,0,0,0.01575,0,0.090827917,455,185.2863843,0.434782609,0.52173913,0,0,0,0
15692,CCTGAGTGAGGGTGTGTGTGAGG,0,0,0.092307692,0.344442166,0.33831875,455,191.7438052,0,-0.195652174,0,0,1,0
15693,CCCACCAAGCCAGAAACACAAGA,0,0,0.030345471,0,0.160011882,522.5,197.3616973,0,0.217391304,0,0,0,0
15694,GGAGAGTGAGTATGTATGTGTAG,0,0,0.080658436,0,0.048287834,387.5,172.6813626,0.082608696,1.695652174,0,0,0,0
15695,TGGTGGGGGAAGTGGGCTCCAGG,0,0,0,0,0.055282442,425,188.3620574,0.1,-0.260869565,0,0,0,0
15696,GCCTCTTTCTCTCCCTCCTGGGG,0,0,0,0.047258292,0.046499123,387.5,152.0661373,0.013043478,0.173913043,0,0,0,0
15697,GGAATTCCTTCTATAGCATCTGA,0,0,0.02014652,0,0.016518465,357.5,165.5275109,0,-0.304347826,0,0,0,0
15698,GCCTTGTTTTCATAGCTCTCGGA,0,0,0.022518266,0,0.080751575,462.5,191.2323895,0.004347826,-0.760869565,0,0,0,0
15699,AAAAGAGAAGGAGGGCCACAGAG,0,0,0,0,0.021380321,357.5,183.1687058,0.039130435,-0.543478261,0,0,0,0
15700,GCCTCTTTCTCACACACTTTAGA,0,0,0.014705882,0,0.071876343,462.5,178.3457457,0,0.391304348,0,0,0,0
15701,GGCACTGCCGCTGCAGGCGCAGG,0,0,0.042386185,0,0.010645722,387.5,141.0401018,0.239130435,0.5,0,0,0,0
15702,GACACTGATGCTGAGTTTGTTAG,0,0,0.012037037,0.087593362,0.086114993,455,174.9901353,0.182608696,0.043478261,0,0,0,0
15703,GAGGTCAAGCAGGAGAAGAAAAG,0,0,0.067248573,0,0.378170105,522.5,205.1555787,0,-0.565217391,0,0,0,0
15704,GGCCCTGCGGCTGCAGCGGGCAG,0,0,0.00307574,0,0.016900891,387.5,160.277771,0,-0.739130435,0,0,0,0
15705,TCCATCCATTCAGAAAAACAAAG,0,0,0.107172455,0.153185533,0.150462235,455,179.0151309,0.047826087,0,0,0,0,0
15706,CCAGTGAGGAGAGAGGAGCCAGG,0,0,0.097126437,0.080721247,0.080721247,462.5,174.0530351,0.086956522,-0.130434783,0,0,0,0
15707,GAACCCCAGAAGAAGAAGAAAGA,0,0,0.020080167,0,0.846587038,620,210.4234828,0,-0.260869565,0,0,0,0
15708,GGGGCCCCAATGCCTGGCCACAG,0,0,0.017341756,0.782934488,0.782934488,525,211.3283163,0.186956522,0.173913043,0,0,1,0
15709,AGAAGCCCTTCTGCTGCTCCAGG,0,0,0.0576,0.086235484,0.083169333,455,178.2813251,0.17826087,0.304347826,0,0,0,0
15710,GGTGCGTGAGTGGTTGTGTGTGA,0,0,0.001127214,0,0.033370636,357.5,175.7870637,0.043478261,0.043478261,0,0,0,0
15711,GCATCACCAAAACCTGGCAAAGA,0,0,0.022354497,0,0.146379514,455,178.4219156,0.052173913,0.130434783,0,0,0,0
15712,GGTGTGTGTGTGTGTACATGAGA,0,0,0.01048951,0,0.030962232,485,171.2401405,0.030434783,-0.043478261,0,0,0,0
15713,GAGGCCCAGCAGAGGAAGAAGAG,0,0,0.051986883,0.286455259,0.286455259,530,205.5040346,0,0.065217391,0,0,0,0
15714,GGGCGGGGGGAGTTGACACCTGG,0,0,0.021568627,0.014055254,0.013580815,387.5,161.4076193,0,3.239130435,0,0,0,0
15715,GGTGAGAGACAGTGTGCGAGAAG,0,0,0.019444444,0,0.165306678,455,174.8469991,0,-0.065217391,0,0,0,0
15716,GAGCCACTGCACCCCGCCACGAG,0,0,0.021289997,0,0.181784315,552.5,182.1782357,0.556521739,-0.52173913,0,0,0,0
15717,TAGATGGGTGAATGAAGAGTGGG,0,0,0.330940171,0,0.15797057,552.5,194.6119768,0.3,0,0,0,0,0
15718,AACCTCCACCACCCCGCTTCAAG,0,0,0.076363636,0,0.310333333,552.5,189.3885298,0.02173913,NA,0,0,0,0
15719,GGTGCGTGTGTGTGCACGTGTGG,0,0,0.081818182,0,0.040295818,455,182.4564522,0.134782609,-0.065217391,0,0,0,0
15720,TGAATGGAGGAATCAGAAGATAG,0,0,0.04375,0,0.037344988,387.5,148.9091044,0,-0.239130435,0,0,0,0
15721,TGGATGGAGGAATGGGTGGTTGG,0,0,0.065,0,0.046916034,395,159.7835341,0.013043478,0.065217391,0,0,0,0
15722,ATGGACAAGAGTGAGTAGAAGGA,0,0,0.016372923,0,0.40341275,552.5,174.1292028,0,0,0,0,0,0
15723,AGCTGGGGGAAGGTTGCTCCAGA,0,0,0.005852843,0,0.528267675,522.5,204.180943,0,-0.673913043,0,0,0,0
15724,TGTTTTGAGGAATGTGGAGTTGG,0,0,0.042424242,0.240310978,0.240310978,522.5,201.8053944,0,-0.02173913,0,0,0,1
15725,GAGTTCCAGCAGAAGAAGACTGA,0,0,0.006904987,0,0.897414428,560,179.5908993,0,-0.413043478,0,0,0,0
15726,GAACTCAAAGCATAGAATAATGG,0,0,0.060606061,0.080071819,0.080071819,417.5,129.0399691,0,-0.130434783,0,0,0,0
15727,AAATGAGAATAGTAGGCATAAAG,0,0,0.021064815,0,0.079031783,357.5,166.2448427,0.043478261,0.260869565,0,0,0,0
15728,TTTATACCACAGGGCAGTAAAGA,0,0,0.036931818,0,0.789491758,622.5,215.252096,0,-0.108695652,0,0,0,0
15729,TGGAGGTAGGAATGGGGGGTGGG,0,0,0.095085714,0,0.05392847,455,175.8981443,0,0.239130435,0,0,0,0
15730,GGTGTGAGAGTGTGTGTGAGGGG,0,0,0.042424243,0,0.12450836,485,163.7943882,0,-0.326086957,0,0,0,1
15731,CCCTATTGCTCTGAATGGATTGG,0,0,0.272380952,0.145600377,0.145600377,522.5,200.7894976,0.139130435,0.260869565,0,1,0,0
15732,GAACCCCTCCCCCCCGCCAGCAG,0,0,0.00151053,0,0.113812211,387.5,144.5563164,0,-0.086956522,0,0,0,1
15733,TATGATCACTACCTCCTTAAAAG,0,0,0.032581454,0.075338601,0.072659895,455,182.4913622,0,-0.108695652,0,0,0,0
15734,GGAATACCTCCTGAAGGACCAGG,0,0,0.010196078,0,0.045731719,455,179.7969839,0,-0.782608696,0,0,0,0
15735,GGCACTGGGGATGGTGTTGGTAG,0,0,0.00625,0,0.081930203,357.5,174.6769667,0.026086957,-0.782608696,0,0,0,0
15736,AGGAAGGAAGAATGTGGAGTGGG,0,0,0.064285714,0.254738974,0.24614019,522.5,199.7448781,0.047826087,0.891304348,0,0,0,0
15737,ATGCACATCAGTGAGTAGCATAG,0,0,0.015529919,0.211743071,0.20797875,485,147.3409832,0,0.173913043,0,0,0,0
15738,TCCTCTTTCCAACCCGCATTTGG,0,0,0.077662722,0.030716565,0.02962442,387.5,170.2581571,0.995652174,6.47826087,0,0,0,0
15739,AATGCATATTACATCCTCAATGA,0,0,0.022922092,0,0.329465174,622.5,209.7827348,0,-0.456521739,0,0,0,0
15740,AACTTTTTTTCTTTTTTCTCAAG,0,0,0.007407407,0,0.119911766,425,195.490894,0,0.108695652,0,0,0,1
15741,GGTGAATGGGTGTGTATGTGGAG,0,0,0.080658436,0,0.035022028,485,175.1796987,0,-0.456521739,0,0,0,0
15742,TGGAAGGTGGAATTTGGAGTAAG,0,0,0.002962963,0,0.057131627,425,188.9656568,0,-0.347826087,0,0,0,0
15743,GTGTCCCTGCTGAAGAAGAATGG,0,0,0.065934066,0.542336973,0.542336973,522.5,207.2469185,0,-0.086956522,0,0,0,0
15744,TTGATGGAGGAGCTAGGAGTAGA,0,0,0.006719239,0,0.042645073,362.5,190.1053944,0,-0.065217391,0,0,0,0
15745,AAAAGAGAGAAAGAGGAACAGAG,0,0,0.035848194,0,0.325662758,552.5,188.3887722,0,0.543478261,0,0,0,0
15746,GGGTAGTGAGGGTGTGGGTGTGG,0,0,0.004278075,0,0.316692045,455,190.5822052,0,-0.195652174,0,0,0,0
15747,AGGAGGGAGGCATGGGGAGTTAG,0,0,0.043140741,0,0.223580696,425,197.4745747,0,0.5,0,0,0,0
15748,GGAGCCCCTTCTGCAGACCCTGG,0,0,0.055555555,0.117391376,0.113428797,485,170.6286357,0.460869565,0.543478261,0,0,0,0
15749,TGGATTGAGAATTCAGGAGTAAG,0,0,0.023045267,0,0.055754605,425,193.0669945,0,-0.152173913,0,0,0,0
15750,GGTGGGTGTGTGTGTGTGTAGGG,0,0,0.189,0,0.155313909,485,155.8281887,0,0,0,0,0,0
15751,CCTGCCTCCTGTGTTCTCACAAG,0,0,0.001436237,0.071270101,0.069181599,327.5,184.2718378,0,-0.217391304,0,0,0,0
15752,ACATGAGAAGATGAGACACATGA,0,0,0.018187831,0,0.266642786,462.5,195.1554737,0,-0.5,0,0,0,0
15753,GCCTCCTTCCCAGCCACCCCAAG,0,0,0.000806008,0,0.04622953,387.5,140.0290956,0.017391304,0,0,0,0,0
15754,CTCATCCCTCCAGGCACACATGA,0,0,0.003443526,0,0.060024367,425,190.0139768,0,-0.760869565,0,0,0,0
15755,TGCATCCATCCAGAGACAACAGG,0,0,0.067758329,0.223900568,0.219695863,485,151.0744001,0,0.108695652,0,0,0,0
15756,CCAGTGGGGAGAGTAGAGGCAGA,0,0,0.020944325,0,0.022745597,425,187.0108326,0,-0.5,0,0,0,0
15757,AAAGGAGAGGAAGAGGAAGAGGA,0,0,0.001687886,0,0.117323456,485,162.6325086,0,0.304347826,0,0,0,0
15758,AACAGTGCGGGTGGAGGTGGGAG,0,0,0.029615385,0,0.794051205,522.5,211.4415963,0,0.304347826,0,0,0,0
15759,AATGACCACTCTTTCCACAATGG,0,0,0.034461538,0.055532106,0.055532106,295,174.7683842,0,-0.217391304,0,0,0,0
15760,TGGATGGAGGAAAGACAAATGGA,0,0,0,0,0.011018566,320,140.6781426,0,-0.065217391,0,0,0,1
15761,AACAAAGAAGTAGAGGCACAAGG,0,0,0.054421769,0.770556077,0.7469375,525,210.2799963,0.430434783,-0.02173913,0,0,0,0
15762,GGCAGTGCTGGTGGTGGTGGTGG,0,0,0.016,0,0.130024297,425,193.5147944,0.030434783,-0.065217391,0,0,0,0
15763,CGTGTGTAAGTGTGTGTGTGAGA,0,0,0.008417508,0,0.609583333,552.5,193.825752,0,-0.02173913,0,0,0,0
15764,GCCTCCCCACAGCCTGGTGCAGG,0,0,0.006087662,0.034478717,0.033924842,442.5,120.8993304,0,-0.086956522,0,0,0,0
15765,GACTTGATTTCATTAGTCTTCAG,0,0,0.022171946,0.020073308,0.019734518,387.5,148.1837718,0,-0.434782609,0,0,0,0
15766,CATGCCCCTCAGGGAAGTTAGAG,0,0,0.015749872,0,0.081669315,455,170.0451981,0.830434783,2.260869565,0,0,0,0
15767,GAGATGTTCTCATTCTTCTCCAG,0,0,0.015540016,0.242694227,0.242694227,522.5,199.6315981,0.330434783,0.369565217,0,0,0,0
15768,CCAGTGCCCAGAGCGGAGCCTGA,0,0,0.007736516,0,0.197596385,555,179.009222,0.5,0.239130435,0,0,0,0
15769,GCCTGAGTTTCTGGATGGATCAG,0,0,0.179508857,0,0.987826301,627.5,214.6542356,0,0.065217391,0,0,0,0
15770,TGGATGGAGGAAAGAGAAGTAAG,0,0,0.167521367,0.895856013,0.895856013,470,191.1145684,0.030434783,0.152173913,0,0,0,0
15771,GGCAGAGAATGAGCACGTGTCAG,0,0,0.067368421,0.410714338,0.40341275,552.5,175.9406997,0,-0.217391304,0,0,0,1
15772,GTGTGGGTGGAGTTTGGTCTAGG,0,0,0.007018717,0.268517165,0.268517165,485,157.736472,0.030434783,0,0,0,0,0
15773,AAATGTGAAGATGAGAGACAAAG,0,0,0.003631082,0,0.028201044,387.5,171.4233786,0,0.043478261,0,0,0,0
15774,TGGATGAATGAATGATGAATTGG,0,0,0,0,0.033986578,485,164.820613,NA,0.130434783,0,0,0,0
15775,TCGGCCTCAGCTCTACTGACCGG,0,0,0.057142857,0.193851576,0.186959075,552.5,189.2888864,0.369565217,-0.043478261,0,0,0,0
15776,GGGAACAACCCAACATCCATCAG,0,0,0.077700078,0,0.07571887,455,174.7835147,0.004347826,0,0,0,0,0
15777,AAATGACCAGAAAAGGAACAGGG,0,0,0.126923077,0,0.145595491,455,183.2315706,0,-0.347826087,0,0,0,0
15778,GGGTGGAGGGAGTTGCCACCAGG,0,0,0,0.009121743,0.008828675,387.5,159.8980385,0.07826087,-0.217391304,0,0,0,0
15779,TAGTCGTTTTCATTTTTCTCTAG,0,0,0.018518519,0.411084498,0.397208228,522.5,203.1766584,0.008695652,0.043478261,0,0,0,0
15780,TGGATGGAGGGATCATGAATGAG,0,0,0,0,0.006115509,290,153.2943058,0,-0.130434783,0,0,0,0
15781,GGGCAGAAAGCATAGACTACAGA,0,0,0.01212522,0,0.297519338,552.5,185.8980161,0,-0.652173913,0,0,0,0
15782,GAATCCTAGCAGAATAAAAACGG,0,0,0.042386185,0.05600939,0.05600939,455,176.6584643,0,-0.347826087,0,0,0,0
15783,TCCACTGGGCCTGGAGGTGGGGG,0,0,0.178021978,0,1.317695783,620,210.8684466,0,-0.130434783,0,0,0,0
15784,GGCTCCCAAAAGCTTGGCCACAG,0,0,0.085968867,0.443035994,0.443035994,530,205.4209984,0.008695652,0.173913043,0,0,0,0
15785,TGGATGGAGGGATGAGCTGGGGG,0,0,0.01349481,0,0.024986266,320,129.422872,0,0,0,0,0,0
15786,AAATGGGAATGGGAGGCACATAG,0,0,0.070634002,0.207676548,0.207676548,460,198.4760954,0.082608696,0.304347826,0,0,0,0
15787,GTGACTGAGGCTGGAGGTGAGAG,0,0,0.050268308,0,0.687682923,552.5,178.1945831,0,-0.369565217,0,0,0,0
15788,CCTGCCTCCATTCTCCTCCCAGA,0,0,0.001125311,0,0.061738132,357.5,163.0231584,0.069565217,-0.086956522,0,1,0,0
15789,CCCTGTTTCTCTGGGGGCATTAG,0,0,0.015873016,0,0.008828675,387.5,159.8980385,0,-0.217391304,0,0,0,0
15790,AAATGAGAAGAAAGGGTCCATGG,0,0,0.038290598,0,0.005678142,290,151.6520505,0.069565217,-0.065217391,0,0,0,0
15791,GGATTCCTTTCTGAAGCATCCAG,0,0,0.023319736,0.07431375,0.07431375,455,172.8393985,0.008695652,0.239130435,0,0,0,0
15792,GAGTCCTGTTAGAAGAAGAAAAG,0,0,0.054534011,0,0.501549463,625,204.7654855,0,-0.565217391,0,0,0,0
15793,TCCATCTATCCAGAGGCAGAAGG,0,0,0.01953125,0,0.061892065,485,168.7803934,0,-0.326086957,0,0,0,0
15794,TTGATGGAGGAATGTGTTGTCAG,0,0,0.004124579,0,0.032020193,387.5,158.3435341,0,0.043478261,0,0,0,0
15795,AATTTGTTTTCATTGTTGTACAG,0,0,0.010694444,0,0.134785853,485,156.1110668,0,-0.043478261,0,0,0,0
15796,GGAGAGTGTGTATGTGTGTGAGA,0,0,0.012962963,0,0.171534106,455,186.0100081,1,0.239130435,0,0,0,0
15797,GCTTCTTTCACACCCACCCCTAG,0,0,0.003873989,0.19582958,0.188866751,485,145.7946637,0.195652174,1.652173913,0,0,0,0
15798,TGGATGGATGGGTGAGGGGTGGG,0,0,0.100148148,0,0.046785459,357.5,175.8707022,0,-0.195652174,0,0,0,1
15799,GACTTTTTTTTTTTGTTATCGAG,0,0,0.009545377,0,0.048671649,357.5,178.0444986,0.426086957,-0.086956522,0,0,0,0
15800,AAATGGGAGGAAGAGCAACAGAG,0,0,0,0,0.035022028,485,175.1796987,0,0.086956522,0,0,0,0
15801,GGCAGGGAGGAATGCGGAGTTGG,0,0,0.064214047,0.411084498,0.397208228,522.5,203.1766584,0.691304348,1.97826087,0,0,0,0
15802,GTCCGTGCGGCTGGAGATGGTGA,0,0,0.008734403,0,0.609583333,552.5,195.8119689,0.017391304,-0.369565217,1,0,0,0
15803,AAGTCAGAGCAGAAGAACGAGGA,0,0,0.01036352,0,0.062473706,485,161.2426828,0.1,0.282608696,0,0,0,0
15804,TGTGTGTGTGTGTGTGGGTGGGG,0,0,0.012834225,0.379196691,0.372455417,552.5,192.9657886,0,0.195652174,0,0,0,0
15805,TGTGTGTGTGTGTGTGGGTGGGA,0,0,0.000891266,0,0.372455417,552.5,192.9657886,0.265217391,-0.630434783,0,0,0,0
15806,GAGTCCCAGAAGAAGGTGAAAGG,0,0,0.015277778,0,0.059597087,485,173.5505458,0.043478261,-0.065217391,0,0,0,0
15807,CCCAGTGACTGTGGATGCATGGA,0,0,0.003149408,0,0.163514241,455,183.5731661,0.017391304,-0.086956522,0,0,0,0
15808,TGTGAGTGTGTGTGTTTGTGAGA,0,0,0,0,0.064062332,485,176.9656827,0,0.130434783,0,0,0,0
15809,TAATGAGAAAATCAGGCACAAAG,0,0,0.033961447,0,0.263598069,425,196.9928426,0.030434783,-0.434782609,0,0,0,0
15810,AAAAGAGAAGAAGAAAAACATGA,0,0,0.014524328,0,0.026676601,412.5,165.8448415,0,-0.282608696,0,0,0,0
15811,ATGAAAACCAGTGAGAACACAGA,0,0,0.01196366,0,0.012784463,417.5,137.5646569,0.02173913,0.130434783,0,0,0,0
15812,TGAGCGTGAGTGTGAGCGTGTGG,0,0,0.206766917,0,0.397208228,522.5,203.1766584,0,-0.043478261,0,0,0,0
15813,GGGATGGAGGAATGAGCAAGTAG,0,0,0.007355031,0,0.084582907,417.5,130.3282891,0.008695652,0.152173913,0,0,0,0
15814,GGAATCCACTCTGCAGCCCATGG,0,0,0.057142857,0,0.07506541,485,149.5794695,0,-0.347826087,0,0,0,0
15815,CCAGTGAGGCAAGCAGAGGCTGG,0,0,0.194211018,0.114246521,0.114246521,427.5,189.8113779,0,0.5,0,0,0,0
15816,GTTGTCCCATAGGGCAGTACGAG,0,0,0.032221776,0,0.642348856,552.5,175.7823437,0,-0.043478261,0,0,0,0
15817,GGAGCAGCGCCTGGAGGTGGAAG,0,0,0.048683128,0,0.749905063,620,211.0206796,0,-0.52173913,0,0,0,1
15818,GGTGTGCAAATGTGTGCGTGTGG,0,0,0.233333333,0.845647429,0.820866552,620,207.4369458,0.417391304,-0.217391304,0,0,0,0
15819,GGAACTGTGGATGGAGGAGGGGG,0,0,0.379166667,0,0.16982371,455,183.9187661,0.008695652,-0.434782609,0,0,0,0
15820,GAACACAGACCACAGACAGCCGA,0,0,0.010721247,0,0.099949861,455,176.1857928,0,-0.369565217,0,0,0,0
15821,GTCCCTGCAGCAGGAGGTGGAGG,0,0,0.115508021,0,0.43009247,522.5,206.4105192,0.017391304,0.043478261,0,0,0,0
15822,TGTGTGTGAGTGTGTGGTTGAGG,0,0,0.014260249,0,0.119478333,485,171.5022357,0,-0.195652174,0,0,0,0
15823,TGCATGTATGAATGGGGAGTAGA,0,0,0.005291005,0,0.165760157,522.5,198.1220173,0,-0.086956522,0,0,0,0
15824,GCTGCTCCATAGCCTGGCCACAG,0,0,0.091273488,0.761576737,0.749905063,620,211.0206796,0,-0.326086957,0,0,0,0
15825,GCCTCCACTGAGCCTGGCAAGGG,0,0,0.107142857,0,0.18198627,552.5,177.1173025,0,-0.108695652,0,0,1,0
15826,TCCTCTTTTCCTCCCACCTTGGA,0,0,0.020254629,0,0.846167111,530,208.7241192,0.091304348,-0.02173913,0,0,1,0
15827,CCAGCTAGTCGGGCGGAGGCTGA,0,0,0.011145405,0,0.374191978,522.5,203.4178591,0,-0.239130435,0,0,0,0
15828,GCTGTGTGAGTGTGTGTGTGTGA,0,0,0.008158508,0,1.213101161,560,197.8855689,0.004347826,NA,0,0,0,0
15829,TGTGAGAGTGTGTGTGCATGAGA,0,0,0.025240384,0,0.129506134,552.5,187.4337056,0,-0.543478261,0,0,0,0
15830,TGAATGGATGTATGAGGAATGGA,0,0,0.006105006,0,0.166760818,455,177.734136,0,-0.217391304,0,0,0,0
15831,CCACGTGTCTCTGGGTGGAGGAG,0,0,0.016676919,0,0.174469742,455,166.4537785,0.047826087,0,0,0,0,0
15832,TGTTAGTGAGTGTGTGTATGGGA,0,0,0.008158508,0,0.119478333,485,171.9169557,0.004347826,-0.108695652,0,0,0,0
15833,TGTGAGTGTGTGAGTGCTTGTGG,0,0,0.276923077,0,0.073380489,455,180.3175658,0.3,0.260869565,0,0,0,0
15834,GGCGCTCGGGCTGGAGGTGGGGG,0,0,0.276227679,0,1.65734355,627.5,214.0434022,0,0.195652174,0,0,0,1
15835,CACCACCCCCACCCCGCCCCTGG,0,0,0.112596763,0,0.526848592,552.5,184.0638631,0,-0.108695652,0,0,1,0
15836,GCCCACCCACTGCCTGGCCACAG,0,0,0.009831853,0.708556299,0.697697198,522.5,205.8162599,0.026086957,-0.347826087,0,0,0,0
15837,ATATGAGAAGGAGAGGCACTGGG,0,0,0.283636364,0,0.828110169,462.5,176.7923164,0,0.065217391,0,0,0,0
15838,AATAACCTCTACATCAACAAGGA,0,0,0.014285714,0,0.099539557,485,176.9520461,0,0.108695652,0,0,0,0
15839,GAGTCAGACCAGAATAAGCATGA,0,0,0.001026273,0,0.046908167,455,168.4992141,0.269565217,-0.934782609,0,0,0,0
15840,GGGTGGGGGCAGAGTGCTCCAAG,0,0,0,0,0.128869072,432.5,194.2697584,0,0.130434783,0,0,0,0
15841,TGTCAGTGTGTGTGAGCGTGTGG,0,0,0.183900929,0.254738974,0.24614019,522.5,200.1595981,0,0.02173913,0,0,0,0
15842,GGGATGGATGGATGAAGAGTTGG,0,0,0.331594203,0,0.092349595,455,191.7217101,0.304347826,-0.347826087,0,0,0,0
15843,GGCTCCTCAGAGCCTGGCCCCAG,0,0,0.018502253,0.438724268,0.438724268,552.5,174.4474829,0,0.173913043,0,0,0,0
15844,GTCTTTTTCCCGCCCACCTGGAG,0,0,0.019115696,0,0.343144014,455,172.8179796,0,-0.673913043,0,0,0,0
15845,CTCAGTGTAGCTGGATGGATGGG,0,0,0.185528757,0.792383078,0.768095474,620,209.1348832,0,0.152173913,0,0,0,0
15846,GATTTGTTTTGTTTGTTTTCAGA,0,0,0.002557664,0,0.083553265,357.5,179.3024826,0,-0.043478261,0,0,0,0
15847,AGTGAGTGAGAGTGCGTGTGTGG,0,0,0.085909091,0,0.090669425,357.5,177.7767837,0,-0.586956522,0,0,1,0
15848,CTCAGCCAGCCAGACACACAGAG,0,0,0.025466789,0.250365773,0.24614019,522.5,199.5048781,0,-0.260869565,0,0,0,0
15849,TGTGAGTGTGTGTCTGTGTGTGG,0,0,0.12,0,0.055495857,455,182.6149239,0,-0.260869565,0,0,0,0
15850,CCAGTGAGTAGAGCTTGTGCAGG,0,0,0,0.004539126,0.004539126,370,141.2951082,0.004347826,-0.086956522,0,0,0,0
15851,GGAGAGAGAGTGTATGTGTGTGG,0,0,0.21875,0,0.058069909,455,183.6635235,0,-0.239130435,0,0,0,0
15852,TGTGAGTGTGTGTCTGTGTGTGA,0,0,0.008333333,0,0.055495857,455,182.6149239,0.030434783,0.065217391,0,0,0,0
15853,GGAGCTGCAGCTGGAGGTGGGGG,0,0,0.348214286,0,1.532325837,627.5,215.0386196,0,-0.065217391,0,0,1,0
15854,GGGCTGGGGGAATGGGGAGTTAG,0,0,0.041720186,0,0.402848101,522.5,201.0195615,0,-0.065217391,0,0,0,0
15855,CCAGTGAGTAGGGCTGGGGCAGG,0,0,0.018207283,0.126081914,0.123183479,365,177.4907669,0,-0.239130435,0,0,0,0
15856,AACTTGTTTTCATTGTTCACTGA,0,0,0.017857143,0,6.505434783,567.5,190.8520001,0.273913043,-0.391304348,0,0,0,0
15857,GACCCCCCCCACCTCGCTCCCGG,0,0,0.130049261,0,0.013161592,387.5,148.2896652,0,0.065217391,0,0,0,0
15858,AAAGTAGAAGCAGAGGCCCAAGA,0,0,0.000992063,0,0.163514241,455,185.384663,0.539130435,0.108695652,0,0,0,0
15859,GGCTGGGGAGAGGTTCCTCCCAG,0,0,0,0.061313554,0.060278726,455,187.9244732,0.956521739,3.565217391,0,0,0,0
15860,GACATAGAAGGAGATTTTTTAGA,0,0,0.001465548,0,0.128747462,425,195.6885907,0.065217391,0.086956522,0,0,0,0
15861,GGTGTGTGAGTGACTGCGGGGAG,0,0,0.006993007,0,0.027303248,357.5,166.0251749,0,-0.108695652,0,0,1,0
15862,GTCATCTGTGTCATGACTTGGAG,0,0,0.003666667,0,0.04591849,455,172.5100478,0.2,-1.02173913,0,0,0,0
15863,CCCATCACTCCATAGACACAAGG,0,0,0.096428572,0,0.67230241,530,205.4176817,0,-0.47826087,0,0,0,0
15864,GGTGAGTGGCTGTGTTCATGGGG,0,0,0,0,0.02714194,485,167.5367241,0.034782609,-0.02173913,0,0,0,0
15865,GAGTCCAAGCAGAAATAGTAAGA,0,0,0,0,0.01490737,387.5,154.5733718,0.769565217,1.130434783,0,0,0,0
15866,TGTGAGTGTGTGTATGGGTGGAG,0,0,0.006862745,0,0.055495857,455,182.6149239,0.313043478,0.130434783,0,0,0,0
15867,CGAATCCCTTCTACAGTATCTGG,0,0,0.142011834,0.078497806,0.078497806,387.5,157.9665685,0,0,0,0,0,0
15868,GGCTCTCTCCTACCCTCCTTGGA,0,0,0,0,0.098005097,455,193.0583096,0,-0.630434783,0,0,0,0
15869,GTGACCGCAAATGACCAGGGGGA,0,0,0.011671335,0,0.106383384,552.5,195.040613,0.060869565,0.086956522,0,0,0,0
15870,GGTGACTGTGTATGTGTGTGGGG,0,0,0.178181818,0,0.100179289,455,184.7520241,0,0.195652174,0,0,0,0
15871,GGCACCAAAGCACATTTTTTCAG,0,0,0.012475634,0.108309217,0.106481213,425,192.8704771,0,-0.695652174,0,0,0,0
15872,GATGGGTGTGTGTGTGTGTGTGA,0,0,0.011846154,0,0.372455417,552.5,192.7257886,0,-0.173913043,0,0,0,0
15873,GTCTTCTTAGTCATTTCTGGTGA,0,0,0,0,0.01681386,417.5,144.8666409,0,0.217391304,0,0,0,0
15874,CACATGCATCCTGAGACACTGGG,0,0,0.072727273,0,0.207602129,455,172.3203156,0.895652174,1.934782609,0,0,0,0
15875,AAAAGAGAAGCTGAGGCACAGGG,0,0,0.063492063,0,0.729696203,432.5,205.5802158,0.008695652,0.239130435,0,0,0,0
15876,GGCACTGGGGCTGGAAGAGCCAG,0,0,0.047619048,0,0.021131343,417.5,136.2508239,0.008695652,0.217391304,0,0,0,0
15877,TTCATCTTTGTCATTACCTAAAG,0,0,0.145833333,0,0.911667232,560,179.3026197,0,-0.543478261,0,0,0,0
15878,GGTGAGTATGAGTGTGAGTGTGG,0,0,0.21,0,0.186788635,455,184.9242079,0,0.065217391,0,0,0,0
15879,GGGGGTGCGGCTGGTGGTGGGAG,0,0,0.009722222,0,0.397208228,525,202.3030584,0,-0.130434783,0,0,0,0
15880,GACTCCGTGCAAAAAAAGAAAGA,0,0,0.010055304,0,0.195426448,425,193.649061,0,1.608695652,0,0,0,0
15881,AAGTCCGAGCAGGAGGTGAAAAG,0,0,0.003901895,0.041310718,0.040576305,387.5,171.4261425,0,0,0,0,0,0
15882,AGGATGGAGGAATGGGAAGTGAG,0,0,0.15728395,0,0.345753086,462.5,185.2068674,0,-0.347826087,0,0,0,0
15883,GCCTCCGCACAACCAGGCCAGGA,0,0,0.005886175,0,0.113212556,425,189.9019608,0,-0.282608696,0,0,0,0
15884,GAACACAGAGAGTAGACTGATGG,0,0,0.198611111,0,0.171159366,357.5,165.016399,0.004347826,0.130434783,0,0,0,0
15885,AAATGAGAAGAAAGGGCAAGGAG,0,0,0.036601307,0,0.010338516,290,130.175895,0,-0.043478261,0,0,0,0
15886,GAGTCCGAGAAAATGAAGAAGAG,0,0,0.111846365,0.163833549,0.163833549,432.5,196.0529785,0,-0.043478261,0,0,0,0
15887,AGATGATATGAAGAGACACAGGA,0,0,0.019047619,0,0.107893899,552.5,195.328613,0,0.065217391,0,0,0,0
15888,CCTCCCTCCTCTCTCCTCTCTGG,0,0,0.063168449,0.123105465,0.123105465,455,168.3796421,0.004347826,-0.065217391,0,0,0,0
15889,AGATGATATGAAGAGACACAGGG,0,0,0.274285714,0,0.107893899,552.5,195.328613,0,-0.152173913,0,0,0,0
15890,AAAAGAAAAGAAAAGACACAAAG,0,0,0.113960114,0,0.068338689,455,189.1554728,0,-0.413043478,0,0,0,0
15891,GTCACCTTCCATGGCAAGGGGAG,0,0,0.03208006,0.033235996,0.032217268,455,182.1808361,0,0,0,0,0,0
15892,TGTGTGTGTGTGCGTGCGTGAGA,0,0,0.011961722,0,0.355433782,522.5,204.4525791,0.256521739,0.239130435,0,0,0,0
15893,GAGGAAGAGCAGAACAAGAAAGA,0,0,0.006280921,0,0.23197741,525,201.0450744,0.047826087,0.260869565,0,0,0,0
15894,GGGCCCGAGCAGAAGCAGGATAG,0,0,0,0.088947581,0.085785,485,170.0499742,0.004347826,-0.413043478,0,0,0,0
15895,AATTGAGCAGAAGATACACAGAG,0,0,0.011204482,0,0.068319815,455,184.0767356,0,0,0,0,0,0
15896,GGCCCACTCCACTCCGTCTCCGG,0,0,0.242666667,0,0.142724794,455,186.6885844,0,-0.043478261,0,0,0,1
15897,AGATGAGAAATTGAGGCACAGGG,0,0,0.076581197,0,0.359810011,460,200.0220794,0.013043478,0.152173913,0,0,0,0
15898,TCCATCCCTGCTGCAGCACCCAG,0,0,0.038461538,1.299248042,1.299248042,622.5,213.4402636,0,-0.086956522,0,0,0,0
15899,AGATGAGAAATTGAGGCACAGGA,0,0,0.005318139,0,0.359810011,460,200.0220794,0,-0.086956522,0,0,0,0
15900,AGCGTGTGAGTGTATGCGTGGGG,0,0,0.105194805,0.224627092,0.220835918,522.5,205.7444954,0,-0.5,0,0,0,0
15901,AAAAGAGGAGGACAGGCACAGAG,0,0,0.024777994,0.307297816,0.307297816,425,199.4971788,0,-0.47826087,0,0,1,0
15902,ATGAAATGCAGTGAGAAGAGAAG,0,0,0.06155303,0,0.101685739,555,194.6425924,0.004347826,-0.043478261,0,0,0,0
15903,GGCTCCACAGAGCCTGGCCTTGA,0,0,0.012077295,0,0.438724268,552.5,174.4474829,0,-0.02173913,0,0,0,1
15904,AAGAGAGAAAAAAAGGCACATGG,0,0,0.25071225,0.511018119,0.502808992,522.5,203.307343,0.12173913,-0.260869565,0,0,0,0
15905,GACAGCGAAGCCTTCCCCATAGA,0,0,0.019259259,0,0.17912637,425,198.2224954,0,0.282608696,0,0,0,0
15906,CTCTTCATAGTCATTATCTGAGA,0,0,0.01288931,0,0.416345417,552.5,194.9571081,0.926086957,-0.282608696,0,0,0,0
15907,CTTTACCCACTGGGCACTAAGAG,0,0,0.003900239,0.326702656,0.321188687,455,189.8218852,0.004347826,0.282608696,0,0,0,0
15908,AAAAGAGAAGAACATTCACAAGG,0,0,0,0,0.026815181,357.5,177.331632,0.030434783,0.130434783,0,0,1,0
15909,CAGATGGAGAAATGGGGAGTGGG,0,0,0.44,0.383984607,0.371023101,522.5,199.761242,0,-0.217391304,0,0,0,0
15910,AAGTAAGAAGCAGAGGCACAGAG,0,0,0.054924554,0,1.46235865,530,212.3535963,0.695652174,1.130434783,0,0,0,0
15911,AAAAAAAAAGAAGAAGCACATGG,0,0,0.388422036,0,0.261885241,522.5,200.4478776,0.386956522,-0.326086957,0,0,0,0
15912,GAGGTGTTTTCTTTCTTCTCAGA,0,0,0.001972854,0,0.195426448,425,195.875278,0.308695652,0.652173913,0,0,0,0
15913,TAGGGAGCAGAAGAGGCACATGA,0,0,0.011367394,0,1.345833333,620,214.698583,0,-0.02173913,0,0,0,0
15914,AAAGAAGAAGAAGAAGCAGATGA,0,0,0.004425381,0,0.133665,455,172.0830585,0.013043478,-0.152173913,0,0,0,0
15915,GTGATGCAGGAATGAAGAGTCAG,0,0,0.108494364,0,0.186003667,552.5,199.2883933,0,-0.369565217,0,0,0,0
15916,AAATGTTTTTCATTGTTCTCCAG,0,0,0.086281481,0.801938915,0.778438874,620,215.597696,0.134782609,-0.152173913,0,0,0,0
15917,GCCTTGTTTTCTTAATTCTCCAG,0,0,0.039561504,0,0.029531989,327.5,185.3976933,0,-0.608695652,0,0,0,0
15918,CTGGGCACACAGGGCAGCAAAGG,0,0,0.096428572,0.208990259,0.208990259,552.5,189.5771659,0,-0.239130435,0,0,0,0
15919,GGTAGTGGAGCTGGAGGTGGGAG,0,0,0.044196429,0,0.822304167,620,210.3240827,0,0.108695652,0,0,0,0
15920,GTGTGGGGTGAGTCTACTCCTGG,0,0,0.096969697,0.02435989,0.023537615,455,186.0726091,0,-0.152173913,0,0,0,0
15921,AATTTGGAAGAAGAGGCAAATGG,0,0,0.06482593,0.302904303,0.297519338,552.5,184.8496961,0,0.043478261,0,0,0,0
15922,ACAGTGAGAAGAGGTGAGGCGAG,0,0,0,0,0.036674888,425,189.3940134,0,0.173913043,0,0,0,0
15923,GATTTTTTTTTATTGTTCTGTGA,0,0,0.000576085,0,0.218591708,455,173.5183324,0,-0.086956522,0,0,0,0
15924,CCAGTGAGTATAAAGCAGGCAGA,0,0,0,0,0.007183083,260,174.5429852,0.017391304,0.108695652,0,0,0,0
15925,GGGGGTTGGGAGTTTTCTCCTGA,0,0,0,0,0.106834384,552.5,196.8688093,0,-0.065217391,0,0,0,0
15926,CCCAGCCATTCAGAGAGTCAGGG,0,0,0.017716263,0,0.104467922,485,166.5104992,0.013043478,0.304347826,0,0,0,0
15927,GGACTCCCTTCTGGAGGGCCAGA,0,0,0,0,0.016900891,387.5,160.277771,0,-0.173913043,0,0,0,0
15928,AAATGCGAAAAAGAGGAAAAGAG,0,0,0.021997755,0,0.1015764,485,160.6881686,0,-0.086956522,0,0,0,0
15929,GAGTCCCAGAAGTAGAAGCAAGG,0,0,0.036982759,0,0.1152679,455,171.5777623,0.947826087,1.586956522,0,0,0,0
15930,GGCAGTGGCGGTGGAGGTGGCAG,0,0,0.013461538,0,0.462858836,522.5,204.621999,0.034782609,-0.086956522,0,0,0,0
15931,TGTGTGTGTGTGTGTGCATGAAG,0,0,0.039160839,0,0.189613667,552.5,188.5285664,0.02173913,-0.282608696,0,0,0,0
15932,AAAGCCCAGCAGAAGAAGAAGAG,0,0,0.075195312,0,0.919204167,620,215.4152192,0,0.239130435,0,0,0,0
15933,GCTGGGTGTGTGTGTGTGTGTGG,0,0,0.139569231,0.372455417,0.372455417,552.5,192.7257886,0.052173913,-0.282608696,0,0,0,0
15934,GACTAATATTCATTGATCTCCAG,0,0,0.094276094,0.153823133,0.148881024,552.5,195.7374532,0,0.195652174,0,0,0,0
15935,GGTGGGTGTGTGTGAGCCTGTGA,0,0,0.008270677,0,0.048243477,455,174.3215448,0.030434783,-0.152173913,0,0,0,0
15936,CCATGTGGCCCTGGATGGAGTGG,0,0,0.059816993,0,0.599576987,552.5,173.4428467,0,-0.239130435,0,0,0,0
15937,CCAGCTTCCTGTCTACTCACCGG,0,0,0.134725765,0.429357699,0.41619731,522.5,205.6641959,0,0,0,0,1,0
15938,GCCTCATTTCCTCCCACTTTCAG,0,0,0.04212963,0.053582662,0.053582662,455,180.3148019,0.004347826,-0.217391304,0,0,0,0
15939,GAGTCACAGCAGCAGGAGAAGGA,0,0,0.001794852,0,0.039352381,455,188.2430888,0,-0.826086957,0,0,0,0
15940,TGGGGAGAGGAAGGAGGAGTAGG,0,0,0.104347826,0.334982304,0.334982304,525,205.7527755,0.026086957,-0.391304348,0,0,0,0
15941,GCCACTTGGGCTGGAGTTGGGGG,0,0,0.063579278,0,0.416345417,552.5,192.4908912,0.62173913,-0.239130435,0,0,0,1
15942,GATTTGTTTTCATTATACTATAG,0,0,0.044734931,0.069647195,0.067170851,387.5,146.3412674,0,-0.434782609,0,0,0,0
15943,CCCTGTGTTTCTGCTTGGAAAGG,0,0,0.0421875,0.015039596,0.014556396,357.5,152.2564135,0,-0.108695652,0,0,0,0
15944,AATGAGTGAGTGTGTGAGTGAAG,0,0,0.092136752,0,1.290123457,560,199.1738889,0.052173913,0.130434783,0,0,0,0
15945,AGTGAATGAGTGTGTGAATGAGA,0,0,0.020192308,0,0.072284392,485,171.0045717,0.039130435,-0.130434783,1,0,1,0
15946,GACTTCTTTCCATTGTTCGCGGG,0,0,0.090909091,0,0.52188919,560,182.8742796,0,-0.47826087,0,0,0,0
15947,TGGATGGAGGAAGAGGGAGAGGA,0,0,0.004967731,0,0.008795944,295,146.7168733,0.069565217,-0.5,0,0,0,0
15948,GAGATGTGAGTGTGTGCGTGTGA,0,0,0.009615385,0,1.286675824,625,216.27008,0.256521739,-0.347826087,0,0,0,0
15949,AATTGATAAGAAAAGGCAAAGGA,0,0,0.011081356,0,0.129984477,455,176.0414987,0.1,-0.065217391,0,0,0,0
15950,GTTGTGTGCGTGTGTGTGTGGGG,0,0,0.061707989,0.372455417,0.372455417,552.5,192.7257886,0.104347826,0.065217391,0,0,0,0
15951,TGTGAGTGTGTGTGTGGGGGGGA,0,0,0.000612745,0,0.123933228,485,163.5061086,0.008695652,-0.217391304,0,0,0,0
15952,TGGTCTGGGGAGTTTGCCCCCAG,0,0,0.058201058,0,0.187751667,552.5,190.7023627,0,-0.086956522,0,0,0,0
15953,CCTGCCTCCACCCTACCCAGCAG,0,0,0.009518606,0.105781642,0.104082339,387.5,148.3684521,0.013043478,0.239130435,0,0,1,0
15954,AAATCAGAAAATGAGCCACATGA,0,0,0,0,0.111508688,455,187.9154172,0,0.739130435,0,0,0,0
15955,GGCCCTGTGGATGGAGGTGGGGA,0,0,0.016084559,0,1.411646586,530,210.1964993,0,-0.195652174,0,0,0,0
15956,GGGTAGGGACAGTTTGCTGCCGG,0,0,0.027857143,0.275759692,0.266451348,552.5,178.2121633,0.486956522,0.02173913,0,0,0,1
15957,GTCTCCTTAAATTACTAGGGAGG,0,0,0.143181818,0.338304443,0.338304443,522.5,201.7674822,0,-0.739130435,0,0,0,0
15958,GAATTCAAAGCATAGATAGCAAG,0,0,0.023464272,0,0.113428797,485,170.6286357,0.308695652,-0.173913043,0,0,0,0
15959,GAGACTTCGGCTGGATGTGGCGG,0,0,0,0,0.174113559,552.5,198.7603933,0.034782609,-0.326086957,0,0,0,0
15960,TACCCCCACCACCCCACCCCAAG,0,0,0.057215836,0,0.090617958,485,168.0637572,0.673913043,0.195652174,0,0,0,0
15961,AATGGAGAAGAAGAGGCATAAGG,0,0,0.20361991,0,1.040777778,560,188.2504001,0.247826087,0.239130435,0,0,0,0
15962,ATTGAGTGTGTGTGTGTGTGTGA,0,0,0.011136364,0,0.372455417,552.5,194.0141086,0,-0.086956522,0,0,0,0
15963,CCCATCCATCCAGGATCACATGG,0,0,0,0.015933794,0.015933794,400,177.2653679,0,0.043478261,0,0,0,0
15964,GAATGAGAAAAAGAGAGACATGA,0,0,0.003812636,0,0.096565315,485,175.9337266,0.008695652,0.195652174,0,0,0,0
15965,GATCCCCTCCACCCTTCCCCAGG,0,0,0,0,0.022668515,387.5,156.4285526,0,-0.543478261,0,0,0,0
15966,GGCTCTGCAGCTGGTGGTCGTGA,0,0,0.002547022,0,0.081669315,455,169.4115981,0.060869565,-0.130434783,0,0,0,0
15967,TGGATGGAGCAATGGGGATAGGA,0,0,0.006770833,0,0.046387029,387.5,132.1156421,0,-0.173913043,0,0,0,0
15968,GACCCAGCCTGAGCCCATGAGAG,0,0,0.023931624,0,0.163368333,455,180.6670504,0.947826087,0.260869565,0,0,0,0
15969,GACTTGTTTGTTTGGTTCTCAGG,0,0,0,0.049625692,0.048898576,362.5,188.6228948,0.726086957,1.152173913,0,0,0,0
15970,GGGATTGGGGCAGGAGGTGGGGA,0,0,0.011363636,0,0.694060843,522.5,206.5677626,0,-0.086956522,0,0,0,0
15971,AAAGAAGAAGAAGATGCACAGAG,0,0,0.020061728,0,0.75437037,530,204.0310584,0,-0.413043478,0,0,0,0
15972,GTCACCCATGTCCTCCCCAGCAG,0,0,0.022875817,0.476356426,0.476356426,552.5,178.1508993,0,-0.239130435,0,0,0,0
15973,CCTGCTTTTGCTCTATTCACTGA,0,0,0.015190972,0,0.090966306,552.5,193.0659928,0.134782609,-0.282608696,0,0,0,0
15974,GAGCCACTGCACCCAGCCTCCAG,0,0,0.016558887,0,0.146830007,522.5,198.7192141,0.052173913,0.065217391,0,0,0,0
15975,CCCAGTGTCTCTGGCAGGAGAGG,0,0,0.02083478,0.030985742,0.030434884,387.5,149.6933526,0,NA,0,0,0,1
15976,GAGCCCCTGCACTCAGCCTCAGA,0,0,0.003343621,0,0.093922666,425,191.0058775,0,0.173913043,0,0,0,0
15977,AGTGAGTGAGACTGTGCTTGAAG,0,0,0.061764706,0,0.08473962,357.5,179.8304826,0,0.413043478,0,0,0,0
15978,GAGTGCTTTTCATTGTTCTTTAG,0,0,0.016969697,0.408379077,0.393858933,552.5,178.4600961,0,-0.413043478,0,0,0,0
15979,GGGTGAGAGGAGTTTGTTCCTAG,0,0,0.120987654,0.673603501,0.655640741,560,194.528088,0,0.086956522,0,0,0,1
15980,CCCAGAGTCTCTGAATCGATAGG,0,0,0.072829132,0,0.052168566,455,183.9151203,0,0.239130435,0,0,0,0
15981,AAGTCATAGCAGAAGAAGGAGAG,0,0,0.046428571,0,0.217701741,552.5,184.2828353,0,-0.630434783,0,0,0,0
15982,ACCAACTCCAGTGTGTAGAGGGG,0,0,0.076923077,0.150830932,0.150830932,522.5,204.4096346,1,0.586956522,0,0,0,0
15983,GTCACCTCCATTTTCCAGGGAAG,0,0,0.008509022,0,0.007183083,260,174.5429852,0,0.434782609,0,0,0,0
15984,ATCTGTGTCTCTGAATGGGTAGA,0,0,0.017755682,0,0.07850044,455,176.5728154,0.913043478,-0.326086957,1,0,1,0
15985,AAATGAGAAGAAATTCCACATAG,0,0,0,0,0.003468588,330,166.5660474,0,-0.347826087,0,0,0,0
15986,TGTATGTGAGTGTGTGCGTGTGG,0,0,0.327272728,0,2.426564496,627.5,218.23808,0,0.152173913,0,0,0,0
15987,GTAATCCCCTCTGCTGCTCCCAG,0,0,0.015229215,0.051736218,0.050816463,455,175.3698648,0.043478261,-0.130434783,0,0,0,0
15988,GAGCCCCTGCACCCAGCCTTGGG,0,0,0.020634921,0,0.106601012,455,163.3675981,0,-0.260869565,0,0,0,0
15989,CTTTCCCCACAGGTCAGAGAGGG,0,0,0.024242424,0.014565495,0.014565495,387.5,150.5158821,0.2,-0.086956522,0,0,0,0
15990,TGTGAGTACCTGTGTGCGTGTGG,0,0,0.228571428,0,0.805112123,622.5,207.1486663,0.052173913,0.413043478,0,0,0,0
15991,GGTGGGTGGGTGTGTGTGTGGGG,0,0,0.224,0,0.699446792,560,194.1657886,0.039130435,-0.456521739,0,0,0,0
15992,AACTGAGAAGAAGAGGCCCAGGA,0,0,0.005668934,0,2.62276,567.5,195.6486667,0,-0.02173913,0,0,0,0
15993,GAATCAAAAGAAGAGGGACAAGG,0,0,0.046218487,0.42388108,0.416345417,552.5,194.5423881,0,-0.043478261,0,0,0,0
15994,CGTGAGTATGTGTGTGCATGCAG,0,0,0.076923077,0,0.189613667,552.5,186.7170694,0.013043478,0.173913043,0,0,1,0
15995,AATTTATTTTCATTGTTCTTTAG,0,0,0.048125,0.424010813,0.416048168,552.5,179.7484161,0,0.47826087,0,0,0,0
15996,GGGGTGGAGGAAAGAGAAGTGGG,0,0,0.386287625,0.240178592,0.23590875,455,187.8409684,0,-0.630434783,0,0,0,0
15997,CTTGCCTCCCAGGGCAGCCAGGG,0,0,0.041168191,0.038728891,0.038728891,485,156.6857056,0.12173913,0.065217391,0,0,1,0
15998,GGAAGGGAGGAATGAGAAGTTAG,0,0,0.111098228,0,0.601049167,552.5,196.3975689,0,0.02173913,0,0,0,0
15999,ATTGATGACTAAATCCTCAAAAG,0,0,0.058851823,0,0.290868511,522.5,207.0747348,0,-0.47826087,0,0,0,0
16000,TGGATGGGGGTTTAAGGAGTGAG,0,0,0.014624881,0,0.05553397,327.5,190.5148142,0,-0.891304348,0,0,1,0
16001,AAAGGAGAAGAAGGTGCAAAAGG,0,0,0.017857143,0,0.019916085,357.5,161.7321938,0.482608696,-0.260869565,0,0,0,0
16002,TGGATGGGAGAGTGAAGAGTGGA,0,0,0.02364418,0,0.070574714,455,187.1358764,0,0.304347826,0,0,0,0
16003,GGCACTTGGGATGGTGGTGGTGG,0,0,0.055102041,0,0.13866372,425,193.279897,0,0.347826087,0,0,0,0
16004,GCAATTGCAGCTGGAGGTGGGAG,0,0,0.063636364,0,0.822304167,620,213.1838996,0,-0.239130435,0,0,0,0
16005,GGAACCCCGTCTGCAGCACCAGG,1,0.263230499,0.619047619,3.673734177,3.673734177,635,216.3518996,0,-0.260869565,0,0,0,0
16006,GAAAGGTTTTCTTTGTTCTCTGG,0,0,0.088042328,0.694060843,0.694060843,525,208.7939796,0,0.326086957,0,0,0,0
16007,GACATGTTTTCAATTTTCTTGGG,0,0,0.014128728,0,0.068478489,357.5,157.482458,0,-0.086956522,0,0,0,0
16008,TGGAGGGGAGAATGAAGAGTTGG,0,0,0.301714286,0,0.15035753,552.5,193.5636568,0,-0.195652174,0,0,0,0
16009,ATGAACATCAGTGACAAGTGCAG,0,0,0.030285371,0.021464048,0.02077444,387.5,153.8567356,0,-0.108695652,0,0,0,0
16010,TGTATGGAGGAAAAAGGACTAGA,0,0,0.008081896,0,0.028356789,357.5,166.7854949,0,0.043478261,0,0,0,0
16011,TGGATGGAGGAGATAGGAGTGGG,0,0,0.133333333,0,0.065816084,370,191.5453944,0.182608696,-0.934782609,0,0,0,0
16012,GGGGCCAGGCAGAAGAAGAATGG,0,0,0.366666666,0.932255747,0.932255747,620,212.6034022,0.3,-0.108695652,0,0,0,0
16013,ACATGGGCAGAAGAGGCAGAAAG,0,0,0.007794785,0.312867944,0.30174375,552.5,183.3261991,0.269565217,0.391304348,0,0,0,0
16014,TGGATGGTGAAAGGAGGAGGCAG,0,0,0.004774084,0.223415437,0.223415437,455,164.4715262,0,-0.47826087,0,0,0,0
16015,AAATACAAAGCTTAGAATGCTGA,0,0,0.007777778,0,0.299915,455,189.6241885,0,-0.217391304,0,0,0,0
16016,AACACTAGAGAGTAGAATGGTGG,0,0,0.517346939,0,0.041929522,485,167.0447913,0,0.195652174,0,0,0,0
16017,GACATGTTTTCATTATTCAATGA,0,0,0.004446223,0,0.055738305,387.5,136.2337786,0.126086957,0.195652174,0,0,0,0
16018,GGTGAGGGTGTGTGTGCGTGCAG,0,0,0.091503268,2.278433046,2.278433046,635,215.2570388,0,-0.043478261,0,0,0,0
16019,TGGATGGAGGTCTGAGCAGGGAG,0,0,0.000871667,0,0.062720628,290,147.1301049,0,-0.47826087,0,0,0,0
16020,GAGTCTGAGCATCAGAAGATAAG,0,0,0.011695906,0.074728607,0.072206123,357.5,163.0609951,0.008695652,0.02173913,0,0,1,0
16021,TGTGAGTGTGTGTGTTTGTGTAG,0,0,0,0,0.064062332,485,176.9656827,0,-0.02173913,0,0,0,0
16022,GGCACAGCAGGTGGGGGTGGGGG,0,0,0.090535714,0,0.078664699,425,193.0171304,0,-0.630434783,0,0,0,0
16023,GTCCCAGTCTGAGCAGGTGTGGG,0,0,0.025174825,0,0.119960915,485,161.4341572,0,-0.282608696,0,0,1,0
16024,AGAGGAGAAGGAGAGGCTCAAAG,0,0,0.04212963,0,0.172235,455,186.432983,0,-0.239130435,0,0,0,0
16025,CAACCCCCCCACCCCGCTTCAGG,0,0,0.397959184,0,0.305988667,552.5,190.1488498,0.77826087,-0.152173913,0,0,0,0
16026,AAAAGAAAAGAAGAGGCACCAGA,0,0,0.007515632,0,0.954393122,560,180.0056193,0,-0.413043478,0,0,0,0
16027,GGAACTGCTGCAGGATGTGGCAG,0,0,0,0,0.076633419,455,189.7076933,0.008695652,-0.195652174,0,0,0,0
16028,GGCTGTGTCCCAACCACCTTGGG,0,0,0.094432422,0,0.378170105,522.5,205.7891787,0,0.739130435,0,0,0,0
16029,TACACCCCACAGCCTGGCCAAAG,0,0,0.029928919,1.317695783,1.317695783,620,213.0946636,0.426086957,0.086956522,0,0,0,0
16030,AAATGTGAATAAGAAACACAGGA,0,0,0.037931839,0,0.036748005,455,180.9268321,0.060869565,-0.260869565,0,0,0,0
16031,GGGTCAGAGCAGAGGAAGGAGGA,0,0,0.009027778,0,0.044959819,455,174.7868314,0,-0.152173913,0,0,0,0
16032,GTCTTGTTTTAAGTGTTCCCAAG,0,0,0.01017673,0,0.107124019,357.5,172.4825958,0,-0.02173913,0,0,0,0
16033,GACACTGAGGCTGGGTGTGGTGG,0,0,0,0,0.069289873,455,184.3647356,0,0.304347826,0,0,0,0
16034,GACTGCTGTTAATTGTTCTCCAG,0,0,0.062222222,0,0.458313578,522.5,206.7957953,0,-0.043478261,0,0,0,0
16035,AAAGGACAAGAAGTGGCACTGGA,0,0,0.009548611,0,0.067191662,455,167.1664346,0.047826087,-0.217391304,0,0,0,0
16036,AGTGAGTGAGTGGATGAGTGAAG,0,0,0.021304348,0,0.035150404,357.5,177.0753837,0,-0.086956522,0,0,0,0
16037,AAATGACAAGAAGAGACAAAAGG,0,0,0.294642857,0,0.110030338,492.5,169.9803934,0,-0.065217391,0,0,0,0
16038,GGGTTGGGGATGTTTGCTTCAGA,0,0,0.002761341,0,0.242030275,455,175.9418599,0.108695652,0.217391304,0,0,0,0
16039,GGGTAGGGGGAGGTTGGTTCAGG,0,0,0.006138107,0.073013243,0.070548661,387.5,156.6782485,0.047826087,0.456521739,0,0,0,0
16040,AAATTAGAATAGGAGACACAGGG,0,0,0.176041667,0,0.111508688,455,187.9154172,0,-0.217391304,0,0,0,1
16041,GAGTCCGAGAAAATGAAGACTGA,0,0,0.006808829,0,0.040281217,357.5,157.7153786,0,-0.217391304,0,0,0,0
16042,TGGATGGAGGAAAGAAAGGTTGA,0,0,0.017948718,0,0.006554634,345,146.0028092,0,0.02173913,0,0,0,0
16043,GCCCCTTTCGCACCCACTTAGAG,0,0,0.023590686,0.121342896,0.119185689,485,150.7737304,0,-0.217391304,0,0,0,0
16044,GTCTTGTTTTCACTGTTTTATAG,0,0,0.04784689,0,0.052902764,387.5,146.8997463,0.286956522,0.065217391,0,0,0,0
16045,CTTACCCCACAAGGTAGTTATGA,0,0,0.002094017,0,0.06576318,357.5,165.655278,0.995652174,1.739130435,0,0,0,0
16046,CCTGGGAGGAGAGCAGAGGCAGG,0,0,0.26321305,0,0.242694227,522.5,199.2168781,0.326086957,0.847826087,0,0,0,0
16047,GGTGTGTGTGTGTGCGCGTGCAG,0,0,0.015426997,0,0.460920296,530,200.9448781,0,-0.195652174,0,0,0,0
16048,GCCCCCCCCAAGCCTGGACACGG,0,0,0.199095022,0.37734063,0.37734063,560,190.1432864,0,0.043478261,0,0,0,0
16049,TGTGTGTGTGTGTATGCGTGAGA,0,0,0.011363636,0,0.136846598,522.5,202.312715,0.026086957,0.108695652,0,0,0,0
16050,TGTGCGTGTGTGTGTGAGTGTGA,0,0,0.009722222,0,0.372455417,552.5,192.9657886,0,-0.413043478,0,0,0,0
16051,GGCACTCTGGCTGGACGTGGTGG,0,0,0,0,0.313930239,560,197.6285764,0,0,0,0,0,0
16052,GGTAGTGGGGTTGGAGGTGGTAG,0,0,0.021153846,0,0.7469375,522.5,208.0537793,0,0.043478261,0,0,0,0
16053,TGTGCGTGTGTGTGTGAGTGTGG,0,0,0.14,0,0.372455417,552.5,192.9657886,0.039130435,0.260869565,0,0,0,0
16054,GGAAGCGCGGCTGGAGGTTGGGG,0,0,0.315151515,0,0.297519338,552.5,184.8496961,0,0,0,0,1,0
16055,AAATGAGAAGCAGAGGCTGGAGA,0,0,0.001327614,0,0.020443309,345,119.6609832,0,0.086956522,0,0,0,0
16056,GTTATCTTAGGGATTACCTGTGA,0,0,0.008487654,0,0.719480456,432.5,205.9258158,0,-0.586956522,0,0,0,0
16057,TGTGAGTGTGTGTGTGTGTTCGG,0,0,0.196,0,0.164063988,485,157.1165087,0,0.152173913,0,0,0,0
16058,GGTGAGTTTGTGTGTGGGTGTGG,0,0,0.022058823,0.644944444,0.628616737,560,192.3542916,0.069565217,0.130434783,0,0,0,0
16059,AGGTGGGAGCAGAAGAAGAAGGG,0,0,0.216,0.813325472,0.789491758,620,215.885696,0.269565217,-0.282608696,0,0,0,0
16060,AAATGAGCAAATCAGGCACACGG,0,0,0.056140351,0.235746198,0.228837884,425,193.8930256,0,-0.173913043,0,0,0,0
16061,GGTGAGAGAGAGTGAGTGTGTGA,0,0,0.012312683,0,0.055958329,357.5,175.3936029,0.404347826,-0.608695652,0,0,0,0
16062,AATTACCTCTACATAGTCAAAGA,0,0,0.00037,0,0.069289873,455,183.7311356,0.043478261,-0.5,0,0,0,0
16063,GGTGGGTGTGTGTGTGTGAGAGA,0,0,0.004,0,0.111383028,485,162.2177886,0.073913043,-0.152173913,0,0,0,0
16064,AAAGGAGAAGAAGAAGCATTGGG,0,0,0.162895928,0,0.055738305,387.5,136.2337786,0,-0.173913043,0,0,0,0
16065,TCCTCTTTCCCTCCATCCTTGGA,0,0,0,0,0.035908784,357.5,179.9884521,0,0.152173913,0,0,0,0
16066,AACCCCCGCCTCCCCGGCTCAAG,0,0,0.003097034,0,0.33831875,455,188.8839883,0,NA,0,0,0,0
16067,GATGTGTGTGTGTGCGCGTGTAG,0,0,0.013053613,0.250365773,0.24614019,522.5,199.5048781,0,0.086956522,0,0,0,0
16068,CACATCCATCCAGGTCCACACAG,0,0,0,0,0.010324191,392.5,175.8253679,0.143478261,0,0,0,0,0
16069,GCCATCTCCAATAAATAGGGAGA,0,0,0.007770008,0,0.155902215,425,193.9653379,0,-0.391304348,0,0,0,0
16070,AGGAGGGAGGAAGGAGGAGCAGG,0,0,0.015177866,0,0.26991206,455,171.2747595,0.043478261,-0.02173913,0,0,1,0
16071,AGGAGGGAGGAAGGAGGAGCAGA,0,0,0.001054018,0,0.26991206,455,171.2747595,0,0.043478261,0,0,1,0
16072,TGGATGGAGGGGTGAGGGGCTGG,0,0,0.017070707,0,0.031930501,290,142.6928826,0,-0.47826087,0,0,0,0
16073,GAATCAGAGGAGAAGAAAAATGA,0,0,0.013020833,0,0.170498415,552.5,186.4709463,0,0.152173913,0,0,0,0
16074,CGCCCTGGGGCTGGGGGTGGAGG,0,0,0.105342137,0,0.402848101,522.5,201.0195615,0,-0.065217391,0,0,0,0
16075,TGCACTGTTGCTGGTGGTGGTGG,0,0,0.093333333,0,0.24614019,522.5,197.9333811,0,-0.173913043,0,0,0,0
16076,CCCATCCAGTCAGACCCACAGGA,0,0,0,0,0.035406129,455,178.7530358,0.104347826,0.173913043,0,0,0,0
16077,GGTGCTTGTGTGTGTGTGTGTGA,0,0,0.006481481,0,0.213926133,552.5,191.1798046,0.008695652,0.239130435,0,0,0,0
16078,GGTGTGTGTGTGTGTGCACGAGA,0,0,0.002893658,0,0.056704087,485,157.7805664,0.956521739,-0.630434783,0,0,0,0
16079,AGATGGGAAGAAGAGACACTGGG,0,0,0.342857143,0,0.072576354,485,162.7479902,0.556521739,0.065217391,0,0,0,0
16080,GAATTCAAAGCATGGATTGCCAG,0,0,0.016424991,0,0.086229035,455,184.4127843,0,1.673913043,0,0,0,0
16081,GTCACATGGGCTGGAGGTGGGGA,0,0,0.014069264,0,0.564014727,622.5,211.6910182,0.013043478,2.130434783,0,0,0,0
16082,AATCACCACTCCATCCTAACAAG,0,0,0.006718771,0,0.071821995,387.5,149.5353831,0.108695652,0.130434783,0,0,0,0
16083,CCTGCCTCCTCTGTCCTCCCAGA,0,0,0.000434151,0,0.043049833,357.5,159.7539215,0,-0.673913043,0,0,0,0
16084,CCCAGCCAGGCAGACACACAGGA,0,0,0.00291807,0,0.215770049,522.5,194.7531417,0.039130435,0.217391304,0,0,0,0
16085,GGCCCTGGGACTGTAGGTGGGGA,0,0,0.003921569,0,0.196336672,522.5,198.595662,0.643478261,-0.065217391,0,0,0,0
16086,AAAGAAGAAGAAGAGGAAAAGGG,0,0,0.108333334,0.19201875,0.19201875,485,165.303969,0.039130435,-0.217391304,0,0,0,0
16087,GGTGTGTGTGTTTGTGTGTGTAG,0,0,0.01015281,0,0.173969682,455,185.2496881,0,-0.152173913,0,0,0,0
16088,CTCACCTCCTATTCCTAGGGAAG,0,0,0.010504202,0.08119996,0.079829497,425,193.0697584,0,-0.086956522,0,0,0,0
16089,GCCTCTTCCCCACTCACCTCTGA,0,0,0.00462963,0,0.184746009,462.5,168.5233985,0.913043478,0.239130435,0,0,0,0
16090,GGTGCTGGGGCTGGTGGTGGTGA,0,0,0.003836496,0,0.397208228,522.5,200.4915615,0,-0.47826087,0,0,0,0
16091,GAAGAGAGAGAGTGTGCGTGTGA,0,0,0.02754407,0,0.534744255,522.5,209.8187355,0,-0.652173913,0,0,0,0
16092,CATGAGTGTGTGTGTGTGTGAGA,0,0,0.011752137,0,0.372455417,552.5,194.0141086,0,-0.130434783,0,0,0,0
16093,CACATACACACAGAGACACACAG,0,0,0.14006734,0,0.464697762,620,208.2224992,0,0.130434783,0,0,0,1
16094,GAGGGGGAGCAGTTTGCTCCAGG,1,0.004247628,0.211538462,1.296862648,1.257112069,620,209.9948466,0,0.195652174,0,0,0,0
16095,GTCATTTTTGTCATAGCCTGCAG,0,0,0.016081871,0,0.02437897,455,181.9587882,0,0.02173913,0,0,0,0
16096,TTCACATTTAATGACTAGGGAGA,0,0,0.049370659,0,0.50455783,620,210.3544187,0,0.086956522,0,0,0,0
16097,GAAGAAAAAGCAAAGAATGCAAG,0,0,0.038888889,0,0.135498222,455,186.0549844,0.673913043,-0.695652174,0,0,0,0
16098,GGTGACTGTGTGTGTGTGAGTGA,0,0,0.003787879,0,0.067386732,485,161.7201246,0,0.217391304,0,0,0,0
16099,CCCTTTGTCTCAGGAGGGAAAGA,0,0,0.003245192,0,0.055872996,387.5,155.7695537,0,-0.108695652,0,0,0,1
16100,GCAGAGTAAATGTGTGCGTGGGG,0,0,0.461538461,1.278706571,1.2395125,620,210.3404466,0.043478261,0.02173913,0,0,0,0
16101,GAGTCCGTGGGGAGGAAGAACAG,0,0,0.013106996,0.103956883,0.103956883,425,193.2391783,0.026086957,-0.282608696,0,0,0,0
16102,GACACCCACCACCACGCCTGGGA,0,0,0.000963192,0,0.09837725,455,166.4497985,0,0.173913043,0,0,1,0
16103,TCATGAGAACAAAAGGCACACAG,0,0,0.075213675,0,0.535768434,522.5,204.468943,0.052173913,-0.195652174,0,0,0,0
16104,TGGGTGGAGTAATTGGGAGTTGG,0,0,0.088020833,0,0.052618228,425,187.4884574,0.004347826,-0.108695652,0,0,0,0
16105,GGAATCCCATCAGTGGCACCTGG,0,0,0.354095238,0.016384823,0.016384823,327.5,181.677913,0.043478261,0.173913043,0,0,0,0
16106,TGTGTGTGTGTGTGTGCGCGTGA,0,0,0.004179728,0,0.321904489,552.5,183.2038997,0,-0.152173913,0,0,0,0
16107,TGTGTGTGTGTGTGTGCGCGTGG,0,0,0.060188088,0.321904489,0.321904489,552.5,183.2038997,0,0.043478261,0,0,0,0
16108,CACCCCCTCCGCCCTGCCCCGGA,0,0,0.000592957,0,0.07836346,357.5,168.0148948,0.026086957,-0.565217391,0,0,0,0
16109,GACACTGGGGGTGGTGGTGGAGG,0,0,0.027197802,0,0.223580696,425,195.4230778,0.304347826,0.173913043,0,0,0,0
16110,GACACTGCTGGTGCAGGTGGGGA,0,0,0.003357753,0,0.075949862,425,197.1309513,0,-0.347826087,0,0,0,0
16111,TGTGAGTGGGTGTGAGTGTGTGA,0,0,0.012508122,0,0.099818052,455,180.047087,0.043478261,0.347826087,0,0,0,0
16112,GGGTCCCCAACCCCTGGCCACAG,0,0,0.019096334,0,0.385203768,425,204.4858158,0,-0.543478261,0,0,0,0
16113,AAATGTGAACAAGAGACACTGGG,0,0,0.171428571,0,0.060073929,485,157.9962538,0,-0.304347826,0,0,0,0
16114,AGTGAGTGTGTGTGTGTGTGGGA,0,0,0.0175,0,0.788265432,560,195.4541086,0.995652174,4.52173913,0,0,0,0
16115,GGGAATGGGGAGTGTGCTCCCAG,0,0,0,0.131078189,0.128972515,525,203.6129114,0,-0.02173913,0,0,0,0
16116,GACCCCCGCCCCCCCGCCCGTGG,0,0,0.004759973,0,0.10958374,387.5,141.9844995,0.047826087,0.282608696,0,0,0,0
16117,GGGATCCCTTCTGGAGCCCCAAG,0,0,0,0,0.090730968,462.5,182.8094821,0.152173913,0.02173913,0,0,0,0
16118,TCTGCCTCTGCTTTTCTCACCAG,0,0,0.031759259,0.098583983,0.095256253,425,191.5338775,0,-0.130434783,0,0,0,0
16119,GGGAAAGAACTAACATACGTCAG,0,0,0.029454306,0.071144321,0.068963652,357.5,178.5247043,0,-0.239130435,0,0,0,0
16120,AAGAGAAAGGAAGAGGCACAGGG,0,0,0.194003527,0.561633746,0.561633746,620,211.4554388,0,-0.130434783,0,0,0,0
16121,TGGATGGATGGGTGAGGAGACAG,0,0,0.036512346,0,0.099538451,357.5,164.1564356,0,0.195652174,0,0,0,0
16122,AAATGAGCAAAACAGGCAAAAAG,0,0,0.01871345,0,0.160633704,455,170.8611261,0,0.173913043,0,0,0,0
16123,TGGGTGGAGGAATGAGGTGGAAG,0,0,0.014297386,0.273881481,0.273881481,492.5,156.9654668,0.07826087,0.217391304,0,0,0,0
16124,AAATGATAAGAAGAGGCTTCAAG,0,0,0.007770008,0,0.026431993,442.5,123.5078861,0.095652174,-0.239130435,0,0,0,0
16125,GGCTCGGGGGATGGAGGTGGGGA,0,0,0.012175325,0,0.458313578,522.5,207.2105153,0.004347826,-0.043478261,0,0,0,0
16126,CCCATCCAGCGAGAGAAACCTAG,0,0,0.004255518,0.08047645,0.077890861,387.5,150.8864249,0,0.086956522,0,0,0,0
16127,GACCCCCTAAATCCCACCTCTGG,0,0,0.4,0,0.064999311,455,185.2439569,0,0.02173913,0,0,0,0
16128,AATTGATAAGAAAAGGCAAACAG,0,0,0.041370394,0,0.129984477,455,176.0414987,0,NA,0,0,0,0
16129,TACAAAGAAGCAGATTTTTTTGG,0,0,0.075801749,0.252237445,0.243723101,522.5,201.9186744,0,-0.152173913,0,0,0,0
16130,AAATGATAAGAAAATTCACAGGG,0,0,0,0,0.017432129,357.5,175.8220512,0,-0.608695652,0,0,0,0
16131,TGCAGTGAGGCTGTAGGTGGAAG,0,0,0.026962963,0,0.223971519,522.5,203.1726784,0,-0.043478261,0,0,0,0
16132,CTTGTCCCCCTGGGCAGTGAAGA,0,0,0.002913753,0,0.160565144,455,176.973816,0,-0.304347826,0,0,0,0
16133,GGTGGGTGAGTGGATGGGTGGGA,0,0,0.000575448,0,0.033370636,357.5,175.7870637,0.182608696,0.543478261,0,0,0,0
16134,ACTGTGTGAGTGTGTGTGTGAGA,0,0,0.007342657,0,0.609583333,552.5,196.6855689,0,-0.130434783,0,0,0,0
16135,AGTGTATGAGTGTGTGTGTGTGA,0,0,0.010606061,0,0.368797917,552.5,195.1395849,0.052173913,-0.043478261,0,0,0,0
16136,GGCACTGGTGGTGGAAGTGGTGG,0,0,0.085714286,0,0.07961172,455,188.6218931,0,-0.02173913,0,0,0,0
16137,GACACCAGAGAGTATTGCGGGGA,0,0,0,0,0.044594039,455,183.7447722,0.026086957,0.043478261,0,0,0,0
16138,AGCACCAGTGAGAAGGGAGGCAG,0,0,0.01486876,0.021030911,0.020657028,387.5,166.7489203,0,0.02173913,0,0,0,0
16139,ATACACAAATCATAGTCTGCTGA,0,0,0,0,0.250819,552.5,196.6798377,0.126086957,0.130434783,0,0,0,0
16140,CCAGGGAGTAGAGCAGTGACCAG,0,0,0.014872912,0,0.048855403,387.5,151.9705474,0,0.239130435,0,0,0,0
16141,CCCTGACTCTCTGGGTGGACAGG,0,0,0.035208333,0.071839999,0.06941502,455,163.6862137,0,0.195652174,0,0,0,0
16142,CCAACCTCAGCTCTACACACAGG,0,0,0.293877551,0.36082635,0.348646558,552.5,192.8525086,0.147826087,-0.282608696,0,0,0,1
16143,AGCTCTGTGGCTGGAGGTGTGAG,0,0,0.09094697,0,0.697447183,552.5,178.0889831,0,-0.130434783,0,0,0,1
16144,TGGATGAATGAATGAGGTTTCAG,0,0,0.046090535,0,0.038728891,485,156.6857056,0.247826087,0.652173913,0,0,0,0
16145,GACTCTGAAGCAGAGTTTTTAAG,0,0,0.153198653,3.30316092,3.30316092,635,218.940416,0,-0.065217391,0,0,0,0
16146,AAAGGAGAAGATGAGTCACCTGA,0,0,0,0,0.055872996,387.5,156.1842737,0,-0.239130435,0,0,0,0
16147,CTCCCCCTCCACCCCACTTCCAG,0,0,0.086580086,0,0.053377333,485,176.2482408,0,-0.130434783,0,0,0,0
16148,GCACAGAAAGAATATACTGCAGA,0,0,0.002923044,0,0.135266321,425,196.7369107,0,-0.02173913,0,0,0,0
16149,CCAGGGAGTGGTGAGGAGGCCAG,0,0,0.010754458,0,0.096597642,425,193.5646585,0,-0.586956522,0,0,0,1
16150,TGGGAGGAGGGAAGAGGAGTCAG,0,0,0.036458333,0.307297816,0.307297816,425,201.3086758,0,-0.413043478,0,0,0,0
16151,AACTGAGAAGAAGATGCAAATGG,0,0,0.026239067,0.278928444,0.278928444,462.5,174.9169785,0,0.282608696,0,0,0,0
16152,ACGATGGAGGAATGAGGACTTGG,1,0.0058,0.310344827,1.127118644,1.127118644,560,189.4120001,0,0.391304348,0,0,0,0
16153,TGGATGGATGAAAGTGGAGTGAG,0,0,0.019145299,0,0.161183272,432.5,192.7338775,0,0.391304348,0,0,0,0
16154,ATGAAAAAGAGTGAGTAGAAAAG,0,0,0.090815145,0,0.231707007,552.5,173.2168188,0,0.086956522,0,0,0,0
16155,TGGAAGAAGGATTGAAGAGTAAG,0,0,0.043209876,0,0.082693196,455,190.5239729,0,-0.152173913,0,0,0,0
16156,GAAACTAAAGCACAGTTTTTTGG,0,0,0.338847118,0.229272912,0.225589813,522.5,205.0035147,0,-0.260869565,0,0,0,0
16157,TGTGGGTGTGTGTGTGTGTGGGG,0,0,0.2016,0,0.372455417,552.5,192.9657886,0,-0.282608696,0,0,0,0
16158,TGAGAGAGTAGTGCGGAGGCAGA,0,0,0.00805153,0,0.703915663,522.5,209.9555796,0.4,0,0,0,0,0
16159,TGTGGGTGTGTGTGTGTGTGGGA,0,0,0.014,0,0.372455417,552.5,192.9657886,0,-0.195652174,0,0,0,0
16160,AAAGGAGAAAAAGAGACAAAGAG,0,0,0.064814815,0,0.079007985,485,165.2982378,0.813043478,3.826086957,0,0,0,0
16161,GGTGCGTGAGTGTGTACAGGTGG,0,0,0.086538462,0,0.015962525,417.5,144.4519209,0,-0.02173913,0,0,0,0
16162,GGCTCCCTCCTCCCAGCCTCCAG,0,0,0.011345362,0,0.223580696,425,197.6492947,0,0,0,0,0,0
16163,AAATAATAAGAAAAAGCACACAG,0,0,0.111546841,0,0.101349588,425,191.8221571,0,-0.413043478,0,0,0,0
16164,GTCACCCTCCACCGCGCCGCGGA,0,0,0,0,0.07431375,455,175.6992154,0.026086957,-0.217391304,0,0,0,0
16165,TTAATGTTAGTCATTACCAGTAG,0,0,0.032098765,0,0.31428099,552.5,186.1380161,0,-0.217391304,0,0,0,0
16166,TCCTCCCCAACGCATGCCCAGAG,0,0,0.008540305,0.051321883,0.050409494,357.5,180.3446206,0,-0.130434783,0,0,0,1
16167,TTGCTCAGCAGTGAGTAGAGGAG,0,0,0.021390374,1.38618677,1.364942529,620,213.938263,0,0.043478261,0,0,0,0
16168,CACACCCCACAGGGCAGTCAAAG,0,0,0.017506631,0.509897177,0.4917675,555,186.8104001,0,-0.065217391,0,0,0,0
16169,CAGATGGGGGAATGGGGAGTCAG,0,0,0.089629629,0.416921397,0.402848101,522.5,201.6531615,0.008695652,-0.173913043,0,0,0,0
16170,CCCATCCATCTTGATACATACAG,0,0,0.001753233,0,0.03146428,260,160.2987943,0,0.260869565,0,0,0,0
16171,AACTTATTCCCATTGTTCTCTGG,0,0,0.443076923,0,0.487092835,620,208.4624992,0.417391304,0.086956522,0,0,0,0
16172,GAAAGGGAAGAAGAGTCACAGGG,0,0,0,0.164761667,0.164761667,552.5,199.2519901,0,0.173913043,0,0,0,0
16173,CCCTGGATCCCTGGAGGGATGGA,0,0,0.007326007,0,0.093652566,552.5,192.7506729,0,-0.173913043,0,0,0,0
16174,GACACAAGTGAGAAGAGCAGGAG,0,0,0.119047619,0,0.123353695,455,177.1666955,0.204347826,0.173913043,0,0,0,0
16175,AATGCCCACTGAATCTTCAAAGA,0,0,0.004960317,0,0.067195789,357.5,186.67707,0,-0.043478261,0,0,0,0
16176,GGTACTGGGGCTGGGTGTGGGGA,0,0,0,0,0.068319815,455,184.0767356,0,-0.326086957,0,0,0,0
16177,AAACAAGAAGAAGATGTACAGAG,0,0,0.009692568,0,0.155096519,455,181.8449474,0,0.260869565,0,0,0,0
16178,GGTGAGTGACTGCGTTCGTGCGA,0,0,0,0,0.155930848,462.5,188.6205172,0.073913043,0.326086957,0,0,0,0
16179,AATGTCCATTACACCCTGAAAAG,0,0,0.003142536,0,0.026821933,455,176.8893817,0,0.086956522,0,0,1,0
16180,GGTGAATGGGTGGGTGAGTGGAG,0,0,0.021041331,0,0.078799562,455,182.968804,0,0.086956522,0,0,0,0
16181,AAACTCCACTACACCCTCAATGG,0,0,0.039288443,0.217170591,0.210193223,525,204.8708954,0,-0.434782609,0,0,0,0
16182,AAAAGAAAAGAAGAGGAAGAGAG,0,0,0.007201646,0,0.131148806,485,164.2091082,0,-0.043478261,0,0,0,0
16183,GGCGAGGGGGTGTGCGCGTGGAG,0,0,0.011883541,0,0.165760157,522.5,198.1220173,0,-0.782608696,0,0,0,0
16184,GTCAGTGCGGCTGGATATGGGAG,0,0,0,0,0.104848333,485,179.397143,0,-0.282608696,0,0,0,0
16185,ACATACACCAGTGAGGAGAGCAG,0,0,0.036713287,0.263830349,0.254924684,555,200.2699741,0.139130435,0.152173913,0,0,0,0
16186,GGCAACCCTTCTGCAGCTCCAAG,0,0,0.027777778,0.62766906,0.60893267,560,193.1603467,0,-0.739130435,0,0,0,0
16187,GCAGGGAGTAGAGGGGAGGGCGA,0,0,0,0,0.10391963,455,169.1348954,0.095652174,0.369565217,0,0,0,0
16188,CCCTGTGTCTCTGTGTGTGTGGA,0,0,0.003009259,0,0.003217214,290,137.1824606,0,-0.282608696,0,0,0,0
16189,GGGGGGTGACTGTGTGAGTGGAG,0,0,0.017422222,0,0.52553761,552.5,191.4058325,0.517391304,0.391304348,0,0,0,0
16190,CACTGAGAAGAGGAGGCAGACGA,0,0,0.002303005,0,0.255580574,455,180.2078996,0,-0.108695652,0,0,0,0
16191,AGAAAAGAAGAAGAGGCACATGA,0,0,0.022927689,0,2.31990232,627.5,217.99808,0.008695652,0.065217391,0,0,0,0
16192,CAACACAAAGCAGAGACTAAAGA,0,0,0.004621414,0,0.085022299,387.5,141.8150796,0.526086957,0.152173913,0,0,0,0
16193,GCCTCTTTGCCATCCATCTCAGA,0,0,0.001276655,0,0.054313087,387.5,147.6171881,0.008695652,0.260869565,0,0,0,0
16194,AGTGAGTGGGTGTGCGCCTGGGA,0,0,0.005411255,0,0.050816463,455,175.6098648,0.034782609,0.195652174,0,0,0,0
16195,TGTGAGTGTATGTGTACGTGTAG,0,0,0.145185185,0,0.153250409,552.5,192.9600573,0,-0.391304348,0,0,0,0
16196,AGAGAGAGAGTGAGTGCGTGCGA,0,0,0.027043269,0,0.391755507,522.5,206.7894987,0,-0.152173913,0,0,0,0
16197,AAATGGGAAGATAAGCCACAAGG,0,0,0,0,0.028347543,357.5,182.9101691,0.008695652,0.130434783,0,0,0,0
16198,GAAGGAGAAGAAGAAGCAGAAGA,0,0,0.005106209,0,0.141195423,455,173.3713785,0,-0.173913043,0,0,0,0
16199,GGGTCCCCAACCCCTGGCCATGG,0,0,0.073657289,0,0.385203768,425,204.4858158,0.082608696,-0.152173913,0,0,0,0
16200,CCCATCCATGAAAAGACACCAAG,0,0,0.015863766,0.119946733,0.118019877,357.5,161.3412594,0.004347826,0.217391304,0,0,0,0
16201,GGAATCCCTTCGCGAGCAGCGGA,0,0,0,0,0.012197961,295,159.5973944,0,-0.586956522,0,0,0,0
16202,GCCTCCCCAAGGCCTGGGGCAGG,0,0,0.002462121,0,0.020443309,345,119.6609832,0,0.065217391,0,0,0,0
16203,AGTGTGTGTGTGTGTGTGTGTAG,0,0,0.023757576,0,0.372455417,552.5,192.9657886,0.139130435,0.065217391,0,0,0,0
16204,ATCTATGTCTCTGGAAGGATGAG,0,0,0.185695337,0,0.272333333,552.5,200.3832541,0,-0.108695652,0,0,0,0
16205,TTGATAGAGGAATGAAGTGTTGA,0,0,0.022095959,0,0.032293287,485,174.4622568,0,0,0,0,0,0
16206,TATGAGTGGGAGTGTGCGTGAGA,0,0,0.029380342,0,0.485165286,522.5,208.7701359,0,-1.260869565,0,0,1,0
16207,AACTTGTTTCCAAGGTTCTCTGA,0,0,0,0,0.079829497,425,193.0697584,0,-0.152173913,0,0,0,0
16208,GAGTTCTTTTCATTCTTCTCCAG,0,0,0.024104683,0.475356926,0.475356926,530,203.8789944,0.017391304,-0.108695652,0,0,0,0
16209,TTGATGGAGGATTAAGTAGTAAG,0,0,0.010311448,0,0.044687335,357.5,178.6186038,0.113043478,-0.217391304,0,0,0,0
16210,CTCATCCATCCATGGACACTTAG,0,0,0.01979798,0,0.040216897,357.5,160.6838949,0,0.282608696,0,0,0,0
16211,GACTTGATCTCAGTGTTCACAGA,0,0,0.004180602,0,0.076469801,455,172.6097184,0.004347826,0.152173913,0,0,1,0
16212,GGAGAGTGTGTGTGTGAGAGAGA,0,0,0.003968254,0,0.115680928,485,162.9781086,0,0.02173913,0,0,0,0
16213,CCAAAGAGCAGAGCGCAGGCTGG,0,0,0,0.15797057,0.15797057,552.5,195.7898738,0.017391304,0.173913043,0,0,0,0
16214,GGTGAATGAATGGGTGTGTGCAG,0,0,0.029457864,0,0.1187797,455,181.936848,0,-0.152173913,0,0,0,0
16215,GCCTACCCTAAGCCAGGCCGCGA,0,0,0.010541058,0,0.108114617,455,162.6072781,0,-0.065217391,0,0,0,0
16216,GACAACTTCCACCCAGCCTCCAG,0,0,0.022525449,0,0.261885241,522.5,200.4478776,0.117391304,0.456521739,0,0,0,0
16217,AAGGAGCAGTACAACCTCAATGA,0,0,0.006653124,0,0.077698976,522.5,201.287051,0,0,0,0,0,0
16218,CCCATACATCCAAGGACACTTGA,0,0,0.016666667,0,0.021867301,357.5,159.1379109,0,0.130434783,0,0,0,0
16219,GGTGAGTGTGTGTATGAGGGTGA,0,0,0.003645833,0,0.015796261,387.5,151.866924,0,-0.173913043,0,0,0,0
16220,GTCATCTGAGTAAATACTTGAAG,0,0,0.05404384,0,0.020557153,357.5,171.3215647,0,-0.347826087,0,0,0,0
16221,CAGTCAGAGGAGAAAAAGAAGAG,0,0,0.062938756,0,0.224468976,522.5,198.215258,NA,-0.347826087,0,0,0,0
16222,TATTTAGAGGAATGAGGAGTAAG,0,0,0.06980057,0.790014173,0.778438874,622.5,215.772416,0,0,0,0,0,0
16223,TGGAGGGAGGAAGGAGGATGAGG,0,0,0.019641944,0,0.080487776,387.5,140.5267596,0.008695652,-0.239130435,0,0,0,0
16224,AAATCAGGAAAAGATGCACAGGG,0,0,0.076825397,0,0.35314247,522.5,195.613105,0.026086957,-0.173913043,0,0,0,0
16225,TGGATGGAGCAAAGAGTGGTGGG,0,0,0.027692308,0,0.036711469,387.5,158.2994987,0,-0.847826087,0,0,0,0
16226,TGTGAGTGTGTGTGTGTGAGGAG,0,0,0.020740741,0,0.123933228,485,163.5061086,0.013043478,0.086956522,0,0,0,0
16227,TGGCTGGAGGCATGAGGAAGGAG,0,0,0.00461361,0.117517405,0.115428206,387.5,144.2107164,0.004347826,0.02173913,0,0,0,0
16228,AATGACCAATACATCCATATCAG,0,0,0.045714286,0.028420512,0.027507403,417.5,131.6931754,0.547826087,0.413043478,0,0,0,0
16229,GGCCCACAATGAGCACCTGTCAG,0,0,0.021568627,0.102437189,0.100708291,485,154.7333279,0,-0.173913043,0,0,0,0
16230,AAATGACAAGAAAATGTACAAGA,0,0,0.002938034,0,0.039019591,357.5,172.124366,0,0.130434783,0,0,0,0
16231,CTCCTCCATACAGAGACAAAAGG,0,0,0.119174943,0,0.45934875,552.5,182.3466636,0,0.152173913,0,0,0,0
16232,ATGCACACATGTGAGTACAGAGA,0,0,0.00882706,0,0.16579195,552.5,183.9515499,0,-0.369565217,0,0,0,0
16233,AGGATGGAGGACTGAGAAGCTGG,0,0,0.022328549,0.134638875,0.132110445,387.5,153.3601886,0,2.434782609,0,0,0,0
16234,TAGGCCGAGGAGAAGGAGAAAGA,0,0,0.003245934,0,0.250819,552.5,196.0462377,0.991304348,1.891304348,0,0,0,0
16235,AAGTGAGGAGAAGAGGCAGTGGG,0,0,0.033611111,0.212627123,0.205067048,485,147.6865832,0,0.02173913,0,0,0,0
16236,GACACAGAATCAGAGTGGTTAAG,0,0,0.007670661,0,0.063203093,485,166.0128352,0,-0.02173913,0,0,0,0
16237,TAACAGAAAGCACAGAATGCAAG,0,0,0.047758285,0.145308048,0.142724794,455,186.9285844,0.034782609,-0.434782609,0,0,0,0
16238,AGTGTATGAGTGTGTGAGTGAAG,0,0,0.03959596,0,0.368797917,552.5,195.1395849,0.239130435,-0.065217391,0,0,0,0
16239,TGGAGAGAGGTTTGAGGAGTTGA,0,0,0.004558405,0,0.22549028,425,202.1795118,0.152173913,-0.152173913,0,0,0,0
16240,GCCTCTTCCACTCCCACCTGGAG,0,0,0.013217139,0.284032028,0.284032028,455,166.2547462,0.017391304,-0.043478261,0,0,0,1
16241,TTTACCCCACAGGGCATTTAAGG,0,0,0.121153846,0.202836708,0.202836708,485,166.592289,0.047826087,-0.239130435,0,0,0,0
16242,TACACCAAAGCAGAGTTTGGAGA,0,0,0.003063725,0,0.150052274,485,148.9312193,0.504347826,-0.260869565,0,0,0,0
16243,AATTTAGAAGATGAGACACAGGA,0,0,0.004901961,0,0.125422944,455,192.3791537,0.02173913,0.304347826,0,0,0,0
16244,GACTTGAATTCATTGTTCTCAGA,0,0,0.048611111,0,3.56510989,635,216.1170022,0,0.173913043,0,0,0,0
16245,AAATAAAAAGAAGAGGGAGAAGA,0,0,0.000442538,0,0.12450836,485,163.7943882,0,-0.456521739,0,0,0,0
16246,GAGCCACTACACCCAGCCTCAAG,0,0,0.02292769,0,0.146830007,522.5,198.7192141,0.108695652,0.065217391,0,0,0,0
16247,TCCAGCTATTCAGAGACACAGAG,0,0,0.126884532,0.89998622,0.89998622,620,210.5367628,0.465217391,-0.195652174,0,0,0,0
16248,GACACCGAATCATGATTTTTAGA,0,0,0.00743464,0,0.018573078,362.5,178.8627368,0.030434783,-0.239130435,0,0,0,0
16249,GAGACAGAGCAGCAGAGGAAAAG,0,0,0.004259014,0.137824372,0.135498222,455,186.0549844,0.091304348,0.130434783,0,0,0,0
16250,TGGGTAGAGGAATTAGGAGAGAG,0,0,0.024305556,0,0.059518236,455,167.7636314,0,-0.543478261,0,0,0,0
16251,GGGTGGGGGAAGTGGGCCCCTGG,0,0,0,0.010150119,0.009839004,357.5,162.9387241,0,-0.108695652,0,0,0,0
16252,AACTGAGAAGAAGAGTTTCAGAG,0,0,0,0,0.02026257,442.5,154.9741298,0,-0.413043478,0,0,0,0
16253,CCTGCCTCAGCTATAGGCACGGG,0,0,0.005966884,0,0.021372519,387.5,167.4663622,0,-0.282608696,0,0,0,0
16254,GACAGCCATGTCCTCCCCTAAAG,0,0,0.034551282,0.142049486,0.142049486,485,147.6428993,0,-0.260869565,0,0,0,0
16255,AACTTGTTTTCTATGTTCACAGA,0,0,0.004120879,0,0.100314079,357.5,171.2365791,0.052173913,0.456521739,0,0,0,0
16256,AAATGAGAAACTAAGGCACAGAG,0,0,0.029781576,0,0.127005026,397.5,190.7627589,0,0.239130435,0,0,0,0
16257,TGGAGGGAGGAGTGGGGAGAGGG,0,0,0.169,0,0.087057924,357.5,158.8509581,0,-0.413043478,0,0,0,0
16258,AAATGAGATGAATTGGTACACAG,0,0,0.011614815,0,0.018514566,357.5,173.1156034,0,-0.282608696,0,0,0,0
16259,TTGAACACCAGGGAGTAAGGAGA,0,0,0.009014423,0,0.050805063,387.5,155.3125663,0,-0.260869565,0,0,0,0
16260,CAACAAAAAACTTAGACTGCAAG,0,0,0.053497942,0.405245255,0.392225327,522.5,204.7061791,0.082608696,0.086956522,0,0,0,0
16261,CCCTGTGTCTGTTAATAGATCAG,0,0,0.013611111,0.01681765,0.01681765,260,170.8453,0,0.108695652,0,0,0,0
16262,GCTGTGTGAGTGTGGGGGTGTGG,0,0,0.000740436,0,0.163368333,455,182.4785474,0,-0.260869565,0,0,1,0
16263,TTGCTGGAGTAATGAGGAGGAGA,0,0,0.002236356,0,0.642348856,552.5,175.9570637,0,-0.02173913,0,0,0,0
16264,GCCTCTCTCCACCCCTCCTCCGG,0,0,0,0,0.156419304,552.5,199.0119901,0,-0.217391304,0,0,0,0
16265,AAGTAGGAGGAGAAGAAGAAGGG,0,0,0.1,0,0.797205949,620,211.1339596,0,-0.108695652,0,0,0,0
16266,GCCACTTACCCACCCATCGTGGG,0,0,0.044444444,0.19201875,0.19201875,485,163.492472,0,-0.02173913,0,0,0,0
16267,GAATGAGAAGAAGAGGAGGAGGA,0,0,0.00162037,0,0.039755995,442.5,142.0425557,0.039130435,0.304347826,0,0,0,0
16268,AAATGGGAAGTAGAGGAACTTGG,0,0,0.061538462,0,0.081031088,387.5,153.0602213,0.004347826,-0.434782609,0,0,0,0
16269,CTCTTCCACCCAGAGACACAGGG,0,0,0.534011443,0,1.554082999,627.5,215.3266196,0,-0.717391304,0,0,0,0
16270,GCCTCTTTGCCACCAACTTTTGA,0,0,0.006141345,0,0.085766182,462.5,176.8098648,0.082608696,0.260869565,0,0,0,0
16271,GACTTATTTTCCATGTTCTATAG,0,0,0.023616734,0.074728607,0.072206123,357.5,163.0609951,0,0.108695652,0,0,0,0
16272,GAGCCCCTCAACCCTGCCTGGGG,0,0,0.001699346,0,0.160686632,455,162.3356421,0,-0.195652174,0,0,0,0
16273,TATGAGTGAGTGCGTGTGTGTAG,0,0,0.080821712,0.240178592,0.23590875,455,188.4745684,0,-0.152173913,0,0,0,0
16274,GACCCACTGCACCTGGCCTCAGG,0,0,0.021077098,0,0.021118991,425,187.6080294,0,0,0,0,0,0
16275,CACTTGTTTTCATTATTCCTTAG,0,0,0.01442416,0.060005352,0.058878491,387.5,137.1073786,0,-0.369565217,0,0,0,0
16276,TGTGAGTGGCTGTGTGCCTGGGA,0,0,0.008818342,0,0.174634187,552.5,184.8251499,0,0.195652174,0,0,0,0
16277,GGCCTCCCTCCTGCAGCATCTGA,0,0,0.00258565,0,0.452917868,552.5,182.0586636,0.5,0.02173913,0,0,0,0
16278,GACTCAGAGCACAAGAAGCAGGG,0,0,0.039119096,0,0.146379514,455,178.4219156,0.1,0.195652174,0,0,0,0
16279,AACTGAGGAGAAGAGGGAGATGG,0,0,0.002310924,0.192757284,0.189330488,485,163.838072,0.147826087,0.456521739,0,0,0,0
16280,ATGAACAGGAGGGAGAAGAGCAG,0,0,0.046897547,0.072806325,0.070574714,455,187.1358764,0.017391304,-0.630434783,0,0,0,0
16281,TGGATGGGGGAAGGAGCAGAAAG,0,0,0.006564365,0,0.093392989,387.5,148.4771515,0,0.065217391,0,0,0,0
16282,AATGACCATTACAGCCAAAAAGA,0,0,0,0,0.009828784,387.5,157.1915907,0.013043478,-0.326086957,0,0,0,0
16283,GGCTGTTTCTCACCCACCTTGGG,0,0,0.392838875,2.461181435,2.461181435,627.5,213.8799436,0,0.239130435,0,0,0,0
16284,GACAGAGAAGCATAGTCTTTGAG,0,0,0.030588235,0,0.135498222,455,185.6402644,0,-0.456521739,0,0,0,0
16285,GCATCCCCAAACTCTGGTCAGAG,0,0,0.053529412,0.058261466,0.058261466,357.5,176.0332457,0.804347826,1.739130435,0,0,0,0
16286,GTCCACAAACCATAGACTGTGAG,0,0,0.00969697,0,0.633355972,552.5,176.3026637,0,-0.043478261,0,0,0,0
16287,AAAGGAGAAGAAGAAGGATAAGG,0,0,0.015970189,0,0.051461025,387.5,152.3852674,0,-0.173913043,0,0,0,0
16288,AAATGAGAGGGAGACGGACAGGA,0,0,0.000482769,0,0.047757775,357.5,173.8170033,0,-0.347826087,0,0,0,0
16289,AAATGCTAAAAAGATGCACAGAG,0,0,0.008978676,0,0.145923766,522.5,195.8320772,0,-0.086956522,0,0,0,0
16290,AAATGTGACTCAGAGGCACAGAG,0,0,0.034391534,0,0.246570675,525,202.2324155,0.426086957,-0.065217391,0,0,0,0
16291,GACTTTTCTTCCTTGTGCTCAGA,0,0,0.001433322,0,0.163959556,455,185.6119875,0.073913043,0.065217391,0,0,0,0
16292,TGGATGGAAGAATGCGAAGAAAG,0,0,0.023863636,0,0.037612163,387.5,142.9094871,0,-0.173913043,0,0,0,0
16293,TCCTCATTCGCATCCACCTTGGA,0,0,0.016383745,0,0.324139902,522.5,202.922959,0,-0.195652174,0,0,0,0
16294,CTTGCCCCACAGACCACCAAAAG,0,0,0.010342599,0.005849558,0.005678142,290,151.6520505,0.034782609,0.195652174,0,0,0,0
16295,GCCACTGCGCCTGGCCGTGGTGA,0,0,0,0,0.063815973,455,182.4728161,0.043478261,0.195652174,0,0,1,0
16296,GCCACTGCGCCTGGCCGTGGTGG,0,0,0,0,0.063815973,455,182.4728161,0,-0.260869565,0,0,0,0
16297,AAGACCAGAGAGTAGAGAGATAG,0,0,0.060763889,0.080836107,0.077961934,485,152.1512864,0.008695652,0.108695652,0,0,0,0
16298,TGTGTGTGAGTGTGTACATGAGG,0,0,0.251748252,0,0.053377333,485,175.1999208,0.882608696,-0.347826087,0,0,0,0
16299,GCCTCCCCACGGCCTGTCCGGGA,0,0,0.002876498,0,0.117409956,387.5,149.8544689,0,-0.239130435,0,0,0,0
16300,TGGACAGAGGAGTGACGAGTGAG,0,0,0,0,0.073249464,455,191.1211697,0.886956522,4.47826087,0,0,0,0
16301,GAAATGTTTACATTGTTCTTGAG,0,0,0.027513227,0.621681207,0.599576987,552.5,175.6690637,0,0.043478261,0,0,0,0
16302,GCCTCTGTGCCACCCACCGAGAG,0,0,0.013276144,0,0.082397692,485,144.971439,0,0.130434783,0,0,0,0
16303,GACATGATTTCATTCTTCTTAAG,0,0,0.008838384,0,0.120854801,455,164.5985977,0,-0.217391304,0,0,0,0
16304,TGGATTGATGAATGAGTAGAGGG,0,0,0.05,0,0.089207198,485,155.3305247,0,-0.347826087,0,0,0,0
16305,TGAACTGAGGAAGGAGGAGTGGG,0,0,0.130434783,0.335685083,0.330292552,522.5,206.0983755,0.008695652,-0.02173913,0,0,0,0
16306,AAATCAGAAGAAAAGGCAAAGGA,0,0,0.021585557,0,0.38411194,462.5,178.8643595,0,0,0,0,0,0
16307,AACCCACCCCACCCCACCTCGGA,0,0,0.058035714,0,0.164761667,552.5,197.0257732,0,-0.260869565,0,0,0,0
16308,AAATAGGAAGAATAGGCACAAGA,0,0,0.012896825,0,0.625677215,530,207.8263755,0,-0.52173913,0,0,0,0
16309,CTTGCCCCTAAGGGCAGGGAGGA,0,0,0.004513889,0,0.049707623,485,154.07715,0.108695652,-0.47826087,0,0,0,0
16310,CTCTGTGACTCTGGGTGGCTGGA,0,0,0.006792058,0,0.133665,455,170.9051615,0.043478261,0,0,0,0,0
16311,ATAAACACCGGTGAGAAGATGGG,0,0,0.265151515,0.106929168,0.103127242,485,159.2542378,0,-0.043478261,0,0,0,0
16312,GAGATGTTTTCATTTTTCTTGGA,0,0,0.000708617,0,0.174469742,455,166.4537785,0,-0.108695652,0,0,0,0
16313,CCTGCCTGATCTCTGCTCACAGA,0,0,0.020208865,0,0.205849587,525,192.9416447,0,-0.130434783,0,0,0,0
16314,CAATGAGAAGAGAAGGAACAAAG,0,0,0.069135802,0,0.116067105,357.5,180.9984679,0,0.043478261,0,0,0,0
16315,GGTGAGTGAGGGAGTGAGGGAGG,0,0,0.032307692,0,0.035554092,290,151.7364848,0,-0.434782609,0,0,0,0
16316,GCCAGAGAAGCAGAGTATTTAAG,0,0,0.0605291,0.368797917,0.368797917,552.5,194.8995849,0,2.652173913,0,0,0,0
16317,AAATGAGAAAAAAGGGCAGAAGA,0,0,0.003490028,0,0.023934422,357.5,162.3217585,0,0.130434783,0,0,0,0
16318,GGGGGAGGGAAGTTTCCTCCAGG,0,0,0,0.144062179,0.144062179,552.5,194.2602537,0.07826087,0.152173913,0,0,0,0
16319,GGTGAGTGAGGGATTGAGTGAAG,0,0,0.008934473,0,0.01681765,260,170.8453,0,-0.239130435,0,0,0,0
16320,GAATCCCAGAAGAAGAAGAGAGA,0,0,0.023731107,0,0.409511082,552.5,174.1594829,0.052173913,-0.173913043,0,0,0,0
16321,GGCCCACCCCACCCCGCCCCGAG,0,0,0.053128991,0,0.30174375,552.5,183.3261991,0.539130435,0.02173913,0,0,0,0
16322,GCCACCACCACGCCTGGCCAAGA,0,0,0.005668934,0,0.316132585,522.5,205.7533551,0,-0.065217391,0,0,0,0
16323,CTTACCTCACAGGGCTGTTATGA,0,0,0,0,0.058591155,485,167.9067934,0,-0.108695652,1,0,1,0
16324,GGAATCCCCTTTGCAGGTCCCAG,0,0,0.002165758,0.036610572,0.036610572,387.5,162.6006916,0,-0.130434783,0,0,0,0
16325,GAGTGCGAGGTGAAGATGAAAAG,0,0,0.002481798,0,0.29581478,455,185.7037488,0.086956522,0.413043478,0,0,0,0
16326,TGTGTGTGTGTTTGTGCGTGTGG,0,0,0.083916084,0,0.43009247,522.5,206.2357992,0.456521739,0.586956522,0,0,0,0
16327,TGTGTGTGTGTTTGTGCGTGTGA,0,0,0.005827506,0,0.43009247,522.5,206.2357992,0,-0.02173913,0,0,0,0
16328,CCTGTGAGCATAGCGGAGGACAG,0,0,0.032486367,0.22889816,0.220759559,455,171.344536,0.456521739,-0.152173913,0,0,0,0
16329,GGTGAATGTGTGTGTATGTGTGA,0,0,0.019444444,0,0.035022028,485,175.1796987,0,-0.217391304,0,0,0,0
16330,GGTGGATGAGTGTGTGGGGGGGG,0,0,0.010588235,0,0.11028925,485,164.391585,0.004347826,-0.195652174,0,0,1,0
16331,TGCACTGTGGCTGGAGATGGGGG,0,0,0.816666666,0,1.290123457,560,196.314072,0,-0.434782609,0,0,0,0
16332,AGGAGAGAGGGATGAGGAGTAGG,0,0,0.416,0.48824426,0.480400979,522.5,209.8956123,0,-0.239130435,0,0,1,0
16333,GACCCCTCCAACCCCTCCTCAGA,0,0,0,0,0.15479763,552.5,191.4368399,0.12173913,0.065217391,0,0,0,0
16334,ATGGACACCAAGGACTAGAGCGG,0,0,0.085227273,0,0.104700416,327.5,190.1731943,0,-0.326086957,0,0,0,0
16335,GAGACGGAGAAGGAGAAGAAGGA,0,0,0.009345526,0,0.308518702,522.5,202.049359,0,-0.760869565,0,0,0,0
16336,GCCCACCCAAAGCCTGGCTCAGG,0,0,0.038784745,0.211743071,0.20797875,485,149.1524801,0.726086957,0.413043478,0,0,1,0
16337,GGCTTCCCCACTGCAGCACCCGG,0,0,0.215784216,0.769129564,0.757342138,620,208.8468832,0,-0.152173913,0,0,0,0
16338,TGTGTGTGAGTGTGTGGGTCTGA,0,0,0.000636618,0,0.268517165,485,159.787969,0,-0.108695652,0,0,0,0
16339,ACCTTCCCTCCAGAGTCACAGGG,0,0,0,0.272333333,0.272333333,552.5,197.9381572,0,0,0,0,0,0
16340,GGCAAATTCCCAGCATCCCTTAG,0,0,0.010946907,0,0.335877203,552.5,182.4410023,0.017391304,3.869565217,0,0,0,0
16341,GAGTCCAAGCACAAGAAAATTGA,0,0,0.015271493,0,0.041284256,387.5,146.5397855,0,-0.239130435,0,0,0,0
16342,GGAAAAGACTCAGCTTCCGCTGA,0,0,0.000891266,0,0.160686632,455,162.3356421,0,0.108695652,0,0,0,0
16343,AAATGAATAGAAAAAGCACAGAG,0,0,0.09653092,0,0.096689837,425,190.0106601,0.030434783,-0.065217391,0,0,0,0
16344,GGGGAATGAGTGTGTGCATGGAG,0,0,0.08974359,0,0.368404265,560,192.6626827,0.013043478,-0.434782609,0,0,0,0
16345,TGGATGGAAGGATGAAGAGATGG,0,0,0.235044643,0,0.034797995,387.5,154.5841101,0.434782609,0.086956522,0,0,0,0
16346,GGCATGGCGGCTTGAGGTGGTAG,0,0,0.028282828,0,0.625677215,530,207.8263755,0,-0.130434783,0,0,0,0
16347,GATGTGTGTGTGTGTGTGTGAAG,0,0,0.022336182,0,0.372455417,552.5,192.7257886,0,1.391304348,0,0,0,0
16348,AATGTCCTCTAACTCCTCAAAGA,0,0,0.001627445,0,0.259890517,425,197.5964421,0,0.065217391,0,0,0,0
16349,TGTGCGTGTGTGTGTGTGTGAAG,0,0,0.036296296,0,0.372455417,552.5,192.9657886,0.130434783,-0.239130435,0,0,0,0
16350,AAATGAGAAAAGGAGGAAGAGAG,0,0,0.01019433,0,0.07862335,387.5,154.7580521,1,1.891304348,0,0,0,0
16351,AAATGAGAAGAAAAGTACCAGGA,0,0,0,0,0.006554634,345,146.0028092,0.004347826,-0.326086957,0,0,0,0
16352,AGCACAGACTGAGCAGGTGGAGA,0,0,0.00619195,0,0.119960915,485,163.9003742,0.008695652,2.239130435,0,0,0,0
16353,CCCTGTGGCTTTGAAGGGATCAG,0,0,0.015187377,0,0.019414315,357.5,180.9424888,0.495652174,1.043478261,0,0,0,0
16354,GCCACTGCTGCTGGTGGTGTGGG,0,0,0.051692308,0,0.114205581,455,163.6555981,0.004347826,-0.043478261,0,0,0,0
16355,GCCACTGCTGCTGGTGGTGTGGA,0,0,0.003589744,0,0.114205581,455,163.6555981,0.013043478,-0.195652174,0,0,0,0
16356,TGGATGGATGATTGATGAATGAG,0,0,0,0,0.02330241,387.5,159.4876934,0,-0.02173913,0,0,0,0
16357,TGTGTGTGAGTATGTGTGTGCAG,0,0,0.041062477,0.305343326,0.299915,455,189.2094685,0.256521739,0.282608696,0,0,0,0
16358,AAACATAAAGCCTAGACTGACGG,0,0,0.109962406,0.211575375,0.207602129,455,172.5603156,0.017391304,-0.065217391,0,0,0,0
16359,GGTGAATGAGTGAGTGAGAGTGA,0,0,0.006410256,0,0.04268194,387.5,156.1805845,0,-0.260869565,0,0,0,0
16360,GGGAAAGACACAGCAGCTGAGAG,0,0,0.028125,0.018826474,0.018524041,417.5,134.3589045,0,-0.391304348,0,0,0,0
16361,GGTGAGTCAGTGAGTGAATGTGG,0,0,0.137642239,0,0.041781429,387.5,160.1914182,0,0,0,0,0,0
16362,GGTGAGTCAGTGAGTGAATGTGA,0,0,0.009558489,0,0.041781429,387.5,160.1914182,0,-0.130434783,0,0,0,0
16363,AGGTGGGGGGAGTCAGCCCCCAG,0,0,0.016541353,0,0.012392231,357.5,167.9304605,0,-0.130434783,0,0,0,0
16364,ATCACCAATCCAGAGACACAGGG,0,0,0.681818182,0,0.932255747,620,215.2884992,0,-0.195652174,0,0,0,0
16365,CAATTGTTTTCATTCTTTTCTGG,0,0,0.108534323,0.085028187,0.082004963,455,179.0416451,0,-0.152173913,0,0,0,0
16366,TCCTGTGTCCCTGGAGGGAAGAG,0,0,0.026923077,0.11259853,0.110484003,485,159.7822378,0,-0.065217391,0,0,0,0
16367,GGGATGGAGGAGAGAGTAGTAGA,0,0,0.00830314,0,0.116067105,357.5,180.9984679,0.008695652,0.739130435,0,0,0,0
16368,CCTGCCTCCCTTCTCCTCAGAAG,0,0,0.000511906,0.083063887,0.081729528,357.5,156.6335584,0.72173913,0.695652174,0,0,0,0
16369,AAGGACACCAGTGATTAGACTGG,0,0,0.032378336,0,0.186915845,455,166.7417785,0.02173913,0.260869565,0,0,0,0
16370,ATATGAGAAGATCAGGCACAAGA,0,0,0.007088428,0,0.535952,432.5,202.944579,0,-0.065217391,0,0,0,0
16371,GGGTGGGGGGAGAGTGCTACTGG,0,0,0,0,0.046199873,365,168.5134949,0.108695652,0.195652174,0,0,0,0
16372,GACTCCTAGCAAAAGAAGAATGG,0,0,0.205128205,0,0.885414687,530,209.7727188,0,-0.913043478,0,0,0,0
16373,ATGACCACCAATGAGTATGGTGG,0,0,0.125,0.053306356,0.051506986,387.5,155.5102631,0,0.130434783,0,0,0,0
16374,CAATAGAAAGGATAGACTGCAGA,0,0,0.004960317,0,0.480400979,522.5,210.3103323,0,-0.413043478,0,0,0,0
16375,GGCAGTGAGGCTGGGGGAGGGGA,0,0,0.011736111,0,0.078958228,455,175.1815082,0,0,0,0,0,0
16376,GGCAGTGAGGCTGGGGGAGGGGG,0,0,0.169,0,0.078958228,455,175.1815082,0.043478261,-0.847826087,0,0,0,0
16377,GGTGGGGGGGTGTGTGTGTGTGA,0,0,0.009150327,0,0.241506693,552.5,190.5826078,0,-0.869565217,0,0,0,0
16378,GCCTCCCCTAAGCAAGGCCCTGA,0,0,0.00191886,0,0.014556396,357.5,152.2564135,0.030434783,0.108695652,0,0,0,0
16379,GAGGCCGAGCAGGCGCAGAAGGG,0,0,0,0.01490844,0.01490844,357.5,179.8994689,0,-0.543478261,1,0,0,0
16380,GGCCCCCCAAAATCTGGCCATGA,0,0,0.020422468,0,0.272415361,425,200.870979,0,-0.565217391,0,0,0,0
16381,GCCTTCCATCCAGAGGCACGAAG,0,0,0.022152471,0,0.119960915,485,163.9003742,0,-0.239130435,0,0,0,0
16382,TGAATCCATGAATGAGGAGTAAG,0,0,0.048611111,0.339788416,0.339788416,620,210.5430548,0.695652174,-0.043478261,0,0,0,0
16383,GGTATGAGAGTGTGTGTGTGTGA,0,0,0.009280303,0,0.395264636,552.5,193.6687881,0,-0.391304348,0,0,0,0
16384,CCATATGTATGTGGATGGATGGA,0,0,0.011177249,0,0.456378813,522.5,207.1938159,0,0.130434783,0,0,0,0
16385,AAGACCGAGCAACAGAAGAAAAG,0,0,0.021832359,0,0.286208544,425,201.110979,0,-0.239130435,0,0,0,0
16386,CCCAGCAACCCAGAGACCCACAG,0,0,0.021880342,0.125059572,0.122948862,552.5,186.1453856,0.160869565,0.108695652,0,0,1,0
16387,AGATGATAATAAGATGCACAGAG,0,0,0.013756614,0.257759143,0.253408778,522.5,197.3780612,0,-0.086956522,0,0,0,0
16388,ATGAACACCTGTTAGTAAGGTAG,0,0,0.017816742,0,0.031484206,387.5,148.5376098,0,-0.239130435,0,0,0,0
16389,CGTGTGTGTGTGTGTTCGTGTGG,0,0,0,0,0.166395667,552.5,196.6634738,0,-0.173913043,0,0,0,0
16390,TGGATGGATGGATGAGTAGAGGG,0,0,0.04875,0,0.077890861,387.5,150.8864249,0,-0.304347826,0,1,0,1
16391,TGTGAGTGTGGGTATGCGTGTGA,0,0,0.0125,0,0.075949862,425,197.3709513,0,-0.02173913,0,0,0,0
16392,GCCTCTCCAAAGGCTGCCAACAG,0,0,0.003310415,0.043414677,0.04268194,387.5,156.1805845,0,-0.369565217,0,0,0,1
16393,TTCTCCCCAAATCCTAGCCAAGA,0,0,0.024281274,0,0.133988,455,193.9554737,0,-0.108695652,0,0,0,0
16394,AAATGAGAAGCAGAGGGAGAGGG,0,0,0.002941176,0.179865665,0.179865665,395,162.4358053,0,0.065217391,0,0,0,0
16395,CACTGAGTTTCTGGATAGATAGG,0,0,0.514747475,0.225335527,0.225335527,552.5,192.2281246,0,-0.630434783,0,0,0,0
16396,TGGAGGGAGGGATGAGGGCTGAG,0,0,0.019338953,0,0.051506986,387.5,155.5102631,0,-0.369565217,0,0,1,0
16397,CCTGCCTGCCCTCTCCTCCCAGA,0,0,0.001007613,0,0.111239878,455,166.1534251,0,NA,0,0,0,0
16398,GAGCCACTGCACCCTGCCTCTGA,0,0,0.001330625,0,0.146830007,522.5,198.7192141,0,0.043478261,0,0,0,0
16399,GATATTGATGCCCTCCTCATGGG,0,0,0.198611111,0,0.191598687,455,189.6698212,0,0.130434783,0,0,0,0
16400,CAGTCTGATCAGAAGAAGAATGA,0,0,0.024565382,0,0.987826301,627.5,214.6542356,0.126086957,0.434782609,0,0,0,0
16401,GGGAAAGACTCAGCATCTCCCGA,0,0,0.001712284,0,0.033924842,442.5,120.8993304,0,-0.543478261,0,0,0,1
16402,CCCGTGAGTGCAGCGGGGGCGAG,0,0,0.004668534,0.301862836,0.291673374,455,186.4640688,0,1.413043478,0,0,0,0
16403,GAGTCCCAGAAGGAGAAGGAGAG,0,0,0.037779287,0,0.1152679,455,171.5777623,0.960869565,0.195652174,0,0,0,0
16404,GAACACCAAGCATCGCCAGCAAG,0,0,0,0,0.00490848,387.5,162.4658754,0,1.217391304,0,1,0,0
16405,TGGATGGAGGGATGAGGAATGGA,0,0,0.032242063,0,1.318125,470,184.6219164,0,0.152173913,0,0,0,0
16406,GGAATCCATCTTGCAGCACAAGA,0,0,0.003703704,0,0.320401983,455,167.740763,0,0.195652174,0,0,0,0
16407,GGTGTGTGAATGTGTCCCTGAGA,0,0,0,0,0.046671384,485,170.2081844,0,-0.152173913,0,0,0,0
16408,CCTGCCTGGGCTATACTCTCAGA,0,0,0.005723443,0,0.106565899,455,171.8930822,0,0.108695652,0,0,0,0
16409,AACACCAGTGAGATAAGCAGGGA,0,0,0.017237664,0,0.006644418,295,153.1064733,0,0.130434783,0,0,0,0
16410,CACAGCCATCCACAGACCCAAAG,0,0,0.009678067,0.122272738,0.120099,455,182.7490262,0,1.043478261,0,0,0,0
16411,AAATGAGGACAGGATGCACAGAG,0,0,0.007846365,0,0.165757769,425,189.1853246,0,0.130434783,0,0,0,0
16412,ACCCCCCTCCACCCTGCCCCCAG,0,0,0.003371648,0,0.141195423,455,174.0049785,0.604347826,0.108695652,0,0,0,1
16413,CATGAGTGTGTGTGTGCATGCAG,0,0,0.065088757,0,0.189613667,552.5,189.5768864,0.047826087,0.152173913,0,0,0,0
16414,GGGTGGTGTGGGTTTGATCCTGG,0,0,0.092444444,0.129659522,0.127576638,455,185.6408441,0,-0.326086957,0,0,0,0
16415,GACCCCCACCGCCCCAGCTCTGG,0,0,0.030588235,0,0.052582071,387.5,171.5955624,0,0.260869565,0,0,0,0
16416,CCCGCCCTTCCAGAGACACTCAG,0,0,0.041666667,0.672200226,0.66025,552.5,176.8006631,0.026086957,0.173913043,0,0,0,0
16417,GAGGGCGAGCAGAAGCAGAGCGG,0,0,0,0,0.113563,485,162.6120542,0.304347826,-0.195652174,0,0,1,0
16418,AACTTAGAGGAAAAGGCACACAG,0,0,0.020512821,0,0.333568181,522.5,203.9245791,0.647826087,0.97826087,0,0,0,0
16419,AAGTCCCAGAAGAAGAAGAGAGA,0,0,0.028477328,0,0.438724268,552.5,174.6874829,0.126086957,-0.239130435,0,0,0,0
16420,CCCTGTGGCTCTGCTTGCATTGG,0,0,0.029931973,0.01138062,0.011197799,357.5,164.8306435,0.113043478,0,0,0,0,0
16421,AGTGAGAGAGTGTGTGAGAGTGA,0,0,0.007291667,0,0.138537471,485,165.0827082,0,0.217391304,0,0,0,0
16422,GCTCCCTCCGCACTCCTCACTGA,0,0,0.007323878,0,0.198201266,425,196.403278,0.065217391,0.108695652,0,0,0,0
16423,CCTCACCCACAGGGCAGTGATAG,0,0,0.025210084,0.517137097,0.49875,552.5,186.0500801,0.430434783,0.152173913,0,0,0,0
16424,GGGTGGGGGGAGCTTGTCCCTGG,0,0,0.157894737,0.072530376,0.070863011,395,164.4912351,0,-0.369565217,0,0,0,0
16425,GATCAGTGTGTGTGTGCGCGCGG,0,0,0.074145733,0.315970766,0.30473625,552.5,183.3786197,0,-0.043478261,0,0,0,0
16426,GCCACCCTCCACCCCGACACAGA,0,0,0.006126427,0,0.19201875,485,166.352289,1,0.065217391,0,0,0,0
16427,TGTGTGTGAGTGTGCGCCTGTGG,0,0,0.047225502,0,0.083169333,455,178.2813251,0,-0.5,0,0,0,0
16428,GGGTGGGAGGGGTCTGCACCAGG,0,0,0.123809524,0.023568075,0.023189471,357.5,172.8075814,0,-0.108695652,0,0,0,0
16429,GGCTCTGTGGCTGGAGGAGGTGG,0,0,0.371212121,0,0.617578773,560,191.0032498,0,-0.369565217,0,0,0,1
16430,CCCTCACCAAGGCCAGGCCAGGA,0,0,0.017333139,0,0.135266321,425,196.9769107,0.013043478,0.02173913,0,0,1,0
16431,AGCGAGTGAGTGAGTGAGTGTGA,0,0,0.008653846,0,0.232606028,455,188.1865684,0.27826087,-0.239130435,0,0,0,0
16432,GGTATTTTAGTCATTCCCTGTAG,0,0,0,0,0.154229434,552.5,199.3575901,0,0.391304348,0,0,0,0
16433,TGGATGGAGGAGGGAGCTGTGGG,0,0,0.022165388,0,0.019611338,290,155.5751347,0.004347826,0.195652174,0,0,0,1
16434,GAGTCAGAGAAGATGAAGGAGAG,0,0,0.041728395,0.039986259,0.039311386,455,170.035095,0.034782609,-0.239130435,0,0,0,0
16435,GAGCCACTGCACCCAGCCTCGGG,0,0,0.063869992,0,0.146830007,522.5,198.7192141,0.082608696,0.239130435,0,0,0,0
16436,GAGCCACTGCACCCAGCCTCGGA,0,0,0.004435416,0,0.146830007,522.5,198.7192141,0.1,-0.086956522,0,0,0,0
16437,GGAGCAGAGGCTGGAGGTGGGAG,0,0,0.079110082,0,0.778438874,620,212.912599,0.004347826,-0.673913043,0,0,0,0
16438,ATCAAAACCACTGAGCAGAGTGA,0,0,0.007086168,0,0.085597336,455,193.3675064,0,-0.239130435,0,0,0,0
16439,CCTGCCTCCTTTCTACTGTCTGA,0,0,0.001246439,0,0.045151768,387.5,151.8068467,0,0,0,0,0,0
16440,GGAATCCTGTCTGCAGCAGAAAG,0,0,0.008777006,0.120640838,0.120640838,485,144.2548028,0,-0.608695652,0,0,0,0
16441,TGTGTGTGTGGGTGTGCGTGGGG,0,0,0.087272727,0,0.485165286,522.5,207.7218159,0,-0.282608696,0,0,1,0
16442,GGGGAGCGCGCGTGTGCGTGTGA,0,0,0.009093915,0,0.311706729,522.5,206.0989551,0,-0.47826087,0,0,0,0
16443,TGTGTGTGTGTGTGCGCGTGCAG,0,0,0.015426997,0.254738974,0.24614019,522.5,199.7448781,0,0.195652174,0,0,0,0
16444,CCCTGTGGCTCTGCAGGGCTCAG,0,0,0.005835544,0,0.011549968,387.5,156.4245726,0.013043478,0.456521739,0,0,0,0
16445,TGGAGGGAGGAATGTGGAAGAAG,0,0,0.004183007,0,0.055738305,387.5,135.8190586,0,-0.195652174,0,0,0,0
16446,CCAAGGAGTAGAGTGGAGGGAGA,0,0,0.00172549,0,0.09837725,455,168.2612954,0,0.543478261,0,0,0,0
16447,GAGCCCCAGCAGCAGAGGAAAGG,0,0,0.016527044,0,0.152967414,455,185.4577876,0,0.086956522,0,0,0,0
16448,TGGGTGGAGGAATGGGCAGATAG,0,0,0.013939951,0,0.068124595,387.5,145.9956674,0.065217391,0.065217391,0,0,0,0
16449,CAGCCCCTCCATCCCACCTCCAG,0,0,0.04985755,0,0.132112168,455,193.6674737,0.026086957,-0.02173913,0,0,0,0
16450,TGTGAGTGTGTGTGTGAGTGTGA,0,0,0.019444444,0,0.788265432,560,195.4541086,0,-0.695652174,0,0,0,0
16451,AACAGGGGTGAGTAGAGGGGAGA,0,0,0.001960784,0,0.121741508,555,188.3191819,0,0.652173913,0,0,0,0
16452,GACCTCCCCCACCCCGCCGCCAG,0,0,0.041245791,0,0.992537313,560,185.2638631,0.056521739,0.108695652,0,0,0,0
16453,AAATTAGGGGATGAGGCACAGAG,0,0,0.012674897,0.416704377,0.410318103,522.5,203.1359822,0.147826087,-0.086956522,0,0,0,0
16454,TTCTCCTTCCCACCCACCTGCAG,0,0,0.037811268,0.43003125,0.421955546,552.5,180.0364161,0,-0.347826087,0,0,0,0
16455,ATGAATACCCATGAGGAGAGTGA,0,0,0.007440476,0,0.07610128,455,188.90377,0,3.130434783,0,0,0,0
16456,TGGATGGATGAATGAGCAGTGGG,0,0,0.125490196,1.773597222,1.773597222,567.5,196.6541086,0.013043478,-0.086956522,0,0,0,0
16457,ATAGGAGAAGAAGATGCAAAGGA,0,0,0.001932591,0,0.133665,455,173.1313785,0.239130435,-0.217391304,0,0,0,0
16458,AAATGAGAAGATGGGGAGCAGGA,0,0,0.002016461,0,0.007550619,290,153.4352706,0,0.108695652,0,0,0,0
16459,GAGTCCAAGAAGAAGAAGCCAGG,0,0,0.040752351,0.126335643,0.124203396,485,143.9394829,0,0.47826087,0,0,0,0
16460,GGAAGCCCTTCTTGAGCCCCCAG,0,0,0,0,0.016988688,357.5,171.3498415,0.043478261,-0.282608696,0,0,0,0
16461,AGGTGGGAGGAATAAGGAGTGGA,0,0,0.021212121,0,0.223971519,522.5,205.3988954,0.069565217,0.195652174,0,0,0,0
16462,CACACAGAGGCAGAGTGTTTGGA,0,0,0.003612556,0,0.225335527,552.5,192.4681246,0,-0.065217391,0,0,0,0
16463,GGCGAGTGTGTGTGTGTGTTGGG,0,0,0.084,0,0.153139514,485,156.5885087,0.804347826,1.369565217,0,0,1,0
16464,CTGAACACTAATTAGTAGAGCAG,0,0,0.058333333,0.197265749,0.197265749,425,199.5108154,0.008695652,1.02173913,0,0,0,0
16465,GTCATCTTACACATCTCCTGTGG,0,0,0,0,0.03216105,357.5,176.4827324,0.126086957,0.239130435,0,0,0,0
16466,GCCTCCCCGCAGGCTGCCCAGGG,0,0,0.007130125,0.118061117,0.114442385,455,179.7630516,0,-0.02173913,0,0,0,0
16467,GGCCCTGCTGCTGCAGCTGGAAG,0,0,0.004921184,0,0.05268594,455,181.7413239,0,-0.02173913,0,0,0,0
16468,GACACCCCCCACCCCGCCCCTGA,0,0,0.016132285,0,0.992537313,560,185.6785831,0.117391304,0.02173913,0,0,0,0
16469,GAATTGTTTTGATTCTTCTGCGA,0,0,0.000241384,0,0.096830707,357.5,161.0972948,0,-0.391304348,0,0,0,0
16470,CCCACCCACCCAAAGAGACACGA,0,0,0.003480682,0,0.136842006,455,183.466468,0.291304348,0.260869565,0,0,1,0
16471,CCATTGAGTAGAGAGGATGCAAG,0,0,0.021997755,0,0.092019237,462.5,182.4638821,0.869565217,1.5,0,0,0,0
16472,GCCTCCCCTAAGCTTAGCTACAG,0,0,0.052649573,0,0.007057031,387.5,155.5646092,0.030434783,-0.260869565,0,0,1,0
16473,GCCTTCTCTGTCCTCCCCATGGG,0,0,0.12244898,0.932255747,0.932255747,620,212.6034022,0.026086957,0.108695652,0,0,1,0
16474,GGGTGGGGGGATTATCCTACTGG,0,0,0,0.005505695,0.005421316,290,151.8082891,0,-0.217391304,0,0,0,0
16475,GGTGAGGGAGTGAGTGGTTGGAG,0,0,0.004140419,0,0.028536716,387.5,160.9080543,0.543478261,-0.043478261,0,0,0,0
16476,CCTGTGTCTAGAACGGAGGCAAG,0,0,0.045480914,0.378963491,0.372875724,522.5,203.6896817,0,0.260869565,0,0,0,1
16477,TGAGAGTGAGTGTGTGTGTGTGG,0,0,0.333333333,1.272061728,1.272061728,560,198.8858889,0,-0.456521739,0,0,0,0
16478,AAGGACCACAAGCTCCTCAAGGA,0,0,0.00278474,0,0.247382024,425,196.4648426,0,-0.086956522,0,0,0,0
16479,AAGGACACCAGTGATTGGAGTAG,0,0,0.003456511,0,0.163368333,455,182.8932674,0.295652174,0.239130435,0,0,0,0
16480,GCCTCATCCCCACCCACCCAAGG,0,0,0.134482759,0.12362929,0.119456149,485,146.4285992,0,0.434782609,0,0,0,0
16481,GGGACCCCAAAGCCTGGGCAGAG,0,0,0.005725532,0.311526923,0.305988667,555,192.1350667,0,-0.304347826,0,0,0,0
16482,AACAGCGGTGGGTAGAGCCGAGG,0,0,0.123407708,0.185756334,0.179486078,455,178.5504156,0.026086957,0.152173913,0,0,0,0
16483,GCCTCTTTCACACCCACTACAGA,0,0,0.001004947,0,0.033924842,442.5,120.8993304,0.995652174,4.369565217,0,0,0,0
16484,GACCCCCACCTACCCGCCCCTAG,0,0,0.012574909,0,0.123062056,357.5,171.4059989,0,-0.347826087,0,0,1,0
16485,AAATTAGAAGAGGAGCCTCAAGA,0,0,0,0,0.024931944,387.5,167.4838204,0,0.456521739,0,0,0,0
16486,GGAATACTTACTGCTGCACCAGG,0,0,0.139285714,0.213651194,0.213651194,522.5,195.115441,0,-0.02173913,0,0,0,0
16487,TGGATGGAGGAGACAGGACTGGA,0,0,0.006670772,0,0.012197961,295,159.5973944,0,-0.239130435,0,0,0,0
16488,CCCTGTGTCTTTACATGGAGGGA,0,0,0.001491721,0,0.019093335,260,154.6938112,0,-0.130434783,0,0,0,0
16489,AGGATGGAGGAGGGAGGTGTGGG,0,0,0.094202898,0,0.059088708,357.5,176.5612457,0,-0.413043478,0,0,0,0
16490,GACATGTTTTCCTTTTTCTTGGA,0,0,0.000372956,0,0.087057924,357.5,159.2656781,0,-0.608695652,0,0,0,0
16491,GGTTGGGTGGAGTTTGCAGCGGG,0,0,0.026041667,0.098130981,0.09638643,485,159.4008498,0,0.260869565,0,0,0,0
16492,ATCATCACCAGTAAGTAGAGTGA,0,0,0.008965394,0,1.074082667,530,209.0843595,0.408695652,-0.086956522,0,0,0,0
16493,GGGACAGAGCAGAAGAGGAACGG,0,0,0.06242497,0.368797917,0.368797917,552.5,195.3143049,0,0.456521739,0,0,0,0
16494,GCCCCACTCCACCCTGCCCCTGG,0,0,0.013417781,0,0.080867325,455,172.2189945,0.339130435,0.260869565,0,0,0,0
16495,GGTGTGTATGTGTGTGTGTGTAG,0,0,0.026397306,0,0.353596915,552.5,189.8659716,0,-0.195652174,0,1,1,0
16496,AAAACCAGTGAATAAAGAGGAAG,0,0,0.106279351,0.040346442,0.040346442,357.5,171.3255447,0,0.152173913,0,0,0,0
16497,AAATGAGGAGAGATGGCACACAG,0,0,0.067599451,0,0.038723687,362.5,187.2455774,0.186956522,-0.239130435,0,0,0,0
16498,GAGTCTGAGAAGAAGTACAAAGA,0,0,0,0,0.028236187,485,169.7105204,0.030434783,-0.5,0,0,1,0
16499,GTCTGCTTAATCATTATCTGTGA,0,0,0.012318743,0,0.532999604,552.5,191.0602325,0.3,0.043478261,0,0,0,0
16500,AAATTATGAGAAGAGGGACATGG,0,0,0.007394958,0,0.395264636,552.5,191.4425712,0,-0.217391304,0,0,0,0
16501,AGTGAGTGTGTGTGTGGGGGGGA,0,0,0.000551471,0,0.123933228,485,163.5061086,0,-0.195652174,0,0,1,0
16502,TGTGAGTGTGTATGTGTGTGTGA,0,0,0.018148148,0,0.183248065,455,186.5380081,0,-0.847826087,0,0,0,0
16503,AAATGAATTGAAGAGGGACATAG,0,0,0.003921569,0.23362076,0.229867816,555,188.7711108,0.182608696,0,0,0,0,0
16504,TGTGAGTGTGTATGTGTGTGTGG,0,0,0.261333333,0,0.183248065,455,186.5380081,0,-0.173913043,0,0,0,0
16505,ACGTCTGAGCAGAAGAAGAATGG,1,0.001718713,0.656632654,1.502614379,1.46807152,627.5,218.374016,0,-0.043478261,0,0,0,0
16506,AAAAAAGAAGAAAAGGGACAGGG,0,0,0.022408963,0,0.223964003,455,186.5526484,0,0,0,0,0,0
16507,AACACCAGTGAGGGCAGCAGCAG,0,0,0.006148441,0.006644418,0.006644418,295,153.1064733,0,0.086956522,0,0,0,0
16508,TGCCCAGACGGAGCAAGAGACAG,0,0,0.086419753,0.050972894,0.049160524,485,171.4965044,0.1,0.260869565,0,0,0,0
16509,CACACCAGAGAGTAGTGGGGCAG,0,0,0,0.033815894,0.032613551,485,172.5284605,0,-0.152173913,0,0,0,0
16510,GGCACTGTTGCTGGAGGAGGCAG,0,0,0.080658436,0,0.337090963,560,187.9170694,0.343478261,-0.195652174,0,0,0,0
16511,TGTGGGTGAGTGTGTTTGTGTGA,0,0,0,0,0.104848333,485,179.637143,0,-0.934782609,0,0,1,1
16512,AAAGGACAAGAACAGGCCCATAG,0,0,0.008934373,0,0.07787432,455,181.0205654,0,-0.586956522,0,0,0,0
16513,GGTAAGTGAGTGGGTGACTGCAG,0,0,0.01352657,0,0.043896945,387.5,162.4176351,0.152173913,-0.108695652,0,0,0,0
16514,GGAGAGTGAGAGGGTGAGTGGGG,0,0,0.065217391,0,0.122559821,357.5,181.9564847,0.126086957,-0.108695652,0,0,0,0
16515,TGTGTGTGTGTGTGTCCGTGTAG,0,0,0,0,0.166395667,552.5,196.6634738,0,0,0,0,0,0
16516,TTGGTGGGGGAAGGAGGAGTGGG,0,0,0.076086956,0.572069502,0.553689759,522.5,205.4872625,0.891304348,4.02173913,0,0,0,0
16517,GACTGTTGCCCACCCATCTTGGG,0,0,0.149333333,0,0.609583333,552.5,193.585752,0,-0.152173913,0,0,0,0
16518,AAATAAGAAAAAGAGAGACAGAG,0,0,0.012335996,0,0.091675932,485,174.6454066,0,0.282608696,0,0,0,0
16519,GGGACTGTGGGTGGGGGTGGAGG,0,0,0.07109375,0,0.220450566,425,195.1350778,0.004347826,-0.152173913,0,0,0,0
16520,GCCTTCCCAACACCTGGCCTTGA,0,0,0.00989899,0,0.180287865,357.5,166.8278959,0,-0.804347826,0,0,0,0
16521,TCATCTTCCCCACCCACCGTGGG,0,0,0.216666667,0.519472711,0.519472711,552.5,184.8241831,0,-0.217391304,0,0,0,0
16522,TGTGTGTGGGTGTGTGTGTGTAG,0,0,0.02933034,0.379196691,0.372455417,552.5,192.9657886,0.082608696,0.47826087,0,0,0,0
16523,GAGCCACTGCACCCGGCCTCCAG,0,0,0.00372575,0,0.146830007,522.5,198.7192141,0,0.282608696,0,0,0,0
16524,GGCGCTGCTGCGGGAGCTGGAGG,0,0,0.039215686,0,0.173969682,455,185.6644081,0.169565217,-0.260869565,0,0,0,0
16525,TTTATCTTGGTCATTACCTTTGA,0,0,0.022280092,0,0.420174266,552.5,177.5746197,0,-0.217391304,0,0,0,0
16526,CACCCCCACCACCCCTCATCCAG,0,0,0,0,0.053377333,485,173.3884239,0,-0.347826087,0,0,0,0
16527,CTGTCCTCACAGGGCAGGAAGGA,0,0,0.003419613,0,0.208990259,552.5,189.9918859,0,0,0,0,0,0
16528,AGAGAGTGAGGGAGTGCGTGAGA,0,0,0.012362637,0,0.318337199,425,202.9425958,0,1.130434783,0,0,0,0
16529,CTCTGTGGCTCTGGCTGGAGTGA,0,0,0.002228164,0,0.186915845,455,164.5155615,0,-0.434782609,0,0,0,0
16530,GACACAGATTTCCTCCCCCTTGG,0,0,0.156096059,0,0.263834804,552.5,180.3859596,0,0,0,0,0,0
16531,GGGTGGGGGGAATATGCTCTTGA,0,0,0.012037037,0,0.081690476,365,163.907115,0,-0.304347826,0,0,0,0
16532,GAGTGCGAGAAGTTGAAGAAAAG,0,0,0.02157037,0.075982292,0.075982292,425,191.7814384,0,-0.260869565,0,0,0,0
16533,AATGACCAGCACATAGTCAAAGA,0,0,0.000783853,0,0.035406129,455,178.7530358,0.004347826,-0.260869565,0,0,0,0
16534,GGCGCTCAGGCTGGAGGTGGTGA,0,0,0.019395616,0,1.65734355,627.5,214.0434022,0.082608696,-0.086956522,0,0,1,0
16535,GGTTCTGTCCCACCCACCCTTGA,0,0,0.005389462,0,0.335877203,552.5,185.3008193,0.856521739,2.195652174,0,0,0,0
16536,CCTGTGAGGAGAGGGGAGGAGGA,0,0,0,0,0.059266981,455,165.9354351,0.491304348,-0.326086957,0,0,0,0
16537,TGGGTAGAGGAATGAAGACTCAG,0,0,0.072637292,0,0.051899925,485,168.5039902,0,-0.260869565,0,0,0,0
16538,CATGCCACAGCTCTACACACGAG,0,0,0.075420875,0.25438705,0.25438705,552.5,191.6309278,0,-0.456521739,0,0,0,0
16539,CTTTCCCTACAGGGCAGAAACAG,0,0,0.054994388,0.617578773,0.617578773,560,191.0032498,0,-0.02173913,0,0,0,0
16540,GTGTCAGAGCAGAATCAGAAGAG,0,0,0,0.043384841,0.041920373,455,185.6785685,0,-0.413043478,0,0,0,0
16541,TTACAAGAAGAAGAGGCACAAAG,0,0,0.10573711,0,1.304945055,620,216.79808,0,0,0,0,0,0
16542,GAGTTCCAGAAGAAGAAGAAGAG,0,0,0.098302469,0,1.52641341,627.5,211.7367628,0.213043478,-0.239130435,0,0,0,0
16543,GGTGAGTCAGTGAATGAGTGGAG,0,0,0.038658777,0,0.031762413,357.5,173.9755668,0,-0.347826087,0,0,0,0
16544,CCTTCCCCACATGGCAGTCACAG,0,0,0.006430351,0.254431452,0.245385,455,179.6222996,0,0.086956522,0,1,1,0
16545,TGTGAGTGAGGCTGAGCGTGGGG,0,0,0.122600619,0,0.110001703,327.5,191.0467943,0,0.304347826,0,0,0,0
16546,AAATCAGAAGACGTGGCAGAAAG,0,0,0.003573749,0,0.034711106,357.5,167.808395,0,-0.282608696,0,0,0,0
16547,GGGATGGAGGAAGTAGGAGAGAG,0,0,0.009703844,0,0.040216897,357.5,160.9238949,0.004347826,0.391304348,0,0,0,0
16548,CTTGCACCACAGAACAGGAAAGA,0,0,0.014880952,0,0.010278156,357.5,170.8521775,0,0.326086957,0,0,0,0
16549,ATTGAGCATTACATCCTCAAAGA,0,0,0.022095959,0,0.940220214,627.5,214.4142356,0,-0.195652174,0,0,0,0
16550,GCCTCTCCCTCACCCACCTGTGA,0,0,0.007929642,0,0.394296494,552.5,171.5876659,0,0.173913043,0,0,0,1
16551,TGTATGTGCGTGTGTGCGTGCAG,0,0,0.048484848,0,0.833979885,620,213.0782996,0,0.304347826,0,0,0,0
16552,AAGTCAGAGCAGAAAAAGAGAGG,1,0.009068508,0.601482946,0,0.113084086,455,166.0693945,0.07826087,0.369565217,0,0,0,0
16553,GCCTCCTTCCCTCCCACCTTTAG,0,0,0.078563412,0,1.991387324,537.5,212.0979156,0,0.456521739,0,0,0,0
16554,CAATGTGTTTCTGGTTGGATCAG,0,0,0.028597082,0.246860652,0.242694227,522.5,200.2651981,0,-0.326086957,0,0,1,0
16555,TGTGAGTGAGTGTGTGCGTGTGA,1,0.002183597,0.069444444,0,100,642.5,222.8,0,-0.391304348,0,0,0,0
16556,GCCTCCCCAGTCCCTGCCCAAGG,0,0,0.021293585,0.134214734,0.132157803,392.5,179.2759684,0,0.239130435,0,0,0,0
16557,CCTGCCTCAGCTCTCCTCTGTGG,0,0,0.00740436,0.031795118,0.030773588,387.5,133.1475982,0,-0.108695652,0,0,0,0
16558,CCTGTCTCCCCTCTACTAAATGG,0,0,0.068531468,0,0.119185689,485,150.3590104,0.304347826,0.804347826,0,0,0,0
16559,TGGATGGATGAATGGTGGGTGGA,0,0,0,0,0.00789798,387.5,158.3214389,0.056521739,0.02173913,0,0,0,0
16560,GGTGTGTGCGTGTGTGTGTAGGA,0,0,0.006313131,0,0.155313909,485,155.8281887,0.030434783,1.130434783,0,0,0,0
16561,TAGTCTGAGCAGAAGGAGGAAGA,0,0,0.004650298,0,0.054823864,485,169.3775902,0.573913043,-0.934782609,0,0,0,0
16562,AAATAAGAAGAAGAGGCTTGAGA,0,0,0.010620915,0,0.040763835,442.5,124.6027469,0,0.086956522,0,0,0,0
16563,GAGACCGAGGAGGAGAAGGAGGA,0,0,0.003145129,0,0.177767966,455,173.0873431,0.986956522,0.934782609,0,0,0,0
16564,GGAACTGCGGGCGGAGGGGGCGG,0,0,0.068421053,0,0.083553265,357.5,179.3024826,0,-0.260869565,0,0,1,0
16565,GGCCGCGTCCGAGCACGTGAGGG,0,0,0.062337662,0.749072759,0.727121909,620,208.0341426,0.008695652,-0.152173913,0,0,0,0
16566,GGTGAGTGAATGTGTGACTCTGG,0,0,0.088888889,0,0.041463696,417.5,130.6612193,0,0.173913043,0,0,0,1
16567,GAACTCTAAGCAGAGGCTGCAGA,0,0,0.000554246,0,0.065045258,455,188.7407528,0,0.086956522,0,0,0,0
16568,GGTAGGTGAGTGTGTGGGTGTGA,0,0,0.002647059,0,1.144757433,560,197.2519689,0.586956522,0.608695652,0,0,0,0
16569,GGTGGGTGTGAGTGAGCGTGTGA,0,0,0.013026316,0,0.130024297,425,193.5147944,0.208695652,-0.086956522,0,0,0,0
16570,GATGAGTGTGAGTGTGGGTGAGA,0,0,0.00155543,0,0.206712756,455,187.7840249,0,-0.02173913,0,0,0,0
16571,ACTTGAGAGGTAGAGGCACAAGA,0,0,0.007900596,0,0.478372972,522.5,208.2421359,0,-0.195652174,0,0,0,0
16572,GGTGAGCGAGTGAGTGAGTGAAG,0,0,0.05758547,0,0.286445647,462.5,187.5313876,0,-0.130434783,0,0,0,0
16573,TGGAAATAGGAATGAGGAGCCAG,0,0,0.006734007,0.272825204,0.272825204,555,176.6049153,0,0.065217391,0,0,0,0
16574,AATGACCACTAGTGCATCAAGGG,0,0,0,0.006462393,0.006367706,295,173.0569685,1,-0.47826087,0,0,0,0
16575,GGTGTGTGTGTATGTGTGTGTGA,0,0,0.006599327,0,0.173969682,455,185.2496881,0,-0.282608696,0,0,0,0
16576,GGTGTGTGTGTATGTGTGTGTGG,0,0,0.095030303,0,0.173969682,455,185.2496881,0,-0.108695652,0,0,0,0
16577,AACCCCAGTGAGGAGAACTGTGG,0,0,0.057289002,0.074311256,0.074311256,387.5,157.0929685,0,0.913043478,0,0,1,0
16578,AAATGAGACAAAGAGCCCCATGG,0,0,0,0,0.02714194,485,167.5367241,0.060869565,0.130434783,0,0,0,0
16579,CCCCTCCATCCTGAGTGACAGAG,0,0,0,0,0.048973462,387.5,172.3357626,0,0.239130435,0,0,0,0
16580,AATGCCAAAAACATCCTCAAAGA,0,0,0.019132653,0,0.501549463,620,206.5769824,0,-0.108695652,0,0,0,0
16581,GGTGTGTGAGTGAGTGGGCGTGG,0,0,0.004085164,0,0.070548661,387.5,156.6782485,0,-0.108695652,0,0,0,0
16582,ATAAGAAAAGAAGAGACACAGAG,0,0,0.089786756,0,0.176585759,552.5,198.4147933,0,-0.086956522,0,0,0,0
16583,AGGAAGGAGGAAGGAGGAGGAGG,0,0,0.023017903,0,0.26991206,455,171.2747595,0,-0.739130435,0,0,1,0
16584,GGTGAGTGAGAGAGTGACTGAGG,0,0,0.115384615,0,0.022122546,290,157.0611514,0.165217391,-0.108695652,0,0,0,0
16585,TTGAGGGAGGAAGGAGGGGTGGG,0,0,0.042498024,0.122272738,0.120099,455,182.7490262,0,-0.065217391,0,0,0,0
16586,AGTGAGTGTGTGAGTGCGTGAGA,0,0,0.025961538,0,0.703080282,530,206.9408991,0,-0.586956522,0,0,0,0
16587,AAAAGAGAAAATGAGGAACAAAG,0,0,0.017924097,0,0.262235805,455,184.6324521,0,-0.065217391,0,0,0,0
16588,GAATGAGAAGTAGAGTTACATAG,0,0,0,0,0.058190825,387.5,174.6953793,0,0.130434783,0,0,0,0
16589,GGCACTGGGGCAGGAGGGGCAAG,0,0,0.019047619,0,0.06044547,387.5,145.8231494,0.004347826,-0.304347826,0,0,0,0
16590,GATAACAAAGCAGAGACTGAGAG,0,0,0.020101404,0,0.251939516,455,171.1614795,0,0.02173913,0,0,0,0
16591,GAGTCCTGGCAGAAGAATGAAAG,0,0,0.027160494,0.063386074,0.063386074,485,157.545669,0,0.02173913,0,0,0,0
16592,GGCTTGTTTTCACTTTTTTCAGA,0,0,0.004027927,0,0.032186532,357.5,169.8303246,0.02173913,1.130434783,0,0,0,0
16593,GGGGAGTGTGTGTGTGTGTGAGA,0,0,0.009722222,0,0.730827942,560,194.9261086,0.082608696,0.239130435,0,1,0,0
16594,GGGGAGTGTGTGTGTGTGTGAGG,0,0,0.14,0,0.730827942,560,194.9261086,0,-0.108695652,0,0,0,0
16595,GGATGGGGGTAGTTTTCTCACAG,0,0,0,0.106929168,0.103127242,485,159.2542378,0,-0.282608696,0,0,0,0
16596,CTTCCTCCAAAGGGAAGTAAAGG,0,0,0.094677871,0.22074335,0.213651194,522.5,197.341658,0.017391304,0.282608696,0,0,0,0
16597,GATTCTCTTCCACCCACCTTAGA,0,0,0.020887587,0,0.561633746,620,212.0890388,0,-0.282608696,0,0,0,0
16598,GGCACTGCGGCTGGAATGAGGGA,0,0,0.004133598,0,0.005335167,400,124.7541298,0,0.282608696,0,0,1,0
16599,GGCCCTGTCTCTGGAGGTGGGAG,0,0,0.035028595,0,0.768095474,622.5,206.2750663,0,-0.086956522,0,0,1,0
16600,AAATGAGAAAATGAGAAACATGA,0,0,0.010082304,0,0.040957013,387.5,168.2176262,0.330434783,0.630434783,0,0,0,0
16601,TGTGAGTGTGTGTGTGAGAGTGA,0,0,0.005555556,0,0.123933228,485,163.5061086,0,-0.065217391,0,0,0,0
16602,CCCATCCATCCAGAGAGGTCAGG,0,0,0.00246812,0,0.012934678,400,104.9049558,0.291304348,-0.369565217,0,0,0,0
16603,CCCTGGGTCCCCGGATGGCTGGG,0,0,0.059735546,0.132035165,0.129806724,455,173.9581792,0,-0.239130435,0,0,0,0
16604,GGGAAAACCCCAGCATGTGTTAG,0,0,0.004201681,0.076186029,0.073738285,485,167.3075579,0,-0.065217391,0,0,0,0
16605,GGCAGAGAGGCTGGATGTGGTGG,0,0,0,0,0.148881024,552.5,195.7374532,0,-0.108695652,0,0,0,0
16606,GCCTCCCTCCCACCCACCCCTGA,0,0,0.001088471,0,0.08158855,485,147.1452353,0.02173913,0.086956522,0,0,0,0
16607,AAAGGAGAAGAAGAGAAAAATGA,0,0,0.008680556,0,0.033027225,417.5,149.3038631,0,0.043478261,0,0,0,0
16608,CTTGGCCCACAGGGAACTCATGA,0,0,0.000450755,0,0.048855403,387.5,151.9705474,0.013043478,0.173913043,0,0,0,0
16609,TGGATGGGGGACTGGGGAGAGGG,0,0,0.070559211,0,0.082649928,357.5,157.0394611,0,-0.152173913,0,0,0,0
16610,ATCCCTCTCCATCCCGCCTCAGA,0,0,0.022727273,0,0.425868976,522.5,209.4579156,0,0.043478261,0,0,0,0
16611,TTTGTGTGAGTGTGTGTGTGTGA,0,0,0.007499235,0,0.609583333,552.5,196.6855689,0.017391304,0.173913043,0,0,0,0
16612,CCGGTGAGGAGGGCGGGGGCGGG,0,0,0.048215582,0,0.171534106,455,186.0100081,0.091304348,-0.02173913,0,0,0,0
16613,CACACTGAAGGACAGTTTTTGAG,0,0,0.018100808,0,0.195328606,425,201.6846118,0,0.195652174,0,0,0,0
16614,GGCCCACAGTGAGGAGGTGACAG,0,0,0,0,0.015301435,455,183.9294283,0,0,0,0,0,0
16615,GACGCCGCAGCAGAGTTAATGAG,0,0,0.013227513,0.097755,0.097755,485,159.0552498,0,-0.673913043,0,0,0,0
16616,TCCATCCGGACAGAGACACACGG,0,0,0.393439153,0.805112123,0.805112123,622.5,207.1486663,0,-0.739130435,0,0,0,0
16617,TGGCTGGAGGAGAGAGGAATAGG,0,0,0.12605042,0,0.094963995,357.5,170.3629791,0.008695652,0,0,0,0,0
16618,TGGGTTGGGGAATCAGGAGTGAG,0,0,0.033950617,0,0.128972515,522.5,201.8014144,0.27826087,-0.02173913,0,0,0,0
16619,ACAGTGAGTAGAGTGGAGTCCGG,0,0,0.488888889,0.167940678,0.167940678,462.5,178.0128154,0.017391304,0.130434783,0,0,0,0
16620,GGCACAGAGTAAGCACGTCAGGA,0,0,0.01622831,0,0.169128619,455,177.388536,0.004347826,-0.02173913,0,0,0,0
16621,TAGAAGGAGCATTGAGGAGTAGA,0,0,0.003917379,0,0.648306325,522.5,204.9638431,0,-0.130434783,0,0,0,0
16622,TAATTGTTTTCATTGTTTTGAGA,0,0,0.00227591,0,0.134785853,485,156.1110668,0,-0.260869565,0,0,0,0
16623,GGAACTGGGGGTGGAGGTGGGAG,0,0,0.036111111,0,1.46235865,530,210.5420993,0,-0.413043478,0,0,0,0
16624,CCAATGAGAAGAGCAGGGGCAGA,0,0,0.00963915,0,0.094763973,455,179.173487,0.069565217,-0.043478261,0,0,0,0
16625,AACTGAGAAGCATAGGCACACGG,0,0,0.051428571,0,0.59611588,432.5,204.1425958,0,-0.217391304,0,0,0,0
16626,CCTTCCTCTTCTCTACTCAAGGG,0,0,0.129261364,0.378267906,0.371543143,552.5,172.2372833,0,-0.065217391,0,0,0,0
16627,GATATCAAGGCAGAGTTTTTTGA,0,0,0.020254629,0,0.561633746,620,211.0407188,0.604347826,0,0,0,0,0
16628,TCTGAGTGTGTGTGTGTGTGAGA,0,0,0.013461538,0,0.372455417,552.5,194.0141086,1,5.5,0,0,0,0
16629,ATGAACACAAGAGACTAGAGAGG,0,0,0.187012987,0.204915168,0.204915168,432.5,194.5170976,0.230434783,0.173913043,0,0,0,0
16630,ATTGAGTGAGTATGTGTGTGAGG,0,0,0.249454545,0,0.299915,455,190.2577885,0,-0.108695652,0,0,0,0
16631,AGTGTGTGAGTGTGTGCGTGTAG,0,0,0.084848485,0,6.012658228,635,220.31168,0.07826087,-0.239130435,0,0,0,0
16632,TGTGAGTGGGTGTCTGGGTGAAG,0,0,0.004357298,0,0.055495857,455,182.6149239,0,-0.282608696,0,0,0,0
16633,GCCCCCTTCCCACCTACTTTTGA,0,0,0.0017507,0,0.047769728,455,176.9100611,0,-0.195652174,0,0,0,0
16634,CTTGACCCACATGTCAGTCATGA,0,0,0.00084207,0,0.034711106,357.5,167.808395,0,2.413043478,0,0,0,0
16635,GAGTCAGAGCAGAGGGAGAGGAG,0,0,0.016521423,0,0.009718801,387.5,151.3488055,0.017391304,-0.47826087,0,0,0,0
16636,TGTGTGTGAATGCGTGCGTGTGA,0,0,0.018607124,0,0.535768434,522.5,203.420623,0,-0.326086957,0,0,0,0
16637,GGCACTTGGGCTAGAGATGGCAG,0,0,0.082051282,0,0.145595491,455,183.2315706,0.1,-0.086956522,0,0,0,0
16638,GTCTCCCATATGCCTGGCCAGGG,0,0,0.109090909,0.485165286,0.485165286,522.5,205.670319,0,-0.130434783,0,0,0,0
16639,AAATGAGAATAGCAGGCAGAGGA,0,0,0.002144757,0,0.079031783,357.5,166.2448427,0,0.869565217,0,0,0,0
16640,AAAAGAAAAGAAGGTGCACAGGG,0,0,0.031746032,0,0.039020901,425,190.097013,0.408695652,0,0,0,0,0
16641,CTGAACACCACTGTGCAGAGTGA,0,0,0.009070295,0,0.022520605,357.5,184.0423058,0,-0.065217391,0,0,0,0
16642,ATGAACAACAATGAATAGTGGGG,0,0,0.329411765,0,0.067033803,357.5,164.9150778,0,-0.108695652,0,0,0,0
16643,GTGACCGAGCAAAAAAAGAAAGA,0,0,0.021126295,0,0.198201266,425,196.163278,0,-0.02173913,0,0,0,0
16644,AGAGAGTGTGTGTGTGCATGCAG,0,0,0.069230769,0,0.186959075,552.5,189.2888864,0,-0.456521739,0,0,0,0
16645,TGGATGGAGGAGGAAGGAGGAGA,0,0,0.001731671,0,0.016147778,295,153.2077944,0.113043478,0.282608696,0,0,0,0
16646,GGCAGTGGGGTTGGATGTGGTGG,0,0,0,0,0.136576807,455,191.2933534,0.426086957,-0.282608696,0,0,0,0
16647,GTTTTGTTTTCATTTGTCTCAAG,0,0,0.006410256,0,0.068319815,455,186.9365525,0,-0.173913043,0,0,0,0
16648,TGTGTGTGTGTGTGTGCGCGGGG,0,0,0.060188088,0,0.321904489,552.5,183.2038997,0,-0.326086957,0,0,0,0
16649,GAGGCTGAAAAGAAGAAGAATGG,0,0,0.323341837,0.464697762,0.464697762,620,207.5888992,0.060869565,0.52173913,0,0,1,0
16650,ACCATCCAAACAGAGCCACATGA,0,0,0,0,0.153250409,552.5,192.9600573,0.004347826,-0.086956522,0,0,0,0
16651,AAATGAGAAGGTGGGGCACAGAG,0,0,0.026213992,0,0.094387407,335,194.8146312,0.047826087,-0.630434783,0,0,0,0
16652,CTCTGTGTTTCTGGATGAAATGG,0,0,0.309768356,0.083523485,0.083523485,485,152.4392864,0,-0.130434783,0,0,0,0
16653,TGTGAGTGAGTGTGGGCACGTGA,0,0,0.00066313,0,0.027674303,387.5,148.8216452,0.147826087,0.391304348,0,0,1,0
16654,AAAAGAGAAAAAGAGGCAAGCAG,0,0,0.037763253,0,0.191548429,485,145.4490637,0,-0.804347826,0,0,0,0
16655,CGTGTGTGAGTGTGTGTGTTTGA,0,0,0.005892256,0,0.268517165,485,159.787969,0,0.02173913,0,0,0,0
16656,GGCTCCCCAAGGACTGGCCACAG,0,0,0.045088567,0.621143836,0.60458,432.5,204.4305958,0,-0.152173913,0,0,0,0
16657,TCCTTGTTTTCTTTCTTCTCCAG,0,0,0.018518519,0.205125328,0.198201266,425,197.036878,0,-0.369565217,0,0,0,0
16658,GAAGGCCCTTCAGCAGCACCTGG,0,0,0.270769231,0,0.703915663,522.5,209.0819796,0,0.195652174,0,0,0,0
16659,AAATGAGAAGAAGAGAGGAAGAG,0,0,0.002614379,0,0.005335167,400,124.7541298,0,-0.369565217,0,0,0,0
16660,AATTGAGAAAAAAAGGCAGAGGA,0,0,0.005279035,0,0.175279215,455,173.4329431,0,-0.413043478,0,0,0,0
16661,GGTGAGTGGATGGGTGGGTGGGG,0,0,0.009548167,0,0.114442385,455,179.7630516,0,-0.608695652,0,0,0,0
16662,TTGAGGGAAGAATGAGGAGTGAG,0,0,0.067878788,0,1.554082999,627.5,214.9118996,0,-0.347826087,0,0,0,0
16663,TGCACTGCAGCGGGAAGTGGTGA,0,0,0.022321428,0,0.081866668,455,190.2356933,0,-0.260869565,0,0,0,0
16664,GACCTGTTTTCATGGTACTATAG,0,0,0,0.038560766,0.037875241,387.5,148.5635044,0.860869565,0.717391304,0,0,0,0
16665,CATCCCCCACAGAGCAGTCAGAG,0,0,0.022180347,0,0.19301625,455,177.8390795,0.008695652,-0.456521739,0,0,0,0
16666,TGGATGGATGATTGAGTAGATGG,0,0,0.025,0,0.069049196,387.5,149.4004082,0.1,-0.108695652,0,1,0,0
16667,AAACCAGAAGAAGAAGGACAAAG,0,0,0.007297344,0,0.155096519,455,181.8449474,0.3,0.086956522,0,0,0,0
16668,GGTGAGAGAGAGAGTGTGTGAGA,0,0,0.014723558,0,0.080805497,357.5,180.1013039,0.7,0.086956522,0,0,0,0
16669,GGTGAGAGAGTATGTGCAGGGGA,0,0,0.009815705,0,0.031185949,387.5,152.9293855,0,2.217391304,0,0,0,0
16670,GGCCCTGGGGCTGGAGGTCAGGG,0,0,0.095352796,0,0.20797875,485,147.3409832,0,0.065217391,0,0,0,0
16671,AATGGCCGCTACATCAGCAACGA,0,0,0.004313725,0,0.099539557,485,176.5373261,0,0.652173913,0,0,0,0
16672,GGTGTGTGAGTCTGTGTGTGAGG,0,0,0.089839572,0,0.563220657,462.5,190.4094685,0.004347826,0.043478261,0,0,0,0
16673,AGTGAGTGCGAGTGTGAGTGTGA,0,0,0.0125,0,0.206712756,455,188.0240249,0,-0.152173913,0,0,0,0
16674,CAATGAGAGCAAGAGGCTCAAAG,0,0,0.02962963,0.181072314,0.174634187,552.5,184.8251499,0,0.130434783,0,0,0,0
16675,GAGCCCAAAGCATGGACTCCTAG,0,0,0.016572064,0,0.073273358,455,174.9964954,0,-0.043478261,0,0,0,0
16676,GCCTCCTTCCCACCCACAGCAGA,0,0,0.000772586,0,0.023413405,442.5,124.1050829,0,0.347826087,0,0,0,0
16677,GGAGGGTGAGTGTGTGCATATGA,0,0,0.023179945,0,0.127597274,485,154.8227468,0.004347826,-0.282608696,0,0,0,0
16678,GGGAGGGGGGAGTTTGCAGTGAG,0,0,0.00308642,0,0.040763835,442.5,125.0174669,0,0.043478261,0,0,0,0
16679,TAGAAGGAGGAATGAGAGGTTGG,0,0,0.157948718,0.121640837,0.119478333,485,171.2622357,0,-0.260869565,0,0,0,0
16680,GGTACTGCGGCTGGGCGCGGTGG,0,0,0,0,0.014104854,387.5,161.7532193,0.026086957,-0.086956522,0,0,0,0
16681,GCTTTGGGGGAGTTTGCTCAAGG,0,0,0.051923077,0.687682923,0.687682923,552.5,180.0060801,0,-0.043478261,0,0,0,0
16682,AGGAAAGACCCTTCTTCCGTTGA,0,0,0.00125,0,0.07670389,327.5,187.7775574,0.052173913,0.260869565,0,0,0,0
16683,ACACAGAGTAGAGCGGAGCCCAG,0,0,0.03076403,0,0.526848592,552.5,186.2900801,0,0.02173913,0,0,0,0
16684,GGGGAGTGAGAGAGTGTGTGGGG,0,0,0.121153846,0,0.122559821,357.5,181.9564847,0,-0.043478261,0,0,0,0
16685,CCCTCCTCCACTCTAGTCACTGA,0,0,0.001554002,0,0.234785634,552.5,195.5182377,1,1.673913043,0,0,0,0
16686,CCAGAGAGTAGAGAGGAAGGGAG,0,0,0.001847662,0,0.019281941,387.5,143.7115621,0.226086957,0.413043478,0,0,0,0
16687,TGCACTGGGGCTGCAGGTGGAGA,0,0,0.019132653,0,0.443035994,530,205.6609984,0.126086957,0.108695652,0,0,0,0
16688,GCCCCTCTCCCACCCATCCTTGG,0,0,0.057268425,0.131148806,0.131148806,485,164.2091082,0,0,0,0,0,0
16689,CCTGCCTTCTCTCAGCTCACAAG,0,0,0.074165702,0,0.050198999,425,185.2622404,0,-0.543478261,0,0,0,0
16690,GGTGTGGCAGTGTGTGGGTGGGG,0,0,0.007743122,0.395264636,0.395264636,552.5,191.4425712,0,-0.413043478,0,0,0,0
16691,GACAAGTTTTCATTTTTCTTGGA,0,0,0.000708617,0,0.176947,455,165.6934585,0.139130435,-0.086956522,0,0,0,0
16692,TCTGAGTGAGTGTGGGTGTGTGA,0,0,0.001121795,0,0.163368333,455,183.7668674,0,-0.217391304,0,0,0,0
16693,AATCAACATTACATCCTCTAGAG,0,0,0.06004902,0,0.184365431,552.5,181.8326357,0.213043478,0.543478261,0,0,0,0
16694,TCTGAGTGAGTGTGGGTGTGTGG,0,0,0.016153846,0,0.163368333,455,183.7668674,0.02173913,-0.086956522,0,0,0,0
16695,TACTTGATTTCATTGTTTGCAAG,0,0,0.036458333,0.070528167,0.070528167,485,160.645486,0,-0.173913043,0,0,0,0
16696,GAACAAAAGCCATACACTGCAAG,0,0,0.017508418,0.13054088,0.13054088,522.5,194.2554777,0,-0.02173913,0,0,0,0
16697,GGTGGGTGTGTGTGTCTGTGTGA,0,0,0,0,0.060818669,485,175.6773627,0.02173913,-0.02173913,0,0,0,0
16698,TGTATGGAAGAATGAGTATTTGA,0,0,0.003720238,0,0.115680928,485,162.9781086,0,-0.086956522,0,0,0,0
16699,GGCCCTGCTGCTGGGAGTGGGGA,0,0,0.008496732,0,0.042336113,455,182.8711722,0,-0.869565217,0,0,0,0
16700,GGAACTGGGGCTGAAGGAGGAGG,0,0,0.278571429,0,0.045592311,455,178.5096651,0,0.956521739,0,0,0,0
16701,GGCGTGTGGGTGTGTGTGTGTGG,0,0,0.048484849,0,0.348646558,552.5,192.4377886,0,-0.826086957,0,0,0,0
16702,GACTTGCATTCATTCTTGTCTGG,0,0,0.02,0.053033391,0.051329507,455,174.0866474,0.439130435,0.239130435,0,0,0,0
16703,GAGTGTGATCAGGAGAAGAAGAG,0,0,0.050241546,0.201438232,0.19526388,522.5,202.6665951,0,-0.02173913,0,0,0,0
16704,GAGTGAGAGCAGAAGTAGAGAGA,0,0,0,0,0.068705615,485,161.6996702,0.013043478,0.130434783,0,0,0,0
16705,GGCCCTGAGGATGCAGGTGGAGG,0,0,0.073739496,0,0.11831363,425,197.3573147,0.095652174,0,0,0,0,0
16706,GACCCAGGCTGAGCCAGTGAGAG,0,0,0.043874644,0.07171048,0.069289873,455,184.3647356,0,-0.52173913,0,0,0,0
16707,TGTGAGTGTGTGTGTATGTGTGG,0,0,0.28,0,0.064062332,485,176.9656827,0,-0.086956522,0,0,0,0
16708,TGAATGGATGAATGAGGTTTTGG,0,0,0.133333333,0,0.058892109,485,158.5408864,0.017391304,-0.847826087,0,0,0,0
16709,TGTGGGTGTGTGTGTGTGTGTGA,0,0,0.014,0,0.372455417,552.5,192.9657886,0,-0.5,0,0,0,0
16710,TGTGAGTGGGTGTTTGTGTGTAG,0,0,0.021508916,0,0.055495857,455,182.6149239,0.795652174,2.804347826,0,0,0,0
16711,TGTGGGTGTGTGTGTGTGTGTGG,0,0,0.2016,0,0.372455417,552.5,192.9657886,0,0.173913043,0,0,0,0
16712,GAATCACAGCAGAGGAAGAACAG,0,0,0.057928241,0.089738146,0.086854993,522.5,202.8636506,0,-0.195652174,0,0,0,0
16713,GGTCTGTGAGTGTATGTGTGTGG,0,0,0.067379679,0,0.086229035,455,184.4127843,1,3.739130435,0,0,0,0
16714,TCTAAGTGAGTGTGTGTGTGTGG,0,0,0.290769231,0,0.609583333,552.5,197.1002889,0.008695652,-0.086956522,0,0,0,0
16715,GCCCGCCCAGAGCCTGGGCATGG,0,0,0.02875817,0.280824563,0.271345253,552.5,186.6230103,0,-0.130434783,0,0,0,0
16716,AACCCCAGAGAGTAGGGAGGGGA,0,0,0.002356712,0,0.030962232,485,171.6548605,0.017391304,0.173913043,0,0,0,0
16717,GACTTCATTTTATTGTACTCAGG,0,0,0.097902098,0.130517162,0.126323839,455,187.8146404,0,-0.173913043,0,0,0,0
16718,AGATGAAAAGTGGAGGCACAAGG,0,0,0.177777778,0,0.266829791,425,202.630635,0.626086957,-0.086956522,0,0,0,0
16719,GGCTTCGAGGCTGGAGGTGGTAG,0,0,0.062039124,0,0.789491758,622.5,212.152279,0.008695652,-0.695652174,0,0,0,1
16720,CAGAACACCAGTGATCAGAGAGG,0,0,0.069073783,0,0.072985333,455,187.4645525,0,-0.282608696,0,0,0,0
16721,GGTAAGAGAGCGTGTGCGGGGGA,0,0,0.009114583,0,0.189058669,455,178.9651356,0,-0.434782609,0,0,0,0
16722,ATGAGGACCAGTGAGCGGAGTGA,0,0,0.002941176,0,0.060221432,485,177.851159,0,-0.347826087,0,0,0,0
16723,CACTCTGTCTCTGCATGGAAGGA,0,0,0.009566326,0,0.10391963,455,168.8948954,0,0.173913043,0,0,0,0
16724,AAAAAAGAAAAAGAGTCACAAGA,0,0,0,0,0.238119304,552.5,194.7579177,0.052173913,0.5,0,0,0,0
16725,ACAGGAAAAGAAAAGGCACAGAG,0,0,0.117521367,0.39072347,0.378170105,522.5,206.2038987,0.047826087,0.152173913,0,0,0,0
16726,GAGTCTTAGAAGTAGAAGAAAGA,0,0,0.009580499,0,0.201030077,522.5,200.5397782,0,-0.282608696,0,0,0,0
16727,GAGTAAGGGGAGAAGAAGAAGGA,0,0,0.010508524,0,0.727121909,620,208.0341426,0.452173913,0.239130435,0,0,0,0
16728,GTAATCACTTCTGCAGAATCCGA,0,0,0.007138695,0,0.131148806,485,164.8427082,0,-0.195652174,0,0,0,0
16729,GGGAGTGAGGAGTTAGCTCCTAG,0,0,0.047649989,0.239677905,0.23197741,522.5,199.2335775,0,0.652173913,0,1,0,0
16730,GGCACTGCGGTAGGTGCTGGGGA,0,0,0.000804424,0,0.038456342,260,170.0606832,0.004347826,0.065217391,0,0,0,0
16731,AGGTGGGGGGATTTTTATCCTGA,0,0,0,0,0.05158538,387.5,173.2093626,0,1.413043478,0,0,1,0
16732,GGCTCAGGGGGTGGAGGTGGGGA,0,0,0.006155303,0,0.458313578,522.5,207.2105153,0.134782609,0.173913043,0,0,0,0
16733,TGTGTGTGAGTGTGTGGGGGGGA,0,0,0.000371361,0,0.202836708,485,166.177569,0.039130435,0.673913043,0,0,0,0
16734,AGTAATGCAGCTGGAGGTGGCGG,0,0,0.227295918,0,0.822304167,620,213.4238996,0,-0.239130435,0,0,0,0
16735,TGTGTGTGAGTGTGTGGGGGGGG,0,0,0.005347594,0,0.202836708,485,166.177569,0.026086957,-0.130434783,0,0,0,0
16736,TGGAGGGAGGAATGAATAGGTGG,0,0,0.028235294,0,0.043721755,417.5,142.4995431,0,-0.717391304,0,0,0,0
16737,AGTGAGTGAATGAGTGAGTGTGA,0,0,0.018846154,0,0.217271959,455,183.722832,0,-0.173913043,0,0,0,0
16738,GGAAAGGAGGAATGAGGAGATGG,0,0,0.201766304,0.700844318,0.687682923,552.5,180.2460801,0,-0.369565217,0,0,0,0
16739,TGGCAGGAGTAATGAGGAGATGA,0,0,0.005600873,0,0.60809025,552.5,174.9087437,0.739130435,0.195652174,0,0,0,0
16740,GAGTCAGACAAGAAGAAGAGAGA,0,0,0.023011982,0,0.213402153,552.5,171.3248993,0.57826087,0.695652174,0,0,0,0
16741,CCCTCCCTGCAGCCTGGCCAGGA,0,0,0.009645062,0,0.805112123,622.5,207.1486663,0,-0.347826087,0,0,0,0
16742,ATAAACACCAAGGAGCAGAGAGG,0,0,0.25,0.070804751,0.069609734,357.5,187.43739,0,-0.52173913,0,0,0,0
16743,GGGTGGGGGGAGGCTGTTCAAGA,0,0,0.001207729,0,0.012635964,290,139.9377838,0.4,0.695652174,0,0,0,0
16744,GGCGAGTGTGTGTGTGAGTGTGG,0,0,0.12,0.730827942,0.730827942,560,194.9261086,0,-0.239130435,0,0,0,1
16745,TCTACCCCACATGGCAGTAATGG,0,0,0.296703297,0,0.703915663,522.5,210.3702996,0,-0.326086957,0,0,0,0
16746,AATGAGCAGTTTATCCTCAATAG,0,0,0.013295347,0,0.137774561,425,199.5080515,0,-0.152173913,0,0,0,0
16747,GCCTCTTTCCTCCACAGCTTAGA,0,0,0.000115768,0,0.021380578,260,172.6285201,0,-0.304347826,0,0,0,0
16748,CTCAACTCCATTGACTAGTGAAG,0,0,0.021706688,0.292400968,0.292400968,455,180.9335964,0.356521739,0.826086957,0,0,0,0
16749,AGTGTGAGTGTGTGTGCGTGTGA,0,0,0.011931818,0,0.569608261,620,211.5687188,0.013043478,0.108695652,0,0,0,0
16750,AAAATAAAAGGAGAGGCACAAAG,0,0,0.024074074,0.525454888,0.51740194,522.5,208.4248155,0,-0.260869565,0,0,0,0
16751,GCCTTCCCAAAGCAGGTCCAGAG,0,0,0.000721801,0,0.023109381,357.5,171.0793627,0.965217391,1.630434783,0,0,0,0
16752,GGCACAGGGGCTGAAGGTGATGG,0,0,0.391741072,0,0.056504655,455,165.5374145,0,0.565217391,0,0,1,0
16753,GAAATCTTACTCATTAACTGCAG,0,0,0.035489712,0,0.553566283,552.5,192.4541525,0,-0.043478261,0,0,0,0
16754,GCCTCTTCTCCACCCACTGTAAG,0,0,0.036458333,0.05576294,0.05397136,485,155.9690695,0,-0.782608696,0,0,0,0
16755,GACTTGTTCTTATTGTTCTTTGA,0,0,0.00591716,0,0.398033913,462.5,173.072536,0,-0.108695652,0,0,0,0
16756,GGAGAATAGGTGTGTGCGTGGGG,0,0,0.476190476,0,0.497494021,620,209.8264187,0.982608696,-0.391304348,0,0,0,0
16757,GAAACCTAAGCAGAGTGTTACGG,0,0,0.032773109,0.177496397,0.171185414,485,158.1651082,0.039130435,0.239130435,0,0,0,0
16758,GGCTCTTGGGCTGGAAGTGGGGG,0,0,0.233766234,0,0.176585759,552.5,195.5549764,0,0.02173913,0,0,0,1
16759,GAGCCCCTCCCACCGGCCTCAGG,0,0,0.007142857,0,0.108461679,327.5,190.5187943,0,-0.02173913,0,0,0,0
16760,TCATGAGAAAGAGAGGCACAGAG,0,0,0.123580247,0,0.73132116,522.5,207.7381799,0,-0.130434783,0,0,0,0
16761,GGGTGGGGGGAGGTGGGTGCCAG,0,0,2.49E-05,0.017168463,0.017168463,290,143.7595469,0,-0.02173913,0,0,0,0
16762,GTCATCTTTCTCATTAACTCTGG,0,0,0.048,0,0.129256726,485,152.1247722,0.056521739,-0.304347826,0,0,0,0
16763,GAAAACACAGCAGACACTGCGAG,0,0,0.006656959,0,0.148388855,425,191.5202409,0,-0.5,0,0,0,0
16764,GAGTGGGAGGAGTTTGTCCCAGG,0,0,0.169230769,0,0.119478333,485,169.4507387,0.017391304,-0.5,0,0,0,0
16765,GGTGAGTGTGAGTGAGTGTGGGG,0,0,0.121578947,0,0.047757775,357.5,173.8170033,0.008695652,-0.369565217,0,0,0,0
16766,AAGAAAAGCAGTGATTAGAGCAG,0,0,0.018707483,0,0.243723101,522.5,199.8671775,0.860869565,1.673913043,0,0,0,0
16767,AAAAGAGAAGCAGAGGAAAAAGA,0,0,0.002645503,0,0.106570406,387.5,160.3622053,0,-0.413043478,0,0,0,0
16768,GTTTAGTGCGTGTGTGTGTGTAG,0,0,0.015998368,0.372455417,0.372455417,552.5,193.1405086,0.547826087,1.5,0,0,0,0
16769,GGCACTGCTGCTGGTAGTCGGGG,0,0,0.047816092,0,0.012693183,387.5,152.9967722,0,-0.5,0,0,0,0
16770,TGGATGGAGGGATGAACAGATGG,0,0,0.086029412,0,0.021926724,320,137.5577794,0.169565217,0.173913043,0,0,0,0
16771,CCAGTCTCCCCTCTAATCACTAG,0,0,0.047138047,0,0.234785634,552.5,195.1035177,0,0.130434783,0,0,0,1
16772,AAAGGAGGAGCAGAGGCCCAGAG,0,0,0.009053498,0,0.163514241,455,183.5731661,0,0.065217391,0,0,0,0
16773,CCAGAGAGTTGGGAGGAGGCTGA,0,0,0.007744417,0,0.096597642,425,193.5646585,0.160869565,-0.326086957,0,0,0,0
16774,ATGATCACGAGTGAGTGCAGAGG,0,0,0.018916658,0.070494781,0.069304995,485,167.5424553,0,0.565217391,0,0,0,0
16775,AGGACAGACCCAGCATCCAGCAG,0,0,0.014705882,0.223900568,0.219695863,485,150.0260801,0,-0.326086957,0,0,0,0
16776,TGTGAGTGTGTGTGTGTGTTGAG,0,0,0.050814815,0,0.164063988,485,157.1165087,0.3,0.173913043,0,0,0,0
16777,AGTGAGTGAGTGAATGGGTGAGA,0,0,0.001908937,0,0.035150404,357.5,177.0753837,0.034782609,-0.217391304,0,0,0,0
16778,CTGGCCTCTGCTCTACTCACAAG,0,0,0.103114478,0,1.532325837,627.5,215.6722196,0,0.282608696,0,0,0,0
16779,TGTGCGTGCGTGTGTGTGTGCAG,0,0,0.034567901,0,0.372455417,552.5,192.9657886,0.047826087,-0.065217391,0,0,0,0
16780,CCTGCCTCCTCACTCCTCACAGG,0,0,0.177272727,0,0.294680478,432.5,193.4851416,0,-0.673913043,0,0,0,0
16781,CCCCACCATGCAGAGCCACATGG,0,0,0,0,0.238119304,552.5,194.7579177,0.795652174,3.97826087,0,0,0,0
16782,GGTGTATGTGTGTGTGCTTGCAG,0,0,0.037710438,0,0.10890785,552.5,186.7425824,0,0.456521739,0,0,0,0
16783,GGCAGAGGGGCTGGAGCTGGGAG,0,0,0.020392157,0,0.350124604,552.5,192.039768,0.004347826,-0.152173913,0,0,0,1
16784,CCAGTTAGGAAAGAGGAGGCAGG,0,0,0.144444445,0,0.04172441,425,195.5849673,0.726086957,NA,0,0,0,0
16785,GCCTCTCCCAAGCCAGGTCAAGG,0,0,0.197483505,0.029187304,0.029187304,455,173.8238808,0.27826087,0.586956522,0,0,0,1
16786,CCAGGTGTATCTGGGTGGATAGG,0,0,0.301785714,0.242694227,0.242694227,522.5,199.6315981,0.360869565,0,0,0,0,0
16787,CCCTGTGCCTCAGGATGGTCAGA,0,0,0.002719503,0,0.097144505,387.5,140.4984827,0.22173913,0.239130435,0,0,0,0
16788,GACTTGACATCTTTGTTCTCTGG,0,0,0.270833333,0.276017117,0.267928704,525,202.0411214,0,-0.152173913,0,0,0,0
16789,ATGGACAGCAGTGAGTTGAGGAG,0,0,0.013888889,0,1.144757433,560,195.440472,0,-0.369565217,0,0,0,0
16790,GAGGATGAGCAGGAGAAGAAAGA,0,0,0.015019595,0,0.334982304,525,205.7527755,0,0.108695652,0,0,1,0
16791,TGGAGGCAGGGCTGAGGAGTCGA,0,0,0.005226608,0,0.254561754,425,201.582315,0.008695652,-0.195652174,0,0,0,1
16792,AGTGAGTGAGTGAGGGCATGTGG,0,0,0.021568047,0,0.032186532,357.5,170.0703246,0,-0.130434783,0,0,0,0
16793,GCTCTGTCTTCATTGTTCTCTGA,0,0,0.02427273,0,1.345833333,622.5,214.458583,0,0.043478261,0,0,0,0
16794,AATTGAAACTAAGAGGCACAGAG,0,0,0.08496732,0,0.51726468,620,207.3373024,0,-0.086956522,0,0,0,0
16795,TCCTCTTGCCCACCCCCCGTGGG,0,0,0,0,0.090617958,485,168.0637572,0.543478261,1.130434783,0,0,0,1
16796,GTCACCGCAGCAGAGTTTTTCGA,0,0,0.021645022,0,6.690140845,635,218.260183,0,-0.086956522,0,0,0,1
16797,GGGAATGACCCAGCATGCCCCAG,0,0,0.000443925,0,0.045990617,417.5,128.5423051,0,-0.630434783,0,0,0,0
16798,GAGACAGAGCAGAAGCAGCACAG,0,0,0,0,0.051899925,485,168.5039902,0.147826087,-0.065217391,0,0,0,0
16799,GAGTCCCTCCTCCCAGCCTCCAG,0,0,0.007090852,0,0.220450566,425,197.3612947,0,-0.043478261,0,0,0,0
16800,TGGACGGAGGAATGAGTAGATGG,0,0,0.140625,0.521428205,0.505863184,492.5,160.987969,0,0.195652174,0,0,0,0
16801,AGTGTGTGGGTGTGTGTGTGCGG,0,0,0.101818182,0,0.372455417,552.5,192.9657886,0,-0.543478261,0,0,0,0
16802,ATATGATAGGAAGAGGCAGACAG,0,0,0.008978676,0,0.208134859,552.5,181.8690389,0.191304348,-0.282608696,0,0,0,0
16803,GGAGTGTGAGAGTGTGTGTGTAG,0,0,0.023569024,0,0.316692045,455,190.1674852,0.017391304,0.043478261,0,0,0,0
16804,GGTGTGTGTGGGTGTGTGTGGGG,0,0,0.040727273,0,0.196246288,455,186.7357049,0,-0.086956522,0,0,0,0
16805,CCCATCCACCCAGACCCGCAGGG,0,0,0,0.00789798,0.00789798,387.5,158.3214389,0,-0.217391304,0,0,0,0
16806,GAACAGAAAGCAGAGATTGGGGG,0,0,0.003580563,0.058476654,0.056502759,387.5,149.7909845,0,-0.434782609,0,0,0,0
16807,GGGTGGGAGCAGTTTGATCACAG,0,0,0.024197531,0.222260835,0.222260835,485,152.9847356,0,-0.043478261,0,0,0,0
16808,GCCCCTCTCCTCCCAGCCTCCAG,0,0,0.012933568,0,0.135266321,425,196.7369107,0,-0.260869565,0,0,0,0
16809,GCCTCCCTCCCACCCATCCTTAG,0,0,0.02085994,0.076620735,0.075327558,485,163.2967242,0,-0.195652174,0,0,0,0
16810,AATGACAACTACATACTAAGTAG,0,0,0.017792302,0.022874235,0.022488172,387.5,140.0488644,0,-0.391304348,0,0,0,0
16811,TGGATGCAGGAAAGAAGAGGCGA,0,0,0.005832862,0,0.028497233,387.5,152.8914728,0,-0.434782609,0,0,0,0
16812,GGGAAGTGTGTGTGTGAGTGTGG,0,0,0.126,0.36082635,0.348646558,552.5,192.8525086,0,0.282608696,0,0,0,0
16813,GGGAAGTGCGTGTGTGTGTGAGA,0,0,0.008333333,0,0.348646558,552.5,192.8525086,0,0,0,0,0,0
16814,GCCACCACCAAGCCAGGCCAGAG,0,0,0.030632136,0.16532348,0.160011882,522.5,197.7764173,0,0,0,0,1,0
16815,TGTGACTGGGTGTGTGTGTGAAG,0,0,0.054994388,0.229413998,0.225335527,552.5,192.4681246,0.030434783,0.130434783,0,0,0,0
16816,TGTGAGCGTGTGTGTGCGTGGAG,0,0,0.106944444,1.115182419,1.115182419,627.5,214.0570388,0.613043478,0.239130435,0,0,0,0
16817,GAACACAGAGTATGTACTGCAGA,0,0,0.001044634,0,0.030250211,327.5,184.0238931,0.013043478,0.130434783,0,0,0,0
16818,AAGTGAGAAGAAGAAGAAGAAGA,0,0,0.002329944,0,0.050740571,387.5,152.7308674,0.830434783,4.847826087,0,0,0,0
16819,GCCTCCCCAAGCCCTGCCCTAGG,0,0,0.048581315,0.062720628,0.062720628,290,147.1301049,0.2,-0.065217391,0,0,0,0
16820,CCTGCCTCCCCTCTAATCCAAAG,0,0,0.010727969,0,0.02977078,417.5,129.0342378,0,0.108695652,0,0,0,0
16821,AACACTAGTGAGTAGAGGGGAGA,0,0,0.008597884,0,1.198414894,567.5,194.3906827,0.07826087,-0.847826087,0,0,0,0
16822,GGCCCAGAAGGAGCACTGGAAGA,0,0,0.002480159,0,0.060753761,485,163.8390389,0.282608696,-0.065217391,0,0,0,0
16823,GGCCTCCCTGCTGCAGCCCCAGG,0,0,0.014405762,0.281815562,0.281815562,552.5,187.3833303,0,-0.260869565,0,0,0,0
16824,TAGATGTAGGAAAGAGCAGTAGA,0,0,0.005469643,0,0.161125676,455,186.0913876,0.913043478,1.608695652,0,0,0,0
16825,GGCACCGCGGCTGGAGGCCAGGA,0,0,0.011370634,0,0.023413405,442.5,124.1050829,0.57826087,-0.02173913,0,0,0,0
16826,AAATGAGAAGTAGATACATATAG,0,0,0.005259698,0,0.010999708,290,150.7264689,0,0.065217391,0,0,0,0
16827,GGGATGGTGGAATGGAGAGTTGG,0,0,0.266459628,0,0.072985333,455,184.6047356,0,-0.239130435,0,0,0,0
16828,AAATGAAAAAAAGAAGCCCAGGG,0,0,0.167320261,0,0.047274476,455,172.1947279,0,-0.02173913,0,0,0,0
16829,GGGTGGGGGGTGTTGCCCCCCAG,0,0,0,0,0.006844263,290,156.0511355,0,0.065217391,0,0,0,0
16830,GTTGAATGAGTGTGTGAGTGTGA,0,0,0.020622895,0,0.733926202,560,197.3879049,0,0.52173913,0,0,0,0
16831,CTCTCTGTATCTGGAAGGATGAG,0,0,0.144300144,0.163489192,0.15797057,552.5,196.4234738,0,0.173913043,0,0,0,0
16832,TGTGTGTGTGTGTCTGCGTGGGA,0,0,0.006493506,0,0.136846598,522.5,202.312715,0.02173913,0.326086957,0,0,0,0
16833,AAAAAAAAAGAAGAGGAACAAAG,0,0,0.049931413,0,0.395264636,552.5,193.6687881,0,-0.02173913,0,0,0,0
16834,CACCTGTTTTCCTGGTTCTCCAG,0,0,0,0,0.110193987,425,198.9711149,0,0.130434783,0,0,0,0
16835,GACACCGCAGGAGGGATTTTGGG,0,0,0.045454546,0.020028206,0.019414315,357.5,180.9424888,0,-0.152173913,0,0,0,0
16836,TGGGAGCAGGAATGAGGAGGAAG,0,0,0.009829453,0.459112755,0.45095075,552.5,177.5172993,0,0.086956522,0,0,0,0
16837,GATTTGTTTTCATCTTTCTGAAG,0,0,0.000427949,0.026954369,0.025995992,357.5,155.6881939,0.02173913,-0.130434783,0,0,0,0
16838,GGTGACGAGCAGAAGAAGAAGGA,0,0,0.009920635,0,1.286675824,625,216.27008,0.160869565,0.108695652,0,0,0,0
16839,AAATGAGAATTAAAGGCAGAAGA,0,0,0.002003205,0,0.089151706,357.5,167.7308594,1,0,0,0,0,0
16840,TGGGTGGAGGAGTGAGCACTGGA,0,0,0.003306319,0,0.094473225,387.5,158.8761885,1,3.282608696,0,0,0,0
16841,AATAAGTGAGTGTGTGAGTGTGA,0,0,0.022211538,0,0.609583333,552.5,197.1002889,0,0.717391304,0,0,0,0
16842,GACCCTGCCCACCCCGCCCCAGG,0,0,0.12054477,0,0.195655995,555,181.1830183,0,3.586956522,0,0,1,0
16843,GCGTCCCCGAAGCCAGGCCATAG,0,0,0.050032489,0.48007121,0.48007121,530,201.7051981,0.017391304,0.304347826,0,0,0,0
16844,GAGTCTGAAGAGAAGAAGGAAGA,0,0,0.006045387,0,0.161203065,552.5,177.7144993,0,-0.413043478,0,0,0,0
16845,GCCTCTTACCCACCTCCCTTAAG,0,0,0,0.123181997,0.123181997,462.5,185.8047356,0,-0.282608696,0,0,0,0
16846,GACACAGAAGCAGAATGTGTAAG,0,0,0.006664104,0,0.029557519,387.5,151.4728834,0.013043478,-0.173913043,0,0,0,0
16847,GGTGTGGTGGTGTGTGCGTGTAG,0,0,0.023106886,0,0.544570536,622.5,208.4689019,0.039130435,-0.02173913,0,0,0,0
16848,TGTGAGAGAGTGTGTGTATGTGA,0,0,0.01963141,0,0.081603702,485,170.4073749,0,0.260869565,0,0,0,0
16849,TGTGTGTGCGTGCGTGCGTGCGG,0,0,0.16404648,0,0.355433782,522.5,204.4525791,0.073913043,-0.065217391,0,0,0,0
16850,CGGATGGAGGAATGAGCGGATGG,0,0,0.045378151,0,0.052629364,417.5,135.6529557,0.026086957,-0.304347826,0,0,0,0
16851,GCCTCACCAACGCCTGCTCACAG,0,0,0.014565826,0.038086554,0.038086554,387.5,164.7744879,0.430434783,0,0,0,0,0
16852,AACATGTTTTCTTTTTTCTCCAG,0,0,0.005291005,0.205125328,0.198201266,425,196.403278,0,-0.173913043,0,0,0,0
16853,AGATAAGAAAAACAGGCACACAG,0,0,0.070639809,0,0.509948268,522.5,203.180623,0,NA,0,0,0,0
16854,TGTGAGTGTGTGAGTGTGTGTGA,0,0,0.013461538,0,0.144140246,455,184.754788,0,-0.086956522,0,0,0,0
16855,AAATGAGAGGAAGAGGCATTTGA,0,0,0.012820513,0,0.22591114,492.5,148.5546198,0,-0.282608696,0,0,0,0
16856,GAATGAGAAGAGGAGTCCCATGG,0,0,0,0,0.026261648,387.5,168.7721404,0,-0.608695652,0,0,0,0
16857,CCTGAGTGTGCGTGTGCGTGGAG,0,0,0.051282051,0,0.485165286,522.5,208.7701359,0.326086957,0.065217391,0,0,1,0
16858,GACCCCCTCCACGCAGCACCTGG,0,0,0.004501246,0,0.008740308,290,139.3223247,0,2.608695652,0,0,1,0
16859,TGTGTGTGATTGTGAGCGTGTGA,0,0,0.011878655,0,0.371023101,522.5,198.712922,1,-0.282608696,0,0,0,0
16860,AATGTTCACTGCATCCTCTAAGA,0,0,0.008207071,0,0.1589884,455,179.1476124,0,-0.543478261,0,0,0,0
16861,GGCCCCGCCCACCCCGCCGCAGG,0,0,0.094117647,0,0.34064625,552.5,182.7290023,0,-1.108695652,0,0,0,1
16862,TACCCCCCACACCCCGCCTCTGG,0,0,0.857142857,0,1.632770745,627.5,213.3404027,0.365217391,0.195652174,0,0,0,0
16863,TGGTTTAAGAAATGAGGAGTAGA,0,0,0.027497194,0,0.519457564,620,209.1654988,0,-0.391304348,0,0,0,0
16864,CTCACCTGCAAAGTCTAGGGAAG,0,0,0.050793651,0.11208573,0.110193987,425,196.7448979,0,-0.043478261,0,0,0,0
16865,CCCTCCGCAAATCCTGGCCTGAG,0,0,0.020110608,0,0.234367362,455,171.9631188,0,-0.586956522,0,0,0,0
16866,AACCACCTCCAGCCCCCCTCTGA,0,0,0,0,0.133988,455,192.9071537,0,-0.326086957,0,0,0,0
16867,CTCTTGGGTTCATTGTTCTCAGG,0,0,0.224089636,0.946765564,0.932255747,620,213.4770022,0,0,0,0,0,0
16868,CCCATCCACCCAGGCACAAATAG,0,0,0.013053613,0.011175362,0.010995838,357.5,158.6460135,0.004347826,0.086956522,0,0,0,0
16869,GGACAAAAAGCATAGACTCAAGG,0,0,0.166502463,0,0.132915997,485,149.2884161,0.443478261,-0.52173913,0,0,0,0
16870,TGGATGGATGAATGAATAGATGA,0,0,0.005208333,0,0.02413915,417.5,139.8280828,0.365217391,0.760869565,0,0,0,0
16871,GAGTCAGAGGAGCAGCAGAACAG,0,0,0,0.053931588,0.053065217,455,185.6345332,0.430434783,0.97826087,0,0,0,0
16872,TGGATGGATGAATGAATAGATGG,0,0,0.075,0,0.02413915,417.5,139.8280828,0,1,0,0,0,0
16873,AAATGGGAAGAGGAGGGAGAAGA,0,0,0.000263416,0,0.054262311,387.5,157.9638045,0,-0.02173913,0,0,0,0
16874,GAGTACCAGAAGGAGAAGAAAGA,0,0,0.015420117,0,0.332281119,522.5,201.0374422,0,0.152173913,0,0,0,0
16875,GAAGACAAACCATAAACTGTTAG,0,0,0.014640523,0,0.162968187,455,161.9900421,0.043478261,-0.347826087,0,0,0,0
16876,AGATGAGGAGAGGAGGCTCAGGG,0,0,0.211851852,0,0.152684,455,182.7207493,0,-0.02173913,0,0,0,0
16877,AACAGCAGGGAGAAGAGCTGGGA,0,0,0.011904762,0,0.111961641,455,173.7045792,0.008695652,0.413043478,0,0,0,0
16878,GGAATGGAGGAAGGAGGAGAAGA,0,0,0.007310373,0,0.266133291,455,172.0350795,0,-0.413043478,0,0,0,0
16879,GGTGAGTGTGTGGGTGAGTGTGG,0,0,0.073043478,0,0.243274677,462.5,185.954788,0,0.043478261,0,0,0,0
16880,CCTGCCTCCTCCCTCCTCCCTGG,0,0,0.043433427,0.05473002,0.05473002,357.5,161.5371416,0,-0.52173913,0,0,0,1
16881,CCCTGTGGCCCAGGAAGGATCAG,0,0,0.073744856,0.109745705,0.106381852,455,186.1039203,0,0.695652174,0,0,0,0
16882,GAATTATTTTCATGGTTCTCTGA,0,0,0,0,0.250189101,530,206.4468314,0,0.239130435,0,0,0,0
16883,TGGATGGATGAATGCTGAATAAG,0,0,0,0,0.012693183,387.5,152.9967722,0.02173913,0.065217391,0,0,0,0
16884,GTAATCCCTTCTGCCCCAGCCAG,0,0,0,0.023837952,0.02299038,387.5,156.7165526,0.004347826,-0.086956522,0,0,0,0
16885,GGCTCTGGGGCTGCCGGTGGGAG,0,0,0.012396694,0,0.057131627,425,189.3803768,0,0.52173913,1,0,0,0
16886,AAAGGATAAGAAGAGGAACCAAG,0,0,0.009820426,0.17675841,0.173616039,485,157.8195082,0.052173913,0.173913043,0,0,0,0
16887,CTCCTCCCTCCAGTGACACACAG,0,0,0.019013666,0.223971519,0.223971519,522.5,203.3473984,0.017391304,-0.260869565,0,0,0,0
16888,AAATGAGAAGAAGAAGAAAAAGA,0,0,0.013071895,0,0.078867471,395,154.4588674,1,3.391304348,0,0,0,0
16889,AATCACCACTACAGCCTCCATAG,0,0,0,0.152438462,0.14788806,462.5,177.1392154,0.030434783,-0.782608696,0,0,0,0
16890,TGGATGGGGGACTGAGGAGCTGG,0,0,0.01754386,0.610033803,0.610033803,462.5,172.4464827,0,-0.217391304,0,0,0,0
16891,AGGTGAGAAGAAGAGGAAAAGGA,0,0,0.006790123,0,0.189330488,485,166.697889,0,0.326086957,0,0,0,0
16892,CAGTCACAGCAGAATAAGAAAAG,0,0,0.0168887,0.172278175,0.166462878,522.5,200.8238136,0,2.217391304,0,0,0,0
16893,TGGATGGAGGGATGGAGAGATGA,0,0,0.016503906,0,0.015263278,290,144.3368689,0.008695652,-0.043478261,0,0,1,0
16894,GTTATCTTAGTCTTTACCTGAGA,0,0,0.014322917,0,3.295480909,537.5,211.5726795,0.22173913,0.347826087,0,0,0,0
16895,AAATGATAAAAAGAGACAGAAGG,0,0,0.066666667,0,0.051230178,485,163.788657,0,-0.782608696,0,0,0,0
16896,GACCCCCTCCGCCCCGCCCCCAG,0,0,0.046487867,0,1.318125,470,184.6219164,0,-0.347826087,0,0,0,0
16897,GCCCCCCACCTCCCCGCCTTGGG,0,0,0.058021978,0,0.387083187,455,172.4924994,0,0.304347826,0,0,0,0
16898,CACCCCCCCCCCCCCGCCTTCAG,0,0,0.022222222,0,0.387083187,455,172.7324994,0,0.369565217,0,0,0,0
16899,GCCACCTCTAATCACTGGGGTGA,0,0,0.003869969,0,0.144140246,455,184.514788,0,-0.456521739,0,0,0,0
16900,GTGTACACCAGGGAATAGAGAAG,0,0,0.077639136,0.205125328,0.198201266,425,196.403278,0,0,0,0,0,0
16901,GAACACACAGTAAAGACTACTAG,0,0,0.016906171,0.100012051,0.096798812,357.5,169.6227789,0,-0.347826087,0,0,0,0
16902,TGTGAGAGAGTGTGTGTGTGTGA,0,0,0.028356481,0,0.881154321,560,197.0307081,0,-0.369565217,0,0,0,0
16903,TGTGAGTGGGTGTGTGTGCGTGG,0,0,0.085823755,0,0.123933228,485,163.5061086,0,0.173913043,0,1,0,1
16904,GACCTGGCGGCTGGAGGTGGGAG,0,0,0.028154852,0,0.789491758,622.5,215.012096,0.169565217,0.02173913,0,0,0,0
16905,CGTGTGTGCGTGTGTGTGTGAGA,0,0,0.004810005,0,0.372455417,552.5,192.9657886,0.07826087,0.326086957,0,0,0,0
16906,GCCCTCCAAGAGCCTGGCCATGA,0,0,0.01032589,0,1.257112069,620,208.9465266,0,0.108695652,0,0,0,0
16907,CCCTCTGTCTCTGTATAGGTGAG,0,0,0.019012346,0,0.027162146,387.5,154.5383844,0.013043478,-0.260869565,0,0,0,0
16908,TGAGAGTGAGTGTATGAGTGTGG,0,0,0.25,0,0.089556326,455,186.0467043,0.426086957,-0.391304348,0,0,0,0
16909,GCCTGTGTTTGTGGATTGATTGA,0,0,0.003467505,0,0.206712756,455,188.0240249,0.1,0.086956522,0,0,0,0
16910,TGGATAGAGGAATTTCGAGTGGA,0,0,0,0,0.005945117,392.5,174.2793839,0.013043478,0.304347826,0,0,0,1
16911,GGGAGGGAGGAATGGGGCGTTAG,0,0,0.019650027,0,0.083169333,455,178.2813251,0.260869565,-0.043478261,0,0,0,0
16912,GGTGTGTTGGTGTGTGCCTGCAG,0,0,0.018705574,0,0.180012975,552.5,185.4287494,0.386956522,0.391304348,0,0,0,0
16913,AACCTTTTTTCATTGTTCTAGAG,0,0,0.050326797,0.43003125,0.421955546,552.5,179.4028161,0,-0.695652174,1,0,0,0
16914,GAATGAGAAGAAGAGGGAAAGAG,0,0,0.006535948,0.433940678,0.433940678,492.5,168.665889,0.02173913,0.434782609,0,0,0,0
16915,CCCATCCGTCCACACACAGACGA,0,0,0.000730994,0,0.046742489,357.5,161.645841,0,-0.826086957,0,0,0,0
16916,GCTTCTTTTCCCCCCACCTAAGA,0,0,0.006183825,0,0.195700366,455,169.8585193,0.008695652,-0.326086957,0,0,0,0
16917,AAAAAAGAAGAATAGGCAAATAG,0,0,0.013756614,0,0.19301625,455,176.7907595,0,-1.434782609,0,0,0,0
16918,TCCTGAGTCTCTGGCTGGGTGGA,0,0,0.006155303,0,0.085423231,455,172.4589945,0,-0.108695652,0,0,0,0
16919,GGGTGGGGTGGGGTTGCCCCCAG,0,0,0.010048309,0.036800757,0.036800757,357.5,174.0874821,0,NA,0,0,0,0
16920,GCAGCCCCAAAGCCCAGCCACAG,0,0,0.038299663,0.069492688,0.068319815,455,186.3029525,0,0.065217391,0,0,0,0
16921,AATGACCAACACATTCCCAATGA,0,0,0.001493931,0,0.079252091,455,175.0553506,0,-0.173913043,0,0,0,0
16922,CCCTGGGTCTTTGGATGGTGAAG,0,0,0.004331516,0.068614256,0.066298163,387.5,143.2983324,0,-0.47826087,0,0,0,0
16923,GGTGGGTGTGTGTCTGAGTGCAG,0,0,0.0224,0,0.05268594,455,181.3266039,0,-0.065217391,0,0,0,0
16924,GCCTCTGCACAGCCTGGCCTTGA,0,0,0.006069094,0,0.238549379,552.5,172.9014989,0,-0.456521739,0,0,0,0
16925,GTACTCACAGCAAAGACTGCAGG,0,0,0.078466988,0.572069502,0.553689759,522.5,205.0725425,0,-0.239130435,0,0,0,0
16926,AGGATGAAGGGATGAGGAGGAGG,0,0,0.114705882,0,0.264377816,455,173.4491356,0,-0.086956522,0,0,0,0
16927,TCCTCCCCAGAGCCTTGCCCAGG,0,0,0,0.11259853,0.110484003,485,159.7822378,0,-0.239130435,0,0,0,0
16928,CGTGACTGAATGTGTGTGTGTGA,0,0,0.01473064,0,0.339662881,552.5,191.4361685,0,-0.304347826,0,0,0,0
16929,ATGAACATCAGTGTTTACAGGGA,0,0,0.002204586,0,0.011197799,357.5,164.8306435,0.369565217,0.630434783,0,0,0,0
16930,CTTGGCATACAGGGCAGCAAGGG,0,0,0.16875,0.20468015,0.201225633,552.5,187.005349,0,-0.282608696,0,0,0,0
16931,GATGAGGCAGTGTGTGCCTGTAG,0,0,0.037814819,0,0.211957667,552.5,188.053669,0.017391304,-0.586956522,0,0,0,0
16932,GCCTATTGTTCATTGTTCTCCAG,0,0,0.049794239,0.82579023,0.82579023,620,212.785879,0,-0.52173913,0,0,0,0
16933,CCCTGTGCCTTTGGCTGGAAAGA,0,0,0.003277972,0,0.09323315,357.5,158.5254778,0,-0.130434783,0,0,0,0
16934,GCCCCACTCCACCCCATCTCCAG,0,0,0.088271605,0,0.063433242,485,178.899479,0,-0.260869565,0,0,0,0
16935,GTGACCTCAAATGGCTAGGAGGA,0,0,0.013020833,0,0.059266981,455,165.9354351,0,-0.434782609,0,0,1,0
16936,AATGGACAAGAAGATGCACAGAG,0,0,0.01123366,0,0.27129322,522.5,201.2081976,0.186956522,0.369565217,0,0,0,0
16937,GGGAGGGGGGTCCTTGCTCCCAG,0,0,0.015876796,0,0.151190526,362.5,194.8808953,0.047826087,-0.217391304,0,0,0,0
16938,GAGCCCCTGCACCCTGCCTGGGG,0,0,0.001213819,0,0.106601012,455,163.3675981,0.039130435,-0.652173913,0,0,0,0
16939,GCCTGTCTCTCTGCATGCATGAG,0,0,0.03321256,0.032745994,0.031581692,455,179.7543013,0.665217391,1.956521739,0,0,0,0
16940,AAATGAGAAGAAGAAGAGGAGGA,0,0,0.001525054,0,0.008312935,345,127.8355341,0,-0.282608696,0,0,0,0
16941,CCCTTTGTTTAAGGATGGATCAG,0,0,0.040833333,0.231270929,0.227726547,425,200.0057155,0,-0.043478261,0,0,0,0
16942,GAAGTCAAAGCATGGATTGCAAG,0,0,0.010265619,0,0.086229035,455,184.4127843,0,-0.239130435,0,0,0,0
16943,TGAACCCCTTCTGCAGTAGCTGG,0,0,0.058333333,0.202836708,0.202836708,485,166.177569,0,-0.239130435,0,0,0,0
16944,TTCCCCTCCAATGCCTAGGGAGA,0,0,0.005252101,0,0.443035994,530,207.8872154,0.026086957,-0.086956522,0,0,0,0
16945,TGAATGGAGGAAAGAGCAATAGG,0,0,0.087265676,0,0.073270899,387.5,157.4385685,0.665217391,1.086956522,0,0,0,0
16946,GAATGAGAAAAATAGACACATGA,0,0,0.019444444,0,0.097066953,455,187.4205172,0,-0.391304348,0,0,0,0
16947,CAATGAGAACAATAGACACAGGG,0,0,0.102857143,0,0.097066953,455,187.4205172,0,-0.391304348,0,0,0,0
16948,ACATGGGAGGAAGAGGCACTAGA,0,0,0.015589569,0,0.257814838,552.5,176.0766357,0,0.065217391,0,0,0,0
16949,AGGAACACCAGTGAGTCTGGAGA,0,0,0.002573529,0,0.037635675,442.5,141.8025557,0.069565217,-0.195652174,0,0,0,0
16950,GAATGAGAGGAAGAAGCAAAGGG,0,0,0.268907564,0,0.086270403,455,170.2851981,0,0,0,0,0,0
16951,GGAATGGAGGAATGAGGATGGGG,0,0,0.084398977,0.22076596,0.216620121,485,150.7864001,0.182608696,0.369565217,0,0,0,0
16952,GGTGTGTGAGTGTGTGTGTGCAG,0,0,0.043995511,0,3.890957447,567.5,199.3255689,0,-0.065217391,0,0,0,0
16953,AGCACCACGGAGCAGAGCGGGGA,0,0,0.016708438,0,0.338304443,522.5,202.4010822,0.02173913,2.304347826,0,0,0,0
16954,GACATCAGTGAGTTGAGCAGGGA,0,0,0.016835017,0,0.07850044,455,175.5244954,0.991304348,0.195652174,0,0,0,0
16955,TCCTCTTTACCAGCCACCTCAGA,0,0,0.000737898,0,0.164916269,455,168.6032992,0.017391304,-0.239130435,0,0,0,0
16956,TGGTTGGAGGAGAGAGGAGGGAG,0,0,0.014557338,0.127989612,0.125714241,357.5,163.9733791,0,-0.152173913,0,0,0,0
16957,AGTGTGTGAGTGTATGCATGTGA,0,0,0.011800699,0,0.046239667,455,180.8491621,0.308695652,-0.065217391,0,0,0,0
16958,GGGAAAGACACAGCATTTTTGAG,0,0,0.044938272,0.031321497,0.031321497,442.5,137.0508193,0.904347826,2.239130435,0,0,0,0
16959,AATGACGTCGAGATCCTCAATAG,0,0,0.011619463,0.416058535,0.403866344,522.5,201.0091654,0,0.130434783,0,0,0,0
16960,TAATTCAAAGCATAGATTGCAAG,0,0,0.035196409,0,0.609583333,552.5,196.0519689,0.104347826,-0.347826087,0,0,0,0
16961,TGTGTCGAGGGATGAGGAGTGGG,0,0,0.138494318,0.466186427,0.451897188,522.5,209.7823323,0,-0.086956522,0,0,0,0
16962,CTCACCTCCAAAGGCCAGGGTGG,0,0,0.177777778,0.019964212,0.019964212,357.5,182.556289,0.313043478,-0.369565217,0,0,0,0
16963,CCTTTCTCCCCTCCACTCACTGA,0,0,0.001836547,0,0.196336672,522.5,200.4071589,0.056521739,0.260869565,0,0,0,0
16964,ATGGACACCAGAGAGTAAGGCAG,0,0,0.033653846,0,0.04809546,387.5,154.4389663,0,-0.391304348,0,0,0,0
16965,TGTGAGTGTGTGTGTACCTGGGG,0,0,0.285714286,0,0.032613551,485,172.5284605,0.230434783,-0.065217391,0,0,1,0
16966,TGGAAAGAGGAAAGAAGAGTGGG,0,0,0.346153846,0,0.057616956,455,189.3379496,0.143478261,0.434782609,0,0,0,0
16967,CCTGCCTCAGCTGCCCTCACTGA,0,0,0.000632484,0,0.012888062,362.5,179.8946929,0,0.130434783,0,0,0,0
16968,AAAATTGATGTTCTCCCCATGAG,0,0,0.101111111,0,0.41990681,522.5,209.1699156,0,0.804347826,0,0,0,0
16969,GAGTGGGAGCTGAAGCAGAAAGG,0,0,0,0,0.082628968,455,192.6071864,0.086956522,-0.02173913,0,0,0,0
16970,GACTTGACTTCTTTGTTCTTTGG,0,0,0.0875,0.214249992,0.210633958,455,168.8633019,0,-0.195652174,0,0,1,0
16971,GACATGTTTTCAAAGTTCTCTAG,0,0,0.052910053,0,0.162310667,432.5,198.3878948,0,0.065217391,0,0,0,0
16972,GCCTCTTCACCACCCCCCTCAAG,0,0,0,0.065873728,0.065873728,485,157.7143769,0,0.586956522,0,0,0,0
16973,GTCAGGGAAGCAGGGTTTTTGGA,0,0,0.007070707,0,0.135502769,522.5,204.2465114,0.217391304,0.108695652,0,0,0,0
16974,GGTGTGTGAGTGTGTGAGAATAG,0,0,0.011784512,0,0.080071819,417.5,129.0399691,0,-0.413043478,0,0,0,0
16975,GAGGCGGAGGAGAAGAAGAAGGA,0,0,0.008439429,0,1.41725502,627.5,212.7486796,0,-0.195652174,0,0,1,0
16976,GGAGTCCCTCCTACAGGACCAAG,0,0,0.004692475,0.209811977,0.206270847,455,182.849232,0.030434783,0.086956522,0,0,0,0
16977,TAGATGGAAGGATGAGGAGGAGG,0,0,0.062394958,0,0.236507827,455,171.632536,0.004347826,-0.086956522,0,0,0,0
16978,ACAGTGAGGGGAGGGGAGGCAGA,0,0,0,0,0.126035717,522.5,198.6092986,0.008695652,-0.47826087,0,0,0,0
16979,TGGTGGGGAGGGGTTGCTCCCGG,0,0,0.109006211,0.197265749,0.197265749,425,199.5108154,0.052173913,0.608695652,0,0,0,0
16980,GGGAAAGACCCAGGAACTGAAGA,0,0,0,0,0.002859046,320,127.7114563,0.808695652,0.239130435,0,0,0,1
16981,GCAGTCCCTTCCCCAGCACCAAG,0,0,0.044747496,0.281458195,0.272415361,425,200.870979,0,-0.282608696,0,0,0,0
16982,CCCAGTGCCTCCGGATGCATTAG,0,0,0.055694792,0.150017031,0.144953165,455,182.0871493,0,-0.195652174,0,0,0,0
16983,GGCTTGTTTTAATTGGTCTAAGG,0,0,0.103846154,0,0.066578308,387.5,158.3038905,0.017391304,-0.260869565,0,0,0,0
16984,GAGTGGGAGGAGTTTCCTCTAGG,0,0,0,0.119960915,0.119960915,485,161.4341572,0,0.065217391,0,0,0,0
16985,GGCCATGCGGCTGGTGGTGGTGG,0,0,0.040336134,0,0.75437037,530,204.0310584,0.156521739,0.108695652,0,0,1,0
16986,AAATGAGCAGAATAGGTACCTGG,0,0,0.013636364,0,0.093392989,387.5,148.4771515,0.030434783,0.239130435,0,0,0,0
16987,GGTGTGTGAGTGTGCGTATGTGG,0,0,0.032040687,0,0.030398918,387.5,157.2952141,0.117391304,-0.673913043,0,0,0,0
16988,GGAGAGTGAGGGGGTGAGTGGGG,0,0,0.034782609,0,0.122559821,357.5,181.9564847,0.073913043,-0.086956522,0,0,0,0
16989,TGGATGGATGAATGATGGATAGA,0,0,0,0,0.009283074,417.5,141.7804605,0,-0.456521739,0,0,0,0
16990,TGGATGAATAATTGAGGAGTAAG,0,0,0.043017833,0,0.246762336,522.5,200.149202,0.043478261,-0.369565217,0,0,0,0
16991,GCTTCGTTCCCACCTTCCTTCAG,0,0,0,0,0.041333488,455,185.3905685,0.030434783,-0.173913043,0,0,0,0
16992,AAATGAGGAGAAGGGGCACAAGA,0,0,0.023765432,0,0.996830986,537.5,206.8609984,0,0.043478261,0,0,0,0
16993,CTCCTCTTACTTATTACCTGTGA,0,0,0.003770739,0,0.648306325,522.5,205.6185631,0,-0.065217391,0,0,0,0
16994,ATCAACACAAGGGAGTTGAGTGA,0,0,0.001526252,0,0.171534106,455,186.0100081,0,-0.108695652,0,0,0,0
16995,CGGCCAGACAGAGCATGTGATGG,0,0,0.094191523,0.247307534,0.247307534,552.5,196.3918377,0.069565217,0.043478261,0,0,0,0
16996,GCCTCCCAAAATGCTGGACATGA,0,0,0.001274767,0,0.053393411,357.5,173.4614288,0,-0.347826087,0,0,0,0
16997,TGTGTGTGCGTGTGTGCGTGTGG,0,0,0.207792208,0,1.632770745,627.5,215.1518996,0.047826087,0.391304348,0,0,0,0
16998,AGCCCCCACCTCCCCGCCTCGGG,0,0,0.177230769,0,0.794051205,522.5,209.6300993,0,-0.152173913,0,0,0,0
16999,GGTGAATGAGTGTGGCTGTGTGA,0,0,0,0,0.015361544,412.5,164.9324575,1,-0.52173913,0,0,1,0
17000,TGTGAGTGAGTGAATGAGTGTGA,0,0,0.016826923,0,0.035150404,357.5,177.0753837,0.013043478,0.130434783,0,0,0,0
17001,GAGTTGCTTACATTTTTCTCAAG,0,0,0.010912698,0,0.249861055,522.5,197.0900612,0,-0.108695652,0,0,0,0
17002,GCTGAGTGTGTGTGTGCGTGTAG,0,0,0.107692308,4.331716418,4.331716418,635,217.4002196,0.082608696,0.217391304,0,0,0,0
17003,TGTAAGTGTGTGTGTGAGTGTGG,0,0,0.252,0.379196691,0.372455417,552.5,193.3805086,0,0.326086957,0,0,0,0
17004,TCCATCCATCCATAGACACTGGG,0,0,0.18,0,0.577438983,462.5,173.7630795,0.043478261,-0.239130435,0,0,0,0
17005,CCTGCCTGAGCTCCATTCACAAG,0,0,0.01255887,0.02204907,0.021373236,455,183.2127922,0.004347826,0.130434783,0,0,1,0
17006,GACTTTTTTTTTTTGTCCTCAGA,0,0,0.003351768,0,0.090997553,357.5,182.4817208,0,-0.173913043,0,0,0,0
17007,CCCTGTGTCTCTGGGGGGCTCAG,0,0,0.012068966,0.035234299,0.035234299,395,158.1565526,0,0.586956522,0,0,0,0
17008,GGTCTGTGAGAGTGTGGGTGGGG,0,0,0.008493237,0.326702656,0.321188687,455,189.8218852,0.22173913,0.152173913,0,0,1,0
17009,TGTGAGTGAGTGTGTGTGCACGA,0,0,0.008381226,0,0.084582907,417.5,130.3282891,0,-0.217391304,0,0,0,0
17010,CCCCACGGTCCAGAGACACAGAG,0,0,0.015788799,0.904530669,0.891277473,620,211.5550822,0,-0.152173913,0,0,0,0
17011,AAATGAGAAGAGGATGCATTGGA,0,0,0.001984127,0,0.023640729,290,129.3912781,0.034782609,-0.130434783,0,0,0,0
17012,GTCTTGCTTTCATTCTTTTCCAG,0,0,0.022727273,0.057832793,0.056804655,455,176.9464643,1,-0.086956522,0,0,0,0
17013,GAATTGTTTTCGTGTTTCTCTGG,0,0,0,0.029118541,0.029118541,327.5,185.1096933,0.013043478,-0.413043478,0,0,0,0
17014,AAATAACAAGAGTAGGCACAGGG,0,0,0.129097222,0.183118037,0.177505223,425,198.3130782,0.008695652,0.52173913,0,0,1,0
17015,ACGAACACCAATGACTAGAGGGA,0,0,0.016233766,0,0.442262911,432.5,199.7228947,0,NA,0,0,0,0
17016,ATCATATTAGTGATTATCTGGGG,0,0,0.173333333,0,0.181448575,455,188.7118045,0,-0.391304348,0,0,0,0
17017,GGTGAGTGAGGGGATGGGTGTGA,0,0,0.000319693,0,0.01681765,260,170.8453,0,-0.108695652,0,0,0,0
17018,GACCTCCTGCACCCTGACTCAAG,0,0,0.003177454,0,0.094763973,455,178.758767,0,-0.195652174,0,0,0,0
17019,GGTTGGGAGGAGCTGGCTCCCAG,0,0,0.005116959,0.153719584,0.153719584,425,191.8658409,0.017391304,-0.065217391,0,0,0,0
17020,GGAGTGTGAGTGTGGGGGTGTGA,0,0,5.31E-05,0,0.152925168,455,182.1905474,0.095652174,0.02173913,0,0,0,0
17021,TAGTTGGAGGAATAAGGAATAGG,0,0,0.288461538,0,0.07431375,455,175.6992154,0,-0.391304348,0,0,0,0
17022,AAAGGGGAGGAAAAGGCACAGGA,0,0,0.019078144,0,0.204674188,522.5,203.0813151,0.082608696,0.152173913,0,0,0,0
17023,GCCACAGCAGCTGCAGGTGGTGA,0,0,0.011479592,0,0.082792192,522.5,201.575051,0,-0.130434783,0,0,1,0
17024,GAGGAGGAGCAGGAGAAGAAGGA,0,0,0.008087474,0,0.334982304,525,205.7527755,0.065217391,-0.260869565,0,0,0,0
17025,AAAGAAGAATGAGAGGCACACGG,0,0,0.286067708,0,0.697697198,522.5,205.8162599,0.173913043,-0.130434783,0,0,0,0
17026,CTGGCCCCAAAGGGCAGAATGGG,0,0,0.173333333,0,0.117517089,485,151.1193304,0.043478261,0,0,0,0,0
17027,CCTGCCTCAGCTGTGCTCCCCGG,0,0,0.015718764,0.029025941,0.028559661,357.5,160.7858776,0,0,0,0,0,0
17028,CCTGCCTCCTCTTTCCTAACTGG,0,0,0.083522727,0,0.025554997,357.5,165.0785882,0.030434783,-0.760869565,0,0,0,0
17029,GGCTCTGGGGGTGGGGGTGGGGG,0,0,0.066477273,0,0.212805723,425,194.7894778,0,0.065217391,0,0,0,0
17030,GGAGTGTGCGTGTGTGCATGTGA,0,0,0.007135721,0,0.186959075,552.5,188.0005664,0.217391304,-0.586956522,0,0,0,0
17031,GCCTAACTAAAGTCTGGCCACAG,0,0,0.084259259,0,0.319580819,522.5,203.5265585,0.013043478,-0.02173913,0,0,0,0
17032,GGCAGGGAGGATGGAGGTGGCGG,0,0,0.167142857,0,0.458313578,522.5,206.7957953,0,0.152173913,0,0,0,0
17033,GGGTTGCAGGGATGAGGAGTAGG,0,0,0.272010869,0.551191454,0.542336973,522.5,209.7131355,0.269565217,0.065217391,0,0,0,0
17034,TACTCTGAGCAGAAGAACAATAG,0,0,0.044091711,0.19194796,0.185123143,552.5,191.4626827,NA,-0.217391304,0,0,0,0
17035,GAGTGGGAGAAGAAAAAGAACAG,0,0,0.063442266,0.217139377,0.213651194,522.5,196.926938,0,0.173913043,0,0,0,0
17036,CCAGAGAGGTGAGCCGAGGCAGA,0,0,0.005172524,0,0.215770049,522.5,194.7531417,0,0.108695652,0,0,0,0
17037,CACACCTAAGCAGACATTTTTAG,0,0,0.02623639,0,0.049848983,455,185.3213717,0.634782609,0.02173913,0,0,0,0
17038,CCCATCCCTCCACAGAGTCACAG,0,0,0.001375989,0.042463575,0.041781429,387.5,160.1914182,0,-0.260869565,0,0,0,0
17039,TGTCAGTGTGTGTGTGAGTGTGG,0,0,0.148235294,0,0.372455417,552.5,193.3805086,0,0.065217391,0,0,0,0
17040,TGTGCGTGTGTGTGTGCATGTAG,0,0,0.053846154,0,0.189613667,552.5,188.5285664,0,-0.304347826,0,0,0,0
17041,GGAGTCCCTCCTCCAGCACTGGG,0,0,0.042105263,0.23959031,0.235330927,455,166.6977431,0,-0.195652174,0,0,0,0
17042,TCCTCCCCAAAGCCATGTCACGG,0,0,0,0,0.014305125,387.5,162.2812193,0,-0.152173913,0,0,0,0
17043,GAGACTGAGGATGGAGGTGGGAG,0,0,0.053472222,0,0.782934488,522.5,209.1020993,0,-0.173913043,0,0,0,0
17044,AAATGATATGAAGAGACACATGG,0,0,0.342857143,0,0.191811376,560,196.768613,0.008695652,0.239130435,0,0,0,0
17045,GACTCCCAGGAGAAGAAGACTGG,0,0,0.023370726,0.424608265,0.409511082,552.5,174.1594829,0.491304348,0.217391304,0,0,0,0
17046,CCATTTAGTAGAGGGGAGACAGG,0,0,0,0,0.044959819,455,174.1532314,0,0.195652174,0,0,0,0
17047,ACTAACAGCAGTGACTAGAGAGA,0,0,0.005217996,0,0.397208228,522.5,201.1251615,0.265217391,-0.326086957,0,0,0,0
17048,ATGGCCCCAAAGTGCAGTAATAG,0,0,0.033703704,0,0.528267675,522.5,204.180943,0,-0.217391304,0,0,0,0
17049,CCAGTGAGTAGAGGCCAGGGAAG,0,0,0,0,0.003909308,325,138.927768,0.026086957,-0.304347826,0,0,0,0
17050,GATTCTTTTTCATTATTCTCTGG,0,0,0.431372549,0.240310978,0.240310978,522.5,201.3906744,0,-0.130434783,0,0,0,0
17051,GCTGTGTGAGTGTGTGCAGGTGA,0,0,0.00302582,0,0.097755,485,161.5003468,0.07826087,-0.130434783,0,0,0,0
17052,GGGGCTGCAGCTGGAGGAGGAGG,0,0,0.133928572,0,0.186959075,552.5,188.4152864,0,0.239130435,0,0,0,0
17053,AGAGAGGGAGTGTGTGTGTGTGA,0,0,0.012254902,0,0.410516581,552.5,195.3027081,0.056521739,0.260869565,0,0,0,0
17054,CCTGACCCACACAGCAGTAATGG,0,0,0.239357281,0.281458195,0.272415361,425,200.456259,0.060869565,-0.326086957,0,0,0,0
17055,CCAGTCCATCCAGAGACAGTAGA,0,0,0.002821181,0,0.205067048,485,149.9128001,0.508695652,0.5,0,0,0,0
17056,CCACTAAGTAGAGAGGAGGATAG,0,0,0.024019608,0.060595489,0.059518236,455,167.7636314,0.22173913,0.260869565,0,0,0,0
17057,GAAGCCCTCCACCCTCCCTCTGG,0,0,0,0,0.068319815,455,186.3029525,0,-0.282608696,0,0,0,0
17058,GGCAGTGGGGCTGGAGCTGGGAG,0,0,0.023529412,0,1.144757433,560,195.025752,0,0.173913043,0,0,0,0
17059,GGGGCTGCGGCCGGTGGTGGTGA,0,0,0.004111842,0,0.195426448,425,195.875278,0.695652174,3.934782609,0,0,0,0
17060,GACCACAGGGCATAGACTGTGGA,0,0,0.004365079,0,0.397764972,552.5,174.4748028,0,-0.565217391,0,0,0,0
17061,ATCACCTCAAATGACCAAGGGAG,0,0,0.092307692,0.033815894,0.032613551,485,172.5284605,0,0.065217391,0,0,0,0
17062,GTCACTGCTTCTGGAGCTGGAAG,0,0,0.016821813,0,0.343031439,552.5,189.0223722,0.391304348,-0.413043478,0,0,0,0
17063,CCAGTGATGAGAGAGGTGGCAGA,0,0,0.001253858,0,0.050146859,455,179.515107,0.17826087,0.456521739,0,0,0,0
17064,GTCAGCCCCATTGACCAGGGTGG,0,0,0.084615385,0.096378456,0.093281959,455,192.0099896,0,-0.304347826,0,0,0,0
17065,GAGGCTGACCAAAAGAAGAAGGG,0,0,0.291666666,0,0.248242453,522.5,204.8645352,0,-0.413043478,0,0,0,0
17066,GGCACTGTGGGTGGAGGCGTGAG,0,0,0.017013889,0,0.068185438,387.5,147.3091661,0,0.260869565,0,0,0,0
17067,AATAGAGAATAAGAGGCAGAAAG,0,0,0.008850763,0.461115476,0.452917868,552.5,182.0586636,0,-0.47826087,0,0,0,0
17068,AAATTAGAGGAAGAAGCAGAGGA,0,0,0.001633987,0,0.07753416,455,168.9968781,0,-0.152173913,0,0,0,0
17069,CCTGCTGCGGCTTTACTCACAGG,0,0,0.236694678,0.135440954,0.13336523,522.5,201.5717343,0.491304348,0.434782609,0,0,0,1
17070,GGGTCCGAGCACCAGAATAAAGG,0,0,0.059442725,0.060158187,0.059088708,357.5,176.3212457,0,-0.195652174,0,0,0,0
17071,GCCACTGTGGCTGGATGAGGTGG,0,0,0,0,0.053377333,485,173.1484239,0.265217391,-0.130434783,0,0,0,0
17072,CCCCCCCTCCACCCCGGCTCAAG,0,0,0.008558979,0,1.290123457,560,199.1738889,0,-1.02173913,0,0,0,0
17073,AAATTACAAAAAGAGGCAAACAG,0,0,0.021388889,0,0.29784987,552.5,179.7887628,0.034782609,-0.152173913,0,0,0,0
17074,GATGTGTTTTCATTTCTCTCGGG,0,0,0.040922619,0,0.068319815,455,186.3029525,0,3.152173913,0,0,0,0
17075,GGTGAGAGAGTGAGTGAGAGTGA,0,0,0.005608974,0,0.048184735,387.5,155.5833877,1,0.043478261,0,0,0,0
17076,TCCTCTTTCCCTCCCACTTTGGA,0,0,0.014880952,0,0.323140741,462.5,187.2605663,0,-0.608695652,0,1,0,0
17077,TGTGAGAGTGTGTGTGTGTGAGA,0,0,0.017013889,0,0.25438705,552.5,191.8709278,0.1,0.413043478,0,0,0,0
17078,GGGACTGGAGCTGAAGGTGGAAG,0,0,0.040178571,0,0.128428059,522.5,199.973218,0.008695652,0.152173913,0,0,0,0
17079,AAAGGAAAAGAAGACGGACAGGA,0,0,0.000696301,0,0.105930922,455,180.7500866,0.013043478,-0.5,0,0,0,0
17080,AAAAGAGAAAAAGAGGAAGAAAG,0,0,0.006721536,0.176849269,0.176849269,485,161.6005526,0.02173913,-0.195652174,0,0,0,0
17081,TTCATCTTAGCCATTTCCTATAG,0,0,0,0,0.066578308,387.5,158.5438905,0,0.108695652,0,0,0,0
17082,GAGCCCCGCTGCCCCGCCTCCAG,0,0,0.05815541,0,0.687929438,522.5,204.3503629,0,0.217391304,0,0,1,0
17083,AAAGGTGAAGCAGAGACACAAAG,0,0,0.046296296,0,0.086812714,455,193.0219064,0,-0.347826087,0,0,0,0
17084,TGGAGTCAGGAAGGAGGAGTAGG,0,0,0.076521739,0.225175635,0.218273699,525,204.2431947,0.004347826,-0.152173913,0,0,0,1
17085,TTATGAGAAGAGGAGACACAGAG,0,0,0.13617658,0,0.133988,455,193.9554737,0,-0.130434783,0,0,0,0
17086,AGATGAGAATAACAGGCACTGGG,0,0,0.164210526,0,0.248589007,455,167.3313431,0.034782609,0.195652174,0,0,0,0
17087,GAACACAATCAATAGACTACAGA,0,0,0.008928571,0,0.140753727,457.5,173.2703996,0,0.130434783,0,0,0,0
17088,AAGAGAGAAGAGGAGGAACAAAG,0,0,0.025428034,0.290550842,0.280743218,455,189.0961885,0,-0.326086957,0,0,0,0
17089,TGGATGGAGGAATTAGGAGTTGA,0,0,0.018518518,0,14.9,545,211.1608154,0.043478261,0.108695652,0,0,0,0
17090,CCTGCCTGAGCTTTGCTCACAGG,0,0,0.250714286,0,0.086497058,425,188.4340606,0,0.543478261,0,0,1,0
17091,GACATTGATGTCTTGCCCACTGG,0,0,0.002954545,0,0.03933179,357.5,156.570074,0,0.782608696,0,0,0,0
17092,GTATCTTGCCCACCCAGCTTGGG,0,0,0.033986928,0,0.601049167,552.5,194.346072,0,-0.456521739,0,0,0,0
17093,CACCTGGTTTCATTTTTCTCAGG,0,0,0.038839065,0.284757314,0.275145253,522.5,201.7361976,0,0,0,0,0,0
17094,GGTGGGTGAGTGTGTGAATGTGA,0,0,0.016153846,0,0.224372457,492.5,172.7022357,0,-0.282608696,0,0,0,0
17095,GGGGGTGGGGAGTTAGCTCATGG,0,0,0.120614035,0.108990545,0.107052935,455,165.1957945,0,-0.608695652,0,0,0,0
17096,CGAGTGTGAAGAGCTGAGGCCAG,0,0,0.010466989,0.170999823,0.16811375,522.5,198.4100173,0,0.782608696,0,0,0,0
17097,GGCACTGAGGCTGGAGTTGGTGA,0,0,0.011284722,0,3.099576271,567.5,197.514072,0,-0.217391304,0,0,0,0
17098,GGGTTGTTTTCATTTTTCTTAGG,0,0,0.017142857,0.184299023,0.184299023,455,167.0873785,0,0.02173913,0,0,0,0
17099,CGTGTGTGAGAGTGTGTGTGTGG,0,0,0.090909091,0,0.33831875,455,190.6954852,0,-0.195652174,0,0,0,0
17100,GGCCTAGATTGGGCACCTGAAGA,0,0,0.006571021,0,0.173969682,455,185.2496881,0,0.304347826,0,0,0,0
17101,ACAGTGGTGAGAGCGGAGGCTGG,0,0,0.273109244,0.58761959,0.569608261,622.5,209.7572219,0.043478261,-0.086956522,0,0,0,0
17102,GCCACCACCAAGCCTGGCCAAGA,0,0,0.014172335,0,1.012636909,627.5,213.1834388,0,-0.586956522,0,0,0,0
17103,CTTGTCTCACAGAGCAGTCATGG,0,0,0.098746082,0,0.125155157,455,175.2811787,0.869565217,1.782608696,0,0,0,0
17104,GAGTCCCAGGAGGAGAGGAAGGA,0,0,0.002136838,0,0.134093447,455,181.3396512,0,-0.391304348,0,0,1,0
17105,GGCATCCATCTTCTCCCCATGGG,0,0,0.118461538,0.450022497,0.44279322,522.5,203.8689823,0,0,0,0,0,0
17106,GCCACCTCCAATGACCCGTGGGG,0,0,0.067226891,0.034244819,0.033027225,417.5,149.9374631,0.086956522,0.5,0,0,0,0
17107,GGTGAGTGTGTGTGGGGGGGTGG,0,0,0.000441176,0,0.028412066,387.5,149.2990871,0,0,0,0,0,0
17108,CTTGCCCCAGAGGATGGTAAAGA,0,0,0.000259675,0,0.008634228,392.5,171.0736315,0,-0.434782609,0,0,0,0
17109,TGGATGGATGAATGAAAAGATGG,0,0,0.28,0,0.02413915,417.5,139.8280828,0,-0.065217391,0,0,0,0
17110,TGGAATCAGGAATAAGGAGTAAG,0,0,0.044560185,0,0.088088228,525,202.1033306,0,-0.5,0,0,0,0
17111,GTCCCCTCAAATAGCTAGGGGGA,0,0,0.009049774,0,0.050407362,425,193.2281145,0,-0.108695652,0,0,0,0
17112,GGCACAGGGGTAGGAGGTGGGGG,0,0,0.137142857,0,0.22549028,425,200.3680149,0.234782609,0.217391304,0,0,0,0
17113,TAGGAGTGAGTGTGTGTGTGTGA,0,0,0.013710826,0,0.601049167,555,197.4458889,0,-0.217391304,0,0,0,0
17114,GGACTCCCTTGTACAGCAGCTGA,0,0,0.000707014,0,0.107124019,357.5,171.8489958,0,0.02173913,0,0,0,0
17115,TCCTCCACTAAGCCTCGCCAAGG,0,0,0,0.11364824,0.11364824,552.5,195.568613,0.017391304,-0.217391304,0,0,0,0
17116,TGGATAAAGTAATGAGGAGACAG,0,0,0.118489583,0.246882982,0.238549379,552.5,172.9014989,0,-0.043478261,0,0,0,0
17117,AGTGAGTGTATGTGTGTGTGAGA,0,0,0.016333333,0,0.343031439,552.5,189.2623722,0.108695652,0.086956522,0,0,0,0
17118,TGAATGGAGGAATACGGAGAAGA,0,0,0.005992543,0,0.025995992,357.5,155.6881939,0.252173913,1.391304348,0,0,0,0
17119,AGAGAGTGAGTGTGTGTGTAGGA,0,0,0.01953125,0,0.264757925,485,160.548289,0.12173913,-0.043478261,0,0,0,0
17120,AAATGAGAGGAAGTGACCCAAGA,0,0,0.004703116,0,0.004391041,387.5,160.8892758,0,0.130434783,0,0,0,0
17121,GGATTACCTTCTCCAGCAACTAG,0,0,0.02764487,0.116774831,0.116774831,455,176.2930955,0,-0.391304348,0,0,0,0
17122,GGAACTGAGGATGGAGGGGGTGG,0,0,0.140833333,0,0.16982371,455,183.9187661,0,-0.195652174,0,0,0,0
17123,TGTGCGTGAGTGTGTGAATGTGG,0,0,0.161538462,0,0.119478333,485,171.5022357,0,-0.02173913,0,0,0,0
17124,AAATAAAAAGCAGAGCCACATGG,0,0,0,0,0.093281959,455,192.0099896,0.026086957,-0.108695652,0,0,0,0
17125,CCAGGGAGTAGAGGTGAGGCCAG,0,0,0,0.112401185,0.112401185,432.5,193.2654738,0,-0.130434783,0,0,0,0
17126,AGGAGGGAGGAAAGAGGAGGGAG,0,0,0.020271493,0,0.26991206,455,171.2747595,0.004347826,-0.086956522,0,0,0,0
17127,CCCAGCCATCCTAAGGCACATGA,0,0,0.002629849,0,0.046855442,357.5,183.4078331,0.008695652,-0.391304348,0,0,0,0
17128,GGCTGGGGAGAGTCTGTTCCTGA,0,0,0.002289377,0,0.051948337,455,182.0869239,0.27826087,-0.304347826,0,0,0,0
17129,GCCTACCCAAAGCCTGTCTCAGG,0,0,0.014985015,0.080071819,0.080071819,417.5,129.0399691,0,-0.130434783,0,0,1,0
17130,GGGAAAGTCCCAGCATCCTTTGG,1,0.243529779,0.285714286,2.933823529,2.933823529,567.5,187.7521831,0,-0.108695652,0,0,0,0
17131,CTGGCCTCACAGGGGAGGAAAGG,0,0,0.006770833,0.05600939,0.05600939,455,176.6584643,0.22173913,-0.434782609,0,0,0,0
17132,GACTCCATCCACCCCTCATCAGA,0,0,0,0,0.034610809,485,173.23146,0,-0.195652174,0,0,0,0
17133,GACTTATTTTTATTTTTCTAGGA,0,0,0.001526252,0,0.056406056,357.5,159.8393108,0,-0.391304348,0,0,0,0
17134,GCCTCCGCAGAGGCTGGCCCTGA,0,0,0.000562668,0,0.152592743,455,165.1881623,0.017391304,0.282608696,0,0,0,0
17135,GGTGTGTGTGTGTATGAGTGTGG,0,0,0.076363636,0,0.05268594,455,181.3266039,0,-0.043478261,0,0,0,0
17136,CAACACAGAGCATAGGCTGGAAG,0,0,0.001536227,0,0.119960915,485,161.6741572,0.134782609,-0.043478261,0,1,0,0
17137,TGCCCAGACTGAGCAGGTCACGA,0,0,0.004789272,0,0.193864407,492.5,172.3635742,0,0.456521739,0,0,0,0
17138,GGCAGTGGGGGTGGGGGTGGGGA,0,0,0.004352679,0,0.212805723,425,194.3747578,0,-0.195652174,0,0,0,0
17139,AAATGAGAATATGTGGCACTTGG,0,0,0.086666667,0,0.040281217,357.5,157.7153786,NA,-0.565217391,1,0,1,0
17140,AAATGCGAATAATAGACACAAGG,0,0,0.110795455,0,0.053065217,455,185.6345332,0.943478261,3.782608696,0,0,0,0
17141,GGTGGCTGAGTGGGTGAGTGAGG,0,0,0.059762846,0,0.135498222,455,185.6402644,0.004347826,0.02173913,0,0,0,0
17142,GTCATTTTATTCATTTCCTTAGG,0,0,0,0,0.060073929,485,157.9962538,0,0,0,0,0,0
17143,GATGAGTGAGAGAGTGAGTGTGA,0,0,0.014238166,0,0.130929356,357.5,182.2444847,0,-0.391304348,0,0,0,0
17144,ATAATCTTAGTCATGATCTGCGA,0,0,0.001263889,0,0.161081177,455,183.4788674,0,-0.565217391,0,0,0,0
17145,ATCTTGTTTGCTTTGTTCTCTGA,0,0,0.007575758,0,0.648306325,522.5,206.2521631,0,-0.369565217,0,0,0,0
17146,AGCACCAGTGAGGAGAGTGCTGG,0,0,0.057497782,0.052902764,0.052902764,387.5,146.8997463,0.560869565,-0.130434783,0,0,0,0
17147,GCATCTTTTGCACCCACTTTGGA,0,0,0.013165509,0,0.172189308,552.5,184.2971499,0,-0.347826087,1,0,1,0
17148,CCTGGCTCCGCTGTTCTCAGGAG,0,0,0.000249554,0.068478489,0.068478489,357.5,157.067738,0,-0.02173913,0,0,0,1
17149,CCATGTGTCTCTTGAGGGTTGAG,0,0,0.012564103,0,0.032734012,387.5,161.1362536,0,4.217391304,0,0,0,0
17150,GGCACAACGGGTGGAGCTGGCGG,0,0,0.050980392,0,0.126323839,455,187.8146404,0.047826087,-0.239130435,0,0,0,0
17151,GGTGAGTGAGTGAGCCTGTGCAG,0,0,0,0,0.008962459,315,157.2191209,0.008695652,-0.282608696,0,0,0,0
17152,GAAGACAAACCACAGACTGAAAG,0,0,0.020467836,0,0.235330927,455,166.6977431,0,-0.086956522,0,0,0,0
17153,GCCTTCCCAAAGCCTCTCCTGAG,0,0,0,0.043721755,0.043721755,417.5,142.4995431,0.030434783,-0.826086957,0,0,0,0
17154,TCCTCATCCCCACCCACCTGTAG,0,0,0.039651416,0.43003125,0.421955546,552.5,177.1765991,0,-0.130434783,0,0,0,1
17155,GGCGAGTGGGAGTGTGAGTGAAG,0,0,0.025925926,0,0.19349884,455,187.4960249,0.013043478,0,0,0,0,0
17156,GCCTGAGTCTATGGATGGAGGGA,0,0,0.007273018,0,0.234185328,455,174.0463324,0,0.065217391,0,0,0,0
17157,TGTGTGTGTGTGTGTGCGCGCAG,0,0,0.015604319,0.321904489,0.321904489,552.5,183.2038997,0.008695652,0.282608696,0,0,0,0
17158,GTTTTGTTTTCATGGTTGTCCAG,0,0,0,0,0.045592311,455,181.3694821,0.108695652,0.608695652,0,0,0,0
17159,AGGATGGAGGAGCCAGGAGTGGG,0,0,0.244360902,0,0.042645073,362.5,190.3453944,0,0.347826087,0,0,0,0
17160,GGCAGTGCGGCCTGAGCTGGGGA,0,0,0.002786378,0,0.11019029,357.5,179.7101479,0,-0.065217391,0,0,0,0
17161,GGCTGGTTTTCATTTTTCACAGG,0,0,0.020897959,0,0.133665,455,172.7166585,0.413043478,-0.326086957,0,0,0,0
17162,AAATGAGAAGAAAAAAAACAGGA,0,0,0.028154852,0,0.008962459,315,157.2191209,0.039130435,NA,0,0,1,0
17163,AAACCAGAAGAAGATGAACAGGA,0,0,0.002353719,0,0.155096519,455,181.8449474,0,0.152173913,0,0,0,0
17164,GGAACTGAAGCAGAGTTATTCAG,0,0,0.11127572,0,0.185123143,552.5,191.2226827,0,-0.347826087,0,0,0,0
17165,GCCTGCCCAAAGTTTGGTCAAGG,0,0,0.198,0,0.016988688,357.5,171.3498415,0,-0.5,0,0,0,0
17166,GTAGACACCAGTGAGCAGAGTGG,0,0,0.3125,0.268520667,0.268520667,552.5,200.5099741,0,-0.565217391,0,0,0,0
17167,TGGAAGCAGGAAGGAGGAGATGA,0,0,0.003502887,0,0.17451794,455,168.8915787,0.491304348,0.108695652,0,0,0,0
17168,TGTGAGTGTGTGTGTGTGCGTGA,0,0,0.005363985,0,0.123933228,485,163.5061086,0.191304348,-0.152173913,0,0,0,0
17169,GGTGAGGGGGTGTGGGTGTGGGA,0,0,0.000635439,0,0.061604575,455,177.6639062,0,0.739130435,0,0,0,0
17170,GGCACTGGGGGTGGGGGTGGCAG,0,0,0.027083333,0,0.378321285,432.5,196.8630778,0.043478261,-0.239130435,0,0,0,0
17171,TGGAGGGAGGACTGTAGAGTTGG,0,0,0.033684211,0,0.032447696,357.5,178.7001321,0,-0.065217391,0,0,0,0
17172,GGCATTGTGCCTCGAGGTGGTAG,0,0,0.024313309,0,0.486502371,522.5,200.3208061,0.008695652,-0.02173913,0,0,0,0
17173,AATGAGGACAAGATCCTCAACAG,0,0,0.023238925,0.255573121,0.255573121,522.5,202.3229983,0,-0.5,0,0,0,0
17174,GGGTGGGGGGAGCGTGATCGCGG,0,0,0,0.012832633,0.012635964,290,139.9377838,0,-1.086956522,0,0,0,0
17175,CCTGCCCCTGCTCTACTGCCCAG,0,0,0.004302363,0,0.038728891,485,156.6857056,0.004347826,-0.152173913,0,0,0,0
17176,AGTGGGTGTGTGTGTGTGTGTGG,0,0,0.18144,0,0.372455417,552.5,192.9657886,0,-0.304347826,0,0,0,0
17177,AGTGGGTGTGTGTGTGTGTGTGA,0,0,0.0126,0,0.372455417,552.5,192.9657886,0,-0.304347826,0,0,0,0
17178,CCCAGCCATCCCCAGACACATGA,0,0,0.004924592,0,0.50881519,432.5,201.896259,0,-0.065217391,0,0,0,0
17179,CTTGCCTCCCCTCTAATCTCTGG,0,0,0.195804196,0,0.079007985,485,165.9318378,0.47826087,0,0,0,0,0
17180,GGGGAGGGCGTGTGTGTGTGTGG,0,0,0.078431373,0,0.238125599,552.5,191.3429278,0.126086957,0.347826087,0,0,0,0
17181,GGGAAGGTCCCAGCTTCCGCAGG,0,0,0.005565863,0.105183015,0.101632533,455,162.9695775,0,-0.304347826,0,0,0,1
17182,GCCTCCCCAAGGCCGGCCCTGGG,0,0,0.004588235,0.034164895,0.034164895,290,140.6391837,0,-0.260869565,0,0,1,0
17183,GGTGTGTGAATGAGTGAGTGCAG,0,0,0.028427868,0,0.206270847,455,182.434512,0.57826087,-0.065217391,0,0,0,1
17184,AGGGGAGAAGGAGAGGCACAAAG,0,0,0.051491769,0,0.782934488,525,211.3283163,0.004347826,NA,0,0,0,0
17185,GACACCTCCATTGGCTTGGGTGG,0,0,0.016199868,0.050409494,0.050409494,357.5,180.1046206,0,0.304347826,0,1,0,0
17186,CAAAGACAAGAAGAGACACAAGG,0,0,0.280612245,0.186003667,0.186003667,552.5,198.6547933,0.343478261,3.565217391,0,0,0,0
17187,GACTTGTTTTCCTTGCTCCTTAG,0,0,0.0037642,0,0.015172408,320,126.3098738,0.82173913,4.760869565,0,0,0,0
17188,AAATGAAAAGAAGAGGATGACAG,0,0,0.007561728,0,0.024403639,442.5,139.6593749,0,-0.826086957,0,0,0,0
17189,GGCCCAAACTGAGCCTGTGCCAG,0,0,0.00494455,0.020073308,0.019734518,387.5,148.1837718,0,0.260869565,0,0,0,0
17190,GTGAACACCAGTTTGGAGAGTGA,0,0,0.003846154,0,0.015703557,357.5,180.7730689,0.017391304,-0.173913043,0,0,0,0
17191,GACCTTTTCCCACCCACTTTTGG,0,0,0.192513369,0.315950226,0.310333333,552.5,191.3747467,0.004347826,0.065217391,0,0,0,0
17192,GTCACCTCCCATCATTAGGAGGG,0,0,0.00877193,0.057920224,0.056989779,357.5,153.3643215,0.156521739,-0.043478261,0,0,0,0
17193,TGTGAATGAGCGTGTGTGTGTGA,0,0,0.021604938,0,0.204682844,455,190.1978212,0,1.5,0,0,0,0
17194,GCCTGCCCAAGGCCTGACCAAGG,0,0,0.364,0.635340376,0.635340376,462.5,191.8954852,0,0.173913043,0,0,0,0
17195,AGAAGAGAAGAAAAGCCACAGAG,0,0,0,0,0.100056646,455,191.2986536,0,-0.282608696,0,0,0,0
17196,TCCTCTTTCCCACCCTCCTATGA,0,0,0,0,0.256639548,492.5,165.9739742,0,-0.108695652,0,0,0,0
17197,GCCTGCCCAATGAGTGGCCAGGA,0,0,0,0,0.045787375,327.5,190.5430911,0,-0.217391304,0,0,0,0
17198,AGCTCTGGGGCTGGACGTGGTGG,0,0,0,0,0.272333333,552.5,197.9381572,0.069565217,0.086956522,0,0,0,0
17199,CTCTCTGTCTCTGGGTGGCTCAG,0,0,0.024904215,0.138592742,0.133665,455,172.7166585,0,-0.130434783,0,0,0,0
17200,GGTATGGAGGAAGGAGGAGGGAG,0,0,0.005708143,0,0.266133291,455,172.0350795,0.873913043,5.282608696,0,0,0,0
17201,GGCCCGGCGGCGGGTGGTGGCGG,0,0,0.020168067,0,0.114132886,425,194.617294,0.195652174,0.608695652,0,0,1,0
17202,GGCTCTGAAGATGGAGGTGGAGG,0,0,0.199431818,0,0.462858836,522.5,205.036719,0,0.086956522,0,0,0,0
17203,GGCACAGATGGAGCATGTGAGGG,0,0,0.113360324,0.145490895,0.145490895,552.5,192.0864573,0,-0.434782609,0,0,1,0
17204,GCCACTGGTGGTGGAGGTGGTGG,0,0,0.059340659,0,0.485165286,522.5,205.670319,0,0.152173913,0,0,1,0
17205,CCCTGAGTCTCTGGAGAGAGCGA,0,0,0.003431373,0,0.025112337,417.5,142.0018791,0,-0.173913043,0,0,1,0
17206,TGGATGGGAGCATGAGGAGAAAG,0,0,0.0275,0.212557667,0.212557667,455,168.7727191,0,0.586956522,0,0,0,0
17207,AGGAAAACCAGTGAAAAGAGGGA,0,0,0.046345811,0,0.041920373,455,185.6785685,0.026086957,-0.239130435,0,0,0,0
17208,AAATGGGAAGCTAAGGCACAGGG,0,0,0.087912088,0,0.087264738,362.5,193.9685113,0,-0.173913043,0,0,0,0
17209,CACCCCCTCAACCCCGCCCCGGA,0,0,0.01185915,0,1.038076271,560,184.6602636,0,0.065217391,0,0,0,0
17210,TGTGAGTGTGTGGATGCGTGTGA,0,0,0.008152174,0,0.052959633,425,194.1017145,0.995652174,0.326086957,0,0,0,0
17211,ACCTGTGGCTCTGAATGGAATGG,0,0,0.309375,0,0.10391963,455,167.3233985,0.013043478,-0.152173913,0,0,0,0
17212,GATATCTTAGCCATTACCTAGGA,0,0,0.025248731,0,0.381664022,455,175.0643164,0,0.086956522,0,0,0,0
17213,GGGCTGGAGGAAGGAGGAGTTGG,0,0,0.088068498,0,1.150704225,530,210.0270795,0,-0.195652174,0,0,0,0
17214,CTCACCCATCCAGAGCCACAGGA,0,0,0,0,0.541956882,560,201.5832541,0,-0.065217391,0,0,0,0
17215,CAGGGAGAAGAAGAGGCAAAAAG,0,0,0.036375661,0,0.519472711,552.5,187.0504001,0.360869565,0.673913043,0,0,0,0
17216,AGTGCATGAGTGTGTGCGTATGA,0,0,0.029296875,0,0.421955546,552.5,178.9880961,0,0.043478261,0,0,0,0
17217,GGGAGGGAGGAAGGAGGAGGAAG,0,0,0.007306423,0,0.26991206,455,171.2747595,0.260869565,0,0,0,0,0
17218,GACCGCCGCCACCCCCCCACCAG,0,0,0,0,0.081441456,485,166.7754372,0,-0.5,0,0,0,0
17219,GCCTCTTTCACACCCACTCCAGA,0,0,0.000970294,0,0.033924842,442.5,120.8993304,0.839130435,4.065217391,0,0,0,0
17220,ATATGAGAAGGAGCGGCACCTGG,0,0,0.023022432,0,0.057675395,357.5,163.9531317,0,-0.130434783,0,0,0,0
17221,GAGTCTGAACGGAAGAAGAAAAG,0,0,0.100595238,0.509544049,0.497830393,530,208.4241519,0.02173913,-0.543478261,0,0,0,0
17222,GGTGAGGGAGTGAGTGGCTGTGA,0,0,0.000792172,0,0.028536716,387.5,160.9080543,0.226086957,0,0,0,1,0
17223,TGGATGGAGGAATGAGTGAATGG,0,0,0.040178571,0,0.012934678,400,104.9049558,0.169565217,0.586956522,0,0,0,0
17224,AAATGAGAAACAGAGGAAGAAGA,0,0,0.001512346,0,0.088690974,387.5,156.2440689,0.034782609,0.565217391,0,0,0,0
17225,GAACCCGAGAAGAAGAAAAAGAG,0,0,0.075490196,0,0.281815562,552.5,187.3833303,0,-0.413043478,0,0,0,0
17226,GAAAACAAGCCATAGACTGGGAG,0,0,0.003424684,0,0.371543143,552.5,172.2372833,0.013043478,-0.217391304,0,0,0,0
17227,GGTCAGTGAGTGTTAGCATGTAG,0,0,0.01467016,0,0.011764776,357.5,167.0568605,0,-0.326086957,0,0,0,0
17228,CCAGTGAGTATAGCAGAGATCAG,0,0,0.020110608,0,0.027953096,290,130.8772949,0.060869565,-0.130434783,0,0,0,0
17229,GGCACTGGGGCAGGAGATGGGGG,0,0,0.48,0,0.506185654,462.5,188.5979715,0.113043478,-0.369565217,0,0,0,1
17230,GACAGCTGAGCAGAGTTTATAAG,0,0,0.018624339,0,0.323398339,552.5,181.6806823,0.030434783,-0.369565217,0,0,0,0
17231,GGAAAAGTCCCAGCATGAGTGGG,0,0,0.010180995,0.117805637,0.117805637,485,169.1627387,0,0.217391304,0,0,0,0
17232,GAGCCACTGCACCCCGCCTTGAG,0,0,0.022354497,0,0.240647808,552.5,175.7886357,0.013043478,-0.043478261,0,0,0,0
17233,GTCCCCCTCACCCCCGCCACTGG,0,0,0.072034632,0,0.254938556,455,176.9901799,0.808695652,0.239130435,0,0,1,0
17234,CACCCCCTCCCCGCCGCCCCCAG,0,0,0.002786486,0,0.113159175,357.5,172.7225958,0.913043478,4.130434783,0,0,0,0
17235,TGTGAGTGTGGGTGTGTGTGTGG,0,0,0.112,0,0.206712756,455,188.0240249,0,-0.239130435,0,0,0,0
17236,TGCTCTTTCCCTACCACCTTGAG,0,0,0.023122342,0.286208544,0.286208544,425,201.744579,0,-0.086956522,0,1,0,0
17237,GCCTCATTCACACCTACTTTAGA,0,0,0.00223545,0,0.043995919,455,172.7919247,0.026086957,0.369565217,0,0,0,0
17238,CCAGAGAGCAGAGCCCAGGCCAG,0,0,0,0.041633439,0.040295818,455,182.4564522,0,4.391304348,0,0,0,0
17239,GAAAGAGAAAAAGAGGTACACAG,0,0,0.053772291,0.571587811,0.56142625,552.5,192.3485525,0,0.086956522,0,0,0,0
17240,CCTTCCCCCCAGGGCAGAAAGGG,0,0,0.118738405,0.193045588,0.189613667,552.5,188.7032864,0.082608696,0.326086957,0,0,1,0
17241,GGCTCCGAGGCTGGAGGAGGGGG,0,0,0.250688705,0,0.178245253,552.5,188.0172658,0,-0.391304348,0,0,1,0
17242,GGCCAAGTGTGAGCAGGTGATGG,0,0,0.023323615,0,0.15035753,552.5,193.5636568,0.013043478,-0.086956522,0,0,0,0
17243,TGGATGGTGGCATGAGAAGTTGG,0,0,0.16,0.585833333,0.57100211,462.5,190.0839883,0,-0.326086957,0,0,0,0
17244,CCCATCCTTCCAGAAGAACAGGG,0,0,0.036199095,0.025390982,0.025390982,412.5,163.6186245,0,-0.739130435,0,0,1,0
17245,CTTGCTCCACACTGCAGTCAAGG,0,0,0.030512895,0,0.054544193,357.5,169.4505951,0.573913043,0.956521739,0,0,0,1
17246,GAGAGCGAGCACAAGAACAAAAG,0,0,0.018674136,0,0.144953165,455,183.8986463,0,-0.304347826,0,0,0,0
17247,GCCTCCACACAGCCTTGACACAG,0,0,0,0.031347484,0.030340335,485,169.1133236,0.008695652,0.065217391,0,0,0,0
17248,AGGAAGAGCAGGGAGTAGAGAGG,0,0,0.135,0,0.425868976,522.5,206.3580986,0.07826087,-0.173913043,0,0,1,0
17249,TGTGAGTGAGTGAGTGTGTGTGA,0,0,0.022435897,0,0.499277778,462.5,189.9145684,0,0.108695652,0,0,0,0
17250,AAATGTGAAGAAGTGGCAGCAGA,0,0,0.000751563,0,0.017798966,387.5,137.8892315,0.026086957,0.043478261,0,0,0,0
17251,TGAATGGAGCATGGAGGAGTGGA,0,0,0.001811594,0,0.247382024,425,196.4648426,0.013043478,-0.130434783,0,0,0,0
17252,AACATCAATGTCTTCCACATTAG,0,0,0.076222222,0.164041978,0.161125676,455,186.3313876,0.073913043,-0.043478261,0,0,0,0
17253,CCCATGCACACAGAGTCACAGGG,0,0,0,0.085147804,0.083779968,552.5,191.1740733,0.017391304,0.065217391,0,0,0,0
17254,TTTTCCCCCAAGCCTGGCCAGAG,0,0,0.092592592,0,0.822304167,622.5,214.4722196,0,0,0,0,0,0
17255,GGTGAGGAGGTGTGTGCCTGTGA,0,0,0.01296815,0,0.117023615,555,184.3338886,0.360869565,0.02173913,0,0,0,0
17256,GGCACTGGGGAGGGAGGAGGGAG,0,0,0.041666667,0,0.076571946,357.5,176.7306656,0,0.456521739,0,0,0,0
17257,GGTTGAGGAGAAGAGGCACACGA,0,0,0.02875817,0,1.345833333,622.5,215.332183,0.156521739,0.086956522,0,0,0,0
17258,GCCACCTTCCCTCCCATCTTTGG,0,0,0.067340067,0.175218581,0.172261305,455,187.8382045,0,-0.5,0,0,0,0
17259,TGGGAGGAGGAAGGAGGAATCAG,0,0,0.015096618,0.19301625,0.19301625,455,176.7907595,0.356521739,-0.543478261,0,0,0,0
17260,GACATGATTTCATTTTTCTTGGG,0,0,0.017857143,0,0.120854801,455,164.5985977,0,-0.02173913,0,0,0,0
17261,GAGTCCCAGAAGGAGAAGAGGGA,0,0,0.020635745,0,0.152592743,455,165.1881623,0.056521739,-0.608695652,0,0,0,0
17262,AAATGAAATGAAGTGGCAAACAG,0,0,0.035555556,0,0.029441861,455,170.4698543,1,4.97826087,0,0,0,0
17263,AAATGAGATAAACAGGAACACAG,0,0,0.028527615,0,0.114442385,455,179.7630516,0,-0.347826087,0,0,0,0
17264,TCTTTTGTCTCTGGATGAATCAG,0,0,0.037019231,0.317269355,0.305988667,552.5,191.9603467,0,0.369565217,0,0,0,0
17265,AAATGAGAAACCAAGGCACATAG,0,0,0.023511771,0,0.127005026,397.5,190.7627589,0.269565217,0.391304348,0,0,0,0
17266,AAGAAACCCAGTGGGTAGAGAGA,0,0,0.011140046,0,0.092548391,522.5,203.1516506,0,0.97826087,0,0,0,0
17267,GCTTCCCCAAACCCTGGCCAGGA,0,0,0.025275735,0,3.905562712,537.5,213.3558996,0.02173913,5.652173913,0,0,0,0
17268,GGTGAGCGTGAGTGTGTGTGAGA,0,0,0.010026042,0,0.127576638,455,185.6408441,0.026086957,-0.065217391,0,0,0,0
17269,GACCCCCCCCACCCCCCACCAAG,0,0,0,0,0.015193247,417.5,142.6404239,0.008695652,-0.108695652,0,0,0,0
17270,AGATGAAAAGGAGAGGGACAAAG,0,0,0.007930283,0.231071706,0.231071706,455,189.3606244,0.143478261,0.5,0,0,0,0
17271,GGGTGGGGGCAGTCTGGTCAGAG,0,0,0.00087146,0.032035497,0.031520871,387.5,144.4453679,0.069565217,-0.52173913,0,0,0,0
17272,AGATGAAAAGACGAGGCCCAGAG,0,0,0.010396361,0,0.104283172,455,183.4373855,0.004347826,0.130434783,0,0,0,0
17273,GCCTCTCTCCCAGCCACCGCCAG,0,0,0.000552399,0.053085661,0.0521897,387.5,139.4318988,0,-0.173913043,0,0,0,0
17274,CCCCAGCACCCAGAGACACATGG,0,0,0.081447964,0,0.482379464,622.5,211.2923156,0,-0.717391304,0,0,0,0
17275,GAATGAAAAGAAGAGGCTCCAAG,0,0,0.029461279,0,0.09336586,485,154.255886,0.852173913,2.130434783,0,0,0,0
17276,GAGATTGATGTCCTTCCCATTAG,0,0,0.008024691,0,0.475356926,530,203.8789944,0.008695652,0.043478261,0,0,0,0
17277,AAATGAGAAGATGATACACATGG,0,0,0.047619048,0,0.055032619,365,181.1884521,0.026086957,-0.217391304,0,0,0,0
17278,GACACCGTTACAGAATTTTTGGG,0,0,0.225882353,0,0.205849587,525,192.9416447,0.017391304,0.195652174,0,0,0,1
17279,TTGAACACCAATAAATAGAGTGG,0,0,0.868778281,0,0.086525729,327.5,189.2635742,0.017391304,0.347826087,0,0,0,0
17280,CCATTGAGTGGAGCAGATGCTGA,0,0,0.008802623,0,0.072720528,455,173.7043087,0,-0.239130435,0,0,0,0
17281,AGATGACATGAAGAAGCACAGAG,0,0,0.080522876,0,0.16811375,522.5,198.4100173,0,-0.217391304,0,0,0,0
17282,GCCTCCTTCCCCTTCACCTTCGG,0,0,0.122807018,0,0.023427831,362.5,188.5594104,0,-0.239130435,0,0,0,0
17283,GACTGGTTTTCATATTTTTCTGG,0,0,0.03638484,0,0.011764776,357.5,166.6421405,0,-0.239130435,0,0,0,0
17284,GCCATGCATCCAGGGCCACACAG,0,0,0,0,0.024549488,455,188.4864055,0.108695652,-0.130434783,0,0,0,0
17285,AAAACCAGTGAGTAGAGGCCAGG,0,0,0.022200328,0,0.040193141,442.5,125.3630669,0,0.369565217,0,0,0,0
17286,GGTGATTTAGTGTGTGTGTATAG,0,0,0.047260802,0,0.14600196,485,156.190488,0.043478261,-0.195652174,0,0,0,0
17287,GGCCCAGATTGAGGACCAGAGGG,0,0,0,0.009828784,0.009828784,387.5,157.1915907,0.034782609,0.195652174,0,0,0,0
17288,GGTGTATGAGTGTGTGTGTATGA,0,0,0.01104798,0,0.153788731,485,158.001985,0,-0.630434783,0,0,0,0
17289,GCCTTCTTTTGATTGTTTTCGGA,0,0,0.005978954,0,0.104202175,455,185.520599,0.717391304,-0.304347826,0,0,0,0
17290,AAAAGGGAAGAAGAGGGACAGAG,0,0,0.00518726,0.712652979,0.692578247,560,196.7543049,0,-0.02173913,0,0,0,0
17291,GGGAAATACACAGCTTCCTTGAG,0,0,0.017119342,0.079823765,0.079823765,455,166.8700613,0,-0.760869565,0,0,0,0
17292,GGTGGAAGAGTGTGTGCGGGCAG,0,0,0.040833333,0,0.195655995,555,182.9945153,0,-0.195652174,0,0,0,0
17293,AGTGAGTGTGGGTGTGTGTGCAG,0,0,0.026133333,0,0.206712756,455,188.0240249,0,-0.239130435,0,0,0,0
17294,AAATGAGCAAAAAAGGCAAAGGG,0,0,0.158241758,0.165965944,0.160633704,455,170.8611261,0,0.152173913,0,1,0,0
17295,GGCCCCGCCCACCCCGCCTGCGG,0,0,0.022145329,0,0.476356426,552.5,176.3394023,0,0.217391304,0,0,1,0
17296,TTGATGTGGGAATAAGGAGTAAG,0,0,0.051851852,0,0.152972547,522.5,201.8378176,0.004347826,0.369565217,0,0,0,0
17297,ACTGAACACTGCATCCTCAAAGA,0,0,0.032932965,0,0.89728903,530,212.1439323,0,-0.02173913,0,0,0,0
17298,GGTCAGTGAGTGCATGTGTGTGG,0,0,0.14628483,0,0.033370636,357.5,176.2017837,0.026086957,-0.239130435,0,0,0,0
17299,AAAAGAGAATAGGAGGCAGAAAG,0,0,0.009055641,0.225999585,0.225999585,455,174.8705632,0,-0.152173913,0,0,0,0
17300,GTCTTGTTTATAGTGTTCTCCAG,0,0,0.012972535,0.292416186,0.283021289,425,198.2388593,0,-0.52173913,0,0,0,0
17301,AAATGAAAAGATAAGTCACAGGA,0,0,0,0,0.032002267,357.5,182.3129723,0,-0.282608696,0,0,0,0
17302,CCCTGAGTCACTGGAATGATGGA,0,0,0.011724387,0,0.052790978,485,174.1477426,0.147826087,-0.239130435,0,1,0,0
17303,GTCTCCCCACAGCCAGGACAAGA,0,0,0.006560204,0,0.076598956,455,174.3379087,0.569565217,-0.043478261,0,0,0,0
17304,GGTGAGTGGGTGGGGGGGTGAGG,0,0,0.000511509,0,0.033301367,357.5,170.5477665,0.030434783,0,0,0,0,0
17305,GACCCTGGGGGTGGAGGTGGTGG,0,0,0.047996121,0,0.794051205,522.5,208.7564993,0,-0.282608696,0,0,1,0
17306,GCCACCACCATGCCTGGCCAAGA,0,0,0.004360719,0,0.316132585,522.5,205.7533551,0,-0.195652174,0,0,0,0
17307,CTTTATCCAGAGGGCAGTAAGGA,0,0,0.005210839,0,0.760552802,622.5,210.2603596,0.008695652,-0.652173913,0,0,0,0
17308,GAAGTCCCTTCTGCAGCAGAGGG,0,0,0.033052885,0.219695863,0.219695863,485,150.2008001,0,0.369565217,0,0,0,0
17309,GAAGAGTAAGTGTGTGTGTGGGG,0,0,0.282051282,0,0.601049167,552.5,194.346072,0,0.065217391,0,0,0,0
17310,GGAATACCTCCTGAAGGACCCGA,0,0,0.000708061,0,0.045731719,455,179.7969839,0,-0.152173913,0,0,0,0
17311,GGTGAGTGAGTGTGTCAGGCTGG,0,0,0,0,0.01135084,350,113.0398632,0,-0.434782609,0,0,0,0
17312,AAAGAAGAAGAAGGGGCACTGGA,0,0,0.010532407,0,0.09837725,455,168.2612954,0,-0.108695652,0,0,0,0
17313,AAAGCATAAGAAGAGGCACACAG,0,0,0.072751323,1.620099875,1.584493284,627.5,215.8548992,0.026086957,0.304347826,0,0,0,0
17314,GCATCCTTCCCAGCCACCATTAG,0,0,0.007958372,0.117223965,0.115139984,455,176.6386955,0.008695652,-0.282608696,0,0,1,0
17315,GGTGAGACGGTGTGTGCATGTGA,0,0,0.017258383,0,0.117023615,555,184.3338886,0.095652174,-0.717391304,0,0,0,0
17316,GGAGAGTGTGTGTGTGTGAGGGG,0,0,0.057142857,0,0.115680928,485,162.9781086,0,0.043478261,0,0,0,0
17317,CCCCCCCTCCGCCCCGCCCCCAG,0,0,0.02609013,0,0.292400968,455,181.9819164,0.147826087,-0.326086957,0,0,1,0
17318,TGTGTTTGCGTGTGTGCGTGTGG,0,0,0.138528139,0,0.50455783,620,212.1659156,0.395652174,0,0,0,0,0
17319,GCCTCTTTACTCCTCACCTTGGA,0,0,0.003534477,0,0.032439772,327.5,189.6548508,0,0.02173913,0,0,0,0
17320,AAGTGAAAGGAAGAGTCACACGA,0,0,0,0,0.106383384,552.5,195.040613,0,-0.456521739,0,0,0,0
17321,GGCACTGCACCCGGAGCTGGGAG,0,0,0.014860681,0,0.145492645,455,181.5462717,0.039130435,0.043478261,0,0,0,0
17322,TGGATGGATGGATGGAGAGTAGA,0,0,0.015648148,0,0.021335941,357.5,177.5146885,0,-0.934782609,0,0,0,0
17323,GCCTTCCCAAAGGCTGCCTAAGG,0,0,0.009423731,0,0.070548661,387.5,156.6782485,0.926086957,0.282608696,0,0,0,0
17324,ATTGGTTGAGTGTGTGCGTGGAG,0,0,0.071272727,0.813325472,0.789491758,620,215.885696,0.056521739,0.086956522,0,0,0,0
17325,CCCATCCATCCATCCACCCATGA,0,0,0.000231911,0,0.003952577,295,158.43114,0,0.282608696,0,0,1,0
17326,TGTGAGTGCGTGGGTGAGTGAGG,0,0,0.069565217,0,0.144140246,455,184.754788,0,-0.260869565,0,0,0,0
17327,CCTGCCACAGCTCTACTCGCAGG,0,0,0.28125,0.390863585,0.390863585,560,183.3090389,0,0.152173913,0,0,0,0
17328,AAATGATAATAAAAGGCAGAGAG,0,0,0.013888889,0,0.1152679,455,171.5777623,0,0.108695652,0,0,0,0
17329,GCCTGCCCAAGGCGTGGGCAGGA,0,0,0,0,0.024363622,357.5,174.6190784,0.22173913,0.434782609,0,0,0,0
17330,GGGAGGGTGGGGTTCGCTCCTGG,0,0,0.05275974,0.219869813,0.212805723,425,194.7894778,0,0.043478261,0,0,0,0
17331,ATTAACAGCAGTGAGGAAAGTGA,0,0,0.005349218,0,0.052630051,485,172.8604239,0.747826087,-0.130434783,0,0,0,0
17332,AGTGTGTGTGTGTGTGAGTGGGA,0,0,0.006363636,0,0.372455417,552.5,192.9657886,0,-0.173913043,0,0,0,0
17333,GGTGACTTAATGTGTGCCTGCAG,0,0,0.049102132,0,0.164163878,552.5,183.8991293,0.460869565,0.565217391,0,0,0,0
17334,GACTCCCACCACCCTGCCTTCAG,0,0,0.003318519,0,0.176947,455,163.8819615,0,-0.347826087,0,0,0,0
17335,TGTGGGTGAGCATGTGCGTGAGG,1,0.003624771,0.448,0.403641598,0.390673193,425,203.9654958,0.02173913,-0.239130435,0,0,0,0
17336,TGGTTGGTGCGATGAGGAGTGGG,0,0,0.070909091,0,0.697697198,522.5,204.0047629,0,-0.565217391,0,0,0,0
17337,TCCATGCATACATAGACACAAGA,0,0,0.009027778,0,0.324139902,522.5,202.922959,0,-0.217391304,0,0,0,0
17338,TGCCCTGCACCTGGAGGTGGGGG,0,0,0.090756302,0,0.805112123,620,209.3748832,0,0.152173913,0,0,0,1
17339,AACTTGTTTTCATTTTCCTTAGA,0,0,0.001890756,0,0.0719626,387.5,146.8692674,0.326086957,0.391304348,0,0,0,0
17340,AGAATGTGAGTGTGTGCGTGTGA,0,0,0.01461039,0,1.286675824,622.5,216.51008,0,0.347826087,0,0,0,1
17341,GGGCCGGCGGCTAGAGGTGGAGA,0,0,0.006464124,0,0.330292552,522.5,206.5130955,0,-0.369565217,0,0,0,0
17342,GCCTCTTTCCCTCCCTCTATAGA,0,0,0,0,0.007131396,320,138.0241404,0,-0.217391304,0,0,0,0
17343,GACTTGTTTTCCATGATCTATAG,0,0,0.021469758,0,0.018640387,290,147.5585532,0.017391304,-0.195652174,0,0,0,0
17344,CCTGCCTCCACGCTCCTCCCTGG,0,0,0.026332288,0.05473002,0.05473002,357.5,161.5371416,0,0.152173913,0,1,0,0
17345,GCCTCCCCCACCCCGGGCCACGG,0,0,0.00605042,0,0.061030715,327.5,187.0870139,0,-0.52173913,0,0,1,0
17346,AATGAATACTTCATTCTCAAAGG,0,0,0.015476191,0,0.087934517,425,194.5937299,0,-0.152173913,0,0,0,0
17347,AAATGTGAAAAAAATGCACATAG,0,0,0.022792023,0,0.082683012,425,188.7159375,0,-0.195652174,0,0,0,0
17348,GAATTCAAGAAGAAGAAGAAAGA,0,0,0.028724747,0,0.846587038,620,210.0087628,0,-0.239130435,0,0,0,0
17349,CTTGCCCCACAGGACTCCAATGG,0,0,0,0.002561145,0.002523619,345,143.8629451,0.547826087,0.391304348,0,0,0,0
17350,AGTGAGTGAGTGACTGCCTGTGG,0,0,0.127158556,0,0.017894751,357.5,172.6381615,0.008695652,0,0,0,0,0
17351,AATTGAGAAGTAGAGTCACAGGA,0,0,0,0,0.27986661,462.5,196.3534904,0,0.152173913,0,0,0,0
17352,AAATGGGTAGGAGAGGCAAAAGA,0,0,0.005922012,0,0.1589884,455,177.3361154,0,0.065217391,0,0,0,0
17353,TGAATGGAGGGAAGAGGACTGGG,0,0,0.151293103,0.107536034,0.105624282,357.5,172.1945958,0.126086957,-0.304347826,0,0,0,0
17354,CCCATCCCTCCAAGGACCCAAGA,0,0,0.002442002,0,0.016169956,357.5,169.5383446,0.430434783,-0.239130435,0,0,0,0
17355,GCTGTGTGCGTGTGTGTGTGTGG,0,0,0.067132867,0,0.372455417,552.5,192.7257886,0,-0.304347826,0,0,0,0
17356,CGTGAGTGTGTGTGAGTGTGAGA,0,0,0.008040936,0,0.099818052,455,180.047087,0.017391304,0.195652174,0,1,0,1
17357,GTGGAGTGTGTGTGTGCGGGGGG,0,0,0.047727273,0.311547175,0.300469943,552.5,183.7242197,0,-1.260869565,0,0,0,0
17358,GGTTCTTTCCCACCCTCCTGTGA,0,0,0,0,0.118281463,485,164.0059742,0.034782609,-0.695652174,0,0,0,0
17359,TGTGAGTGTGTGTGTGAGTACAG,0,0,0.068055556,0,0.164063988,485,157.1165087,0.982608696,0.260869565,0,0,0,0
17360,TGTGAGTGAATGAGTGTGTGTAG,0,0,0.078176638,0,0.217271959,455,183.722832,0,-0.195652174,0,0,0,0
17361,GGATGGGAGGAGGTTGGTCCAGG,0,0,0.011508951,0,0.220828507,455,185.0867514,0,0.282608696,0,0,0,0
17362,GGTGTGTGTGTTTGTGTGTGGGA,0,0,0.002719503,0,0.173969682,455,185.2496881,0,-0.369565217,0,0,0,0
17363,CTCTGTGTATCTGGGTGGAGGGG,0,0,0.089381207,0.114205581,0.114205581,455,163.6555981,0,-0.456521739,0,0,0,0
17364,GGTGTGTGTGTTTGTGTGTGGGG,0,0,0.039160839,0,0.173969682,455,185.2496881,0,-0.130434783,0,0,0,0
17365,AAATGGGAAGAGGAGGCAGAAGA,0,0,0.004478064,0,0.278794225,462.5,180.1499156,0,-0.195652174,0,0,0,0
17366,CTCTATGTATCTGGATGTATAAG,0,0,0.116722783,0.193045588,0.189613667,552.5,188.2885664,0,-0.260869565,0,0,0,0
17367,GCTGAGGGAGTGTGGGCGTGGAG,0,0,0.005279035,0.560038003,0.544262285,530,203.5697976,0.013043478,-0.173913043,0,0,0,0
17368,GGGGCTGGGGCTGGGGGTGGGAG,0,0,0.033854167,0,0.397208228,522.5,200.4915615,0,-0.217391304,0,0,0,0
17369,AAATTAGAGGGAGAAGCACAGGA,0,0,0.008496732,0,0.130024297,425,193.5147944,0,-0.5,0,0,0,0
17370,GGTGGGAGTGTGTGTGGGTGTGA,0,0,0.001544118,0,0.241506693,552.5,190.5826078,0.113043478,-0.108695652,0,0,0,0
17371,GTCTTTTTTTCATTTATCTCTGG,0,0,0.062967336,0.043384841,0.041920373,455,185.6785685,0.02173913,-0.260869565,0,0,0,0
17372,AAAGACTACAACATCCTCAGTGA,0,0,0.026416817,0,0.409511082,552.5,174.1594829,0,-0.217391304,0,0,0,0
17373,CGAGTGAGTAGTTGGGAGGCTGA,0,0,0,0,0.042645073,362.5,190.1053944,0.017391304,-0.391304348,0,0,0,0
17374,GGGAATCACCCAACATCCTTTGA,0,0,0.020985958,0,0.07571887,455,174.7835147,0.373913043,0.043478261,0,0,0,0
17375,TGTGTGTGTGTATGTGCGTGAGA,0,0,0.014141414,0,0.43009247,522.5,206.2357992,0,-0.152173913,0,0,0,0
17376,GAGACTTTGCAGAAGAAGAAAAG,0,0,0.028074722,0.547241055,0.539222871,622.5,211.0574182,1,-0.02173913,0,0,0,0
17377,CGGAAGGACGCATGAGGAGTGAG,0,0,0.023931624,0,0.485165286,522.5,207.7218159,0,-0.282608696,0,0,0,0
17378,AACTGAGAAGAAAAAGAACATGA,0,0,0.012066365,0,0.05918204,357.5,173.9795468,0.226086957,0.456521739,0,0,0,0
17379,AAATCAGAAGAAAAGAAACAAGG,0,0,0.338461539,0,0.038521809,387.5,170.1378225,0,-0.456521739,0,0,0,0
17380,GGCCCAGAGAGAGCACTTCAGAG,0,0,0.015416895,0.099234095,0.097639973,485,158.5143722,0.034782609,-0.456521739,0,0,0,0
17381,GATGTGTTTTGATTCTTCTCAGG,0,0,0.029296875,0.220450566,0.220450566,425,197.3612947,0.008695652,0.108695652,0,0,0,0
17382,GTCATTTTAGTTATTATTTGGAG,0,0,0.038888889,0,0.033763216,387.5,163.2884712,0,-0.043478261,0,0,0,0
17383,AAATGAGAATAACCAGCACAGAG,0,0,0.017887857,0,0.018573078,362.5,178.8627368,0,0.043478261,0,0,0,0
17384,AAATAAAAGGAAGAGGAACATGG,0,0,0.26962963,0.241506693,0.241506693,552.5,190.5826078,0,0.108695652,0,0,0,0
17385,CCCAATGTTTCTGGATGCATGAG,0,0,0.044581619,0.186301638,0.180012975,552.5,187.6549664,0,-0.52173913,0,0,0,0
17386,TAAGAAGAAGAAGAGACACACGG,0,0,0.541666667,0,0.272333333,552.5,199.7496541,0,-0.347826087,0,0,0,0
17387,GCCTCGGCAAAACTTGGCCAGAG,0,0,0.041752602,0.0426542,0.041346792,425,195.6755501,0.02173913,0.304347826,0,0,0,0
17388,AACTGAAAAGAAAAAGCACATAG,0,0,0.09653092,0,0.104990476,425,192.5824771,0.043478261,0.043478261,0,0,0,0
17389,AAATGAAAATAAAAGGCAGAAGA,0,0,0.006510417,0,0.1152679,455,171.5777623,0.460869565,0.543478261,0,0,0,0
17390,CCAGGGAGCCGCGCGGAGGCGAG,0,0,0.013435298,0,0.377902973,522.5,201.2440628,0,0.391304348,1,0,1,0
17391,GGGAGGGAGGGATGAGGAGGAGG,0,0,0.070219949,0.394491477,0.387083187,455,174.5439964,0.330434783,1.065217391,1,0,0,0
17392,ATCATCGTCTTCATTACCTGCAG,0,0,0.06372549,0,0.54989158,620,207.8653024,0,0.065217391,0,0,0,0
17393,GGGGAGGAGGAATGGGGAGTTAG,0,0,0.050372383,0,0.402848101,522.5,202.8310584,0,5.717391304,0,0,0,0
17394,GGGTGGGGGGAGACCCCTCCGGG,0,0,0,0.003468588,0.003468588,330,166.5660474,0,-0.195652174,0,0,0,0
17395,AGGATCAAGAAATGAGGAGTAGA,0,0,0.044191919,0,0.544491663,620,210.0390988,0.017391304,0.065217391,0,0,0,0
17396,GGTGGGTGAGTGTGTGTTTGCAG,0,0,0.058074074,0.230876006,0.224372457,492.5,172.7022357,0,0.02173913,0,0,0,0
17397,GATACTGGGGCTGGGGGTGGAGG,0,0,0.243080357,0,0.397208228,522.5,201.1251615,0.139130435,0.434782609,0,1,0,0
17398,GTGTGGGTGGAGTTTGGTCTGGG,0,0,0.007018717,0.268517165,0.268517165,485,157.736472,0,-0.130434783,0,0,0,0
17399,GGAACTGGGGGTGGGGGTGGGGG,0,0,0.090535714,0,0.220450566,425,195.1350778,0,-0.304347826,0,0,0,1
17400,ATAAATACCAGTGAAAAGAGTGA,0,0,0.041380188,0,0.041333488,455,185.3905685,0.243478261,0.347826087,0,0,0,0
17401,GGGTGGGGGTATCATGCTCCAGA,0,0,0.010605942,0,0.034096845,362.5,185.3536579,0.02173913,-0.260869565,0,0,0,0
17402,TAATGAGAAGAAGAGGAATGTGG,0,0,0.164705883,0,0.084582907,417.5,130.3282891,0,-0.02173913,0,0,0,0
17403,GGGGAGGGAGTGTGTGGGAGGGG,0,0,0.004943154,0,0.129312723,485,164.5547082,0,-0.369565217,0,0,0,0
17404,TGTGTGTGCGTGTGTGCGTAAGA,0,0,0.013528138,0,0.426140229,552.5,176.8142997,0,0.173913043,0,0,0,0
17405,CCAGTGTGGAGAGTGGAGGTGGG,0,0,0.059583333,0.039644522,0.038975416,455,164.0802543,0,-0.413043478,0,0,0,0
17406,AACACCAGTGGGTGAAGCTGGGA,0,0,0.013217139,0,0.009528817,260,156.3757101,0,0.043478261,0,0,0,0
17407,GCCTCCTGAAAAGCTGGCCACAG,0,0,0.017234848,0,0.177505223,425,196.5015813,0,-0.326086957,0,0,0,0
17408,AATTATTACTACATCTTCAATGA,0,0,0.005862193,0,0.106834384,552.5,196.8688093,0,-0.217391304,0,0,0,0
17409,GGCCCCCTCAACCCAGCCCCAGG,0,0,0.042503193,0,0.123105465,455,169.0132421,0,-0.130434783,0,0,1,0
17410,GGGAGTGTGGCTGGAGGTGGTGG,0,0,0.2625,0,2.392592593,627.5,215.483863,0,0.065217391,0,0,0,0
17411,AGTGAGTGAGGGGCTGCGTGGGA,0,0,0.002795031,0,0.048105723,327.5,191.8314111,0,0.239130435,0,0,0,0
17412,TGTGGCCCACAGAGCAGTAATAG,0,0,0.120615384,0,0.581724684,522.5,208.1723595,0,-0.152173913,0,0,0,0
17413,ATATGAGGAAATGAGGCACAGAG,0,0,0.043017833,0,0.648306325,522.5,203.1523462,0,0.065217391,0,0,0,0
17414,GGCTCTGAGGTTGGGGGTGGGAG,0,0,0.021447811,0,0.212805723,425,194.7894778,0.57826087,-0.130434783,0,0,0,0
17415,TGTGAGTGAGTGTGAGTGTGTGA,0,0,0.018762183,0,0.345753086,462.5,185.2068674,0,0.043478261,0,0,0,0
17416,GCCTCCCTCCACCTCGGCTCTGA,0,0,0.001882975,0,0.090827917,455,185.4611043,0,-0.369565217,0,0,0,0
17417,CCTGCCTCCTTTCTTCTCCCTAG,0,0,0.002681992,0.061738132,0.061738132,357.5,163.0231584,0,-0.152173913,0,0,0,0
17418,AACACCAGTGGGCAGTGCAGGGG,0,0,0,0.016386164,0.015883906,290,155.4341699,0.039130435,0.043478261,0,0,0,0
17419,AAATGAACAGAAGAGGAAAATGA,0,0,0.005952381,0,0.12450836,485,161.9828912,0,0.217391304,0,0,0,0
17420,GCCTTGCTTTAATTTTTCTCTGG,0,0,0.057876276,0.155327171,0.152705616,425,196.1397139,0,0.108695652,0,0,0,0
17421,GGAATGCCTGCTGCAGCCACCAG,0,0,0.005291005,0,0.051711622,485,156.2509464,0,0.086956522,0,0,0,0
17422,CACACACATACAGAGACACAAAG,0,0,0.151739618,0,0.760552802,620,210.8939596,0.030434783,-0.586956522,0,0,0,0
17423,TGTGTGTGAGAGTGTGTGTGAGA,0,0,0.008838384,0,0.33831875,455,190.6954852,0.030434783,-0.326086957,0,0,0,0
17424,TGTGTGTGAGAGTGTGTGTGAGG,0,0,0.127272727,0,0.33831875,455,190.6954852,0.4,0,0,0,0,0
17425,TGGATAGAGGAAGGAGAAGAAGG,0,0,0.136956522,0,0.056502759,387.5,149.7909845,0,-0.239130435,0,0,0,0
17426,AATGACTGCTACATCGTAAAGGA,0,0,0.003427707,0,0.032942818,485,171.0052431,0,-0.391304348,0,0,0,0
17427,TAATGACAAGAAGTGGGACAAAG,0,0,0.005591866,0,0.062035467,455,184.1915235,0.026086957,0.02173913,0,0,0,0
17428,TGTGTGTGACTGTGTACGTGGAG,0,0,0.037710438,0,0.250819,552.5,195.6315177,0,-0.02173913,0,0,0,0
17429,GGGTGGGGGGAATGGCCTCCGAG,0,0,0,0.004475249,0.004409678,295,168.3492674,0,0.217391304,0,0,0,0
17430,GGTGTGTGTCTGTGTGTGTGAGG,0,0,0.040727273,0.325662758,0.325662758,552.5,187.9740522,0,0.173913043,0,0,0,0
17431,GGCACTGGGAATGGAGGTTGGGG,0,0,0.3,0,0.230366165,455,174.130363,0,0.195652174,0,0,0,1
17432,GACCCACTGCACCCAGCCTGTGA,0,0,0.000521814,0,0.062097478,455,162.1096141,0,0.086956522,0,0,0,0
17433,GAGTCCCAGAAGAAGAGGAAAGA,0,0,0.007301879,0,0.681696229,560,192.0389717,0,0.043478261,0,0,0,0
17434,TTTGAGTGTGTGTGTGCATGAGG,0,0,0.264335664,0,0.189613667,552.5,189.5768864,0,-0.065217391,0,0,0,0
17435,GAGATAGAAGCCCTCCCCATGGG,0,0,0.287414966,0.284839907,0.276109182,522.5,206.6961519,0.934782609,2.5,0,0,0,0
17436,GCCTCTGCCCCACCTACCTGTGG,0,0,0.006920415,0.11670528,0.114735571,455,162.3723807,0,0.152173913,0,0,1,0
17437,GGCCCAGACTGGACAGGGGAAGG,0,0,0.034188034,0.008761429,0.008761429,290,159.2728198,0.004347826,0.347826087,0,0,0,0
17438,CCCCTCCAACCACACACACACAG,0,0,0.009757013,0,0.090665591,425,190.6602775,0.039130435,0.130434783,0,0,0,0
17439,AAATCCAACCAGAAGAAGAAAGG,0,0,0.363461538,0.579392916,0.561633746,620,212.3290388,0.986956522,2.152173913,0,0,0,0
17440,CCAGTAAGTAGAGCTTAGCCAGG,0,0,0,0.013431611,0.013204918,387.5,155.1705686,0,-0.52173913,0,0,0,0
17441,GCCTCTATCCCACACACCCACAG,0,0,0.012320402,0.020438665,0.020093709,387.5,137.2920347,0,0.043478261,0,0,0,0
17442,AGTGAGTGTGAGTGTGGGTGTGG,0,0,0.023823529,0,0.206712756,455,188.0240249,0.1,-0.391304348,0,0,0,0
17443,AGTGAGTGTGAGTGTGGGTGTGA,0,0,0.001654412,0,0.206712756,455,188.0240249,0,-0.826086957,0,0,0,0
17444,GACATCTCTGTCTTTCCCATGAG,0,0,0.002962963,0,0.096689837,425,190.0106601,0,0.130434783,0,0,0,0
17445,GGAGAGTGAGTGTCAGCGGGAGG,0,0,0.044307197,0,0.01963726,357.5,162.0777938,0.034782609,-0.347826087,0,0,1,0
17446,GGTGTGTGTATGTGTGAGTGGGG,0,0,0.095030303,0,0.325662758,552.5,187.9740522,0.282608696,-0.217391304,0,0,0,0
17447,AAGGTAGAAGAGGAGGCACACAG,0,0,0.021454904,0,0.694060843,525,208.7939796,0.082608696,0.391304348,0,0,0,0
17448,GACACAGAAGAAGAGGTTCTTGG,0,0,0.066502463,0.027815464,0.027346005,387.5,163.1475065,0.156521739,-0.195652174,0,0,0,0
17449,CACTTGTCTTCATTGTTCTTGGG,0,0,0.214285714,1.544444444,1.492090395,560,180.1625831,0.017391304,0.282608696,0,0,0,0
17450,GGGACTGGGGCTAGGGGTGGGAG,0,0,0.05,0,0.153719584,425,191.8658409,0,-0.391304348,0,0,0,0
17451,AATACCGATTCAGAGTTTTTGGG,0,0,0.301640625,0.793840554,0.793840554,620,209.7204832,0.004347826,-1.108695652,0,0,0,0
17452,TGTGAGTGAGTGTGTGCAGAAGG,0,0,0.162259615,0,0.043060389,442.5,125.8910669,0,-0.413043478,0,0,0,0
17453,CCAGGAAGTAAAGCGGAGGAGGG,0,0,0.32,0.221695444,0.221695444,455,172.7580124,0.034782609,-0.304347826,0,0,0,0
17454,GCCTCTCTCCCACCCACTCACAG,0,0,0.017780172,0,0.026431993,442.5,123.5078861,0,-0.47826087,0,0,0,0
17455,GGTCCAGATAAAGCACGTGATAG,0,0,0.133680555,0,0.420324886,525,203.4903995,0,-0.108695652,0,0,0,0
17456,TTGAACAGCAGTGAATAGAAAAG,0,0,0.147058823,0,0.186915845,455,164.7555615,0,-0.195652174,0,0,0,0
17457,CACATTCATCCAGAGAGAAAGGA,0,0,0.001182291,0,0.116171344,485,165.439905,0,-0.282608696,0,0,0,0
17458,GGGAAAGTCCCAGCCTCCCTGGG,0,0,0.05239588,0.244136986,0.237626667,462.5,172.3451615,0.32173913,0.347826087,0,0,1,0
17459,CTAGACCCACCTGGCAGTAATGA,0,0,0.004360719,0,0.385203768,425,203.4374958,0.991304348,2.565217391,0,0,0,0
17460,CGAGTGAGTAGGGTGGAGGCTGG,0,0,0.368438003,0,0.217973709,432.5,200.8047149,0,-0.065217391,0,0,0,0
17461,CAATGAAAAGAAGAGACAGAAGA,0,0,0.007440476,0,0.061892065,485,168.7803934,0.295652174,-0.195652174,0,0,0,0
17462,TCCTCCCCAAGGCCAGGTCATGA,0,0,0.016799812,0,0.04615898,357.5,173.3395614,0,-0.065217391,0,0,0,0
17463,CACTGAGAAGAAGAGGAAAAAAG,0,0,0.019047619,0.199996994,0.199996994,485,166.937889,0.034782609,0.130434783,0,0,0,0
17464,AAATGGAAAGAAGTGGCACAAGA,0,0,0.026455026,0,0.164530473,530,204.5916506,0,-0.434782609,0,0,0,0
17465,ATGGACAACAGAGAGAAGAGAAG,0,0,0.076599327,0.127203797,0.127203797,455,190.2220567,0,-0.086956522,0,0,0,0
17466,TGTGTGTGTGTGTGCGCGTGTAG,0,0,0.015426997,0,0.24614019,522.5,199.7448781,0,0.260869565,0,0,0,0
17467,GGAGAGAGAGTGTGTGTGTGTAG,0,0,0.075617284,0,0.81694842,560,196.5027081,0,-0.391304348,0,0,0,0
17468,GACTTGTTTTCATTTTTAATGGG,0,0,0.006593407,0,0.00900388,345,111.6840453,0,0.630434783,0,0,0,0
17469,GGCTCCCGAAACCCAGGCCATGG,0,0,0.137069015,0.201603863,0.198201266,425,193.937061,0,-0.282608696,0,0,1,0
17470,TTGAATACGAGTGATTAGAGAGG,0,0,0.082118562,0,0.148914815,522.5,199.2472141,0,0.934782609,0,0,0,0
17471,AAGTGAAAAGAAGAGGATCAAGG,0,0,0.142592593,0,0.08046125,485,169.8793749,0,-0.043478261,0,0,0,0
17472,GGGAGAGGGGAGTTTTCTCTGGA,0,0,0,0,0.068705615,485,162.1143902,0,0.108695652,0,0,0,0
17473,TGTGAGAGAGTGTGTGTGTGAGA,0,0,0.028356481,0,0.881154321,560,197.0307081,0,-0.108695652,0,0,0,0
17474,CCCGCCCCATGGCCTGGCCAAGG,0,0,0.256039916,0.743261097,0.73132116,522.5,207.1045799,0.02173913,0,0,0,0,1
17475,GTTGTGTGAGTGTGAGAGTGTGA,0,0,0.004341662,0,0.163368333,455,182.4785474,0.008695652,-0.456521739,0,0,0,0
17476,GCTGCCCCAGGGCCTGGCCATGA,0,0,0.010775342,0,0.687929438,522.5,206.5765799,0,-0.565217391,0,0,0,0
17477,AATCAGCACTACATCCATAACAG,0,0,0.023529412,0.071021782,0.068624422,485,170.1309717,0,0.260869565,0,0,1,0
17478,TAACACAAAGCAGAGAATACAGA,0,0,0.006038647,0,0.078497806,387.5,157.9665685,0,0.260869565,0,0,0,0
17479,CCCGTCCATCCAGCACCACACGG,0,0,0,0.010324191,0.010324191,392.5,175.1917679,0,-0.130434783,0,0,0,0
17480,AAATAAGAAGAAGAGGAAGAGGA,0,0,0.003510802,0,0.382126866,492.5,167.377569,0,-0.043478261,0,0,0,0
17481,TTACATAAAGCATAGACTGATAG,0,0,0.087542087,0.43003125,0.421955546,552.5,180.0364161,0,-0.217391304,0,0,0,0
17482,GGGGAAGCCCCATCATCCCTGAG,0,0,0.00933908,0.19301625,0.19301625,455,174.9792626,0,-0.02173913,0,0,0,0
17483,TGGATGGAGGATGGGGGACTGGA,0,0,0.001759537,0,0.021939957,260,157.0295575,0,-0.391304348,0,0,0,0
17484,CCAGTGTGAAGAGAAGAGGCTGG,0,0,0.13382353,0.023464825,0.022745597,425,187.0108326,0.817391304,0.108695652,0,0,0,0
17485,GTTGAATGAATGTGTGGGTGTAG,0,0,0.009057899,0.339662881,0.339662881,552.5,191.1961685,0,-0.086956522,0,0,0,0
17486,CCCTGTGTCTCTGCATGGTAAAG,0,0,0.033653846,0,0.049781259,395,140.8752155,0,0.086956522,0,0,0,0
17487,AAATAAGATGAGGAAGCACAGGG,0,0,0.353464052,0,0.115264782,425,192.0287776,0,-0.065217391,0,0,0,0
17488,GGGCCAAGCTGAGCACATGACAG,0,0,0.08872428,0.403345986,0.389730931,552.5,192.2028912,0,-0.608695652,0,0,0,0
17489,TAATAAGAAGAAGAGGAAGAAGA,0,0,0.003510802,0,0.202836708,485,166.177569,0,-0.47826087,0,0,0,0
17490,TCCTGCCCAAAGGCTGCCCAGGA,0,0,0.001336898,0,0.23590875,455,187.4262484,0,-0.369565217,0,0,0,0
17491,GCCTCCTCAGAGACTGGCCAGAG,0,0,0.045010288,0.619190519,0.619190519,530,203.5257622,0,-0.065217391,0,0,0,0
17492,GGAGAGGGAGTGGGTGAGTGGGA,0,0,0.003552145,0,0.15082587,455,185.8033876,0,0,0,0,0,0
17493,ATGAAGACACGTGAGTAGGGCAG,0,0,0.013888889,0.1639705,0.161203065,552.5,177.7144993,0,-0.195652174,0,0,0,0
17494,AAATAAAAAAAAAAGGCACAAGA,0,0,0.051851852,0,0.332281119,522.5,201.0374422,0,-0.02173913,0,0,0,0
17495,TGTGAGTGAGTGGGTGGGTTTGG,0,0,0.010741688,0,0.103916143,387.5,151.5769685,0,-0.043478261,0,0,1,0
17496,CTCCTATTAGTCATTACATGTGA,0,0,0.008753501,0,0.187751667,552.5,191.1170827,0,0.152173913,0,0,0,0
17497,GTAATCTTAGTAATTTCCTGGAG,0,0,0,0,0.248097968,462.5,194.8674737,0.17826087,0.239130435,0,0,0,0
17498,GGCCCCCACCACCACGCCGCCAG,0,0,0.014518519,0,0.07431375,455,173.4729985,0,-0.652173913,0,0,0,0
17499,GAGAAGGAGCAGAAGAAAAAAGA,0,0,0.006541078,0,0.178245253,555,189.8287627,0.017391304,0.086956522,0,0,0,0
17500,AGCACTGTGGCTGGTGTTGGGGG,0,0,0.039375,0,0.163368333,455,180.9070504,0,-0.391304348,0,0,0,0
17501,AGATGAGAAAAAGAGGTACAGAG,0,0,0.090337449,0,1.117266169,560,194.1821525,0,-0.043478261,0,0,0,0
17502,GTCATCTGAGGCATTAACTGGGG,0,0,0.136888889,0,0.57100211,462.5,190.0839883,0,-0.97826087,0,0,0,0
17503,GACAAAGAAGCAGGGTTTTCCGG,0,0,0.022510823,0.059518236,0.059518236,455,167.3489114,0.082608696,0.108695652,0,0,0,0
17504,AAAAGATAAAAAGAGGCATATGA,0,0,0.008140008,0,0.313735196,552.5,180.2034828,0,0.02173913,0,0,0,0
17505,CCTTCTTTCCCACCCACATGGGG,0,0,0.046662896,0.137365486,0.134785853,485,156.1110668,0.456521739,-0.304347826,0,0,0,0
17506,GAGTCAGAGGAAAAGAAGAAAGA,0,0,0.02340535,0,0.69728947,530,205.9061791,0.182608696,1.934782609,0,0,1,0
17507,CGTGCATGAGTGTGTGAGTGTGA,0,0,0.011574074,0,0.368797917,552.5,195.1395849,0.030434783,0.108695652,0,0,0,0
17508,GGTGAGTGAGTGGGTGAGAGCGA,0,0,0.002415459,0,0.119375512,395,159.1665685,0.017391304,-0.260869565,0,0,0,0
17509,GACATGTTTTCATTTGTCTTGGG,0,0,0.007064364,0,0.030434884,387.5,149.6933526,0,0.391304348,0,0,0,0
17510,GACATGTTTTCATTTGTCTTGGA,0,0,0.000490581,0,0.030434884,387.5,149.6933526,0,-0.217391304,0,0,0,0
17511,AGTGTGTGAGAGTGTGTGTGAGG,0,0,0.114545455,0,0.33831875,455,190.6954852,0.02173913,0.043478261,0,0,0,0
17512,AGTGTGTGAGAGTGTGTGTGAGA,0,0,0.007954545,0,0.33831875,455,190.6954852,0.639130435,2.282608696,0,0,0,0
17513,CATCCCCTCCACTGCGCCTCGGG,0,0,0,0,0.0854635,425,197.5334948,0,-0.369565217,0,0,0,0
17514,AGTACTGCGGCTGGGCGTGGTGG,0,0,0,0,0.071963539,455,187.1765525,0,-0.02173913,0,0,0,0
17515,CCGCTCCATCCACACACACATGA,0,0,0.001407261,0,0.153719584,425,194.0920579,0.869565217,3.47826087,0,0,0,0
17516,AATGATCACAACATCCTGGAAAG,0,0,0.01031746,0.052599375,0.051711622,485,156.2509464,0,-0.739130435,0,0,0,0
17517,GACCCTGAAGCAGAGTTTGGGAG,0,0,0.003748558,0.128104558,0.125827144,485,148.6548161,0.034782609,-0.826086957,0,0,0,0
17518,ATCTCCCCAGGGCCTGGCCACAG,0,0,0.076599327,0.743261097,0.73132116,522.5,207.7381799,NA,NA,0,0,0,0
17519,TTGATGGAGGAAAAAGGAGTAGA,0,0,0.022945804,0,0.17145493,432.5,199.0214948,0.130434783,-0.108695652,0,0,0,0
17520,TGGATGTATGAATGTGGACTTGA,0,0,0.001897464,0,0.052955831,455,167.9020173,0.169565217,-0.217391304,0,0,0,0
17521,GGCAGTGTTCCTGGAGGTGGAAG,0,0,0.029037037,0,0.734333036,622.5,205.8603463,0,-0.02173913,0,0,0,0
17522,TGGATGTAGTAATGAGGAGGAAG,0,0,0.02124183,0.802561625,0.779954255,560,175.8874829,0,-0.239130435,0,0,0,0
17523,GCCTCCACAAAGGCTGGAGAAAG,0,0,0.001784674,0,0.024530411,387.5,151.1461654,0,-0.260869565,0,0,0,0
17524,GTCACTTTCCCGCCCTCCTTCAG,0,0,0,0.131647598,0.127203797,455,193.0818737,0,-0.565217391,0,0,0,0
17525,CTTGCCACACCTGGCTGTAATGG,0,0,0,0.045894724,0.045894724,357.5,185.5822092,0.043478261,-0.152173913,0,0,0,0
17526,TACTTGTTATACTTGTTCTCTGA,0,0,0.01272713,0,0.238701321,425,201.2940355,0,-0.239130435,0,0,0,0
17527,GACCCACACCACCCCTCATCTGG,0,0,0,0,0.030658184,485,171.6024399,0,-0.108695652,0,0,0,0
17528,TGCAATGTGGCTGGAGGTGCAGA,0,0,0.014880952,0,0.697447183,552.5,177.6742631,0.026086957,-0.304347826,0,0,0,0
17529,CATGGCAACTACATTCTCAACAG,0,0,0.008,0,0.275145253,522.5,201.3214776,0,-0.391304348,0,0,0,0
17530,GACCCCCACCGCCCCGCGTTCGG,0,0,0.0208,0,0.068185438,387.5,147.3091661,0,-0.02173913,0,0,0,0
17531,AGGAGGGAAGAATGAGAAGTGGA,0,0,0.026666666,0,0.372455417,552.5,192.9657886,0,0.065217391,0,0,0,0
17532,AAATGAGAAGAAGAAGAAGAAGA,0,0,0.003812636,0,0.078867471,395,154.4588674,0,-0.086956522,0,0,0,0
17533,CACAAGTTTTCATGGTTCTCCAG,0,0,0,0,0.223971519,522.5,205.3988954,0,-0.282608696,0,0,0,0
17534,CCACTCAGTAGAGCAGGGGCCAG,0,0,0.015543179,0.095444268,0.093833394,455,181.3472834,0,-0.108695652,0,0,0,0
17535,AAATGAGAAAAATAGCCAAAAGG,0,0,0,0,0.027628997,387.5,156.6725172,0,0.065217391,0,0,0,0
17536,AAAAGAGAAATAGAGGCAGAAGG,0,0,0.017094017,0,0.254938556,455,176.3565799,0,-0.47826087,0,0,0,0
17537,GAAACCGTGCAGCAGAAGAAAGA,0,0,0.002237737,0,0.545938102,522.5,205.1992625,0,-0.173913043,0,0,0,0
17538,TGAGCGTGTGTGTGTGCGTGCGA,0,0,0.014880952,0,0.822304167,620,213.4238996,0,0.195652174,0,0,0,0
17539,GACTTGTTCTCATTGGTTCCAGA,0,0,0.003935057,0,0.009283074,417.5,141.7804605,0,-0.369565217,0,0,0,0
17540,GGGAACCCTTCCGCAGCACCCAG,0,0,0.075048733,1.3300329,1.296361181,530,210.8675796,0.086956522,0.304347826,0,0,0,0
17541,GACATGTTTTCATATTTCTTGGG,0,0,0.012633625,0,0.026365103,357.5,155.3425939,0.017391304,-0.152173913,0,0,0,0
17542,GACCCCGTCCACCACACCTGGAG,0,0,0.002511854,0,0.010971803,387.5,150.7516087,0,-0.695652174,0,0,0,1
17543,GACTCCCTGAAGCCTTGCCAAGG,0,0,0,0.163489192,0.15797057,552.5,194.6119768,0.108695652,0.326086957,0,0,0,0
17544,GTCACCTCCCACGCCTATGGGGG,0,0,0.045112782,0.0186338,0.018062649,357.5,169.4296452,0,-0.173913043,0,0,1,0
17545,AGATGAGAAGAAAGGGCAGAAGG,0,0,0.043076923,0,0.028759421,357.5,167.0734949,0.091304348,-0.217391304,0,0,0,0
17546,AGGAGGGAGGAAGGAGGAGAGAG,0,0,0.024347826,0,0.26991206,455,171.2747595,0.017391304,0,0,0,0,0
17547,TGCACTGGGGCTGCAGGTGAAGG,0,0,0.258290817,0,0.10391963,455,167.3233985,0.117391304,0.282608696,0,0,1,0
17548,GGTGTGTGGGTGTGTGGGTGTGG,0,0,0.014260249,0,0.699446792,560,194.1657886,0,-0.347826087,0,0,0,0
17549,GAATCATAAGAAGAGGCAGATGG,0,0,0.056122449,0,0.359837588,552.5,184.7804993,0,-0.086956522,0,0,0,0
17550,GGGTGGGAGAAATGAGGAGTGAG,0,0,0.094265164,0,1.317695783,620,212.0463436,0.304347826,0.260869565,0,0,0,0
17551,GCTTCCCCAGTGCCTGGACATGG,0,0,0.063280736,0.156407637,0.156407637,455,182.0268466,0.317391304,0.673913043,0,0,0,1
17552,GCCTCCCCAGGGCCTCACCAGGG,0,0,0,0,0.046201508,387.5,169.7036429,0,-0.108695652,0,0,0,0
17553,ACTTCCCCAAAGTCAGGCCAGAG,0,0,0.065010965,0,0.153719584,425,194.9656579,0,-0.282608696,0,0,0,0
17554,CATTTAGCAGAAGAGGCACATGA,0,0,0.005402161,0,1.345833333,620,214.283863,0,-0.217391304,0,0,0,0
17555,CCCTGGGAGTATGGATGGATCAG,0,0,0.055026455,0.275802734,0.267720603,522.5,204.124335,0,0.152173913,0,0,0,0
17556,TGGATGGCGGATGGATGAGTGGG,0,0,0,0,0.044701169,357.5,181.5963362,0.1,0,0,0,0,0
17557,AAAACAAAAGAAGAGGCAAAGGA,0,0,0.011135406,0,0.34064625,552.5,183.9068993,0,-0.173913043,0,0,0,0
17558,GAGGAGGAGCATAAGAAGAATGA,0,0,0.004769536,0,0.406288793,525,207.5359956,0,-0.152173913,0,0,0,0
17559,CTGACCTCCAGTGAGTAGAGAGA,0,0,0.013020833,0,1.737215529,627.5,216.7284992,0.07826087,-0.260869565,0,0,0,0
17560,CCTGTGGGTACAGCGGAGGGTGG,0,0,0.012561426,0,0.246773779,455,172.9211356,0,-0.369565217,0,0,0,0
17561,AGTGTGAGAGTGTGTGAGTGTGG,0,0,0.133636364,0,0.416345417,552.5,194.5423881,0,-0.086956522,0,0,0,0
17562,AGTGTGAGAGTGTGTGAGTGTGA,0,0,0.009280303,0,0.416345417,552.5,194.5423881,0.756521739,2.760869565,0,0,0,0
17563,GCAATCAATTCTGCAGCAGCCAG,0,0,0.0109375,0,0.34064625,552.5,182.7290023,0.334782609,-0.086956522,0,0,0,0
17564,TTCTTGTTTTCTTTTTTCTCTGA,0,0,0.002405002,0,0.198201266,425,197.036878,0.017391304,0.217391304,0,0,0,0
17565,GGGAAGGAGGAAGGAGGAGATGG,0,0,0.070179584,0,0.26991206,455,171.2747595,0,1.717391304,0,0,0,0
17566,GTGACAGAGCAAAAGAAGAAAGG,0,0,0.3001443,0.432821939,0.425868976,522.5,208.5843156,0,0.282608696,0,0,0,0
17567,GATGACCACTACATTCCAAATGG,0,0,0.025339367,0.033200661,0.032020193,387.5,158.5835341,0.47826087,0.717391304,0,0,0,0
17568,GTCTTCTTAGAGATTACCTAAGA,0,0,0.013809975,0,0.180287865,357.5,167.2426159,0,0.195652174,0,0,0,0
17569,CCTGCCTCCGCACCCCTCAAAGG,0,0,0.031168831,0,0.01118244,260,148.5000934,0,-0.217391304,0,0,0,0
17570,TGGAGGCAGGAATGAGCAGGAGA,0,0,0.001268743,0,0.173616039,485,157.4047882,0.008695652,-0.108695652,0,0,0,0
17571,AGTGAGTGAGTGAGTGGGAGCGG,0,0,0.010471881,0,0.078497806,387.5,157.9665685,0,-0.260869565,1,0,1,0
17572,AGTGAGTGAGTGCGTGTGAGGGA,0,0,0.006578947,0,0.078497806,387.5,157.9665685,0,-0.065217391,0,0,0,0
17573,GCAGTGAGTAGAGGGCAGGTCAG,0,0,0,0.018216266,0.017874176,387.5,153.1347895,0,-0.565217391,0,0,0,0
17574,GAAGGAGAAGGAGAGACACATGG,0,0,0.40625,0,0.151145,455,194.8078904,0.165217391,-0.130434783,0,0,0,0
17575,GGCAGTGAGGATGGAGGGGGAGA,0,0,0.006770833,0,0.163514241,455,183.1584461,0.008695652,-0.217391304,0,0,0,0
17576,CCCTGTGCCTCTGGGTTGGTAGG,0,0,0.0609375,0,0.046500926,387.5,150.1590505,0.208695652,0.369565217,0,0,0,0
17577,GCCACTGAAGGAGACTTTTTAGA,0,0,0.003454507,0,0.135266321,425,196.7369107,0.647826087,0.956521739,0,0,0,0
17578,GATTCCCAGCAGAAGACGCAAGA,0,0,0.000871577,0,0.129312723,485,164.5547082,0.395652174,-0.086956522,0,0,0,1
17579,AAGCCCAGTGAGTAGAGTGTGAG,0,0,0.020588235,0,0.127597274,485,155.2374668,0.252173913,-0.804347826,0,0,1,0
17580,CCCATACATCCTTAGACAAATAG,0,0,0.01031746,0,0.054544193,357.5,169.4505951,0,-0.152173913,0,0,0,0
17581,TGGATAGAAGAATGGGGATTAGA,0,0,0.019345238,0,0.046908167,455,168.4992141,0,0.608695652,0,0,0,0
17582,GGCATCCCTGCTGCAGGGCCTGA,0,0,0.00035014,0,0.108498991,485,167.2708192,0,-0.130434783,0,0,0,0
17583,TCCTCTTTCCCTCCCAGCCTTGG,0,0,0.00540906,0.09979566,0.09979566,387.5,159.7497885,0.565217391,0.586956522,0,0,0,0
17584,GAACACAAAACATATACCTCAAG,0,0,0.009876543,0.021803016,0.021803016,387.5,143.8299088,0,-0.043478261,0,0,0,0
17585,GGCACTTCCCCACACACCTTTGG,0,0,0.115942029,0.223971519,0.223971519,522.5,203.3473984,0,-0.239130435,0,0,0,0
17586,TGTGAGAGAGTGTGTATGTGAGA,0,0,0.028356481,0,0.071611412,485,178.5422822,0.043478261,0.282608696,0,0,0,0
17587,GGTCAGTGAGGGGTTGCGTGGGG,0,0,0.014731458,0,0.045787375,327.5,190.9578111,0.260869565,-0.195652174,0,0,0,0
17588,GCAGCCCAAAAGCCTGTCCACAG,0,0,0.022820216,0,0.570616297,552.5,193.712472,0,-1.02173913,0,0,0,0
17589,CCCACCCAACCAGAAACATATAG,0,0,0.104575163,0,0.07753416,455,168.9968781,0,0.065217391,0,0,0,0
17590,CCAATTCAACCAAAGACACATGA,0,0,0.047902494,0,0.201808749,522.5,203.4269151,0,-0.086956522,0,0,1,0
17591,GGGTGGAAGGAGTTTGCTTCCAG,0,0,0.11965812,0.639711268,0.639711268,560,184.1690023,0,0.195652174,0,0,0,0
17592,AAAAGAGAAGCAGAGGGACAAGA,0,0,0.000778089,0,0.635340376,462.5,192.3102052,0,-0.347826087,0,0,0,0
17593,GGTGTGGGGGTGTGTGCCTGTAG,0,0,0.017605246,0,0.122948862,552.5,186.1453856,0.013043478,-0.152173913,0,0,0,0
17594,GCCTCTTTCCTTCCCACTCTGGA,0,0,0.001263105,0,0.02301119,290,149.0824826,0,-0.369565217,0,0,0,0
17595,TGGATGAAGGAATGGGTGGTAGG,0,0,0.065,0,0.01976186,387.5,156.2003533,0,-0.217391304,0,0,0,0
17596,GTCGCTCTCCCACCCACTTTGAG,0,0,0.065104167,0.215794005,0.211957667,552.5,190.2798859,0.056521739,0.586956522,0,0,0,0
17597,CCAGAGAGGAGAGAGGAGGGAGG,0,0,0.006372549,0.0601085,0.0601085,455,165.1751151,0.004347826,0.130434783,0,0,0,0
17598,TGGATGGAGGTCTGAGTAGAGGG,0,0,0.01138664,0,0.062720628,290,147.1301049,0.239130435,-0.02173913,0,0,0,0
17599,GACAGCTTAGCAGAGATTTTTAG,0,0,0.034632035,0.173654876,0.168075602,552.5,195.1402564,0.547826087,0.826086957,0,0,0,0
17600,CACATACATACACAGACACACAG,0,0,0.063890366,0,0.308518702,522.5,202.682959,0.504347826,0.282608696,0,0,0,0
17601,GCCTCCCCACTGCTGGGCCAGGA,0,0,0.000261159,0,0.02663581,327.5,182.1319737,0,-0.630434783,0,0,0,0
17602,CCCTCTTTTCCACCCACCCCGGA,0,0,0.001088471,0,0.134234172,485,147.3546198,0,-0.043478261,0,0,0,0
17603,GACTTCTTATTAATTACCTGTGA,0,0,0.021701389,0,0.648306325,522.5,205.3785631,0,-0.282608696,0,0,0,0
17604,AAAGGAAAAGGAGAGACACACAG,0,0,0.105324074,0,0.098005097,455,192.4247096,0,0.195652174,0,0,0,0
17605,CACTTGTGTCCATTGATCTCCAG,0,0,0.065843621,0,0.250819,552.5,193.8200207,0,-0.282608696,0,0,0,0
17606,AAATGAGAAGCAGAGAAATAAAG,0,0,0.022336182,0,0.015801819,320,143.9473794,0,0.108695652,0,0,0,0
17607,AGATGAGAAGAAGAAGAAGAAGA,0,0,0.003050109,0,0.051461025,387.5,153.0188674,0,0.239130435,0,0,0,0
17608,GAAAGCAAGGCATGGACTGCTGG,0,0,0.188631579,0,0.130251581,522.5,201.439115,0,-0.195652174,0,0,0,0
17609,GAAGCTGAGGAGAAGAAGAAGGA,0,0,0.011754919,0,0.749905063,620,211.0206796,0.491304348,2.130434783,0,0,0,0
17610,CCCAAGCATCCAGAGACAAATGA,0,0,0.007440476,0,0.600485075,560,186.5776961,0,-0.695652174,0,0,0,0
17611,AGGAGCGAGGAATGAGGAGCCAG,0,0,0.010284665,0.43003125,0.421955546,552.5,178.9880961,0.017391304,-0.043478261,0,0,0,0
17612,TGAGAGGAGGAAGGAGGAGTGGA,0,0,0.004245924,0,0.545938102,525,207.0107595,0.039130435,-0.108695652,0,0,0,0
17613,GGCAGGGCGGCTGGTGGTGCTGA,0,0,0.002040816,0,0.107052935,455,164.7810745,0,0.304347826,0,0,0,0
17614,GGCTCAGGGGATGGAGGTGGAGA,0,0,0.018465909,0,0.458313578,522.5,207.2105153,0,0.043478261,0,0,0,0
17615,GTACCCCTCCACCCAGCCCCAGG,0,0,0.038639266,0,0.13179369,455,173.4769785,0.02173913,-0.413043478,0,0,0,0
17616,AAATTATAGGAAGAGTCACAAGA,0,0,0,0,0.102694193,552.5,194.280293,0,-0.086956522,0,0,1,0
17617,AAAGACAATGCATAGACTGGGAG,0,0,0.004117647,0,0.426140229,552.5,177.2290197,0,-0.108695652,0,0,0,0
17618,TGTGTGTGAGTGTGTGCTGGGAG,0,0,0.015712682,0,0.103262324,485,161.7403468,0,-0.173913043,0,0,0,0
17619,ACCTCCCCATCTCCTGGCCAAAG,0,0,0.031674208,0,0.359810011,460,200.2620794,0,-0.065217391,0,0,0,0
17620,CTCTTCTTACTCATAACCTGTAG,0,0,0.027290448,0,0.371023101,522.5,199.127642,0,-0.456521739,0,0,0,0
17621,GGCACTGCTGCAGGAAGTAGAAG,0,0,0.079012346,0,0.02330241,387.5,159.4876934,0,-0.434782609,0,0,0,0
17622,GCAGCCCCAAAGCTTCGCCAGGG,0,0,0,0.03863586,0.037983778,455,188.8707895,0.004347826,-0.5,0,0,0,0
17623,GGCACTGTGGCAGGTGCTGGGGA,0,0,0.002287582,0,0.072630018,357.5,173.1909499,0,-0.065217391,0,0,0,0
17624,TGTGTGTATGTGTGTGCGTGCAG,0,0,0.056565657,0.860350791,0.833979885,620,210.8520827,0,0,0,0,0,0
17625,AACTTGTTTTCAGTGTTTACAGA,0,0,0.002994676,0,0.039962519,387.5,153.5293462,0.017391304,0.413043478,0,0,0,0
17626,GATGAGTTTGTGTGTGTGTGGGG,0,0,0.148076923,0,0.372455417,552.5,190.9142916,0.030434783,0.282608696,0,0,0,0
17627,AAATGAAAAGAGGAGCCAAAGGG,0,0,0,0,0.027367261,387.5,161.0642929,0,-0.260869565,0,0,0,0
17628,GGACTCACCTCTGCTGCACCAGG,0,0,0.048868778,0,0.160011882,522.5,197.7764173,0.973913043,-0.260869565,0,0,0,0
17629,TAACAAAAAACATAGACTGAGAG,0,0,0.112345679,0,0.388621058,552.5,175.2846797,0.034782609,0.282608696,0,0,0,0
17630,ACCATCAATCCACAGACAAAAGA,0,0,0.009398496,0,0.139257147,455,176.5694987,0.373913043,0.586956522,0,0,0,0
17631,GGTTGGGAGAAGTGTGCTCCAGA,0,0,0,0,0.193587958,522.5,198.941262,0,0.065217391,0,0,0,0
17632,GACTCCAAAAAGAAGAAGAAGGA,0,0,0.014880952,0,0.51726468,620,207.3373024,0,-0.413043478,0,0,0,0
17633,GAGAAAGACCCACCCTCAGTAGG,0,0,0.05232015,0,0.032186532,357.5,169.8303246,0,-0.565217391,0,0,0,0
17634,TACTTGTTTTCTTGGTTCTCAGG,0,0,0,0,0.217973709,432.5,201.0447149,0,-0.065217391,0,0,0,0
17635,GACATAGAAGTCCTCACCAGAAG,0,0,0.039449113,0,0.039853605,485,159.0282098,0.382608696,0,0,0,0,0
17636,GATGGGGGAGTGTGTGTGTGCGG,0,0,0.167239819,0.416345417,0.416345417,552.5,194.3023881,0,-0.760869565,0,0,0,0
17637,GGTGAGAGAGTGTGTGCACGGGG,0,0,0.167108753,0,0.125383408,492.5,161.845486,0,0.108695652,0,0,1,0
17638,GTCCACCTCCACCCCACCTCCAG,0,0,0.107744108,0,0.541956882,560,201.5832541,0.008695652,-0.130434783,0,0,0,0
17639,GCCTCCCCACAGTCTGGCGAGGA,0,0,0.002025463,0,0.300030323,462.5,175.1609431,0,-0.173913043,0,0,0,0
17640,TGTGTGTGAGTGGGTGTGTGGGG,0,0,0.044268775,0,0.23590875,455,187.4262484,0,-0.413043478,0,0,0,0
17641,GTCTTGTTTTCATGGTGCTGTGA,0,0,0,0,0.040009058,387.5,149.1971044,0,-0.239130435,0,0,0,0
17642,GGGCCCCTCCACACCGCCTAGGG,0,0,0.076923077,0,0.266133291,455,171.7950795,0.017391304,0.760869565,0,0,0,0
17643,TGAGTGTGAGTGTGTGTGTGTGG,0,0,0.121212121,0.611927885,0.601049167,552.5,196.3975689,0,-0.130434783,0,0,0,0
17644,CCCATCCATCCAAAGGCATGGGA,0,0,0.004350853,0,0.011934394,320,124.5266537,0,0.586956522,0,0,0,0
17645,TGGTGGGAGGTGTTTGATCCTGG,0,0,0.143589744,0,0.33831875,455,188.8839883,0.026086957,0.217391304,0,0,0,0
17646,ATCAGCACCAGTGAGCAGGGTGG,0,0,0.069230769,0.086114942,0.08458401,485,169.3472542,0,-0.304347826,0,0,0,0
17647,CCCATCCATCCTCACACACACAG,0,0,0.009923799,0,0.118380607,335,188.9775574,0,0.239130435,0,0,0,0
17648,GGTGCGTCAGTGGGTGAGTGTGA,0,0,0.002601263,0,0.223964003,455,184.3264314,0,-0.108695652,0,0,0,0
17649,AGAGTGTGAGTGTGTGTGTGGGG,0,0,0.109090909,0.611927885,0.601049167,552.5,196.3975689,0,-0.086956522,0,0,0,0
17650,GCCCCCCCGCCCCCCGCCTCAGA,0,0,0.01351096,0,0.485165286,522.5,205.670319,0.330434783,0.891304348,0,0,0,0
17651,TGGATGGATGGATGGTGAGTGGG,0,0,0,0,0.021335941,357.5,177.5146885,0.426086957,0.02173913,0,0,0,0
17652,GGGATGGAGGATTGAGGAGAAAG,0,0,0.046497584,0,0.734108475,462.5,175.5462996,0,-0.456521739,0,0,0,0
17653,AATTGGGAAGCTGAGGCACAGAG,0,0,0.017429194,0,0.23304828,425,202.9398318,0,0.130434783,0,0,0,0
17654,GGCACAGGGACTGGAGGGGGTGA,0,0,0.012037037,0,0.164163878,552.5,183.8991293,0.095652174,-0.152173913,0,0,0,0
17655,GGTGGGTGTGAGTGTGTGTGGGG,0,0,0.1512,0,0.196246288,455,186.7357049,0,0.108695652,0,0,0,0
17656,GGCACAGCTGCAGGCGGTGGAGA,0,0,0.007003367,0,0.069735193,425,191.5311136,0,-0.260869565,0,0,1,0
17657,GGAATGCCTTTAACAGCACCCAG,0,0,0.029454306,0,0.087264738,362.5,193.9685113,0,-0.239130435,0,0,0,0
17658,TTCTCCCCAAAGCCTGGCCACAG,1,0.001,0.235690235,5.21978022,5.21978022,635,221.36,0,0.347826087,0,0,0,0
17659,AAATGGGAACAATAGACACAGGG,0,0,0.085714286,0,0.053065217,455,185.6345332,0,-0.065217391,0,0,0,0
17660,GCTGCCTCTCCTCTACCCACAGG,0,0,0.225575448,0.349240153,0.343031439,552.5,189.2623722,0.043478261,-0.369565217,0,0,0,0
17661,TCCATCCATCCACTCACACATGG,0,0,0.061244019,0,0.02322943,362.5,183.8544732,0.030434783,-0.130434783,0,0,0,0
17662,GAGCCCCCGCACCCAGCCTCAGG,0,0,0.068783069,0,0.242694227,522.5,197.4053811,0,-0.47826087,0,0,0,0
17663,GATCCTCCCCACCCAGCCTCTGA,0,0,0.009851742,0,0.240310978,522.5,199.5791775,0,-0.065217391,0,0,0,0
17664,GGTAAAAGCCCAGCATCCATTGG,0,0,0.261904762,0,0.335877203,552.5,182.4410023,0,0.043478261,0,0,0,0
17665,AGTGAGTGTGGGTGTGGGTGTGA,0,0,0.000882353,0,0.206712756,455,188.0240249,1,1.47826087,0,0,0,0
17666,AGTGAGTGTGGGTGTGGGTGTGG,0,0,0.012705882,0,0.206712756,455,188.0240249,0,-0.5,0,0,0,0
17667,TGCACTGCCGCTTGTGGTGGGGG,0,0,0.032307692,0,0.095256253,425,191.5338775,0,-0.434782609,0,0,0,0
17668,ATAAGAGAAGAAGAGGCTGAGGG,0,0,0.021645022,0,0.097755,485,161.9150668,0,-0.347826087,0,0,0,0
17669,ACTGCCCACCACATCCTGAAAGA,0,0,0.001940035,0,0.285817,552.5,187.2566103,0.908695652,0.217391304,0,1,0,0
17670,GAGACAGAAGCAGAGTTCTGCAG,0,0,0.009103641,0,0.077196351,485,154.3250828,0.013043478,0.782608696,0,0,0,0
17671,AACCTCAATGTCCTCCCCAATGA,0,0,0.012408088,0,0.476356426,552.5,178.8056193,0,-0.108695652,0,0,0,0
17672,GGAGAATGTGTGTGTGGGTGTGA,0,0,0.0017507,0,0.210931167,552.5,191.9401246,0,-0.065217391,0,0,0,0
17673,TGTGAGGGTGTGTGTGCCTGTGG,0,0,0.168067227,0,0.129506134,552.5,187.4337056,0.047826087,0.173913043,0,0,0,0
17674,AGTGTGTAAATGTGTGCGTGCGA,0,0,0.021212121,0,1.317695783,620,209.8201266,0.091304348,-0.065217391,0,0,0,0
17675,TGTGAGGGTGTGTGTGCCTGTGA,0,0,0.011671335,0,0.129506134,552.5,187.4337056,0,0.347826087,0,0,0,0
17676,GCCTCCCCAGAATCTGGCCCAAG,0,0,0.021386707,0.106331158,0.104623026,357.5,159.8552427,0,-0.086956522,0,0,0,0
17677,CACTAGTTTTCCTAGTTCTCCAG,0,0,0.015084006,0,0.110193987,425,198.5563949,0.491304348,0.217391304,0,0,0,0
17678,AAATGACAAAAATAGGCATATGA,0,0,0.006169872,0,0.1152679,455,171.5777623,0,-0.586956522,0,0,0,0
17679,AAAGGAGAAAAAGAAGCACTAGA,0,0,0.022875817,0,0.162968187,455,161.9900421,0,-0.173913043,0,0,0,0
17680,CCCACCTCCATGGACTAGGGCAG,0,0,0.024420024,0.403641598,0.390673193,425,205.0138158,0,-0.260869565,0,0,0,0
17681,GAGTCCCAGAAAAAGAAGAGTAG,0,0,0.110252965,0,0.193993875,455,166.9713824,0.469565217,0.695652174,0,0,0,0
17682,CCTGCCACAGAGGGCAATAAAAG,0,0,0.060493827,0.383454129,0.383454129,552.5,190.5989717,0,-0.173913043,0,0,0,0
17683,TGGATGGAGGAAGGATGGATGGA,0,0,0,0,0.005609452,320,136.2409204,0.039130435,-0.065217391,0,0,0,0
17684,AGTGTGTGTGTGTGTGTGTGTGA,0,0,0.006363636,0,0.372455417,552.5,192.9657886,0,0.065217391,0,0,0,0
17685,AGTGTGTGTGTGTGTGTGTGTGG,0,0,0.091636364,0,0.372455417,552.5,192.9657886,0.143478261,-0.065217391,0,0,0,0
17686,GGGTGGGGCGAGTGGGCTGCAAG,0,0,0,0.011175362,0.010995838,357.5,158.6460135,0.013043478,0.02173913,0,0,1,0
17687,AAGTCAGAAGCAGAGGGACATGA,0,0,0.000784573,0,0.316692045,455,190.1674852,0.113043478,0.326086957,0,0,0,0
17688,GGCACTGAGGCGCGAGGTGTTGA,0,0,0.006652047,0,0.119348963,357.5,161.7471621,0,-0.326086957,0,0,0,0
17689,GGCCCTACTGCTGGAGGGGGCAG,0,0,0.016267248,0,0.122948862,552.5,186.5601056,0.434782609,0.695652174,0,0,0,0
17690,AACACCAGTGAATAAAATGGTAG,0,0,0.13664488,0.013580979,0.013580979,290,150.8674336,0.226086957,0,0,0,0,0
17691,GACCCCCTCACCCCATCCTCTGA,0,0,0,0,0.03216105,357.5,176.4827324,0.047826087,0,0,0,0,0
17692,GAAAACAAATCATAGACTCAAAG,0,0,0.03975936,0,0.191548429,485,145.4490637,0.065217391,-0.347826087,0,0,0,0
17693,GAGTCAGAGAAGCTGAAGAAGGA,0,0,0.006274947,0,0.043855756,425,191.2837744,0,0.195652174,0,0,0,0
17694,ACCTCCACACAGGCTGGCCAGGG,0,0,0.030681818,0.36592984,0.36592984,522.5,202.3257622,0,0.086956522,0,0,0,0
17695,TCCTCCCCGAATCCTGACCATAG,0,0,0.062044951,0.186564772,0.183248065,455,186.5380081,0,0.02173913,0,0,0,0
17696,GGTGAGTCAGTGAGTGGGGGTGA,0,0,0.000435085,0,0.067148726,387.5,154.8667515,0,-0.304347826,0,0,0,0
17697,CCTGCACTACAGGGCTGTAATGG,0,0,0,0,0.156419304,552.5,196.7857732,0,-0.369565217,0,0,0,0
17698,CCCGCTGTCCCACCCACCTGTGA,0,0,0.003218199,0,0.476356426,552.5,178.8056193,0.052173913,-0.217391304,0,0,0,0
17699,GTCCCAGACTGAGCAAGACAGAG,0,0,0.049305314,0.017433726,0.01681386,417.5,145.5002409,0,NA,0,0,0,0
17700,GGCACTGCTGCAGGATGTGTTGG,0,0,0,0,0.030847952,387.5,153.0980934,0.4,0.239130435,0,0,0,0
17701,GGAAAGTGTGTGTGTGGGTGTGG,0,0,0.022689075,0.36082635,0.348646558,552.5,192.8525086,0.152173913,0.434782609,0,0,0,0
17702,GCCTCCTCCAACCTTGGCCATGA,0,0,0.012517507,0,0.041756842,425,193.5017538,0,-0.260869565,0,0,0,0
17703,AAGCCCGAGCAGAAGAAGTTGAG,0,0,0.04877828,0,0.219695863,485,150.4408001,0.382608696,0.434782609,0,0,0,0
17704,CCCACCCTTGCAGAAACACAAGG,0,0,0.156862745,0.358908061,0.35314247,522.5,195.613105,0,-0.130434783,0,0,0,1
17705,CAGTCTGAGCAGAACAGGAAAAG,0,0,0.008276038,0.100626762,0.098837842,455,182.2208834,0,-0.195652174,0,0,0,0
17706,GCCCCCTTGGACCCCGCCTCAAG,0,0,0.039844822,0,0.524609209,620,207.6253024,0,0,0,0,1,0
17707,AGATACCACTACATCCTCACTAG,0,0,0.012243649,0,0.687682923,555,180.4208001,0.043478261,-0.152173913,0,0,0,0
17708,TGGTTGGAGGAGGGAGAAGTGGG,0,0,0.111901625,0.112081968,0.11019029,357.5,180.1248679,0.27826087,-0.304347826,0,0,1,0
17709,GAGTCCCAGGAGAGGAAGAGCGG,0,0,0.09541122,0.059758764,0.058750178,455,163.0482982,0.013043478,-0.108695652,0,0,0,0
17710,TGGATGGAAGATTGTGGAGCAGA,0,0,0.000270563,0,0.048065414,357.5,156.1794977,0,-0.217391304,0,0,0,0
17711,CCCTCCCCAAACCCTTGCTAAGG,0,0,0,0.044584035,0.044584035,387.5,163.4474737,0.030434783,-0.108695652,0,0,1,0
17712,GCCTCTTTCACCCCCATCTCCAG,0,0,0.002508516,0.105781642,0.104082339,387.5,148.3684521,0.347826087,0.239130435,0,0,0,0
17713,CCCTGGTTTTCACTGTTCTCAGA,0,0,0.019692087,0,0.581724684,522.5,208.1723595,0,-0.108695652,0,0,0,0
17714,CCCCTCTATCTAGAGAAACAAGG,0,0,0.041176471,0.223137914,0.219371873,455,188.7270244,0,0,0,0,0,0
17715,GCCCCCCCGCACCCCCCCTCCGG,0,0,0,0,0.15797057,552.5,194.6119768,0,-0.02173913,0,0,0,0
17716,GCTCCCATCCACCCCGCCCCCAG,0,0,0.028975096,0,0.335877203,552.5,185.3008193,0,-0.760869565,0,0,0,0
17717,GTCACCCCTTCTGCAGCTCCAGG,0,0,0.136363636,0,0.305988667,552.5,191.7203467,0,-0.173913043,0,0,1,0
17718,CTGAACACCAGTAAAGAGAGAGG,0,0,0.25776938,0.028245324,0.028245324,357.5,178.205232,0.156521739,0,0,0,0,0
17719,GAACTCAGAGCAAAGACTTCTAG,0,0,0.031908832,0.189644787,0.183243275,455,174.5645426,0.173913043,0.282608696,0,0,0,0
17720,GGGAAGTCCGTGTGTGCGTGGGG,0,0,0.158241758,0.822304167,0.822304167,620,210.7388027,0,0.173913043,0,0,0,0
17721,AAAGAAGAAGAAGAGGAAAAAGG,0,0,0.108333334,0.19201875,0.19201875,485,165.303969,0.013043478,-0.152173913,0,0,0,0
17722,GCCTTGATTTCTTGGTTCTCAGA,0,0,0,0,0.075262493,425,197.2215341,0,-0.47826087,0,0,0,0
17723,AAAGAAGAAGAAGAGGAAAAAGA,0,0,0.007523148,0,0.19201875,485,165.303969,0,0.086956522,0,0,1,0
17724,GAACTCAAAGCATTGAATACGAG,0,0,0.016760195,0.028111042,0.027162146,387.5,154.5383844,0.026086957,0.02173913,0,0,0,0
17725,GGCTCAGACTGAACATGTGGCAG,0,0,0.045047763,0.044744336,0.043948881,387.5,154.4010536,0.034782609,0.065217391,0,0,0,0
17726,GTGTCCCAGCAGAAGGAAAAGGA,0,0,0.004622781,0,0.036456719,485,173.86506,0.282608696,0,0,0,0,0
17727,AAACAAGAAGAAGAAGAACAAGG,0,0,0.246305268,0,0.155096519,455,181.8449474,0,0.304347826,0,0,0,0
17728,AAAAGAAAAGAGGAGGAACAAGA,0,0,0.011145405,0,0.194470201,455,187.2410077,0,-0.195652174,0,0,0,0
17729,GTCATCTTAGTAATGAGCTGAAG,0,0,0.000544662,0,0.123183479,365,177.4907669,0.02173913,0.130434783,0,0,0,0
17730,TGGATGGATGGATGAGCAGGTAG,0,0,0.003731898,0,0.077890861,387.5,150.8864249,0.017391304,0.065217391,0,0,0,0
17731,AGGCTGGAGAAATGAGGAATGGG,0,0,0.235294117,0.485227553,0.485227553,552.5,182.5866636,0,0.260869565,0,0,0,0
17732,GTCATCTCAGTTCTTCCCTGGAG,0,0,0,0,0.044701169,357.5,181.5963362,0.008695652,0.173913043,0,0,0,1
17733,TGTGTGTGTGTGTGTGCGAGAGA,0,0,0.004329004,0,0.321904489,552.5,183.2038997,0,0.152173913,0,0,0,0
17734,GGTGTGTGGGTCTGTGGGTGTGG,0,0,0.007549544,0,0.173969682,455,185.2496881,0,0.239130435,0,0,0,0
17735,GAATTGTTTTCATTGTACCCAGA,0,0,0.008854832,0,0.400699444,492.5,168.137889,0.104347826,-0.760869565,0,0,0,0
17736,AGCCCTGACTGAGGACGAGAGGA,0,0,0,0,0.027974998,455,180.3514981,0,-0.130434783,0,0,0,0
17737,GATCCTCTCCAGCCCACCTCAGG,0,0,0.283730159,0,0.075880881,455,191.8814897,0.904347826,0.173913043,0,0,0,0
17738,CACACAGAATCAGAATTTTTAGA,0,0,0.035222422,0,0.224468976,522.5,198.215258,0,-0.043478261,0,0,0,0
17739,TGAATCCCTGCAGCCGCACCTAG,0,0,0.028282828,0.188920427,0.182543366,425,192.2851416,0.017391304,0,0,0,0,0
17740,CACCCTCTCCACCCTGCCCCAGA,0,0,0.000847082,0,0.085423231,455,172.4589945,0,-0.652173913,0,0,0,0
17741,GGCACCTCCCATGACTTGTGGGG,0,0,0.024888889,0,0.176849269,485,162.2341526,0,-0.173913043,0,0,0,0
17742,CTCCTCCACCCAGAGACACGTGG,0,0,0.226486316,0,0.426140229,552.5,176.9890197,0,-0.5,0,0,0,0
17743,GGTGAGGTAGTGTGTGCATGTAG,0,0,0.065987934,0,0.37681363,560,189.493669,0.026086957,0.130434783,0,0,0,0
17744,GCCACTTCAGCTGGAGGAGGAAG,0,0,0.043956044,0,0.129506134,552.5,187.1937056,0.12173913,-0.02173913,0,0,0,0
17745,CACTTTTTTTCAGTGTTTTCCAG,0,0,0.020703934,0.075338601,0.072659895,455,182.4913622,0.004347826,-0.52173913,0,0,0,0
17746,CGTGTGTGTGTGTGTGCGAGGGA,0,0,0.003092146,0,0.321904489,552.5,183.2038997,0,0,0,0,0,0
17747,GGCGCTGCGGAGGGAGGGGGCGG,0,0,0.078125,0,0.080449006,357.5,178.9568826,0.013043478,0.130434783,0,0,0,0
17748,GGGTGAGGGGTGCTCGCTCCTGG,0,0,0.06624954,0.049825268,0.049825268,327.5,187.4775902,0.134782609,-0.152173913,0,0,0,0
17749,TGACTGCAGGAATGAGGGGTAGA,0,0,0.005055147,0,0.208990259,552.5,189.9918859,0,-0.108695652,0,0,0,0
17750,GGGTGGGGGAGCTTTGCTCACAG,0,0,0.041633987,0.15249042,0.150040774,392.5,163.1244795,0.460869565,-1,0,0,0,0
17751,GTAACCTGCAATCACTGGGGTGA,0,0,0.002874834,0,0.220828507,455,185.0867514,0,0.065217391,0,0,0,0
17752,GGTGCGTGCGTGGGTGCATGTGG,0,0,0.051600573,0,0.069665021,455,179.0292458,0.004347826,-0.586956522,0,0,0,0
17753,AAAGGAGGAGAAGAGGAAAAAGA,0,0,0.006365741,0,0.19201875,485,163.492472,0.030434783,0.065217391,0,0,0,0
17754,GGGACTTCAGCTGCAGGTGGCAG,0,0,0.020408163,0,0.087716364,522.5,200.6898542,0,-0.565217391,0,0,0,0
17755,GCCATCCAGAAAGAGACACATAG,0,0,0.095249597,0.45413253,0.446837229,525,204.0183995,0.152173913,0.304347826,0,0,0,0
17756,AGAACTGGGGATGGAGGTGGCAG,0,0,0.0975,0,0.782934488,522.5,209.3420993,0,-0.217391304,0,0,0,0
17757,TAGATGAATGAATGAGCAGTAGG,0,0,0.106184012,0,0.25438705,552.5,191.6309278,0.017391304,0.717391304,0,0,0,0
17758,AAGTGAAAAGAGGGGGCACAAAG,0,0,0.053398872,0,0.07063249,425,196.9335341,0.113043478,-0.152173913,0,0,0,0
17759,GGTGAGTGTGTCTGTGATTGTGA,0,0,0.006862745,0,0.032454778,387.5,161.1146749,0.034782609,0.695652174,0,0,0,0
17760,CACATGCATACAGAAACACAGAG,0,0,0.076899716,0,0.224468976,522.5,197.975258,0.408695652,0.434782609,0,0,0,0
17761,AATGACCACAACAAACTCAAGGA,0,0,0.008188461,0,0.089242665,432.5,189.5620574,0,-0.5,0,0,0,0
17762,GGCCCACCCCACCCCGGCTCAGA,0,0,0.003034547,0,0.368797917,552.5,193.088088,0,0.543478261,0,0,1,0
17763,GACTTATTTTCTTTTTTATCCAG,0,0,0.006647673,0,0.023502706,357.5,170.0675607,0,-0.347826087,0,0,0,0
17764,TGGATAGAGGAATGAGTAAGTGA,0,0,0.002188375,0,0.045990617,417.5,128.5423051,0,0.260869565,0,0,0,0
17765,TGGGGGGAGAAATGAAGAGTGAG,0,0,0.096790123,0.238119304,0.238119304,552.5,194.7579177,0.87826087,4.043478261,0,0,0,0
17766,ATATTTTTTTCATTGTTCTCAGA,0,0,0.026262626,0,0.778438874,622.5,216.646016,0.008695652,-0.195652174,0,0,0,0
17767,GCCTCTCACACACCCACCTAGGG,0,0,0.268125,0.401065533,0.394296494,552.5,171.5876659,0.408695652,-0.326086957,0,0,0,0
17768,GGGTAGGGAGTGTTTGCTCAAGG,0,0,0.085714286,0.223894076,0.223894076,455,170.584216,0.269565217,0.173913043,0,0,0,0
17769,GAGGTCGAGGTCCCCCCCATGGG,0,0,0.055272109,0,0.128428059,522.5,202.199435,0.07826087,-0.130434783,0,0,0,0
17770,GACTTGTTTTGGTTTTTCACAGA,0,0,0.000511779,0,0.03146428,260,160.2987943,0,-0.217391304,0,0,0,0
17771,GGCCCAGAATAAGGACGGGAGGA,0,0,0,0,0.014168767,357.5,171.947618,0,-0.152173913,0,0,0,0
17772,GTGAACACCAGTGAGGCCAGGAG,0,0,0.007541478,0.021307887,0.020550273,442.5,155.5021298,0.039130435,0.108695652,0,0,0,0
17773,CCCAGTGTTTATGGATGGAAAGA,0,0,0.012207031,0,0.223894076,455,170.998936,0,0.152173913,0,0,0,0
17774,AAAGGGGGAAAAGAGGCACAAAG,0,0,0.079218107,0,0.760552802,620,208.4488626,0,-0.608695652,0,0,0,0
17775,GGCACTGAGGCAGTGGGTGGAAG,0,0,0.023367901,0,0.026816403,327.5,182.5378764,0,-0.02173913,0,0,0,0
17776,AAGGACACAAGTGAGGAGAGAAG,0,0,0.040680473,0,0.15797057,552.5,196.8381938,0.008695652,-0.02173913,0,0,0,0
17777,TGGAAGGTGGGATGTGGAGTGGA,0,0,0.001934524,0,0.212805723,425,194.3747578,0,0.304347826,0,0,0,0
17778,GGTGTGTGTGTGTGCGGGTGGAG,0,0,0.00090747,0,0.094763973,455,178.758767,0.117391304,0.217391304,0,0,0,0
17779,TTGATGAAGGAGTAAGGAGTGGA,0,0,0.023937289,0,0.075262493,425,197.2215341,0,0.217391304,0,0,0,0
17780,TGGAATGAGGAAATAGGAGTTGA,0,0,0.004273504,0,0.049912363,425,194.9871908,0.330434783,-0.02173913,0,0,0,0
17781,AAGAAGCCCAGTGAGTGGAGAGG,0,0,0.032664027,0.251888977,0.251888977,552.5,193.8047241,0,0.239130435,0,0,0,0
17782,GCAGCGAGGAGAGAGGAGGCAGG,0,0,0.197826087,0.139195896,0.136846598,522.5,202.312715,0,-0.02173913,0,1,1,0
17783,GACATGTTTTCATTTTTCATGAG,0,0,0.001511716,0,0.055738305,387.5,136.2337786,0,0.02173913,0,0,0,0
17784,AATGTGTTTCCATTGTTCTCAGA,0,0,0.014322917,0,1.299248042,620,212.8066636,0,-0.760869565,0,0,0,0
17785,GGGTGGGGGGAACTTGTTCCAGG,0,0,0.343859649,0,0.177880621,365,182.1984679,0,-0.5,0,0,0,0
17786,AAAAGACAAGAAAAGACACAGAG,0,0,0.078347578,0,0.068338689,455,189.1554728,0,-0.347826087,0,0,0,0
17787,TAGATTGAGGACTGAGGAGGTAG,0,0,0.006791741,0,0.207602129,455,172.3203156,0,-0.543478261,0,0,0,0
17788,GGCCCAGGCTGAGAACCTGCAAG,0,0,0.00355846,0.035957508,0.035957508,387.5,146.3372874,0.113043478,-0.217391304,0,0,0,0
17789,AACTGAGAAAAATAGGAACAGAG,0,0,0.014518519,0,0.203383055,455,183.194832,0.004347826,0.130434783,0,0,0,0
17790,AAAAGAGAAAAAAAGGCATAGAG,0,0,0.049090511,0,0.177767966,455,173.0873431,0,-0.52173913,0,0,0,0
17791,GGTGAGTGTGTGAGTGTGTGTGA,0,0,0.013461538,0,0.243274677,462.5,185.954788,0,-0.369565217,0,0,0,0
17792,TGAGAGTGAGAGTGTGTGTGGGG,0,0,0.25,0,0.333582288,455,191.4558052,0.004347826,0.065217391,0,0,0,0
17793,CCTCCCTCCCCTCTACTTTCTGG,0,0,0.073303167,0,0.090032355,485,157.1633304,0.708695652,2.108695652,0,0,0,0
17794,AGGAACACCAGGGAGGAGATGGA,0,0,0.007067308,0,0.05902077,387.5,156.8178737,0,-0.02173913,0,0,0,0
17795,GGAAATGGAGCTGGAGGTGGGGG,0,0,0.204664723,0,0.822304167,620,210.3240827,0,0.086956522,0,0,0,0
17796,TGGAAGGAGAAATGAGAACTGGG,0,0,0.195249042,0.173760199,0.167894875,485,161.1858326,0,-0.195652174,0,0,0,0
17797,GGCAATGGGGGTGGAGGTGGGGG,0,0,0.091836735,0,1.411646586,530,209.7817793,0.030434783,0.239130435,0,0,0,0
17798,GTCTTGTTTTTATTGTTTACAAG,0,0,0.010656011,0.056254173,0.054254025,387.5,156.5585831,0.07826087,-0.043478261,0,0,0,0
17799,TATACAGTAGCAGAGTTTTTTAG,0,0,0.07093254,0.826901994,0.814229167,620,213.786199,0.017391304,0.239130435,0,0,0,0
17800,AAGATCACCAGTTAATAGAGAGG,0,0,0.086877828,0.158578648,0.155902215,425,193.9653379,0,0.043478261,0,0,0,0
17801,ATCACCTTCAATGATTAAGGAGA,0,0,0.002524038,0,0.083169333,455,176.4698282,0,-0.086956522,0,0,0,0
17802,CCTGCCTCAGCTCTCCTGAGTGA,0,0,0.000127324,0,0.01914801,387.5,138.4722649,0.056521739,-0.173913043,0,0,0,0
17803,CTTGTCCTGCAGGGGAGTAAAGG,0,0,0.018560606,0.238102959,0.234278012,522.5,196.6450611,0,-0.304347826,0,0,0,0
17804,TGGATGGTGAATTGAGGAGTTAG,0,0,0.034567901,0,1.099554023,530,204.5923462,0,-0.108695652,0,0,0,0
17805,GTCCCCCTCCTCCCCGAATCAGG,0,0,0.056230949,0,0.066310475,387.5,166.3204719,0,0.260869565,0,0,1,0
17806,TAGCCAGAAGAAGAGGCACACAG,0,0,0.080549504,0,1.286675824,622.5,216.51008,0,-0.108695652,0,0,0,0
17807,GTCCCCCTCCCGCCCTCCTCAGA,0,0,0,0,0.070598108,357.5,187.72539,0.004347826,0.02173913,0,0,1,0
17808,GGAGAGAGAGTGTGAGTGTGTGA,0,0,0.011726364,0,0.10444789,455,181.0956866,0,-0.391304348,0,0,0,0
17809,AAATGCGAAGATGAGGGCCATGG,0,0,0.001697649,0,0.033763216,387.5,163.2884712,0.873913043,3.02173913,0,0,0,0
17810,AAGCCCGAGCAAAGGAAGAAAGG,1,0.047739578,0.253647059,0.11208573,0.110193987,425,198.9711149,0,-0.391304348,0,0,0,0
17811,ATGAACAACAGGGAGTCCAGAGA,0,0,0.001896592,0,0.053117476,387.5,161.9746382,0,0.065217391,0,0,0,0
17812,AAAAGTGAATAAGAGGGACAAGA,0,0,0.001128924,0,0.322464761,552.5,190.5625685,0,NA,0,0,0,0
17813,TGAATGGATGAATGAAGAGATGG,0,0,0.225,0,0.068415575,485,160.2861938,0,0.217391304,0,0,0,0
17814,AAAAGAGAGGAAGAGACACCAGA,0,0,0.005010422,0,0.069386993,485,159.9405938,0,-0.152173913,0,0,0,0
17815,CTTGACCCACACGGCAATAGAAG,0,0,0.05597847,0.125064555,0.125064555,387.5,152.0718686,0.691304348,0.869565217,0,0,0,0
17816,AAAAAAGAGGAAGAGTCACACAG,0,0,0,0,0.15797057,552.5,195.7898738,0.02173913,0.130434783,0,0,0,0
17817,CCCTCTTTGGCACCCTCCTTAAG,0,0,0,0.153250409,0.153250409,552.5,192.9600573,0,0.130434783,0,0,0,0
17818,AAAAGAAAATAAAAGGCACATAG,0,0,0.092592592,0,0.348294667,522.5,201.4521622,0,-0.673913043,0,0,0,0
17819,GGGACAGAGCCAGCATTCCTGAG,0,0,0.016787285,0.115274138,0.111383028,485,162.2177886,0,0.173913043,0,0,0,0
17820,ATATGAGAAGCAGAGTTACAAAG,0,0,0,0,0.058190825,387.5,174.4553793,0,-0.086956522,0,0,0,0
17821,TGGCTGGAGAAAGGAGGAGGAGA,0,0,0.001053107,0,0.235330927,455,166.6977431,0.017391304,0.043478261,0,0,0,0
17822,GCTGCCCCCAAGCCTGGCCCTGG,0,0,0.055803571,0.412429118,0.397764972,552.5,176.7010197,0.004347826,-0.326086957,0,0,0,0
17823,GCCTCTCTCCCACTCTCCTGGAG,0,0,0,0.01116016,0.010971803,387.5,150.7516087,0,0.043478261,0,0,0,0
17824,TCCTTCCCAAAGCCTGGCCACAG,0,0,0.164983165,6.012658228,6.012658228,635,220.31168,0.030434783,0.282608696,0,0,0,0
17825,GGCACTGGGGGTGCGGGTGGGGG,0,0,0.044770408,0,0.030250211,327.5,184.0238931,0,-0.173913043,0,0,0,0
17826,AACACCAGTGAGAGCAGCTGGAG,0,0,0.015229215,0,0.006644418,295,153.1064733,0.169565217,-0.173913043,0,1,1,0
17827,GATCAGAAAGTATACACTGCAAG,0,0,0.007678596,0.133372593,0.133372593,425,196.4489107,0,-0.326086957,0,0,0,0
17828,TGTGAGTGTGTGTGTGAATGTGA,0,0,0.013461538,0,0.073001262,485,168.8307753,0.426086957,-0.239130435,0,0,0,0
17829,GGAGTCCCTGCAGCAGCCCCTGA,0,0,0.003306878,0,0.133501865,455,180.1952298,0.769565217,-0.347826087,0,0,0,0
17830,TCCATCCATCCACAGACGAATGG,0,0,0.072180451,0,0.039962519,387.5,153.5293462,0,-0.47826087,0,0,0,0
17831,GCTGAGTGACTGTGTGAGAGTAG,0,0,0.00957265,0,0.176849269,485,162.2341526,0.339130435,1.413043478,0,0,0,0
17832,TCCTGGGTCTCCAGATGGATGAG,0,0,0.129554656,0.173156169,0.173156169,425,200.198595,0.065217391,-0.52173913,0,0,1,0
17833,CCCTCCTTCCCACCCACTTTGGG,1,0.095327851,0.417439703,0,0.397358025,560,193.1906827,0,-0.217391304,0,0,0,0
17834,CTCTCCTTAGTCACTACCTGAGG,0,0,0.12987013,0,0.223971519,522.5,205.3988954,0,-0.152173913,0,0,0,0
17835,GGTGACTGAGTGGGTGTATGAGA,0,0,0.003990575,0,0.026557651,387.5,161.5052511,0,-0.543478261,0,0,0,0
17836,AAAATGGAAGAAGAGGCAGAAGA,0,0,0.000885771,0,0.30174375,555,184.5040961,0,-0.260869565,0,0,0,0
17837,GAGTCCCAGCAGAAGAAACTGAG,0,0,0.015318302,0.026885761,0.026431993,442.5,123.5078861,0,-0.586956522,0,0,0,0
17838,GGAAAAGAGCCAGCATCAATTAG,0,0,0.046296296,0.059958029,0.058892109,485,158.5408864,0,0.347826087,0,0,0,0
17839,GAGATCTCTGTCCTCTCCATCAG,0,0,0.00976801,0.177102633,0.174113559,552.5,195.9005764,0,-0.565217391,0,0,0,1
17840,GGTGGGTGAGGGGGTGAGTGAGG,0,0,0.03506087,0,0.124300022,357.5,181.1961647,0,0.260869565,0,0,0,0
17841,GGGTTGGAGGATTGAGGAATGGA,0,0,0.010064412,0,0.259209507,455,179.8622996,0.082608696,0.065217391,0,0,0,0
17842,TGGATGTATGAATGATGGGTGGA,0,0,0,0,0.020128062,485,170.1452797,0.030434783,-0.043478261,0,0,0,0
17843,GACATCGCTGGCCGCCCCTTTGG,0,0,0,0.038505932,0.037268793,357.5,167.4829148,0,0.130434783,0,0,0,0
17844,GAGAAAAGCCCAGCATCCTTAGG,1,0.002182725,0.413675214,0.353204637,0.34064625,552.5,182.7290023,0,0.043478261,0,0,0,0
17845,TGGGTGGATGAATGATGAATGGA,0,0,0,0,0.052414635,485,166.3301938,0.008695652,0.173913043,0,0,0,0
17846,GTGGGCAACAGTGAGTAGAGCAG,0,0,0.075833333,1.38618677,1.364942529,620,213.938263,0,-0.760869565,0,0,0,0
17847,TGGATGGATGAAAGTGGAGGGAG,0,0,0.003378582,0,0.037807551,357.5,154.3962776,0,0.152173913,0,0,0,0
17848,GGGTAGGGGGAGGTTGCTATGAG,0,0,0.007536232,0.080487776,0.080487776,387.5,140.5267596,0,0.02173913,0,0,0,0
17849,GGGTGGGGGGGGTTCTCTCTGGG,0,0,0,0.015263278,0.015263278,290,144.3368689,0,0.108695652,0,0,1,0
17850,TACTTGTTTTTGTTGTCCTCTGA,0,0,0.010893246,0,0.166452825,357.5,184.2677048,0.02173913,0.086956522,0,0,0,0
17851,AAAAAAAAAGAAAAGGCACAGGG,0,0,0.380952381,0,0.378170105,522.5,205.1555787,0.004347826,0.086956522,0,0,0,0
17852,GACATACAAGCAGAGATTTTTGG,0,0,0.369318182,0,0.101685739,555,196.4540893,0.52173913,-0.195652174,0,0,0,0
17853,AAAGAAGAGGAAGAGGCTCATGG,0,0,0.180555556,0.186301638,0.180012975,552.5,187.6549664,0,-0.217391304,0,0,0,0
17854,CCCCCACATCCAGAGACACATAG,0,0,0.08496732,1.403540904,1.403540904,630,216.452096,0,-0.195652174,0,0,0,0
17855,TGGATTCAGGAATTAGGACTTGG,0,0,0.054789272,0,0.029152743,455,172.6436506,0,0.152173913,0,0,0,0
17856,AAAAGGGGAGAAGAGGCAGAAGA,0,0,0.002165218,0,0.30174375,552.5,182.6925991,0.186956522,-0.086956522,0,0,0,0
17857,CCCATCCATAAAAACACACAGGA,0,0,0.011363636,0,0.069181599,327.5,184.2718378,0.586956522,0.347826087,0,0,0,0
17858,GGTGTGTGAGTGTACGTGTGTGG,0,0,0.034710744,0,0.023109381,357.5,171.0793627,0,0.304347826,0,0,0,0
17859,GGTGTGTGAGTGTACGTGTGTGA,0,0,0.002410468,0,0.023109381,357.5,171.0793627,0,-0.5,0,0,0,0
17860,CCCACCCCAAACCCTGCCCATGA,0,0,0.002942353,0,0.299915,455,189.6241885,0,-0.739130435,0,0,0,0
17861,GGGATCCCTTCTTCACCAACAGG,0,0,0,0,0.032734012,387.5,161.1362536,0,0.369565217,0,0,0,0
17862,GAATGAGGAGAAGAAGCATATGG,0,0,0.318552037,0,0.141195423,455,171.1451615,0,-0.5,0,0,0,0
17863,GGAATCACCTCTTCTGCACCAGG,0,0,0.041538462,0,0.05907749,425,189.1506967,0.326086957,0.434782609,0,0,0,0
17864,GACTTCTTTTACTTGTTCTATGG,0,0,0.067284689,0,0.103551416,357.5,166.3302319,0,0.152173913,0,0,0,0
17865,GATATATTTTCATTGTTTTCCAG,0,0,0.054563492,0,0.185123143,552.5,190.5890827,0.043478261,-0.326086957,0,0,1,0
17866,AACCCCCTCCTCCCCGGCTCAAG,0,0,0.004223228,0,0.716018519,462.5,193.1838052,0.591304348,-0.152173913,0,0,0,0
17867,AATCACTACTATATTCTCAAAAG,0,0,0.004003268,0,0.128847539,425,194.0200972,0,0.152173913,0,0,0,1
17868,TGTGGGTGTGTGTGTGAGTGTGG,0,0,0.2016,0,0.372455417,552.5,192.9657886,0,-0.391304348,0,0,0,0
17869,TGTGGGTGTGTGTGTGAGTGTGA,0,0,0.014,0,0.372455417,552.5,192.9657886,0,0.02173913,0,0,0,0
17870,GGCACTACCGTCGGAGGTGGAGA,0,0,0.010900031,0,0.14870043,425,198.9108547,0,0.02173913,0,0,0,0
17871,CCCATCCTTCAGGAGACATAAGG,0,0,0.107142857,0.127147103,0.123062056,357.5,171.4059989,0.234782609,0.369565217,0,0,1,0
17872,GGTGTGTGGGTGTGGGGGTGTGG,0,0,0.000713012,0,0.094763973,455,178.758767,0,-0.565217391,0,0,1,0
17873,GGAGCTGCAGGTGGAGGTGGCAG,0,0,0.022569444,0,0.456378813,522.5,207.6085359,0,-0.413043478,0,0,0,0
17874,TGGAAGTAGAAATGAGGAATAAG,0,0,0.049382716,0,0.29784987,552.5,179.7887628,0,-0.673913043,0,0,0,0
17875,AAAGGAGAAAAAGAAGCAGAGAG,0,0,0.017792302,0,0.123105465,455,168.3796421,0,-0.326086957,0,0,0,0
17876,TGTGTGTTTGTGTGTGCGTGTGA,0,0,0.009469697,0,0.833979885,620,210.8520827,0,-0.065217391,0,0,0,0
17877,GAGTCAGACCAGAAAAAAAAAGA,0,0,0.022624434,0,0.029187304,455,173.8238808,0,-0.413043478,0,0,0,0
17878,CATGCCTCCGCTGATCTCACAGG,0,0,0.01227863,0,0.02322943,362.5,183.6144732,0,-0.260869565,0,0,0,0
17879,CAATCAGAGCAGAGGAAGAAGAG,0,0,0.060185185,0.135899391,0.13360573,522.5,205.2468314,0.17826087,0.108695652,0,0,0,0
17880,GGGATGGGGGAGTTGGATCCCAG,0,0,0.000864198,0.15775912,0.155096519,455,181.8449474,0.034782609,-0.086956522,0,0,0,0
17881,GATTTGTTATCTTTGTTCTCTGG,0,0,0.212797619,0.812650102,0.792076682,530,208.1961192,0.604347826,1.608695652,0,0,0,0
17882,AATTGAAAATAAGAGTCACAAGA,0,0,0,0,0.160358588,552.5,194.0086569,0,-0.586956522,1,0,1,0
17883,GACCCACTCCACCCTTCCTATGA,0,0,0,0,0.017480796,387.5,148.7809686,0,-0.304347826,1,0,1,0
17884,TGGATGGAGGGTGGAGTAGTTGA,0,0,0.00098128,0,0.055532106,295,174.7683842,0,-0.260869565,0,0,0,0
17885,AGGGTGGGGGCATGAGGAGTAGG,0,0,0.183333333,0.807015306,0.794051205,522.5,208.9964993,0,0.065217391,0,0,0,0
17886,GACACCTTTGTTATTACCTGAGA,0,0,0.018984221,0,0.43009247,522.5,205.9957992,0,-0.456521739,0,0,0,0
17887,CCCTGTGGCTCTGCAGGGTTCAG,0,0,0.015187377,0,0.011549968,387.5,156.4245726,1,2.304347826,0,0,0,0
17888,AGTGTGTGCGTGTGTGTGTGTGA,0,0,0.006060606,0,0.372455417,552.5,192.9657886,0,-0.043478261,0,0,0,0
17889,GGCTCTTTCCCACCCACTAGAGA,0,0,0.001565844,0,0.043060389,442.5,125.6510669,0.208695652,0.413043478,0,0,0,0
17890,GAAAACAAATCATTGACTGCAGG,0,0,0.36491228,0,0.386274222,530,202.8954789,0,-0.086956522,0,0,0,0
17891,TGGGTGGGGGAAAGAGGAATGGA,0,0,0.015739469,0,0.19301625,455,174.9792626,0,-0.804347826,0,0,0,0
17892,GACACAGACCGGGCACGTGAGGG,1,0.107180385,0.274463937,0.658890918,0.648306325,522.5,205.3785631,0,0.434782609,0,0,0,0
17893,GTCACCCCCAATGACTTGTTGAG,0,0,0.011090535,0.052811317,0.051919986,417.5,127.9451083,0,-0.891304348,0,0,0,0
17894,TGAATGGATAAATGAGGAGATGA,0,0,0.014583333,0,0.366341539,552.5,172.5828833,0,-0.217391304,0,0,0,0
17895,GGGTGTGTGGAGTTTTCTCAAGA,0,0,0,0,0.06522685,485,159.8881732,0.430434783,3.239130435,0,0,1,0
17896,GAGAAAAACTCAGCATCCATCAG,0,0,0.147477794,0.325301471,0.313735196,552.5,180.8370828,0,-0.391304348,0,0,0,0
17897,AAGAACACCAGTGATTAGATTGA,0,0,0.005876068,0,0.399880226,462.5,168.8153785,0,-0.347826087,0,0,0,0
17898,TACACCTGTGAGTAGTGCTGTGA,0,0,0,0,0.061892065,485,168.7803934,0,0.217391304,0,0,0,0
17899,TGGAGGTAGAAATGTGGAGTCGG,0,0,0.068266667,0.245134206,0.241196307,522.5,196.3297412,0,-0.065217391,0,0,0,0
17900,GAAGACAAACAATAGACTGGAGA,0,0,0.000612745,0,0.337490089,455,169.9669799,0,-0.195652174,0,0,0,0
17901,AGATGAGACGAAGAGACTCAAAG,0,0,0.059259259,0,0.032613551,485,172.2884605,0,0.391304348,0,0,0,0
17902,CCCCTCCATCCACAGACCCGGGG,0,0,0.02164581,0.050987732,0.050081283,387.5,146.2661463,0,0,0,0,0,1
17903,ATGAACACCTTTGACTGGAGAAG,0,0,0.00423452,0.073108839,0.071988397,357.5,172.7850472,0.813043478,1.217391304,0,0,0,0
17904,GGCAGTGCAGGTGGGGGTGGTGA,0,0,0.004352679,0,0.130024297,425,193.5147944,0.030434783,0.282608696,0,0,0,0
17905,AAATAAAAGGAGGAGGCACAGAG,0,0,0.108184728,0,0.280247265,522.5,203.8526184,0.065217391,-0.586956522,0,0,0,0
17906,CTCATCCACACAGAGAAACAAGG,0,0,0.33939394,0.343031439,0.343031439,552.5,189.0223722,0,-0.47826087,0,0,0,0
17907,GTCATCTTTATCATTAGCAGTGG,0,0,0.009411765,0,0.097639973,485,158.5143722,0,-0.434782609,0,0,0,0
17908,GACATGGAAGCAGAGTTGTACGG,0,0,0.059659091,0.078292445,0.078292445,485,153.5647628,0,-0.434782609,0,0,0,0
17909,GTCTCCCTACAGCCTTGCCAAGA,0,0,0,0,0.238119304,552.5,193.5800207,0,-0.347826087,0,1,0,0
17910,ACATGAGAAGGTGAAGCACAAGG,0,0,0.16022409,0,0.110001703,327.5,190.8067943,0,0.043478261,0,0,0,0
17911,GGTATCTTTTCAGCAGCACCTGA,0,0,0.027879902,0,0.474043556,522.5,205.4729018,0.017391304,-0.5,0,0,0,0
17912,GGAATCCACTCAGCAGCACAGGG,0,0,0.24,0.1884295,0.1884295,455,167.2867023,0.039130435,0.130434783,0,0,0,0
17913,GGAGTGTGTGTGTGTGTGTGAGA,0,0,0.005050505,0,0.348646558,552.5,192.4377886,0.008695652,1.086956522,0,0,0,0
17914,AGTGATGGAGTGTGTGCCTGTGG,0,0,0.168067227,0,0.128234388,552.5,189.6075019,0,0.260869565,0,0,0,0
17915,GGAGTGTGTGTGTGTGTGTGAGG,0,0,0.072727273,0,0.348646558,552.5,192.4377886,0,-0.065217391,0,0,0,0
17916,CCTTGTGTGTCTGCATGGAGGAG,0,0,0.008345005,0.061451939,0.059266981,455,165.9354351,0.808695652,-0.369565217,0,0,0,0
17917,GGTGAGTGTGTGTGGGGGTGGGG,0,0,0.001764706,0,0.168469286,462.5,181.247087,0.017391304,0.326086957,0,0,0,0
17918,TGGATGGAGGAAGGAGGAAAGGG,0,0,0.104813664,0,0.129297633,395,143.0150796,0,-1.565217391,0,0,0,0
17919,ACATGAAAAAAAGAGGAACAGGA,0,0,0.023765432,0,0.383454129,552.5,190.5989717,0,-0.086956522,0,0,0,0
17920,GAGGCTGAAAAGAAGAAGAAAAG,0,0,0.083829365,0,0.464697762,620,207.5888992,0.008695652,-0.02173913,0,0,0,0
17921,CACCGGGTCTCTGGATTGATGGG,0,0,0.067226891,0,0.368797917,552.5,195.3143049,0.004347826,0.195652174,0,0,0,0
17922,GGTGTGGGAGTGTATGGGTGAGG,0,0,0.00943693,0,0.058894431,455,182.9032035,0.008695652,0.108695652,0,0,0,0
17923,TGGGTGGAGGACACAGGAGTAAG,0,0,0.012651822,0,0.040589889,362.5,189.4717944,0,-0.195652174,0,0,0,0
17924,GGACAAAAAGCATAGACAGATGA,0,0,0.017195767,0,0.082703287,485,154.6130828,0,-0.173913043,0,0,0,0
17925,TGTGTGTGAGCGTGTGTGTGTGG,0,0,0.113131313,0,0.33831875,455,190.6954852,0.043478261,0.108695652,0,0,0,0
17926,TGTGTGTGAGCGTGTGTGTGTGA,0,0,0.007856341,0,0.33831875,455,190.6954852,0.095652174,0.02173913,0,0,0,0
17927,AGAAGAGGAGAAGAGACACAGAG,0,0,0.072427983,0,0.258544304,552.5,197.6981572,0.295652174,0.369565217,0,0,0,0
17928,TGTGTGTGGGTGTGTGTGTGCAG,0,0,0.02933034,0.379196691,0.372455417,552.5,192.9657886,0.039130435,0.586956522,0,0,0,0
17929,TGTTTGGAGGAAAAAGGAGTAAG,0,0,0.042832168,0,0.081344777,425,196.6598948,0.043478261,0.173913043,0,0,0,0
17930,GGTGAGATAGTGCGTGCCTGTAG,0,0,0.053301657,0,0.074121341,455,178.7943484,0.056521739,0.152173913,0,0,0,0
17931,CCTGCCTGGGCTCTGCCCACAGG,0,0,0.182593037,0,0.090197035,455,176.94727,0,0.239130435,0,0,0,0
17932,GTCTCTTTCCCATCCACCTTTGA,1,0.014160168,0.044191919,0,3.604411765,537.5,211.8606795,0.313043478,-0.130434783,0,0,0,0
17933,GGTGAGCCAGTGAGTGGGTGGAG,0,0,0.004466875,0,0.145595491,455,183.2315706,0,-0.152173913,0,0,0,1
17934,TGTGAGTGTGTGTGTGGGAGAGA,0,0,0.00070028,0,0.123933228,485,163.5061086,0.108695652,-0.130434783,0,0,0,0
17935,CAGTCCCACGAGAAGAAGAATGG,0,0,0.102831196,0,0.54989158,620,207.8653024,0,-0.391304348,0,0,0,0
17936,GCCACCAGTGAGAAGAGCGGAGA,0,0,0.037774725,0,1.150704225,530,210.6606795,0,0.02173913,0,0,0,0
17937,TGTGAGTGGGTGTGTATGTGAGG,0,0,0.311111111,0,0.064062332,485,176.9656827,0.982608696,0.065217391,0,0,0,0
17938,GGGGAGGGGGCGTCTGCTCCCGA,0,0,0.004298942,0,0.11831363,425,199.1688116,0.069565217,-0.369565217,0,0,0,0
17939,CATCCCTCCACTCTACTAACAGA,0,0,0.013437543,0,0.285817,552.5,187.6713303,0.739130435,1.239130435,0,0,0,0
17940,GCCTGAGTCTCTGGAGGGGTAGA,0,0,0.007133152,0,0.054823864,485,169.3775902,0,-0.065217391,0,0,0,0
17941,GGTGAGTGTGGGAGTGTGTGGGA,0,0,0.005384615,0,0.068963652,357.5,178.5247043,0.039130435,-0.02173913,0,0,0,0
17942,GACACAGAGGCTGGAGCTGGAGG,0,0,0.112156863,0,0.368797917,552.5,193.088088,0,-0.304347826,0,0,0,0
17943,GGAGAGTGAGGTTGTGTGTGTGA,0,0,0.003561254,0,0.155812486,357.5,183.7397048,0.026086957,-0.02173913,0,0,0,0
17944,CTGATCCCTTCTGCAGCACTGGA,0,0,0.005787037,0,0.687682923,555,181.2944001,0.956521739,-0.086956522,0,0,0,0
17945,AAATGAGAATAGGAGGGAGAAGA,0,0,0.000299635,0,0.07862335,387.5,154.7580521,0,-0.434782609,0,0,1,0
17946,AATTACAACCACATCCTGAATGG,0,0,0.019393939,0,0.185328808,552.5,185.5281495,0.3,-0.413043478,0,0,0,0
17947,GGGTCCCCAAACCCTGGCCGCAG,0,0,0.036507698,0,0.338339998,455,173.5782996,0.765217391,1.847826087,0,0,0,0
17948,GGTGTCTGTGTGTGTGTGTGCGG,0,0,0.069421488,0,0.213926133,552.5,191.1798046,0.013043478,0.065217391,0,0,0,0
17949,AATGAATACTACATATTCAAGGA,0,0,0.003582451,0,0.027251778,455,183.5353877,0,0.108695652,0,0,0,0
17950,GGCCCAGAAGGAGCAGGAGAGGA,0,0,0.003052503,0,0.02714194,485,167.5367241,0.930434783,-0.434782609,0,0,0,0
17951,AGTGTGTGCGTGTGTGTGTGAGG,0,0,0.087272727,0,0.372455417,552.5,192.9657886,0,-0.152173913,0,2,1,0
17952,AGTGTGTGCGTGTGTGTGTGAGA,0,0,0.006060606,0,0.372455417,552.5,192.9657886,0.908695652,1.52173913,0,0,0,0
17953,GAGCACCTCCGCCCAGCCTCAGG,0,0,0.041269841,0,0.220450566,425,196.9465747,0,0.108695652,0,0,1,0
17954,GGAACTGCGGCGGGAGCTGTAGG,0,0,0.071372549,0,0.123313651,387.5,152.8321886,0.260869565,0.347826087,1,0,0,0
17955,AAAAAAGAAGAAAAGGCACAGGA,0,0,0.026455026,0,1.034177215,530,208.7387595,0,-0.195652174,0,0,0,0
17956,ATGAACCGAAGTGAGAAGAGAAG,0,0,0.056818182,0,0.102694193,555,192.468796,0,-0.456521739,0,0,0,0
17957,CTACCCCTCCACCCCGACTCGGA,0,0,0.014590348,0,0.601049167,555,197.4458889,0,-0.717391304,0,0,0,0
17958,GGTATCTAAGTCATTACCTGTGG,1,0.0024,0.462,0,2.50789826,627.5,216.532183,1,2.326086957,0,0,0,0
17959,GACTTTTTCAGATTGTTCTCTGA,0,0,0.009157509,0,0.246570675,525,202.2324155,0,-0.47826087,0,0,0,0
17960,AGCCCAGAGTGAGCAGGTGGCAG,0,0,0.016993464,0.074698916,0.073296119,485,160.8141938,0.991304348,2.760869565,0,0,0,0
17961,CCAGTGAGGAGAGCCAAGTCAGA,0,0,0.007816258,0,0.012693183,387.5,152.9967722,0.186956522,0.391304348,0,0,0,0
17962,TCTGCCTCGGCTCTGCTCGCAGG,0,0,0.150892857,0.086270403,0.086270403,455,170.2851981,0,1.304347826,0,0,0,0
17963,AGTGAGTGAGTGAGTGAGTAAAG,0,0,0.070673077,0,0.103916143,387.5,151.5769685,0,-0.369565217,0,0,0,0
17964,GAGGCGAAGAAGAAGAAGAAGAG,0,0,0.070216049,0,0.519457564,620,209.1654988,0,-0.195652174,0,0,0,0
17965,GGGATGCAGGACTGAGGAGGAGA,0,0,0.002120771,0,0.234367362,455,171.9631188,0.056521739,-0.043478261,0,0,0,0
17966,CTTGCTCCACTGGGCTTTAATGG,0,0,0,0,0.031812153,387.5,172.9093953,0,0.043478261,0,0,0,0
17967,TGTGCGTGTGTGTGTGGGTGTGG,0,0,0.017647059,0,0.372455417,552.5,192.9657886,0,0.304347826,0,0,0,0
17968,GGTGTGTGAGTGTGTGCATTGGG,0,0,0.176223776,0.265454359,0.257530348,492.5,156.5507468,0,-0.369565217,0,0,0,0
17969,TCCACTTTCACACCCACTTTCAG,0,0,0.068783069,0,0.285817,552.5,187.9113303,0,-0.239130435,0,0,0,0
17970,GGCACTGCACCTGGAGTAGGGAG,0,0,0.011111111,0,0.060753761,485,163.8390389,0.008695652,-0.043478261,0,0,0,0
17971,GTGGAAGACTCAGCATCTGTAGA,0,0,0.01671123,0,0.285817,552.5,187.6713303,0.086956522,-0.086956522,0,0,0,0
17972,GAGACCAAACAGAGGAAGAAGGG,0,0,0.142857143,0.090414268,0.08896183,522.5,200.3442542,0,-0.304347826,0,0,0,0
17973,ATCAACATCAGTGAGTAAAGTGG,0,0,0.232988166,0,0.60893267,560,191.3488498,0.195652174,-0.695652174,0,0,0,0
17974,AGCACTGTGCCTGGAGGCGGTGA,0,0,0.009375,0,0.285817,552.5,185.6851133,0,-0.152173913,0,0,0,0
17975,AACACCAGTCAGGAGAGGGAAGA,0,0,0.000905797,0,0.041679092,387.5,142.1480098,1,1.717391304,0,0,0,0
17976,CCTGCCCCACAAGCCAGTCATGG,0,0,0.070935961,0.037910286,0.036562365,357.5,168.856715,0.143478261,-0.086956522,0,0,0,0
17977,CCTGCCTCTGCTGTGTTCACAGG,0,0,0.023863636,0.01510905,0.014877494,357.5,174.2454516,0,-0.130434783,0,0,0,0
17978,CAACAAAATGGATAGACTGCTAG,0,0,0.025793651,0,0.293524998,522.5,207.2241519,0,-0.217391304,0,0,0,0
17979,GGTGGGTGGGTGTGTGTGTGAAG,0,0,0.058074074,0,0.699446792,560,194.1657886,NA,NA,0,0,0,0
17980,TGGATTTAGGCATGAGGAGGGGA,0,0,0.001867414,0,0.143751255,455,171.6631516,0.9,1.913043478,0,0,0,0
17981,AATGAGGACAACATCCCCAAAAG,0,0,0.036908881,0.216587939,0.20962929,552.5,189.0529877,0.004347826,0.304347826,0,0,0,0
17982,TCTGAGTGAGTGTGTGGGCGTGG,0,0,0.011234202,0,0.202836708,485,167.225889,0.443478261,-0.586956522,0,0,0,0
17983,AAATGAGAAATAGAGGGATAAGG,0,0,0.007796728,0,0.088690974,387.5,156.2440689,0,-0.130434783,0,0,0,0
17984,CCCACCCCTCAGGAGACACATAG,0,0,0.060185185,0.37851216,0.372711207,425,200.8656789,0.02173913,-0.195652174,0,0,0,0
17985,GGGAAAGACCCCACATACATAAG,0,0,0.020992653,0,0.031518222,290,150.250468,0,-0.086956522,0,0,0,0
17986,CCCTGTGTCTTTCTTTGGATAGA,0,0,0.000479832,0,0.011192246,265,177.6243895,0.130434783,-0.391304348,0,0,0,0
17987,GCCTGTGTCCCACCCACCCACAG,0,0,0.014198783,0.142049486,0.142049486,485,147.6428993,0.113043478,0.065217391,0,0,1,0
17988,AAATGAAAAAGAGATGCACAGGG,0,0,0.086666667,0,0.127709286,425,191.3879775,0.569565217,-0.260869565,0,0,0,0
17989,GCCTCCCAAAAGCTTTGCAAGAG,0,0,0,0,0.011549968,387.5,156.4245726,0.043478261,-0.369565217,0,0,0,0
17990,GGGATGGAGGATGGAGGAATGGA,0,0,0.004125784,0,0.100314079,357.5,171.2365791,0,-0.326086957,0,0,0,0
17991,AAGGACAACTTCATGCTCAAGAG,0,0,0.001495726,0,0.150567737,425,195.8517139,0,-0.543478261,0,0,0,0
17992,TGTATGTGTGTGTGTGCGTGAGA,0,0,0.013636364,0,0.833979885,620,213.0782996,0.173913043,-0.065217391,0,0,0,0
17993,GGAAGCCCTTCTGCATCTCAGGG,0,0,0,0.022258348,0.022258348,417.5,138.0623209,0.047826087,-0.173913043,0,0,0,0
17994,GAGCTCCCCCACCCCGCCCCGGG,0,0,0.087774295,0,0.4917675,552.5,183.5358631,0.908695652,-0.152173913,0,0,1,0
17995,ATAAGAGAGGAAGAGTCACAGAG,0,0,0,0,0.15797057,552.5,196.8381938,0,0.02173913,0,0,0,0
17996,GAGCAGTGAGTGTGTGCTTGTGG,0,0,0.149321267,0.311526923,0.305988667,555,192.1350667,0,0.130434783,0,0,0,0
17997,GGTGAGTGAGTGAGTGGGGCTGG,0,0,0.004363284,0,0.026713615,320,120.8289685,NA,0.956521739,0,0,0,0
17998,AGAGGAGAAGCAGAGGGACAGGA,0,0,0.000816993,0,0.33831875,455,190.8702052,0.017391304,-0.152173913,0,0,0,0
17999,GACTTGCTTTCATTTCTATCTAG,0,0,0.009140551,0.009121743,0.008828675,387.5,159.8980385,0,0.347826087,0,0,0,0
18000,GAGCCTGTGAAGAAGAAGAAGGA,0,0,0.015497866,0,0.760552802,620,208.4488626,0,-0.326086957,0,0,0,0
18001,TCCATACATCCGGAGACCCAGAG,0,0,0.033117774,0.095779306,0.09237382,455,184.2745823,0,-0.152173913,0,0,0,0
18002,GATCCCCTCCACGGCCCCTCGGG,0,0,0,0,0.014699722,357.5,180.2450689,0,-0.108695652,0,0,0,0
18003,CCTGCCCCACACGGGAGAAAGGA,0,0,0.00105042,0,0.040919312,357.5,171.6135447,0,0,0,0,0,0
18004,TGGATTGAAGAATGAGAAGGTGG,0,0,0.070588235,0,0.089207198,485,155.3305247,0,-0.456521739,0,0,0,0
18005,GGAGAGAGAGTGTGTGCTGGGGA,0,0,0.007233796,0,0.065831932,485,160.117486,0,-0.065217391,0,0,0,0
18006,TAATAAGATGAAGAGGCACCAGA,0,0,0.008207071,0,0.426140229,552.5,176.8142997,0,0.347826087,0,0,0,0
18007,CACATTCATCCAGGCACACATGG,0,0,0.085950413,0,0.036314742,425,191.3278098,0.030434783,-0.282608696,0,0,0,0
18008,CCTCCCTACGCGCTACTCTCCGG,0,0,0.092647059,0.245385,0.245385,455,176.7624827,0,-0.260869565,0,0,0,0
18009,GGTGAGTTAGCGTGTGAATGAGG,0,0,0.134615385,0,0.059919104,387.5,163.460655,0.073913043,-0.086956522,0,0,0,0
18010,CACATAGGTGTCCTCCCCATAGG,1,0.00178971,0.486394558,1.576817558,1.538821954,627.5,215.514199,0.004347826,0.043478261,0,0,0,0
18011,AAGGCCAGTGAGGAGAGAGGGAG,0,0,0.011380528,0.118417614,0.118417614,455,182.8757462,0.004347826,0.260869565,0,0,0,0
18012,GCCACCCACCACCCCACCTCAGG,0,0,0.529323308,0,0.258544304,552.5,197.6981572,0,0.369565217,0,0,1,0
18013,GGAGCAGAATGAGCACATGACAG,0,0,0.089876543,0,0.348646558,552.5,192.8525086,0.008695652,-1.347826087,0,0,0,0
18014,AAATGAAAAGCAGAGGCAGCCAG,0,0,0.002946128,0,0.074845694,387.5,142.7011356,0.052173913,0.043478261,0,0,0,0
18015,GACTATGAGCAGAAAAAGAAAAG,0,0,0.049797697,0.240310978,0.240310978,522.5,201.3906744,0.117391304,-0.434782609,0,0,0,0
18016,GAGCCACTCCACCCAGCCTGGAG,0,0,0.001573469,0,0.105554194,455,165.5413945,0.213043478,-0.130434783,0,0,0,0
18017,TGTGTGTGCCTGTGTGCGTGCAG,0,0,0.021548822,0,0.805112123,620,208.9601632,0.047826087,-0.391304348,0,0,0,0
18018,GGGAAAGACCAGGCAGCCATGGA,0,0,0.009300595,0,0.020193493,290,157.21739,0,-0.173913043,0,0,0,0
18019,CTGAAGCCCTGTGAGTAGAGGGG,0,0,0.165441176,0.544491663,0.544491663,620,210.0390988,0.865217391,-0.108695652,0,0,0,0
18020,GGTGAGACAGTGTGAGCATGAGA,0,0,0.014987543,0,0.051329507,455,174.0866474,0,0.152173913,0,0,0,0
18021,GGTGAGTGTGTGGGTGTGTATGA,0,0,0.004755435,0,0.054313087,387.5,147.6171881,0,-0.47826087,0,0,0,0
18022,AGGATGGAGAGATGAGGAGAAAG,0,0,0.088472222,0.363326651,0.356503615,455,170.8405799,0,-0.043478261,0,0,0,0
18023,GCCTCCCCAAATGCTGGTTACAG,0,0,0.004034427,0,0.016045641,290,145.8132458,0,-0.673913043,0,0,0,0
18024,AGATGGGAACAAGAGACACAGGG,0,0,0.228571428,0,0.144062179,552.5,194.8938537,0,0.195652174,0,0,0,0
18025,GCCCCCCTCCCCGCCGCCCCCAG,0,0,0.003065134,0,0.107124019,357.5,172.4825958,0.017391304,-0.413043478,0,0,0,0
18026,GACTTTTTTCCACTGTCCTCTAG,0,0,0.051370256,0,0.1187797,455,181.936848,0,-0.282608696,0,0,0,0
18027,GGCACTGAGCCAGGAGCTGGGGG,0,0,0.048941177,0,0.249597935,455,182.4062351,0.052173913,-0.173913043,0,0,1,0
18028,GAAAACAACCCATAGACTGGGAG,0,0,0.002935443,0,0.371543143,552.5,172.2372833,0.060869565,-0.086956522,0,0,0,0
18029,TCTATCCATACAGGGACACAAGA,0,0,0.019309413,0,0.20338988,522.5,202.0410789,0,-1.326086957,0,0,0,0
18030,CCAGTCCAGCCAGAGACACTTGA,0,0,0.013971561,0,0.397764972,552.5,176.7010197,0.191304348,-0.152173913,0,0,0,0
18031,GGCACTGAGGCAGGAAGAGGAGG,0,0,0.346666667,0,0.023730405,387.5,165.6723234,0.034782609,0.108695652,0,0,0,0
18032,AAACAGAAAGCAAAGTCTGCTAG,0,0,0,0,0.063762765,455,190.6262696,0.108695652,-0.065217391,0,0,0,0
18033,GTCATTTTTGTCCTTTCCTGGGG,0,0,0,0,0.03520396,455,186.6664892,0,-0.173913043,0,0,0,0
18034,GGGTGGGGTGGGGTTTCTCCAGG,0,0,0,0,0.030809736,357.5,182.2223895,0,-0.5,0,0,0,0
18035,CCAGTAAGGAGAACGGGGGCCAG,0,0,0.026143791,0,0.078799562,455,182.968804,0,-0.217391304,0,0,0,0
18036,AACTTCTTTTCATTGTGATCAGA,0,0,0.002699506,0,0.072284392,485,171.0045717,0.030434783,-0.304347826,0,0,0,0
18037,CTCATTTTATTCATTGCCTGGGG,0,0,0.103635204,0,0.151745495,552.5,195.1338537,0,-0.130434783,0,0,0,0
18038,CAACAAAAATGATAGACTGCTAG,0,0,0.034928902,0,0.442449302,522.5,206.1921959,0,-0.108695652,0,0,0,0
18039,TGGATGGATGAATGGGCAGACAG,0,0,0.011895425,0,0.037612163,387.5,142.9094871,0.691304348,1.326086957,0,0,0,0
18040,GTCATCTCCAAAGCCAAGGGAGG,0,0,0.099173554,0,0.018039951,357.5,181.267969,0.004347826,0.347826087,0,0,0,0
18041,AACTGAGAAGAAGAGGGAGACAG,0,0,0.000816993,0.400699444,0.400699444,492.5,168.137889,0,-0.152173913,0,0,0,0
18042,GGTAAGTGAGTCGGTGAGTGAGG,0,0,0.058005115,0,0.11019029,357.5,180.1248679,0,0.152173913,0,0,0,0
18043,GGCACGGAGGCTGGCGGGGGGGG,0,0,0.033766234,0,0.047769728,455,174.6838442,0,-0.217391304,0,0,1,0
18044,AATGACCACTTCATACTCTTTAG,0,0,0.005727226,0,0.027953096,290,130.8772949,0.113043478,-0.173913043,0,0,0,0
18045,TGGCTGGAGGAATTAGCAGAGGA,0,0,0.000865052,0,0.037875241,387.5,148.5635044,0,0.195652174,0,0,0,0
18046,ACCTCTCCACATCCTGGCCAAGA,0,0,0.007440476,0,0.392225327,522.5,204.7061791,0,-0.195652174,0,0,0,0
18047,GGCTCCCCTCAGCCTGGCCTGAG,0,0,0.021642512,0.392475151,0.392475151,552.5,172.8708833,0.017391304,-0.326086957,0,0,1,0
18048,ACCTGTGTGTCTGGTTGCATAGA,0,0,0.00409423,0,0.050816463,455,175.6098648,0,-0.043478261,0,0,0,0
18049,AATCCCCTCCTCCCCGCCCCAGA,0,0,0.003647215,0,0.288307355,455,181.6939164,0,0,0,0,0,0
18050,AGAATGGAGGAATGAGGTATAAG,0,0,0.069444444,0,0.101816651,485,162.5006668,0,-0.630434783,0,0,0,0
18051,AACATGGAAGCAGATTTTTTCAG,0,0,0.010606061,0.252237445,0.243723101,522.5,201.9186744,0,1.586956522,0,0,0,0
18052,TGGAAAGAGGAAGGAAGAGTAGA,0,0,0.009057971,0,0.057616956,455,189.3379496,0.008695652,-0.173913043,0,0,0,0
18053,TGGAAAGAGGAAGGAAGAGTAGG,0,0,0.130434783,0,0.057616956,455,189.3379496,0,-0.47826087,0,0,0,0
18054,CCCTTTGACACTGGATGGAAGAG,0,0,0.03,0,0.60809025,552.5,172.6825267,0,-0.391304348,0,0,0,0
18055,AGCACCAGAGAGTAGGGTGGTGA,0,0,0.006377551,0,0.032613551,485,172.2884605,0,-0.217391304,0,0,0,0
18056,GTCCCAGTCTGAGCAAGTGTGGG,0,0,0.163636364,0,0.119960915,485,161.4341572,0.57826087,0.043478261,0,0,0,0
18057,GAATGTGAAGCATAGACTGCAGA,0,0,0.026218487,0,0.539222871,625,212.8689152,0.304347826,-0.347826087,0,0,0,0
18058,GAACACATATCATAGAATGGCAG,0,0,0.002478213,0,0.222260835,485,152.9847356,0,-0.347826087,0,0,0,0
18059,ATGTTGGAGGAAGGAGGAGTAGG,0,0,0.105641394,0.581724684,0.581724684,522.5,208.5870795,0.634782609,-0.043478261,0,0,0,0
18060,TCCTCACTCCCTCCCACCTTGGG,0,0,0.198611111,0.300523897,0.290868511,522.5,207.3147348,0.047826087,-0.239130435,0,0,0,0
18061,GGTGACTGAGTGGGTGAGAGTGA,0,0,0.001646904,0,0.04268194,387.5,156.1805845,0,0.130434783,0,0,0,0
18062,TGAGTGGAGGAATGAAGAATTAG,0,0,0.086805555,0,0.08458401,485,169.7619742,0,-0.152173913,0,0,0,0
18063,GTGAGCACCAGTGGGTAGATGGA,0,0,0.016333333,0,0.10391963,455,169.1348954,0,-0.47826087,0,0,0,0
18064,GGGGTGGAGGAATGAGGAGATGA,0,0,0.023352581,0,1.492090395,560,182.3888001,1,2.5,0,0,0,0
18065,TTATGAGAAGAATAGGCTCACAG,0,0,0.028282828,0,0.120099,455,184.0373462,0.004347826,-0.02173913,0,0,0,0
18066,TAATCAAAAGAAGAGGCATATGA,0,0,0.02518315,0,0.359837588,552.5,184.7804993,0.295652174,0,0,0,0,0
18067,TGTGGGTGAGGGTGTGCGTGTGA,0,0,0.02,0,1.562222222,530,212.8815963,0,0.413043478,0,0,0,0
18068,CACTGGTTTTCCTGGTTCTCCAG,0,0,0,0,0.110193987,425,198.5563949,0.004347826,-0.239130435,0,0,0,0
18069,GCCTCACTCCTACTCACCTTCAG,0,0,0.034855967,0,0.046641198,425,197.1615668,0,0.173913043,0,0,0,0
18070,GCATGCCCAAAGCATGCCCATGA,0,0,0.002973856,0,0.085021828,455,184.7583843,0,0.086956522,0,0,0,0
18071,GAACACAAAGCACATACTGGTGA,0,0,0.000460711,0,0.110005605,365,159.556058,0,0.02173913,0,0,0,0
18072,CCTGTCTCCTCTCCACTCCCCAG,0,0,0.007924068,0.067247453,0.064977497,455,170.532759,0,-0.456521739,0,0,0,0
18073,AAATGAAAAGAAGAGAAAGAAAG,0,0,0.015123457,0,0.021415438,417.5,147.7942823,0,-0.391304348,0,0,0,0
18074,AAATGTGATAAAGGGGCACAGAG,0,0,0.048395062,0,0.069239967,522.5,196.8233146,1,2.260869565,0,0,0,0
18075,AAGAACACCAGTTATTAGATTAG,0,0,0.006581197,0,0.072336432,357.5,158.116058,0.004347826,0.304347826,0,0,0,0
18076,GAGTGAGAGCAGAAGCAGGAAGG,0,0,0,0,0.049272081,485,168.0892702,0,-0.108695652,0,0,0,0
18077,AGGAGGGAAGAAAGAGGAGTGGG,0,0,0.284835165,0.355433782,0.355433782,522.5,204.4525791,0.013043478,-0.065217391,0,0,0,0
18078,GAGACTGAGGCTGGAGGAGGAGA,0,0,0.012731481,0,0.305988667,552.5,189.9088498,0.073913043,-0.239130435,0,0,0,0
18079,AAACAGAAAGCAAAGACTCCTGA,0,0,0.009698276,0,0.123353695,455,177.1666955,0.182608696,0.282608696,0,0,0,0
18080,GAAACTGCGGCTGGGCGTGGTGG,0,0,0,0,0.068319815,455,186.9365525,0,-0.065217391,0,0,0,0
18081,GCCTTCCTAGAGCCTGGCTATGG,0,0,0.142773893,0.451325191,0.436090585,552.5,179.0721267,0,-0.434782609,0,0,0,0
18082,AGGCCTGGGGCTGGAGGTGGAGG,0,0,0.10210084,0,1.345833333,620,214.698583,0.143478261,0.369565217,0,0,1,0
18083,GACTTGTTTTCATTATAACCTGG,0,0,0.074561814,0,0.008312935,345,127.8355341,0.030434783,0.173913043,0,0,0,0
18084,CCAAGGAGTAGGGCGGAGCCTGA,0,0,0.012950191,0,0.245385,455,178.5739796,0.186956522,0.391304348,0,1,1,0
18085,GGTGTGTGAGTCTGTATGTGAGG,0,0,0.089839572,0,0.048973462,387.5,171.9210426,0.008695652,-0.434782609,0,0,0,1
18086,TGTGAGTGTGTGTGAGAGTGTGG,0,0,0.162105263,0,0.099818052,455,180.047087,0.326086957,0.565217391,0,0,0,0
18087,GGTGTGCGTGTGTGTGAGTGGGG,0,0,0.07,0.241506693,0.241506693,552.5,190.5826078,0,-0.195652174,0,0,1,0
18088,TGGATGGAGGAAGGGAGAGAAAG,0,0,0.024728261,0,0.010153707,290,141.0676321,0,-0.043478261,0,0,0,0
18089,TGTGAGTGGGTGTGGGTGTGAGA,0,0,0.001080247,0,0.099818052,455,180.047087,0,0.217391304,0,0,0,0
18090,AGTGAGTGAGTTTATGCGAGGGA,0,0,0.005151099,0,0.038622217,357.5,169.096715,0,0.934782609,0,0,0,0
18091,GACATCTTTTCATTATTCTCAAG,0,0,0.079223609,0,0.456394074,530,203.5333944,0,0.065217391,0,0,0,0
18092,GAGGACGGGAAGAAGAAGAAGGA,0,0,0.015762786,0,1.257112069,620,208.9465266,0.639130435,0.782608696,0,0,0,0
18093,TCCTGTGTCTCAGGCTGGAGTAG,0,0,0.009982175,0,0.091962596,357.5,160.1392781,0,0.456521739,0,0,0,0
18094,TGCCTGGAGGAAACAGGAGTGGA,0,0,0.002796977,0,0.081344777,425,196.6598948,0,0,0,0,0,0
18095,AATGCCCACTGCATCCTCTGTGG,0,0,0.133823529,0.115428206,0.115428206,387.5,143.7959964,0,0.065217391,0,0,0,0
18096,GACTAGTTTTAATTTTTCTTAAG,0,0,0.004166667,0,0.098205585,357.5,160.3369748,0.047826087,-0.086956522,0,0,0,0
18097,CCCATCTCTCCACACACACAAAG,0,0,0.010366826,0,0.096689837,425,190.0106601,0,0,0,0,0,0
18098,ACCATTTTCCCACCCACATTTGA,0,0,0.010198135,0,0.310333333,552.5,191.6147467,0.017391304,0.108695652,0,0,0,0
18099,AATCACCACCACATCTTGAAGGA,0,0,0.000804424,0,0.046671384,485,170.6229044,0.02173913,0.195652174,0,0,0,0
18100,TCCTGTGTCTCTGGATGGTGAAG,0,0,0.024635495,0.4865,0.470008475,492.5,152.5144001,0,-0.086956522,0,0,0,0
18101,CTTGGCTCACAGGCCAGTATTGG,0,0,0.125357143,0,0.067191662,455,166.7517146,0.008695652,-0.173913043,0,0,0,0
18102,AAAAAAGAAGAAGAGAGACAGGG,0,0,0.024276377,0,0.099539557,485,178.763543,0.052173913,-0.152173913,0,0,0,0
18103,GGTGGGTGGGTGTGTACATGTGG,0,0,0.332307692,0,0.030962232,485,171.2401405,0,NA,0,0,0,0
18104,CTCACCCCCCAGGGCAGCAAGGA,0,0,0.006559767,0,0.186959075,552.5,188.4152864,0,-0.434782609,0,0,1,0
18105,GGCTCTGAGCCTGGTGGTGGGAG,0,0,0.008579125,0,0.35314247,522.5,196.027825,0,-0.065217391,0,0,0,0
18106,GGTGTGTGAGTGTGTGTGAAGGA,0,0,0.003156566,0,0.080071819,417.5,129.0399691,0.556521739,0.260869565,0,0,0,0
18107,ACCTCTCTCTCATCCACCTTCAG,0,0,0.105686274,0,0.36592984,522.5,202.3257622,NA,-0.543478261,0,0,0,0
18108,TGGATGGGGGAATGAAAAGAAAG,0,0,0.099814815,0,0.041507995,417.5,140.6880462,0.395652174,2.239130435,0,0,0,0
18109,AATTGGGAAGTTGAGGCACACAG,0,0,0.013407072,0,0.23304828,425,202.9398318,0,-0.173913043,0,0,0,0
18110,GAATGCAAGCAGAAGAAAAAGGA,0,0,0.021634615,0,0.208990259,552.5,189.5771659,0.004347826,-0.217391304,0,0,0,0
18111,AGGATGGAGGATGGAGGAGGAGG,0,0,0.015345268,0,0.132796733,357.5,164.8469791,0,-0.434782609,0,0,0,0
18112,GGTGTGTTAATGTGTGCTTGTAG,0,0,0.036662926,0,0.271345253,552.5,184.3967933,0,-1.108695652,0,0,0,0
18113,AAATGAGAAGACAAGACACAGAG,0,0,0.062977958,0,0.079468745,365,185.8961531,0,-0.130434783,0,0,0,0
18114,CCCATCTGTCCAGACATACAGGA,0,0,0.005266204,0,0.100825818,455,178.5238696,0.004347826,0.282608696,0,0,0,0
18115,GCCTCCCCAGAGCCTGTCTCTGG,0,0,0.014568765,0.067726052,0.066638083,417.5,125.3365526,0.260869565,0.347826087,0,0,1,0
18116,GGTGAGTGTGTGGGGGTGTGTGA,0,0,0.000253623,0,0.033301367,357.5,170.5477665,0,-0.130434783,0,0,0,0
18117,AATGACAACTAAGTTCTCAACAG,0,0,0.006038647,0,0.0475714,327.5,185.3943766,0,0.260869565,0,0,0,0
18118,GTTGTGTGTGTGTGTACGTGTGA,0,0,0.009641873,0,0.15797057,552.5,196.4234738,0.004347826,0.47826087,0,0,0,0
18119,AAAAACACCATTAAGTAGAGTAG,0,0,0.058412987,0,0.302995647,425,202.7025958,0,-0.260869565,0,0,0,0
18120,GGCCCAGAGAGAGCAGGTGTGAG,0,0,0.012698413,0.059662737,0.057745862,485,155.8224574,0,-0.173913043,0,0,0,0
18121,TGGATGGAAGAATTAGGGCTTAG,0,0,0.007969349,0,0.008041733,387.5,147.4297018,0.013043478,0.152173913,0,0,0,0
18122,TGGAGGAAGGAATGAGAATTTGA,0,0,0.027654321,0,0.12450836,485,163.7943882,0.473913043,3.195652174,0,0,0,0
18123,AACACCAGTGAGAAGTGAGAAGA,0,0,0,0,0.007425845,320,129.8513204,0,-0.260869565,0,0,0,0
18124,CCCTTCCCTCCTGAAACACAGGA,0,0,0.005941771,0,0.188649398,425,193.303461,0,-0.217391304,0,0,0,0
18125,GGTATGTGAGTGTGGGCCTGTGG,0,0,0.007792208,0,0.078958228,455,177.4077251,0.7,0.891304348,0,0,0,0
18126,TGGGTGGAGGAATTAGGTTTGGG,0,0,0.055555556,0,0.014565495,387.5,150.5158821,0.043478261,0.152173913,0,0,0,1
18127,CCAGAGAGTAGTGGGGATGCTGG,0,0,0,0,0.021598022,357.5,173.1330616,0,-0.695652174,0,0,0,0
18128,TGTAAGTGGGTGTGTGTGTGAGA,0,0,0.019444444,0,0.372455417,552.5,193.3805086,0.139130435,-0.260869565,0,0,0,0
18129,GGGTGGGGGTAGAGTGCTACTGG,0,0,0,0,0.023934422,357.5,162.3217585,0,-0.152173913,0,0,1,0
18130,GTCTCCTTCCATGACTGGGGTGA,0,0,0.002274584,0,0.532999604,552.5,189.2487356,0.208695652,-0.347826087,0,0,0,0
18131,GACATCTATGTATCCCCCATAGA,0,0,0.005668934,0,0.026448278,362.5,187.9622136,0,0.108695652,0,0,0,0
18132,GAGGTTTTCCCACCCACCTTGGA,0,0,0.010043618,0,1.286675824,625,216.27008,0.265217391,0.260869565,0,0,0,0
18133,GAGGGAGAAGAAGAGGGACAGGG,0,0,0.02246732,0,0.601049167,552.5,196.8122889,0,-0.065217391,0,0,0,0
18134,GACTTGTTCACATTCTTCTCCAG,0,0,0.055944056,0.383591198,0.383591198,530,197.2414617,0,-0.739130435,0,0,0,0
18135,CTCTGTGTCTATCAATGGATGAG,0,0,0.055821372,0,0.048105723,327.5,191.5914111,0,-0.282608696,0,0,0,0
18136,GACATAGATTTCCTCCTGATTAG,0,0,0.012170782,0.063203093,0.063203093,485,166.0128352,0,0.065217391,0,0,0,0
18137,GTAAACTTAGTCCTTACCTCAAG,0,0,0.010136452,0,0.251939516,455,170.7467595,0,0.195652174,0,0,1,0
18138,CCCCTCCATCCTGAGTCTCAGGG,0,0,0,0.025802929,0.024931944,387.5,167.8985404,0.026086957,-0.086956522,0,0,0,0
18139,TGTGTGTGTGTGTGTGCCTGTAG,0,0,0.026936027,0,0.189613667,552.5,188.5285664,0,-0.282608696,0,0,0,0
18140,TGGATGAATGAATGAGGGTTGGA,0,0,0.009876543,0,0.038728891,485,156.6857056,0,-0.347826087,0,0,0,0
18141,TGTGGGTGTGTGTGTGTGTGAAG,0,0,0.052266667,0,0.372455417,552.5,192.9657886,0,-0.304347826,0,0,0,0
18142,GCAAAGTGAGTGTGTGAGTGCAG,0,0,0.053846154,0.601049167,0.601049167,555,196.5722889,0,-0.086956522,0,0,0,0
18143,GCAGAGAGAGTGTGTGTGTGTGG,0,0,0.201923077,0,0.410516581,552.5,195.0627081,0,0,0,0,0,0
18144,GGTGTGTGTGTGTGAGAGTGTGA,0,0,0.004093567,0,0.094763973,455,178.758767,0,-0.347826087,0,0,0,0
18145,CACATCCATCCAAAGGCACTGAG,0,0,0.020082482,0.046424874,0.046424874,387.5,155.0346536,0,-0.565217391,0,0,0,0
18146,TGTGTGTGAGTGTGTGTGGGCAG,0,0,0.010998878,0,0.202836708,485,166.177569,0.047826087,0.065217391,0,0,0,0
18147,AGTGAGTGTGTGTGCGCGTGAGA,0,0,0.010227273,0,0.515955556,530,202.2331981,0,-0.304347826,0,0,0,0
18148,GGGTGGGGATAGTTTTCTCAAGG,0,0,0,0.059662737,0.057745862,485,155.8224574,0.017391304,-0.673913043,0,0,0,0
18149,CGGATTCACCCAGAGACACAGAG,0,0,0.077294686,0.505237118,0.497494021,620,212.6862356,0,0.02173913,0,0,1,0
18150,GAACACAAAGTATAGAATGCTAG,0,0,0.037226971,1.429515845,1.429515845,470,194.3838052,1,2.347826087,0,0,0,0
18151,ACAGGGGAAGAAGAGGGACACAG,0,0,0.005349362,0.368797917,0.368797917,552.5,195.3143049,0,-0.239130435,0,0,0,0
18152,GGGATGGAGGGATGAGGAAACAG,0,0,0.064764493,0.124264815,0.121931204,387.5,145.0843164,0,-0.804347826,0,0,0,0
18153,CCCTGTGCCTCTGCAGGGTTTGA,0,0,0.005547337,0,0.011549968,387.5,156.4245726,0,0.152173913,0,0,0,0
18154,GGCGGTGGGGGTGGAGGTGGTGA,0,0,0.004185268,0,0.757543103,522.5,207.7081793,0.065217391,-0.239130435,0,0,1,0
18155,GGTGTATGAGTCTGTGTGTGTGG,0,0,0.089839572,0,0.172261305,455,187.4234845,0.62173913,0.173913043,0,0,0,0
18156,AAAGAAGAAGAAAAGCCACAAGA,0,0,0,0,0.100056646,455,190.2503336,0,-0.456521739,0,0,0,0
18157,GCCTCAGCAAAGCCTTTCCAGGG,0,0,0,0.040448562,0.03914901,485,176.7562982,0.026086957,-0.326086957,0,0,0,0
18158,GGTGTGTGTGTGTGTGTGTAAGA,0,0,0.006628788,0,0.155313909,485,155.8281887,0,0.065217391,0,0,0,0
18159,GCCTGTGTCTATGGAGGGAATAG,0,0,0.034568353,0.067852534,0.066578308,387.5,158.5438905,0.052173913,-0.173913043,0,0,0,0
18160,TGGATGGAGGCAGAAGGGGTGAG,0,0,0.008115942,0,0.008561713,260,166.4080778,0.691304348,-0.391304348,0,0,0,1
18161,CCAGTGAATACAGAGCAGGCAGA,0,0,0,0,0.019414315,357.5,180.9424888,0.352173913,0.565217391,0,0,1,1
18162,GACTTGTTTTCTTTGATCACTGA,0,0,0.006012506,0,0.067801157,395,164.6474737,0.017391304,0.413043478,0,0,0,0
18163,AGATGAGAAGCAGAGACAAACAG,0,0,0.035555556,0,0.047610675,387.5,164.6934905,0,-0.760869565,0,0,0,0
18164,CTATCCCCATATGGCAGTAATGA,0,0,0.006529418,0,0.639230037,522.5,205.0905631,0.043478261,0.173913043,0,0,0,0
18165,ATGGCCACACAGGGCAGGAATGA,0,0,0.008680555,0,0.208990259,552.5,190.8654859,0.056521739,-0.5,0,0,0,0
18166,CCTAACCAGCCAGAGAAACAGAG,0,0,0.025745885,0,0.348646558,552.5,192.4377886,0,-0.413043478,0,0,0,0
18167,TAGATGGATGAATGGGGTGTGGA,0,0,0.010185185,0,0.050816463,455,175.3698648,0.452173913,0.217391304,0,0,0,0
18168,AAATGTAAACAAGAGACACACAG,0,0,0.074074074,0,0.093652566,552.5,192.7506729,0.4,-0.195652174,0,0,0,0
18169,AGTGAGTGTGTGTGTGTGTTTGG,0,0,0.1764,0,0.164063988,485,157.1165087,0,0,0,0,0,0
18170,TGTGTGTGTGTGAGTGCGTGTGA,0,0,0.01048951,0,0.355433782,522.5,204.4525791,0.517391304,-0.108695652,0,0,0,0
18171,AAATGAGAAGCTGAGGGAGAGGG,0,0,0.000980392,0,0.045200552,290,153.5197048,0.465217391,0.434782609,0,0,0,0
18172,GGCACAGGGGCAGCAGGTGGGGG,0,0,0.191020408,0,0.06053703,425,194.9589139,0,-0.413043478,0,0,1,0
18173,GACACAGATGCAAAGTTTTAGGA,0,0,0.020089286,0,0.089670612,455,166.8173152,0,-0.434782609,0,0,0,0
18174,GATCCCCTCCTCTCAGCCTCTAG,0,0,0.008531181,0,0.085314369,327.5,188.7355742,0,0.086956522,0,0,0,0
18175,CCAGTGAGTAGTGCAGGGGGTAG,0,0,0.000844321,0.029807876,0.028894225,290,139.153167,0,0.02173913,0,0,0,0
18176,ACCTCTTTCCAACCCACATGTGG,0,0,0.064140271,0.07732033,0.075868305,387.5,150.4089831,0,-0.413043478,0,0,0,0
18177,AAACAGAAAGCAAAGACTGACAG,0,0,0.040384615,0.166422094,0.163296796,455,170.7770955,0,-0.456521739,0,0,0,0
18178,CCCAACTATCCATAGACAAATGA,0,0,0.003627232,0,0.125155157,455,175.2811787,0.186956522,0.152173913,0,0,0,0
18179,CCTGCCTCCGCCCTCCTGAGTAG,0,0,0.000525378,0,0.014709787,290,134.7159448,0.1,-0.130434783,0,0,0,0
18180,AAAAAAGAAGAAGAGGCAAAAGA,0,0,0.012282691,0,0.992537313,560,187.4900801,0,-0.347826087,0,0,0,0
18181,GTCACCATCAAAGACTAGGAAAG,0,0,0.148871528,0.214249992,0.210633958,455,168.8633019,0,-0.130434783,0,0,0,0
18182,CCTGCCTCCGCGCTGCTCTCGGG,0,0,0.175,0.108252148,0.105643663,365,167.728878,1,0.173913043,0,0,0,0
18183,GTGACTTCCAATGAGTAGCGGAG,0,0,0.002697957,0.081178353,0.079735182,455,171.9309945,0,-0.391304348,0,0,0,0
18184,GTGTTTTTTTCATTGCTCTCGGA,0,0,0.011223344,0,0.154229434,552.5,199.3575901,0,0.239130435,0,0,0,0
18185,TACTTGTTTTCATCAATCTCCAG,0,0,0.063378887,0,0.010874815,392.5,176.0653679,0.339130435,0.391304348,0,0,0,0
18186,ACTTGAGAAGTTGAGGCACAAGA,0,0,0.003950298,0,0.385203768,425,204.4858158,0.152173913,0.239130435,0,0,0,0
18187,CACGCCCTCCTCCCCGCTTCCAG,0,0,0.018315018,0,0.172235,455,186.672983,0,0,0,0,0,0
18188,CCTGCCTCCTGTCTACTCTCAGG,0,0,0.109375,0.441452045,0.430276044,462.5,178.4301799,0,-0.173913043,0,0,1,0
18189,TGGTTGGAGGAATGAATAGGAGG,0,0,0.028074866,0,0.043721755,417.5,142.9142631,0.013043478,0.173913043,0,0,0,0
18190,CGAGAGTGAGTGTGTGTGTGAAG,0,0,0.061728395,0,1.272061728,560,198.8858889,0.795652174,-0.043478261,0,0,0,0
18191,TGCAGTGGGGCTGGAGGGGGCAG,0,0,0.033333333,0,0.310333333,552.5,189.3885298,0,-0.652173913,0,0,0,0
18192,GGGTGGAGAGTGTTTGTTCCAGG,0,0,0.092307692,0.129659522,0.127576638,455,185.6408441,0,-0.543478261,0,0,0,0
18193,GGTCACAAAGCATGGAATGCAGG,0,0,0.122980392,0,0.089556326,455,185.8067043,0,0.108695652,0,0,0,0
18194,GGAAGCCCTTAGGCAGAACCTGG,0,0,0.112,0.158024834,0.158024834,357.5,182.9793848,0,0.260869565,0,0,0,0
18195,TCCTCTTTCCCACCCATCCTAAG,0,0,0.033375905,0.433940678,0.433940678,492.5,168.665889,0.286956522,-0.456521739,1,0,0,0
18196,GGCACTGAGCCAGGAGGTAGTAG,0,0,0.038518518,0,0.204216492,455,172.6443462,0.07826087,0.152173913,0,0,0,0
18197,GGTGAGTGAGGGGGTGAGTGAGG,0,0,0.048695652,0,0.210328283,365,183.6844847,0,-0.260869565,0,0,0,0
18198,CTTTGTGTCTCTGGAGGGAAAGA,0,0,0.008451022,0,0.118281463,485,164.0059742,0,-0.239130435,0,0,0,0
18199,GAACTCACAGCAAGGACTGCCAG,0,0,0.013053613,0.082499774,0.082499774,425,193.6733579,0,-0.02173913,0,0,0,0
18200,AGCGAGTGAGTGTGTGTGTGGGG,1,0.006507119,0.18,1.272061728,1.272061728,560,198.8858889,0.286956522,0.086956522,0,0,0,0
18201,CCCATCCCTCCTAGGACACAAGG,0,0,0.061538462,0.038723687,0.038723687,362.5,187.2455774,0.026086957,-0.369565217,0,0,0,0
18202,AAATGAGAAAAAGAGGAGAAAAG,0,0,0.019358025,0,0.031321497,442.5,137.0508193,0.27826087,0.434782609,0,0,0,0
18203,GGGTGGGAGGACATTGCTGCTGA,0,0,0.003181561,0,0.085810839,357.5,168.1367621,0.247826087,-0.130434783,0,1,0,1
18204,AAGTGAGAAGTAGAGCCACATGG,0,0,0,0,0.27986661,462.5,196.3534904,0,-0.173913043,0,0,0,0
18205,ATAAGAGAAGAAGAAGCTCAAGG,0,0,0.162974281,0,0.083169333,455,178.4560451,0,-0.826086957,0,0,0,0
18206,GGTGAGTGGGCCTGAGCGTGGGG,0,0,0.13622291,0,0.061030715,327.5,187.0870139,0,-0.043478261,0,0,0,0
18207,GGATGCAAAGCAGAGACTGCAGA,0,0,0.008347826,0,0.553689759,522.5,207.2987595,0,0.586956522,0,0,0,0
18208,GCCTCCCATGAGCCTAGCCAAGG,0,0,0.216666667,0.136289889,0.132112422,555,189.8602404,0,1.304347826,0,0,0,0
18209,GGTGTGTGTGAGTGTGTGTGAGA,0,0,0.00530303,0,0.196246288,455,186.7357049,0,0.065217391,0,0,0,0
18210,GCCTGTGTCCCAGCCACCATCAG,0,0,0.003565062,0.12952739,0.125155157,455,175.2811787,0,0.065217391,0,0,0,0
18211,TACACCAGTGAGGAGAGCAGGAG,0,0,0.048309179,0.436194915,0.436194915,462.5,180.1526795,0,-0.804347826,0,0,0,0
18212,GCAAGCCCTTCTGCCTCACCAGG,0,0,0,0.07171048,0.069289873,455,186.1762325,0.552173913,1.065217391,0,0,0,0
18213,GGTAAGTGAATGTGGGCATGGAG,0,0,0.007538462,0,0.072720528,455,173.7043087,0,-0.086956522,0,0,0,0
18214,GCACTCCATCCAGGGACACAAGA,0,0,0.009050867,0,0.220835918,522.5,206.1592154,0.439130435,-0.173913043,0,0,0,0
18215,GTTAAGTTAGGCATTACCTGAGA,0,0,0.004774306,0,0.451897188,522.5,209.3676123,0.004347826,-0.391304348,0,0,0,0
18216,GAACCAGAGCAGCAGAAGAAGGA,0,0,0.006588162,0,0.330292552,522.5,206.5130955,0,-0.108695652,0,0,0,0
18217,AATTACTACTACATGCTCATCAG,0,0,0.00229798,0,0.120854801,455,164.5985977,0.052173913,0.02173913,0,0,0,0
18218,CCCACCCATCCCAACACACAGAG,0,0,0.017175807,0.074199273,0.073007317,327.5,186.4892374,0,-0.130434783,0,0,0,0
18219,GGCACAGCAGGTGGAGGTGGAGG,0,0,0.139285714,0,0.497830393,530,208.4241519,0.104347826,-0.260869565,0,0,0,0
18220,AAATGAGAAATTGAGGCACAGAG,0,0,0.02481798,0,0.583428198,467.5,201.4620794,0.4,0.043478261,0,0,0,0
18221,GGCTCTGAGGCTGGTGGTGGGGG,0,0,0.082727273,0,0.75437037,530,202.2195615,0.026086957,0,0,0,0,0
18222,GGTGGGGGAGGCTGTGCGTGTGG,0,0,0.089688581,0,0.254561754,425,201.582315,0.869565217,0.152173913,0,0,0,0
18223,TGTGAGTGAGTGTGTGTGGCAGA,0,0,0.003472222,0,0.084582907,417.5,130.3282891,0,-0.5,0,0,0,0
18224,GCCTCCCTCACACCCAGCTTCAG,0,0,0.008260712,0.216587939,0.20962929,552.5,189.0529877,0,0.043478261,0,0,1,0
18225,AATTGAGAGGAAGAGGAATATGA,0,0,0.007038713,0,0.115680928,485,162.9781086,0,-0.673913043,0,0,0,0
18226,AAAAGAGAAGAAGAAGCAGGGAG,0,0,0.011106839,0,0.055738305,387.5,136.2337786,0.947826087,3.347826087,0,0,0,0
18227,GCCTCACTAAAGTCTGGTCAAAG,0,0,0.094791667,0,0.068980913,455,179.3915452,0,0.086956522,0,0,0,0
18228,TGGATGGAGGGAGGAGGTCTAAG,0,0,0.009853407,0,0.018100265,290,147.2992625,0,-0.173913043,0,0,0,0
18229,GCCACCTCAGTCATTAGCTGGGG,0,0,0.050420168,0,0.609583333,552.5,193.585752,NA,NA,0,0,0,0
18230,CAAAACAAAGCAAAAACTGCAGA,0,0,0.027217364,0,0.155902215,425,194.6200579,0,-0.282608696,0,0,0,0
18231,AAAGGAGAAGAAGAGTGTCACGA,0,0,0,0,0.019509753,442.5,154.6285298,0,-0.173913043,0,0,0,0
18232,GAATGAGAAGAGGAGGAAGAAGG,0,0,0.04212963,0,0.09979566,387.5,159.7497885,0,0.065217391,0,0,0,0
18233,AGGAAGGAGGAATGAGTAGGAAG,0,0,0.005718954,0,0.268517165,485,159.787969,0,-0.130434783,0,0,0,0
18234,TTCACCTCCAAAGACCTGGGCAG,0,0,0.018436214,0.052519052,0.05158538,387.5,173.2093626,0,-0.086956522,0,0,0,0
18235,CCTTCCTCGGCTCCACCCACAGA,0,0,0.003152776,0,0.05268594,455,181.7413239,0.004347826,-0.152173913,0,0,0,0
18236,TTCATTTTAGTAGTTACCTGTGA,0,0,0.030039189,0,0.173156169,425,200.198595,0.082608696,0.217391304,0,0,0,0
18237,CCAGGGAGAGGAGCAGAGGCCAG,0,0,0.080561607,0.219292825,0.215770049,522.5,194.7531417,0,-0.239130435,0,0,0,0
18238,AACTAAGAAGAAAAGGCAAAGGG,0,0,0.146938776,0.19375862,0.190314023,455,177.1363595,0,0.130434783,0,0,0,0
18239,CCCATCCATTCATGGACACCTGG,0,0,0.029946524,0,0.031684616,357.5,155.9321585,0.960869565,-0.239130435,0,0,0,0
18240,GGGGGAGGGGAGTGTGATCCAGG,0,0,0,0.053064164,0.052168566,455,183.9151203,0,-0.456521739,0,0,0,0
18241,GTGAGAGACCCAGTATCCATGAG,0,0,0.062222222,0.077053427,0.07431375,455,175.2844954,0.1,0.239130435,0,0,0,0
18242,TGCATGGGGGTAGGAGGAGTTGG,0,0,0.022639568,0,0.302995647,425,199.8427788,0,0.065217391,0,0,0,0
18243,GTCACCGAAGAAAAGTTTTAAGA,0,0,0.019667832,0,0.149801193,357.5,166.0929958,0,0.217391304,0,0,0,0
18244,GATCAGAAAGCATAGCCAGCGAG,0,0,0,0,0.031841181,485,174.1742568,0.017391304,0.02173913,0,0,0,0
18245,AGATGAGAACAAGAGACACTGAG,0,0,0.049777778,0,0.110484003,485,159.5422378,0.060869565,-0.130434783,0,0,1,0
18246,TCCTTCCCAGAGCCTGGGCAGGG,0,0,0.047138047,0.296354032,0.285817,552.5,187.4966103,0.07826087,0.326086957,0,0,0,0
18247,GGATCCACAAAGCCTGGCCCTAG,0,0,0.026643244,0.469687436,0.469687436,552.5,178.9112193,0.047826087,-0.304347826,0,0,0,0
18248,AAAAGAGGAGAAAAGGAACAAAG,0,0,0.038999683,0,0.223964003,455,184.7411514,0,0.152173913,0,0,0,0
18249,TGTGGGTGAGTGTGTGAGTGTGG,0,0,0.336,0,1.290123457,560,198.1255689,0,0.260869565,0,1,0,0
18250,AGGAAGCAGGAAAGAGGAGTGGA,0,0,0.016526442,0,0.397317959,522.5,206.0291787,0,0.043478261,0,0,0,0
18251,GGTAGGTGTGTGTGTGAGTGTGG,0,0,0.18144,0,0.353596915,552.5,192.0921886,0,-0.108695652,0,0,0,0
18252,GACAGGAGTGAGTAGAGAGGAGA,0,0,0.011217949,0,0.187751667,552.5,190.7023627,0,-0.130434783,0,0,0,0
18253,TACTCCAGTGAGTAGAGAGGCGG,1,0.00116,0.342657342,0.678324226,0.656790123,560,194.1030667,0.017391304,0.173913043,0,0,0,1
18254,GGGTGGGGGGTGTTTGGTGGGGG,0,0,0.000133085,0,0.040156499,320,124.0982054,0,-0.130434783,0,0,1,0
18255,GACTTGTTTTCATTATTTAATAG,0,0,0.022408964,0.009275695,0.00900388,345,111.6840453,0.013043478,0.326086957,0,0,0,0
18256,GGTGTGTGAGTCTGTGTGTGGGG,0,0,0.089839572,0,0.563220657,462.5,190.4094685,0,-0.456521739,0,0,0,0
18257,GGGAAAGCCCCAGAACCCGTGAG,0,0,0.025925926,0.068485513,0.068485513,462.5,188.3725725,0,0.195652174,0,0,0,0
18258,CTCATCTTAGTCCTTGCCTGTGA,0,0,0.002008226,0,0.209737313,462.5,193.6122536,0.047826087,0.369565217,0,0,0,0
18259,GAGTGAGAAGAAGATGGACACAG,0,0,0.001331397,0.163996673,0.161081177,455,183.4788674,0,0.065217391,0,0,0,0
18260,GTTGTGTGAATGTGTGTGTGTAG,0,0,0.026130667,0,0.56142625,552.5,191.6938325,0,-0.108695652,0,0,0,0
18261,CATGAGCACTCCATCCTCATGAG,0,0,0.026666667,0,0.234185328,455,174.0463324,0.013043478,0.152173913,0,0,0,0
18262,ATGAACAGCAGAGACTACAGCAG,0,0,0.017316017,0.03757896,0.036975282,357.5,168.7537277,0,-0.239130435,0,0,0,0
18263,CCCCCCCCCCCCCCCGCCTCCGG,0,0,0.224489796,0,0.794051205,522.5,209.6300993,0.017391304,0.195652174,0,0,1,0
18264,CCTGCCACCGCCTTACTCAGCGG,0,0,0.034133127,0.082914747,0.081515342,357.5,162.4637983,0,-0.152173913,0,0,0,0
18265,AAATGAGAGGAAGAGTTACGGGA,0,0,0,0,0.02413915,417.5,139.8280828,0,-0.217391304,0,1,0,0
18266,GCCTCCCTCAGGCCAGGCCATGG,0,0,0.188157894,0,0.124046168,425,191.7032974,0,0.086956522,0,0,0,0
18267,CCACACATAGCACAGACTGCTAG,0,0,0.049230218,0.581724684,0.581724684,522.5,206.3608625,0,-0.260869565,0,0,0,0
18268,AAATTAGAAAAAGAAGCTCAGAG,0,0,0.03416122,0,0.072720528,455,173.2895887,0,-0.130434783,0,0,0,0
18269,ATGACTACCAGGGACTAGAGAGG,0,0,0.063311688,0,0.114132886,425,194.202574,0,0.195652174,0,0,0,0
18270,TGGATAGAAGACTGAGGACTGAG,0,0,0.019661222,0,0.086114993,455,174.9901353,0,0.152173913,0,0,0,0
18271,ATGAACACCTGTGAAAAGATAGA,0,0,0.036699171,0,0.025328791,387.5,145.5752162,0,0.217391304,0,0,0,0
18272,CAATGATTAGGAGAGGCACAAGA,0,0,0.009475219,0,0.542336973,522.5,207.4869185,0,0,0,0,0,0
18273,GGCTCTGTGGCTGGCGGTGACGA,0,0,0.009886686,0,0.176947,455,163.8819615,0.069565217,0.326086957,0,0,1,0
18274,TGTGTGTGTGTGTGTGCGCGAGA,0,0,0.004179728,0,0.321904489,552.5,183.2038997,0,-0.065217391,0,0,0,0
18275,AAATGAAAAGAAAAGGAAAAAAG,0,0,0.047863248,0,0.048184735,387.5,155.5833877,0.147826087,0.130434783,0,0,0,0
18276,TTTTCCTCCAATGACCAGGGAGG,0,0,0.291666667,0,0.268520667,552.5,200.5099741,0,-0.304347826,0,0,0,0
18277,GACCCCCTCCCCAACCCCTCAGA,0,0,0,0,0.007183083,260,174.5429852,0,-0.130434783,0,0,0,0
18278,CACCACGTCCACTCCGCCTCAAG,0,0,0.034858388,0,0.397317959,522.5,206.0291787,0,-0.217391304,0,0,0,0
18279,GACTCCCCAAATCCTGCGCATGA,0,0,0.000609412,0,0.05878334,387.5,164.8344552,0,-0.347826087,0,0,0,0
18280,TGTGAGAAAGTGTGTGTGTGAGA,0,0,0.028356481,0,0.416345417,552.5,192.7308912,0,-0.152173913,0,0,0,0
18281,AAATGGGAAAGAGAGGCAGATGG,0,0,0.054166667,0,0.146428316,455,175.4441959,0.034782609,0,0,0,0,0
18282,TGGATAGACAAATGAGCAGTTGA,0,0,0.008211832,0,0.187530741,552.5,187.4763882,0.156521739,0.086956522,0,0,0,0
18283,GACACTGTGGCTGGAAGTGGAAG,0,0,0.191951567,0,0.541956882,560,199.7717572,0,0.043478261,0,0,0,0
18284,GGTGTGTGAGTGGGTGGGAGGGG,0,0,0.001594314,0,0.070548661,387.5,156.6782485,0.02173913,-0.043478261,0,0,0,0
18285,GGCAGCCAGGCTGGAGGTGGGGA,0,0,0.016927083,0,0.539222871,625,210.6426982,0,-0.304347826,0,0,0,0
18286,AATGCCCATTTCATCCTCATGAG,0,0,0.020940171,0.223894076,0.223894076,455,170.584216,0,0.434782609,0,0,0,0
18287,GGGTTCGGGTAGTTCGCTCCGGA,0,0,0.003147598,0,0.213651194,522.5,196.926938,0,0,1,0,1,0
18288,GCCTGTGTTTCTTGATGGAAGGA,0,0,0.009362262,0,0.164916269,455,168.6032992,0,-0.086956522,0,0,0,0
18289,GGTGTGAGAGTGTGAGTGTGGGG,0,0,0.085964912,0,0.105930922,455,180.3353666,0.02173913,0.304347826,0,0,0,0
18290,GCCTTTTTCATACCCACGTTTGG,0,0,0.022626263,0,0.150596616,455,181.2665266,0,-0.108695652,0,0,0,0
18291,CCAGAGAGCAGATCAGAGGCGGG,0,0,0.130316742,0,0.090665591,425,190.2455575,0.32173913,-0.130434783,0,0,0,0
18292,GGTGGGTGTGTGTGTGTGTGGGG,0,0,0.2016,0,0.699446792,560,194.1657886,0.547826087,0.826086957,0,0,0,0
18293,GGTGTGTGTGTGTGTGGCTGAGG,0,0,0.006111535,0,0.069304995,485,167.5424553,0.017391304,0.108695652,0,0,0,0
18294,AAATGAGAAAAAAAAGCACAGAG,0,0,0.210222892,0,0.231791352,432.5,191.7019215,0,-0.108695652,0,0,0,0
18295,AGTGGGTGTGTGTGTGGGTGAGG,0,0,0.022870588,0.379196691,0.372455417,552.5,192.9657886,0,0.304347826,0,0,0,0
18296,GTCCCTTGCCCTCCCACCTTGGA,0,0,0.009985476,0,0.703915663,522.5,207.2704826,0.026086957,-0.043478261,0,0,0,0
18297,GGCCCTGACTGTGCACCAGAGGG,0,0,0.037348273,0.033763216,0.033763216,387.5,163.2884712,0,0.043478261,0,0,0,0
18298,AGTGTGTGAGTGGGTGTGTGGGG,0,0,0.039841897,0,0.23590875,455,187.4262484,0,0.173913043,0,0,0,0
18299,TGTGAGTGTGTATGTGCGTGAGA,0,0,0.038888889,0,0.846167111,530,208.7241192,0,-0.391304348,0,0,0,0
18300,AAATGAGAAGTAGAGACACTAGG,0,0,0.184615385,0,0.106375468,395,159.7438905,0,-0.913043478,0,0,0,0
18301,TGTGAGTGAGTGCCTGGGTGGGG,0,0,0.019902698,0,0.035150404,357.5,177.0753837,0.013043478,0.086956522,0,0,0,0
18302,AAATGTGACTAACAGGCACAGGG,0,0,0.139634801,0.182637069,0.179838034,522.5,198.9631787,0,-0.369565217,0,0,0,0
18303,GGCACTGGGGGTGGAGTGGGCGG,0,0,0.013392857,0,0.059919104,387.5,163.460655,0,0.239130435,0,0,0,0
18304,GGCTCTGCCCCTGGAGGGGGAGA,0,0,0.003172753,0,0.16579195,552.5,183.9515499,0,0.304347826,0,0,0,0
18305,AAATAAGAAGAAGAGAAAAAAGA,0,0,0.012037037,0,0.03135496,417.5,148.8891431,0.02173913,-0.456521739,0,0,0,0
18306,GCCATCTTAGTCATTTCATTAAG,0,0,0,0,0.023512339,417.5,139.1106409,0,0.065217391,0,0,0,0
18307,GCCATCACTCCAGAGACACCTGG,0,0,0.066699605,0.485473295,0.476356426,552.5,176.5794023,0,-0.195652174,0,0,0,0
18308,GGTGTGGGAGTGTGAGAGTGTGA,0,0,0.004013301,0,0.105930922,455,180.3353666,0.139130435,0.326086957,0,0,0,0
18309,CACATAGATACAGAGACACACAG,0,0,0.071406879,0,0.519457564,620,209.7990988,0,-0.173913043,0,0,0,0
18310,TGTGTGTGTGTGTGTGCGTGTAG,0,0,0.056565657,0,1.632770745,627.5,215.1518996,0,0.043478261,0,0,0,0
18311,ACCTCTTTCCCACCCACCCCTGA,0,0,0.001567398,0,0.470008475,492.5,152.5144001,0,0.086956522,0,0,0,0
18312,GTCTCTTTCCCTCCCAGGTTTGA,0,0,0.000165049,0,0.05878334,387.5,164.8344552,0,0.043478261,0,0,0,0
18313,GTCCTCCTCCACCCCAGCTCTGA,0,0,0.001890563,0,0.104848333,485,179.397143,0.056521739,0.065217391,0,0,0,1
18314,GTGGAGTGAGTGTGTGTGTGCAG,0,0,0.038496072,0,1.196117745,560,198.6458889,0.404347826,0.869565217,0,0,0,0
18315,GCATCCCAGAAGCCTGCCCAAGA,0,0,0.006136529,0,0.348646558,552.5,190.6262916,0,-0.630434783,0,0,0,0
18316,GGTGTGTGTGTGTGTGTGTCCGG,0,0,0.043636364,0,0.155313909,485,155.8281887,0,-0.413043478,0,0,0,0
18317,GATGTGTTTTCATTTTTCTAGGG,0,0,0.030691964,0,0.174469742,455,166.4537785,0.02173913,-0.130434783,0,0,0,0
18318,TGTGTGTGTGTGTGTGCTTGAGG,0,0,0.145454546,0,0.189613667,552.5,188.5285664,0,-0.456521739,0,0,0,0
18319,TGTGTGTGTGTGTGTGCTTGAGA,0,0,0.01010101,0,0.189613667,552.5,188.5285664,0.004347826,0.260869565,0,0,0,0
18320,GGGACTGCAGGTGGAGGGGGGGG,0,0,0.026785714,0,0.103762287,455,183.0588027,0,0.086956522,0,0,0,1
18321,AAATGATAAGCAGTGGAACATGG,0,0,0.056888889,0,0.03111116,357.5,177.9614398,0.017391304,-0.586956522,0,0,0,0
18322,AGAAGAGAAGAAGAGGGAAAGGA,0,0,0.000666933,0,0.19201875,485,166.352289,0,-0.456521739,0,0,0,0
18323,AAATGAGAATAAATGGCACATAG,0,0,0.103703704,0,0.128869072,432.5,194.2697584,0.039130435,-0.413043478,0,0,0,0
18324,GGCCCAGAGTGAAGACTTGAGAG,0,0,0,0,0.018514566,357.5,173.1156034,0,-0.02173913,0,0,0,0
18325,AAACGGGAAAAAGAGGCCCAAGA,0,0,0.005705986,0,0.164163878,552.5,186.1253463,0,0.086956522,0,0,0,0
18326,GAGTGAGAAGAAAAGGCAGAAGA,0,0,0.004896724,0,0.201035939,455,178.4246795,0,0.108695652,0,0,0,0
18327,TGGAGGGAGGTATGAAGAGAGAG,0,0,0.028717949,0,0.063027465,387.5,157.2555705,0,-0.195652174,0,0,0,0
18328,AAATCAGAAGATAAGGCTCAGAG,0,0,0.031339031,0,0.056096875,357.5,175.2729257,0,0.652173913,0,0,0,0
18329,TGGCTGGAGCAAAGAGGAGAGGG,0,0,0.054977375,0,0.235330927,455,166.6977431,0,-0.565217391,0,0,1,0
18330,CCCATCCACTCAGAAAAACACAG,0,0,0.09892842,0.081758086,0.079252091,455,175.0553506,0,-0.152173913,0,0,0,0
18331,TGGATGGAAGTATCATGAGTTGG,0,0,0,0,0.011862146,357.5,180.0825254,0.22173913,-0.152173913,0,0,0,0
18332,AAGTAGGAGAAGAAGAAGAAAAG,0,0,0.057777778,0.797205949,0.797205949,620,211.1339596,0.117391304,0.239130435,0,0,0,0
18333,GAGCCGCTGCACCCAGCCTCCAG,0,0,0.008916324,0,0.146830007,522.5,198.7192141,0.765217391,0.913043478,0,0,1,0
18334,TGTGAGTGTGTGTGTGTGGGTGG,0,0,0.07,0,0.123933228,485,163.5061086,0,0,0,0,0,0
18335,TCTTGTGTCTCTGGTAGGATGAG,0,0,0.032407407,0.071963539,0.071963539,455,187.1765525,0,-0.195652174,0,0,0,0
18336,GCCTCCTCAAGTCCTGGCCACAG,0,0,0.052662037,0.463202565,0.45255423,432.5,204.070635,0,-0.195652174,0,0,1,0
18337,GGAAAGGAGGAATGAAGAGTTAG,0,0,0.092995169,0.268520667,0.268520667,552.5,200.0952541,0,0.130434783,0,0,0,0
18338,CGCTCCCAAAAGCCAGGCCATGA,0,0,0.012985362,0,0.402848101,522.5,201.6531615,0,0.043478261,0,0,0,0
18339,TAAAACAAAGGATAGACTACCAG,0,0,0.038986355,0.292400968,0.292400968,455,181.3483164,0,-0.260869565,0,0,0,0
18340,ATATGAGAGGAAGATGCAAAGGA,0,0,0.002061431,0,0.081669315,455,170.0451981,0,0,0,0,0,0
18341,GTCATCTAATTCATTACTTAAGG,0,0,0.391741072,0,0.113150971,485,148.5475134,0.217391304,NA,0,0,0,1
18342,GGCCCTGTGGCTGAAGGTGCTGG,0,0,0.099264706,0,0.09837725,455,166.4497985,0,-0.173913043,0,0,0,0
18343,TGGATGGAGGAAGGGTAAGTGAG,0,0,0,0,0.008962459,315,157.2191209,0,-0.260869565,0,0,0,0
18344,TGGATGGATGGATGAGGGGACGG,0,0,0.078,0,0.039653529,387.5,146.4492027,0.013043478,0.630434783,0,0,0,0
18345,CCCTGTGTCACCGGGTGGGTGGA,0,0,0.013745301,0,0.05473002,357.5,161.5371416,0.091304348,-0.130434783,0,0,0,0
18346,GTTGAGAGAGTGTGTGAGTTAGG,0,0,0.181893939,0,0.183397224,485,158.4531082,0.365217391,-0.413043478,0,0,0,0
18347,GACAATGGGGCTGGGGGTGGGGA,0,0,0.014030612,0,0.402848101,522.5,200.3648415,0,-0.152173913,0,0,0,0
18348,TGTGTATGAGTGTGTGTGTGTGG,0,0,0.16969697,0.375472992,0.368797917,552.5,195.1395849,0,-0.413043478,0,0,0,0
18349,TGTGTATGAGTGTGTGTGTGTGA,0,0,0.011784512,0,0.368797917,552.5,195.1395849,0,-0.130434783,0,0,0,0
18350,GGCTGAGGGGAAGTTGCTCCAAG,0,0,0.024278459,0.165157061,0.162503936,425,199.670595,0,0.065217391,0,0,0,0
18351,GGGTGTGGGGGTTTAGCTCCTGA,0,0,0.00670078,0,0.063343751,327.5,189.2608103,0,-0.130434783,0,0,0,0
18352,GGGATGCAGGAGTGAGGACTGGG,0,0,0.212903965,0.177040093,0.177040093,455,178.3527188,0.147826087,0.130434783,0,0,0,0
18353,CTGTCCTAGAAGAAGAAGAAGAG,0,0,0.066698733,0,0.89998622,620,211.5850828,0,0.065217391,0,0,0,0
18354,GCCTCTCTGCACCCCGCCTCAGG,0,0,0.361321672,0,0.50455783,620,212.3406356,0.739130435,-0.565217391,0,0,0,1
18355,ATATGAGAAAAATAGGCACATAG,0,0,0.052794613,0,1.003276,530,205.668943,0,-0.586956522,0,0,0,0
18356,GAAGATAAAGAATAGATTGCTGG,0,0,0.1625,0,0.194319155,455,189.3242212,0,-0.52173913,0,0,0,0
18357,CCCTACCATCCAGACAAACAGGA,0,0,0.002812213,0,0.155096519,455,181.8449474,0.413043478,-0.52173913,0,0,0,0
18358,ATGAAAAGAAGTGAGAAGAGCAG,0,0,0.120593692,0,0.090966306,552.5,193.0659928,0.008695652,-0.043478261,0,0,0,0
18359,TTCTGGTTTTCATTGTTTTCAGA,0,0,0.020779221,0,0.310333333,552.5,192.2483467,0,-0.108695652,0,0,0,0
18360,TGGTTGGAGGAGGGAGCAGTAAG,0,0,0.007313832,0.112081968,0.11019029,357.5,180.1248679,0.004347826,-0.543478261,0,0,0,0
18361,GACTTGTTTTTATACTTTTCTGA,0,0,0.002319109,0,0.005929041,260,161.7003768,0.091304348,0.173913043,0,0,0,0
18362,GGGTGGGGGGAGCTGGCTGCAAG,0,0,0.00127924,0.083097759,0.083097759,365,165.945658,0,-0.434782609,0,0,0,0
18363,TGTGAGTGTGGGTGTGAGTGAGG,0,0,0.112,0,0.206712756,455,188.0240249,0.1,0.52173913,0,0,0,0
18364,GGCTCTGAGGGTGCAGGTGGAGG,0,0,0.044318182,0,0.11831363,425,197.3573147,0,-0.217391304,0,0,0,0
18365,GGTGAGTGAGTGTCTTTCTGCAG,0,0,0,0,0.002523619,345,143.8629451,0.304347826,0.369565217,0,0,0,0
18366,AAAAAAGAAAAAGAAGCACATAG,0,0,0.093988542,0.364865041,0.35314247,522.5,197.839322,0,-0.02173913,0,0,0,0
18367,ACAAAAGAAAAAGAGGCACAGAG,0,0,0.078463649,1.296862648,1.257112069,620,211.8063436,0,-0.282608696,0,0,0,0
18368,GACACCTCCAGTGACAAGGAGGG,0,0,0.46875,0,0.066578308,387.5,158.3038905,0,0.260869565,0,0,0,0
18369,AGACCAGACTGAGCAAGAGAGGG,1,0.003502627,0.52,0,0.052630051,485,175.9602408,0.017391304,-0.217391304,0,0,0,0
18370,AAATGGGAAGAAGAAGGTCAAAG,0,0,0.005126233,0,0.018391345,387.5,156.7975501,0.008695652,0.195652174,0,0,0,0
18371,CCTGGCCCCGCACTTCTCACAAG,0,0,0.017111111,0.130951172,0.128847539,425,193.6053772,0.134782609,-0.086956522,0,1,0,1
18372,GGGATGGGGGAATGGGAAGTCGG,0,0,0.425545893,0.166325226,0.163368333,455,180.9070504,0.117391304,-0.043478261,0,0,0,0
18373,AAATAAGAAGAAGAGTAAGAGAG,0,0,0,0,0.03135496,417.5,148.8891431,0,1.5,0,0,0,1
18374,GGGATGGGGGAATGAGGAGTCAG,0,0,0.181857219,0,7.089552239,635,218.500183,0.2,0.152173913,0,0,0,0
18375,TGTGTGGGGGAAGGAGGAGTGGA,0,0,0.00415157,0,0.545938102,522.5,205.1992625,0,0.5,0,0,0,0
18376,GCATCCCCACAGCCCGGGCAGGA,0,0,0.000729517,0,0.075526571,455,174.0499087,0,-0.347826087,0,0,0,0
18377,GACTTGTTTTCAAAGATGTCAGA,0,0,0.003607504,0,0.002536728,290,155.3497356,0,-0.043478261,0,0,0,0
18378,GGACTCCCTTCAGCAGGACAGAG,0,0,0.002153018,0.127328167,0.125064555,387.5,152.4865886,0.026086957,-0.108695652,0,0,0,0
18379,GGCTCTGGAGCTGGACGTGGGGG,0,0,0,0,0.15797057,552.5,193.9783768,0,0.130434783,0,0,0,0
18380,CCAGTGAGCACAGCACAGGCAGA,0,0,0,0,0.021335941,357.5,177.5146885,0,-0.369565217,0,0,0,0
18381,GACTTGCTTTATTTCTTCTCTGG,0,0,0.046875,0,0.06822255,327.5,188.6636135,0,0.239130435,0,0,0,0
18382,GCCCTCCCAAACCCTGCCCAAGG,0,0,0.051292489,0.289617489,0.28472943,455,188.3358685,0,-0.326086957,0,0,0,0
18383,AAGTGGGGAGAAGAGGCAAAGAG,0,0,0.035567313,0.302904303,0.297519338,552.5,183.0381991,0,-0.130434783,0,0,0,0
18384,GGCGCTGCGGGCGGGGGTGGGGG,0,0,0.096217105,0,0.104700416,327.5,190.1731943,0.008695652,0.152173913,0,0,0,0
18385,GCCTCCACATAGCCTGGGCTAGG,0,0,0.052941176,0,0.077282113,485,149.2641496,0,0.108695652,0,0,0,0
18386,ACTGCCTCCTCTCCACTCTCCAG,0,0,0.032407407,0.072298905,0.072298905,455,171.821079,0,0.173913043,0,0,0,0
18387,AAGGCCCACTCCATCCTAAAAGA,0,0,0.003739316,0,0.16982371,455,185.730263,0,-0.195652174,0,0,0,0
18388,TGGATGGCGGAATAAGGGGTAGG,0,0,0.128571429,0,0.082203852,462.5,180.2376651,0,-0.391304348,0,0,0,0
18389,GGCACTGATGCTGGAGCTGAGAG,0,0,0.019825708,0,0.147449913,485,154.0166917,0.004347826,0,0,0,0,0
18390,CATGAGTGCGTGTGTGTGTGTGG,0,0,0.161172161,0.379196691,0.372455417,552.5,194.0141086,0,-0.195652174,0,0,0,0
18391,CGGTGGGAGGCGTGTGCTCCGGA,0,0,0,0,0.124304193,425,198.2309147,0,-0.152173913,0,0,0,1
18392,GGTGGGTGGGTGGGTGTGTGTGG,0,0,0.058434783,0,0.136842006,455,183.466468,0,-0.456521739,0,0,0,0
18393,GGTACTGGGGGTGGAAGTGGAAG,0,0,0.028645833,0,0.141483199,455,192.0536734,0,-0.52173913,0,0,0,0
18394,GGTGGGTGGGTGGGTGTGTGTGA,0,0,0.004057971,0,0.136842006,455,183.466468,0.052173913,0.173913043,0,0,0,0
18395,CCTGCCTCATCTCTACTTTCCAG,0,0,0.0625,0.050519176,0.049707623,485,154.07715,0,0.456521739,0,0,0,0
18396,CCCTGTGGCTCTGGAAAGAGAGG,0,0,0.109803921,0.041507995,0.041507995,417.5,140.6880462,0,-0.760869565,0,0,0,0
18397,AACTGGCAAGAAGAGGCAGAAGA,0,0,0.001826903,0,0.203205708,552.5,183.7548353,0,0.108695652,0,0,0,0
18398,GGTGTGGTAGTGTGTGCTTGTAG,0,0,0.023106886,0,0.201225633,552.5,187.005349,0.039130435,0.260869565,0,0,0,0
18399,GCATTGTTGCCATTGTTCTCTGA,0,0,0.015612665,0,0.757342138,620,209.4804832,0.195652174,-0.586956522,0,0,0,0
18400,CCTGCCTCTTCTCTACTGAATGA,0,0,0.003291377,0,0.065803424,485,147.68755,0,-0.239130435,0,0,0,0
18401,GAACCCCGACACCCCTCCTCTGA,0,0,0,0,0.155758982,552.5,194.3239768,0,0.086956522,0,0,0,0
18402,AAAAACCATTACATCCTGAAAGG,0,0,0.075,0.186959075,0.186959075,552.5,188.4152864,0,0.152173913,0,0,0,0
18403,GGTGAGTGAATGAGTGAATGTGA,0,0,0.014497041,0,0.036711469,387.5,158.2994987,0.117391304,0.304347826,0,0,0,0
18404,CTTGCCCGACGCGGCAGAAATGG,0,0,0.147478992,0.0778221,0.076571946,357.5,176.7306656,0,0.130434783,0,0,0,0
18405,GGCAGTGGGGGTGGCGGTGGGGG,0,0,0.026298701,0,0.212805723,425,194.3747578,0.108695652,0.108695652,0,0,0,0
18406,GGCTCTCTCCCTCCCACCCTCGG,0,0,0.043978011,0.173776681,0.167597955,455,178.1127188,0,3.326086957,0,0,0,0
18407,GGGGAGCCAGTGTGTGCATGCAG,0,0,0.037968442,0,0.208990259,552.5,187.765669,0,-0.239130435,0,0,0,0
18408,GGCCCTGTGGTTGGATGTGGGAG,0,0,0,0,0.143492089,455,191.7080734,0.4,-0.086956522,0,0,0,0
18409,CCAATGAGTAAAGAGGATGCTGA,0,0,0.014583333,0,0.024363622,357.5,175.0337984,0,0.065217391,0,0,0,0
18410,GGAGAGTGAGTGCATGTGTGTGA,0,0,0.01370614,0,0.032903448,357.5,176.5473837,0,-0.760869565,0,0,0,0
18411,GGGAGGGAGGAATGCGGAGTTAG,0,0,0.043285024,0,0.844444444,530,204.9046584,0,-0.108695652,0,0,0,0
18412,CACTGTGCCTCTGGGTGCATTGG,0,0,0.225108225,0.084674661,0.083169333,455,176.2298282,0.004347826,0,0,0,0,0
18413,TCCTCTTTCCCAACCCCTTTTGG,0,0,0,0,0.020657028,387.5,166.9889203,0.147826087,-0.130434783,0,0,0,0
18414,GCTGAGTGGGTGTGTGCATGCAG,0,0,0.082840237,0.401298765,0.401298765,560,190.7768864,0.173913043,0.239130435,0,0,0,0
18415,ACAGTGAGTTGAGAGGAGACCAG,0,0,0.057189542,0,0.072298905,455,171.821079,0.07826087,0.282608696,0,0,0,0
18416,TGGAGGCAGGTACGAGGAGTTGG,0,0,0.106882591,0.206566078,0.200234551,425,199.799095,0,-0.217391304,0,0,0,0
18417,AAATGAGCAGAAAAAGTACATGA,0,0,0.012066365,0,0.057129709,357.5,171.4077299,0,-0.195652174,0,0,0,0
18418,TGTGATAGAGTGTGTGTGTGAGG,0,0,0.272222223,0,0.251888977,552.5,194.0447241,0,0.217391304,0,0,0,0
18419,GGCAGTGTGGCTGGAGGGGAGGG,0,0,0.1640625,0,0.129409,485,152.2509298,0,0.02173913,0,0,0,0
18420,TCAGTGAGTAGAGAGTAAGCAGA,0,0,0,0,0.007953223,387.5,164.8490562,0,-0.239130435,0,0,0,0
18421,GGTGGGGGTGTGTGTGTGTGAGA,0,0,0.008235294,0,0.241506693,552.5,190.5826078,0.013043478,-0.239130435,0,0,0,0
18422,CAACACAGAGGATGGACTGCTGA,0,0,0.004243827,0,0.124304193,425,198.2309147,0,0,0,0,0,0
18423,GACTTCTGTGTCCACCCCATTGG,0,0,0.165079365,0,0.145600377,522.5,201.2042176,0.1,0,0,0,0,0
18424,GCCTTCTTTTCATTCTTCTTTGA,0,0,0.003043831,0,0.113084086,455,165.8293945,0.108695652,-0.326086957,0,0,0,0
18425,GGTGGATGAGTGAGTGGGTGGGG,0,0,0.029321267,0,0.135498222,455,185.6402644,0.017391304,-0.130434783,0,0,0,0
18426,TGGATGGGGAAATGGGGAGGCAG,0,0,0.020354394,0.154716633,0.154716633,455,159.7638251,0,-0.543478261,0,0,0,0
18427,GGGAAATACCCAGCAGCTGGAGG,0,0,0.022439745,0.014680479,0.014432707,417.5,136.9674601,0,-0.608695652,0,0,0,0
18428,GGTGATTGTGTGTCTGTGTGTGG,0,0,0.08,0,0.03033885,455,180.8289399,0.017391304,-0.152173913,0,0,0,0
18429,CGTACTGTGGCTGGAGTTGGGGA,0,0,0.007459852,0,0.601049167,552.5,194.586072,0,0,0,0,0,0
18430,CACCCCCAACTCCCCGCCTCAAG,0,0,0.039072039,0,0.485165286,522.5,205.910319,0,-0.195652174,0,0,0,0
18431,GGAAAAACTTCTGCAGCCCCTGA,0,0,0.004606009,0,0.121741508,555,188.3191819,0.091304348,-0.369565217,0,0,0,0
18432,GCTGCCCCACAGGGCAGCAAAGG,0,0,0.335403727,0.678324226,0.656790123,560,194.7366667,0.173913043,0.369565217,0,0,1,0
18433,GTCAGCCCAAAGCCTGGCCCCAG,0,0,0.015304561,0.697447183,0.697447183,552.5,179.6604801,0,-0.043478261,0,0,0,1
18434,GAGGCCGAGCAAGAGCAGAAGGA,0,0,0,0,0.04922787,357.5,183.8225531,0.026086957,-0.673913043,0,0,0,0
18435,CAGTGTGACTCTGGATGGAGGGA,0,0,0.003565062,0,0.687682923,552.5,178.1945831,0,0,0,0,0,0
18436,GCCTTGTTTTCTTTATGCTCTGA,0,0,0.002013877,0,0.08037722,357.5,176.0507669,0,0.239130435,0,0,1,0
18437,GTTGTGTGTGTGTGTGGGTGAAG,0,0,0.002117431,0,0.372455417,552.5,192.7257886,0.113043478,-0.239130435,0,0,0,1
18438,GGAAAGCCTCCTGCAGCCCCCAG,0,0,0.006584362,0.166982142,0.164163878,552.5,185.7106263,0,-0.239130435,0,0,0,0
18439,GGGAGGTAGAAATGAGGAGTTGA,0,0,0.022673108,0,0.89998622,620,210.5367628,0.013043478,-0.086956522,0,0,0,0
18440,AATGATCACTTCCTCCTGAATGG,0,0,0.00802005,0.038284407,0.038284407,357.5,176.2612785,0,0.173913043,0,0,0,0
18441,TGCTGAGAAAAAGAGGCACACAG,0,0,0.082962963,1.299248042,1.299248042,622.5,213.4402636,0,-0.260869565,0,0,0,0
18442,TGGATGGAGGGATGGGGGGAGGG,0,0,0.0950625,0,0.017393037,290,136.2019615,0.056521739,0.260869565,0,0,0,0
18443,GGAATTCCTGCAGCACCACCCAG,0,0,0,0.068564189,0.067462756,455,187.4177532,0,0.304347826,0,0,0,0
18444,GAACACAGTGCACAGACTGGGAG,0,0,0.005297558,0.148215887,0.148215887,455,165.5034822,0,-0.347826087,0,0,0,0
18445,AAAGGTAAAGAAGAGGTACAAAG,0,0,0.054012346,0,0.239135105,552.5,193.1711241,0.130434783,2.152173913,0,0,0,0
18446,GCCCCCCCCCCCCCCGCCCCAGG,0,0,0.086699507,0,0.27680625,455,178.8820994,0,0.065217391,0,0,1,0
18447,TTGATGGTGGAAAGATGAGTCGG,0,0,0,0,0.100056646,455,189.0724366,0,0.02173913,0,0,0,0
18448,GGTGAGTGTGTGTGTGTGAGTAG,0,0,0.020740741,0,0.208575033,492.5,164.7061086,0.165217391,-0.5,0,0,0,0
18449,ATGCTAACCAGTGAGTAGAACAG,0,0,0.028966132,0.406681137,0.39945125,555,178.1144961,0,0.130434783,0,0,0,0
18450,CCAGTGATTAGTGAGGAGGAAGG,0,0,0.036458333,0,0.045950893,357.5,159.607298,0,-0.934782609,0,0,0,0
18451,GGGAAGGTACCAGGATCCGTTGG,0,0,0,0,0.075179117,522.5,198.715234,0,-0.130434783,0,0,1,0
18452,AAATGAGGAGGAGAGGGAAAAAG,0,0,0.003115468,0,0.09629856,387.5,158.1359883,0.02173913,0.369565217,0,0,0,0
18453,GTCCCCCTCCACCCCCCCGTAAG,0,0,0,0,0.037787688,417.5,133.7859742,0,-0.195652174,0,0,0,0
18454,TAGATGGAGGGAAGAAGAGTGAG,0,0,0.098717949,0,0.055531438,357.5,185.9421699,0.139130435,0.173913043,0,0,0,0
18455,TGTGGGTGTGTGTGTGCGTGAGG,0,0,0.432,0,1.632770745,627.5,215.1518996,0.686956522,0.02173913,0,1,0,0
18456,AACCCAGAAGGAGAGGCACACAG,0,0,0.036718021,0.770556077,0.7469375,525,210.2799963,0.034782609,0.130434783,0,0,0,0
18457,CTATTCCATCCAGAGTCACAGGA,0,0,0,0,0.254924684,555,200.2699741,0.017391304,-0.043478261,0,0,0,0
18458,AATGAGAATGACATCCTCAACGA,0,0,0.011393229,0,0.303437425,620,206.0793184,0.108695652,-0.043478261,0,0,0,0
18459,GAACACAGAGCATAACCTTCTGG,0,0,0,0.021464048,0.02077444,387.5,153.8567356,0.191304348,-0.434782609,0,0,1,0
18460,CCCTTCCCTCCAGGGACACAAGA,0,0,0.008838384,0,0.419407407,530,204.7873984,0.517391304,0.239130435,0,0,0,0
18461,GAGTCCGGGAAGGAGAAGAAAGG,1,0.013594381,0.414492754,0.885243529,0.864893103,530,202.8091261,0,-0.108695652,0,0,0,0
18462,TGGAGGGTGGAATGAAGAGATGG,0,0,0.154285714,0.113563,0.113563,485,160.3858372,0.056521739,-0.282608696,0,0,1,0
18463,GGGTAGGGGAACTTTACTCCAGA,0,0,0.029738562,0,0.111508688,455,187.9154172,0,-0.391304348,0,0,1,0
18464,GGTGTGTGTGTGTGTCCCTGTGA,0,0,0,0,0.030962232,485,171.2401405,0,-0.304347826,0,0,0,0
18465,GACACCGACTCTGAGTTTTTGGA,0,0,0.010747354,0,0.642296629,530,203.7323828,0,0.304347826,0,0,0,0
18466,AAGTGAGAAGCAGAGATACATGG,0,0,0.114074074,0,0.054471032,387.5,174.1673793,0.22173913,-0.282608696,0,0,0,0
18467,GCCTCCTCAATGCCTGGTCCAGG,0,0,0.036525974,0.047370151,0.046570654,387.5,148.0258023,0,-0.304347826,0,0,0,0
18468,AAACGAGAAAATGAGGCTCAGAG,0,0,0.026095376,0,0.133501865,455,180.1952298,0,0.065217391,0,0,0,1
18469,GGAATCCCAGCCGCAGCCCCGGG,0,0,0.083780881,0.077638572,0.077638572,455,177.1090495,0,-0.347826087,0,0,0,0
18470,TACCTGCTTTCAGTGTTCTCTAG,0,0,0.030086672,0.397317959,0.397317959,522.5,206.4438987,0,-0.347826087,0,0,0,0
18471,GGGATGGAGGGATGGGGAGATGA,0,0,0.015786345,0,0.103738294,357.5,161.6252948,0,0.02173913,0,0,0,0
18472,GCCCCCCCATAGCTTGGCCAGGG,0,0,0.418685121,0.386274222,0.386274222,530,202.8954789,0.973913043,-0.434782609,0,0,1,0
18473,AAAAAAGAAGAAGAGGAAGAGAG,0,0,0.006241427,0,0.19201875,485,165.303969,0,0.065217391,0,0,0,0
18474,TCAGGGAGTGGAGTGGAGGCAGG,0,0,0.260740741,0.209819018,0.206277769,522.5,201.2807589,0,-1.02173913,0,0,0,0
18475,TGTGGGTGGGTGTGTGTGTGGGG,0,0,0.224,0,0.372455417,552.5,192.9657886,NA,-0.217391304,0,0,0,0
18476,GGGTGGGGGGCCTTTGCTGGGGA,0,0,0.000108131,0,0.051316877,290,137.368216,0,-0.347826087,0,0,0,0
18477,AGAATCCTTTCTGCAGCACACAG,0,0,0.102083333,0,1.492090395,560,180.1625831,0.07826087,-0.260869565,0,0,0,0
18478,CAATGATTAGAAGAGACACAAGA,0,0,0.014577259,0,0.186003667,552.5,196.4285764,0,-0.152173913,0,0,0,0
18479,GGGAATGAGGAAGGAGGAGTTGA,0,0,0.005776097,0,0.351943434,522.5,206.6263755,0,-0.347826087,0,0,0,0
18480,GGTGTGTGGGCGTGTGTGTGGGG,0,0,0.075420876,0,0.196246288,455,186.7357049,0,-0.065217391,0,0,0,0
18481,TGGTTAGAGGACTGAGTAGTCAG,0,0,0.010854156,0,0.172261305,455,187.8382045,0,0,0,0,0,0
18482,GGGGTGTGTGTGTGTGCATGTGG,0,0,0.075524476,0,0.186959075,552.5,188.0005664,0,0.065217391,0,0,0,0
18483,CCCATCCTGTCGGAGACACACAG,0,0,0.046754504,0.366664223,0.361291854,525,199.4325658,0.07826087,-0.239130435,0,0,0,0
18484,AATGACCACTAAATCATTAACAG,0,0,0.119047619,0.042187386,0.042187386,395,169.9721404,0,-0.239130435,0,0,0,0
18485,GGGCCTGACTGAGCAGGTCAGGG,0,0,0.024630542,0.05209954,0.051173326,485,168.8495902,0,-0.326086957,0,0,0,0
18486,TCTGCATCCCCTCTCCTCACAGA,0,0,0.007034632,0,0.224468976,522.5,198.215258,0,-0.217391304,0,0,0,0
18487,GAGCTCCTGCACCCCACCTCAGG,0,0,0.196969697,0,0.155758982,552.5,196.1354738,0,-0.217391304,0,0,0,0
18488,CCTTGTGTCTTTGCATGGTTCAG,0,0,0.012656147,0,0.040666713,357.5,170.0547317,0,-0.565217391,0,0,0,0
18489,CAGCACACAGCATAGACTGGTGA,0,0,0.000764195,0,0.687682923,552.5,178.4345831,0,-0.347826087,0,0,0,0
18490,GTCATCTCATTCATAAGCTGGAG,0,0,0.007173776,0,0.135959851,455,175.915314,0,-0.02173913,0,0,0,0
18491,CTTGGGCCACAGGGTAGTCAAGA,0,0,0.000287356,0,0.076772777,455,171.1706745,0,-0.130434783,0,0,0,0
18492,ACATGGGAAGTAGAAGCACACAG,0,0,0.042136513,0,0.135266321,425,196.7369107,0.1,0,0,0,0,0
18493,AATAGAGAAGAAAAGGCAAACAG,0,0,0.034475329,0.19375862,0.190314023,455,177.5510795,0,-0.217391304,0,0,0,0
18494,AGAGAGAGAGTGTGTGTGTGGGG,0,0,0.2625,0,0.410516581,552.5,195.3027081,0,-0.413043478,0,2,0,0
18495,AGAGAGAGAGTGTGTGTGTGGGA,0,0,0.018229167,0,0.410516581,552.5,195.3027081,0,0.326086957,0,0,0,0
18496,TGTGGGTGAGGGTGTGCGGGTGA,0,0,0.005,0,0.292400968,455,180.9335964,0,-0.065217391,0,0,0,0
18497,TGTGCGTGTGTGTGTGTGTGTGG,0,0,0.14,0.379196691,0.372455417,552.5,192.9657886,0,0.065217391,0,0,0,0
18498,TGTGCGTGTGTGTGTGTGTGTGA,0,0,0.009722222,0,0.372455417,552.5,192.9657886,0.017391304,0,0,0,0,1
18499,GACCCCCCCCCCCCCGCCAAAAG,0,0,0.014814815,0,0.10958374,387.5,141.9844995,0.013043478,-0.043478261,0,0,0,0
18500,GCCTCTCCAAAACCTGGCAAAGA,0,0,0.025793651,0,0.278794225,462.5,180.1499156,0.52173913,0.152173913,0,0,1,0
18501,CCCCCCCTCCCCCCCGCCCCCAG,0,0,0.016055464,0,0.292400968,455,181.9819164,0,0.086956522,0,0,1,0
18502,CCTGCCTCACAGAGCAGTTATGA,0,0,0.024038461,0,0.131830099,455,176.3294987,0.147826087,0.130434783,0,0,0,0
18503,ATGAAGTCAAGTGACTAGAGCAG,0,0,0.013257576,0.096807189,0.096807189,522.5,196.8640333,0,-0.130434783,0,0,0,0
18504,CTCTCCCCCCACCCCGCCTCTGG,0,0,0.415584415,0,1.364942529,620,214.986583,0.27826087,-0.47826087,0,0,0,0
18505,GAGACTGAGCAGTAGAAGGAAGG,0,0,0.049744898,0.116774831,0.116774831,455,176.2930955,0.026086957,-0.108695652,0,0,0,0
18506,AAATAGGAGGAAGAGCCACAAAG,0,0,0,0,0.090966306,552.5,194.8774898,0,-0.195652174,0,0,0,0
18507,GCCTCCCCAAGGCCTGGCAGCAG,0,0,0.055228758,0.199875682,0.194815538,395,146.2843164,0,-0.02173913,0,0,0,0
18508,TGTGAGTGAGGGTGGGGGTGGGG,0,0,0.001176471,0,0.090669425,357.5,177.7767837,0.026086957,0.217391304,0,0,0,0
18509,CCAGTGGGTAAGGCTGAGGCAGA,0,0,0.005057579,0,0.06822255,327.5,188.6636135,1,1.326086957,0,0,0,0
18510,AAAAGAGAAGAAGAAGAAGAGGA,0,0,0.001815541,0,0.051461025,387.5,152.3852674,0.12173913,0.108695652,0,0,0,0
18511,AACTACCCCTACATCCTCCACAG,0,0,0.003582624,0,0.4917675,552.5,183.9505831,0.156521739,0.065217391,0,0,0,0
18512,TGTGTGTGAGTGTATGTGTGCGA,0,0,0.008838384,0,0.090827917,455,185.2863843,0,0.043478261,0,0,0,0
18513,TGTGCGTGGGTGTGTGAGTGAGG,0,0,0.155555556,0.379196691,0.372455417,552.5,192.9657886,0,0.804347826,0,0,0,0
18514,TGGATGAAGCAATTAGGAGTAAG,0,0,0.027654321,0.244282679,0.23839635,530,201.3858981,0.4,-0.217391304,0,0,0,0
18515,GCTGTGTGAGTGTGTGTGAGGGA,0,0,0.002331002,0,0.19201875,485,165.937569,0,-0.108695652,0,0,0,0
18516,CTCTGAGTCTCTGGAAAGATGGA,0,0,0.046423834,0,0.063433242,485,178.899479,0.043478261,0.260869565,0,0,0,1
18517,GGCACTGCTGCTACAGGTGAGGG,0,0,0.197802198,0,0.02101987,357.5,156.9641145,0,-0.086956522,0,0,0,0
18518,CAGTTCTATCAGAAGAAGAAGAG,0,0,0.035914702,0.58761959,0.569608261,620,211.5687188,0.060869565,0.086956522,0,0,0,0
18519,AAATGAGATGATGATGCACTCAG,0,0,0.004444444,0,0.048065414,357.5,156.1794977,0,0.02173913,0,0,0,0
18520,GGGGCTGGGGCTGGAGCTGGCGG,0,0,0.047268908,0,0.570616297,552.5,193.712472,0,-0.217391304,0,0,0,0
18521,TGGGTGGAGGATGGAGGAGAGAG,0,0,0.007925725,0.127989612,0.125714241,357.5,163.9733791,0,0.108695652,0,0,0,0
18522,CGTGTGTGTGTGTGTGTGTGCGG,0,0,0.072727273,0.379196691,0.372455417,552.5,192.9657886,1,3.891304348,0,0,0,0
18523,CGTGTGTGTGTGTGTGTGTGCGA,0,0,0.005050505,0,0.372455417,552.5,192.9657886,0,0.369565217,0,0,0,0
18524,TGGATGGAGGATGGAGGGTTGGG,0,0,0.023188406,0,0.016045641,290,145.8132458,0,-0.217391304,0,0,0,0
18525,TGGGTGTAGGTATGAGGGGTGGG,0,0,0.043956044,0.115581719,0.111680226,455,184.2898022,0,-0.02173913,0,0,0,0
18526,AACTGAGAGGAAGTGGCATACAG,0,0,0.018233618,0,0.044770021,455,172.3250351,0,-0.565217391,0,0,0,0
18527,GAGTCCGTTGAGAAGAAGACAGG,0,0,0.02020202,0.352730832,0.352730832,555,170.0110663,0.917391304,0.152173913,0,0,0,0
18528,TCCAACTCTCCAGAGACACATAG,0,0,0.045138889,0.946765564,0.932255747,620,212.4286822,0.147826087,0.065217391,0,0,0,0
18529,AAAGTAAAAGAAGAGGCACAGAG,0,0,0.048611111,0,1.584493284,627.5,215.8548992,0,-0.173913043,0,0,0,0
18530,AGTAACCACTACAACCACAACAG,0,0,0.06162963,0.090827917,0.090827917,455,185.4611043,0.013043478,0.260869565,0,0,0,0
18531,GCCTACCCCCAGCCCGGCCAGGG,0,0,0.029684601,0.219292825,0.215770049,522.5,194.7531417,0,0.02173913,0,0,1,0
18532,CTTGAACCACAGGTCAGTATTAG,0,0,0.022010582,0,0.059518236,455,167.3489114,0,-0.086956522,0,0,0,0
18533,GGCTCTGCCACTGGAGGGGGTGG,0,0,0.106604506,0,0.16579195,552.5,183.9515499,1,6.260869565,0,0,0,0
18534,GGGTGGTTTACATTGTTCTCAAG,0,0,0.056888889,1.278706571,1.2395125,620,212.1519436,0,-0.108695652,0,0,0,0
18535,GAGTCCAAGCAGAGGAAGGATAG,0,0,0.04537037,0.095316979,0.095316979,462.5,175.6296346,0.6,0.108695652,0,0,0,0
18536,GGTGTGGCAGTGTGTGCTTGTAG,0,0,0.022751395,0,0.201225633,552.5,187.005349,0.334782609,0,0,0,0,0
18537,CATGAGTGTGTGTGTGAGTGGGA,0,0,0.011752137,0,0.372455417,552.5,194.0141086,0.808695652,3.956521739,0,0,0,0
18538,TAATGAGAAAGAGAGGCAGAGAG,0,0,0.019660494,0,0.269301292,455,177.2301799,0,-0.152173913,0,0,0,0
18539,AATGACCTATAAATCCTGAAAGA,0,0,0.002429543,0,0.084298124,455,179.000969,0.526086957,-0.608695652,0,0,0,1
18540,ATTAACACTAATGAGTAGAGGAG,0,0,0.113425926,0.893501135,0.893501135,530,209.6821359,0.930434783,4.52173913,0,0,0,0
18541,AATGTCCACTGCATCTTCAACAG,0,0,0.018855219,0,0.268702222,462.5,195.5931704,0,0,0,0,0,0
18542,CCAGAGATTAGAGGGGAGGCAAG,0,0,0,0,0.398171589,530,204.3726784,0.165217391,0.565217391,0,0,0,0
18543,GCTGACCAATACATTCTCAAAGA,0,0,0.003117914,0,0.24614019,522.5,200.7931981,0,-0.108695652,0,0,0,0
18544,GTCATCTAGGTCCTGACCTGCAG,0,0,0.001455491,0,0.086497058,425,188.4340606,0.113043478,1.217391304,0,0,0,0
18545,AAATGAGATAAAGAATCACAGAG,0,0,0,0,0.035406129,455,178.7530358,0,-1.152173913,0,0,0,0
18546,AGTCAGCACCACATCCTCAAAGA,0,0,0.007843137,0,0.760552802,620,211.3086796,0,-0.043478261,0,0,0,0
18547,AAAAAGAAATCATAGACTGCTGG,0,0,0.307894737,0.797205949,0.797205949,620,211.5486796,0.030434783,0.304347826,0,0,0,0
18548,CCAGAGAGGAAAGCAGAGGCCAG,0,0,0.075526507,0.132147142,0.130024297,425,193.5147944,0,-0.108695652,0,0,0,0
18549,TGCACAGACTGAGCCCATGATGA,0,0,0.014885699,0,0.163368333,455,183.1332674,0,-0.782608696,0,0,0,0
18550,GATGAGTGAGTGAGTGAATGAAG,0,0,0.049066909,0,0.046238115,387.5,163.0512351,0.37826087,0.608695652,0,0,0,0
18551,TCCCTTTTAGTCATTACCTGCAG,0,0,0.072829132,0,0.789491758,620,216.300416,0.247826087,0,0,0,0,0
18552,GCCTCCCCACAGCCTCACCACGG,0,0,0,0,0.155125004,492.5,177.1337266,0.026086957,-0.239130435,0,0,0,0
18553,AATTGAGAAGAAGAGATAAAGGA,0,0,0.009803922,0,0.032564844,417.5,149.6494631,0,-0.326086957,0,0,0,0
18554,CACATGCAAACAGAGACACATGG,0,0,0.292640693,0.479391762,0.464697762,620,208.2224992,0,0.173913043,0,0,0,0
18555,CCACCGAGCAGAGCTGAGGCTAG,0,0,0.018099548,0.242054876,0.234278012,522.5,198.8712781,0,-0.217391304,0,0,0,0
18556,CTTGAACACTACATCCTCTAGGG,0,0,0.311688311,0,0.318743398,552.5,186.4260161,0,0,0,0,0,0
18557,GCCACAGCCGCTGGCGGTGGAGA,0,0,0.006118881,0,0.148914815,522.5,199.0072141,0.07826087,-0.043478261,0,0,0,0
18558,TTGCTGGAGGAGGGAGGAGTGGA,0,0,0.002938593,0,0.272415361,425,200.870979,0.286956522,0.434782609,0,0,0,1
18559,TGGACGGAGGATTGGGCAGTAGG,0,0,0.050980392,0,0.076307487,357.5,175.0024469,0,0.086956522,0,0,1,0
18560,GGGGTGTGAGTGTCTGTGTGTGG,0,0,0.036363636,0,0.085021828,455,184.7583843,0,-0.260869565,0,0,0,0
18561,AGCTGTGTCTCTGCATGGGTGAG,0,0,0.028985507,0.07850044,0.07850044,455,176.5728154,0.004347826,0.043478261,0,0,0,0
18562,GTGTTGTTTCCTTTGTTCTCCAG,0,0,0.016760194,0.649666446,0.639230037,522.5,205.7241631,0.008695652,-0.195652174,0,0,0,0
18563,GGGGAGGGAGTGTATGAGTGTGG,0,0,0.102941177,0,0.058069909,455,183.6635235,0.182608696,0.086956522,0,0,0,0
18564,GACCAAACAGCAGAGACTGCTGG,0,0,0.044492331,0.335685083,0.330292552,522.5,204.2868785,0,-0.043478261,0,0,0,0
18565,AAGATGTTTTCATTGTTCTGGAG,0,0,0.003267974,0,0.687682923,552.5,180.6608001,0,-0.391304348,0,0,0,0
18566,CCCTCCCCACAGCCTGGTTAAGA,0,0,0.004905808,0,0.0951046,485,158.0369304,0,-0.239130435,0,0,0,0
18567,AAAGCAAAAGAAAAGGCACAGAG,0,0,0.117521367,0.378170105,0.378170105,522.5,205.1555787,0,-0.152173913,0,0,0,0
18568,AGTGTGTGAGTGTGTATGTGTGA,0,0,0.010606061,0,0.104848333,485,179.637143,0.008695652,0.5,0,0,0,1
18569,TGTGAGCGAGTGTGTGTGAGCAG,0,0,0.023765432,0,0.138537471,485,165.0827082,0.008695652,0.043478261,0,0,0,0
18570,TGCTCTGCGGCAGGAGGAGGAGG,0,0,0.339393939,0,0.152684,455,185.1869663,0.091304348,-0.369565217,0,0,0,0
18571,AGTTCCCCAAACCCTGGCCACAG,0,0,0.059079284,0,0.694060843,525,210.7158996,0.004347826,0.695652174,0,0,0,0
18572,TGGATGGATGACTGATCAGTGGG,0,0,0,0,0.027171265,387.5,169.2495822,0.004347826,0.282608696,0,0,0,0
18573,GCTCCCCCAAACCCTGGCCGGGA,0,0,0.012506679,0,0.320295198,455,172.9446996,0,0.152173913,0,0,0,0
18574,TGGATGGATGGATGAGTAGGGGG,0,0,0.015294118,0,0.077890861,387.5,150.8864249,0,0.043478261,0,0,0,0
18575,TGTGAGTGAGTGTGTGTGTGCAG,0,0,0.120987654,0,5.899193548,567.5,200.6138889,0.195652174,0.413043478,0,0,0,0
18576,GACTCAGAGGAGATGAAGAACGA,0,0,0.005144033,0,0.117120715,522.5,200.2550949,0.017391304,0.065217391,0,0,0,0
18577,GACCCCCCACACCCTGCCCCCAG,0,0,0.004086845,0,0.073797574,455,167.1853812,0.456521739,-0.304347826,0,0,1,0
18578,AATGACCTCTACAACCAAAATAG,0,0,0.019753086,0.016349025,0.01608639,387.5,158.051554,0.086956522,-0.086956522,0,0,0,0
18579,AGTGAGTGCATGTGTGCCTGTGA,0,0,0.015873016,0,0.174634187,552.5,184.8251499,0.143478261,0.173913043,0,0,0,0
18580,GGCTGTGGAGAGTTTCCTCCGAG,0,0,0,0.095851938,0.094234184,552.5,195.6378098,0.073913043,-0.02173913,0,0,0,0
18581,GTCCCCTGCAGTGACTATGGAGA,0,0,0.006827731,0,0.163514241,455,183.5731661,0,0.434782609,0,0,0,0
18582,GAAAAAGAAGAAGAAGCACAAGA,0,0,0.026973752,0,0.402848101,522.5,202.8310584,0.004347826,0,0,0,0,0
18583,TACACAGAAGAAGAGTTTTCAAG,0,0,0.016414141,0.238667344,0.234185328,455,174.0463324,0,-0.760869565,0,0,0,0
18584,CCTCCCTGGGCTCTACCCACTAG,0,0,0.038556599,0,0.353596915,552.5,190.2806916,0,-0.47826087,0,0,0,0
18585,TTGTTGTTGTCATTGTTCTCCAG,0,0,0.058361392,0.848305879,0.822304167,622.5,214.4722196,0.569565217,1.391304348,0,0,0,0
18586,CCCCCACTCCACCCCACCTCTGA,0,0,0.036190071,0,0.164761667,552.5,199.8855901,0,0.217391304,0,0,0,0
18587,TGGATGGATGGATGAACAGTGGG,0,0,0.081568628,0,0.030650512,387.5,170.735599,0.430434783,0.826086957,0,0,0,0
18588,TGGATGGATGGATGAACAGTGGA,0,0,0.005664488,0,0.030650512,387.5,170.735599,0,-0.326086957,0,0,0,0
18589,AAAGAGGAAGTAGAGGCACAGAG,0,0,0.030864198,0,0.458313578,525,209.0220123,0.995652174,0,0,0,0,1
18590,GCCTCTTTCCCTCCCAGTCTCAG,0,0,0.00090151,0.016211164,0.015962717,345,134.3264553,0,0.065217391,0,0,1,0
18591,AAAGGAAATGCAGAGGCACATGG,0,0,0.15,0,0.316132585,522.5,205.7533551,0,-0.543478261,0,0,0,0
18592,CCATGTGACTATGTATGGATTAG,0,0,0.035950617,0.120529678,0.116657239,425,197.7029147,0,0,0,0,0,0
18593,CACATGTTTTCATTTTTCTTGGG,0,0,0.014577259,0,0.186915845,455,166.9817785,0,-0.195652174,0,0,0,0
18594,GGTGTGTGTGTGTGTGTGTGGGG,0,0,0.101818182,0.699446792,0.699446792,560,194.1657886,0.108695652,0.239130435,0,0,0,0
18595,GGTGTGGGAGGGTGTGTGTGCAG,0,0,0.010351885,0.219371873,0.219371873,455,188.3123044,0,-0.217391304,0,0,1,0
18596,TTCTGTGTCTCTGTATGGACAGA,0,0,0.001530456,0,0.10391963,455,170.1832154,0.252173913,0.108695652,0,0,0,0
18597,AAAAAAGAAGAAGAGGGAGAAGG,0,0,0.003034547,0,0.19201875,485,165.303969,0.030434783,0.130434783,0,0,0,0
18598,GTGGAGTGAGTGTGTGTGTGGAG,0,0,0.038496072,0,1.196117745,560,198.6458889,0,-0.173913043,0,0,0,0
18599,GGCCCTGCGGCAGGAGTTTGAGG,0,0,0.047058823,0,0.094473225,387.5,158.8761885,0,-0.130434783,0,0,0,0
18600,CACCCCCACCACCCTGCCCCCAG,0,0,0.002724564,0,0.141195423,455,171.1451615,0.72173913,-0.217391304,0,0,0,0
18601,GGTGGGCGATGGTGTGCGTGGGG,0,0,0.160875,0.476527186,0.476527186,522.5,204.3066791,NA,-0.565217391,0,0,0,0
18602,AAACGAGATGATGAGGCACTCAG,0,0,0.020130719,0,0.198479073,455,169.5129193,0,-0.217391304,0,0,0,0
18603,ACTTCCTCCTCTCTACTCAAAAG,0,0,0.038299663,0.654642614,0.642348856,552.5,176.1970637,0,-0.543478261,0,0,0,0
18604,GCCCACCTCCACCCCACCCCTGG,0,0,0.123856439,0,0.085785,485,169.6352542,0,-0.260869565,0,0,0,0
18605,AAAGCAGAAGCAGATGCACAGAG,0,0,0.007275132,0,0.212805723,425,196.6009747,0.686956522,1.130434783,0,0,0,0
18606,TAGTCTGAGCACATGAAGAATGG,0,0,0.262184874,0.067811866,0.066667362,425,198.0587309,0,0.152173913,0,0,0,0
18607,TACATCGATGTCCAGCCAATCAG,0,0,0.004320988,0.012849087,0.012392231,357.5,167.9304605,0,0.347826087,0,0,0,0
18608,GCTGTCTCGGCTTTACTCACCAG,0,0,0.065275948,0,0.355433782,522.5,204.4525791,0.086956522,-0.717391304,0,0,0,0
18609,TAGTTGGGGGAATGAGAAGTGGG,0,0,0.368547008,0,0.609583333,552.5,194.000472,0.008695652,0.152173913,0,0,0,0
18610,GACCCCCTCCCCGCCCCCTCGGA,0,0,0,0,0.089644621,365,187.3821699,0.291304348,0.391304348,0,0,0,0
18611,GGAACTTGAGCTGGAGGTGGAGG,0,0,0.204664723,0,0.561633746,622.5,209.2292219,0.6,-0.47826087,0,0,0,0
18612,GGTGAGGGAGGGTGTCTGTGAGG,0,0,0,0,0.035913554,387.5,172.3121985,0,-0.456521739,0,0,0,0
18613,GATGAATGAGTGTGTGGATGGGA,0,0,0.002392969,0,0.072284392,485,170.7645717,0,-0.47826087,0,0,0,0
18614,GAAGACAAGGCATAGCCTGGGAG,0,0,0,0,0.069386993,485,159.9405938,0,-0.217391304,0,0,0,0
18615,AATGTACACTACATCCACATAGA,0,0,0.007503607,0,0.153788731,485,158.001985,0.295652174,0.413043478,0,0,0,0
18616,GCCCCCCACTGACCACGTGACAG,0,0,0.023616734,0.236387699,0.228792914,522.5,205.2915147,0,-0.282608696,0,0,0,0
18617,TGCACGGAGGAATGAGCACTAGA,0,0,0.002817219,0,0.189330488,485,165.649569,0,-0.456521739,0,0,0,0
18618,GAGCCACTACACCCCACCTCAAG,0,0,0.103174603,0,0.094234184,552.5,195.6378098,NA,NA,0,0,0,0
18619,TGTATGTGGGTGTGTGCGTGTGG,0,0,0.218181819,0,0.833979885,620,213.0782996,0,-0.086956522,0,0,0,0
18620,TGTGTGGGAGTGTGTGAGTGAGG,0,0,0.099821747,0,0.416345417,552.5,194.5423881,0.37826087,0.652173913,0,0,0,0
18621,GGGAAGGGGTAGTTTGCTACAAG,0,0,0.037257496,0.45934875,0.45934875,552.5,181.2983436,0.026086957,0.108695652,0,0,0,0
18622,GGACCTGGGGCTGGAGCTGGAGG,0,0,0.046267919,0,0.570616297,552.5,193.712472,0.073913043,-0.086956522,0,0,0,1
18623,GTTGAATGTGTGTGTGAGTGTGA,0,0,0.012373737,0,0.225335527,552.5,192.2281246,0,0.130434783,0,0,0,0
18624,ATATGGGAAATAGAGGCACATGA,0,0,0.01036001,0,0.442449302,522.5,205.9521959,0,0.239130435,0,0,0,0
18625,GCCTCCTTCTCACCCTCCTCTAG,0,0,0,0.062172581,0.060073929,485,157.9962538,0,0.413043478,0,0,0,0
18626,GCCACCCCAAACCCTGTACAAGA,0,0,0.002356712,0,0.055806968,387.5,164.2008552,0.034782609,0.195652174,0,0,0,0
18627,GAGCCCCTGCACCCGTCCTCAAG,0,0,0,0,0.041743407,455,183.2167722,0.013043478,0.586956522,0,0,0,0
18628,TGGAAGGAGGACTCAGGAGGTAG,0,0,0.002579979,0,0.048401607,357.5,161.418795,0.013043478,0.434782609,0,0,0,0
18629,AGATGAGAAGTGGAGGCACGCAG,0,0,0.035245703,0,0.190444928,357.5,167.8762159,0.369565217,0.282608696,0,0,0,0
18630,GAGTCTGAGTGGAAGATGAATGG,0,0,0.075742297,0.17599752,0.170342981,455,185.2060848,0.239130435,0.108695652,0,0,0,0
18631,ATCAAAATAGTCATTACCTGGGA,0,0,0.025390625,0,0.564014727,622.5,213.7425152,0,0.02173913,0,0,0,0
18632,CCTGCCCCACAGGGCACCAGGGG,0,0,0.066097027,0,0.052629364,417.5,135.4129557,0,-0.326086957,0,0,0,0
18633,GCCTCCCCCAAGCCAGGTCTCAG,0,0,0.033082707,0,0.01914801,387.5,138.4722649,0,-0.173913043,0,0,0,0
18634,GTGTGGGAGGAGTGTGGTCCAGA,0,0,0,0,0.090827917,455,183.2348873,0,-0.239130435,0,0,0,0
18635,TAATCAGAGCAGAAGCAGAAGAG,0,0,0,0.162455003,0.162455003,552.5,199.5975901,0,0.173913043,0,0,0,0
18636,GGCTCTTTCCAACCTACTTTCAG,0,0,0.005797101,0,0.04615898,357.5,173.0995614,0,-0.391304348,0,0,0,0
18637,GCCTCTGTTCCATCCACCTCAAG,0,0,0.008491781,0.10296933,0.101231451,455,166.2201184,0.026086957,-0.02173913,0,0,0,0
18638,AGGTGAGAAGAAGAGGGAAAGGG,0,0,0.01232493,0.196310413,0.189330488,485,166.697889,0.1,-0.086956522,0,0,0,0
18639,GAGCAAAAAGCGAAGACTGCAGA,0,0,0.019703483,0,0.162503936,425,199.670595,0,-0.630434783,0,0,0,0
18640,GACAGAGAAGCAGTGTTTATGGA,0,0,0.005895692,0,0.042683372,455,173.7385114,0,-0.282608696,0,0,0,0
18641,TGCACTGCTGCTGGGGCTGGCAG,0,0,0.021147422,0,0.099818052,455,180.047087,0,-0.108695652,0,0,0,0
18642,CCCCTCCAGCCTGAGACACAGGA,0,0,0.005057579,0,0.803323207,530,207.8505192,0,-0.369565217,0,0,0,0
18643,ACCTGAGATGAAGAGGAACATAG,0,0,0.024444444,0.367241041,0.367241041,552.5,193.4861086,0.060869565,-0.152173913,0,0,0,0
18644,ATTCAAAACAGTGAGTAGAGGGA,0,0,0.007396709,0,0.778438874,620,212.912599,0,0.065217391,0,0,0,0
18645,GAAAGAGAAGACAAGGCACAGAG,0,0,0.029989504,0,0.286208544,425,201.110979,0.113043478,-0.086956522,0,0,0,0
18646,GCCTGCACAATGCCTGGCCACAG,0,0,0.035897436,0,0.964154618,530,210.4984155,0,-0.673913043,0,0,0,0
18647,CCCCACCATCCTCAGACACAAAG,0,0,0.006421282,0,0.272415361,425,199.822659,0,-0.282608696,0,0,0,0
18648,GCCCACGCAAAGCCTGGGCAGAG,0,0,0.006014781,0,0.201225633,552.5,189.2315659,0.047826087,-0.02173913,0,0,0,0
18649,CCAGGAAGTAGAGCTGAAGCAGA,0,0,0.004395604,0,0.047769728,455,176.4953411,0,-0.173913043,0,0,0,0
18650,TGGATGAATGAATGAGCGGTGGA,0,0,0.003485839,0,0.045054092,485,166.4475945,0,0.043478261,0,0,0,0
18651,CAAACGGAGCAGAAGAAGAAAGG,0,0,0.12755102,0.801938915,0.778438874,620,216.012416,0.495652174,-0.173913043,0,0,0,0
18652,AAAGGAGAAACTGAGGCACAGGG,0,0,0.077777778,0.354121315,0.343267022,460,199.3884794,0,0.065217391,0,0,0,0
18653,GATTTTTTTTCTTTGTTATCTAG,0,0,0.021327952,0,0.091080587,455,183.7465823,0,-0.434782609,0,0,0,0
18654,GGGTGGGGGGAGACTGCACCCAG,0,0,0.034188034,0.028070198,0.027424906,365,173.8381615,0,-0.086956522,0,0,0,0
18655,GAACACATAAAATAGACTGAAAG,0,0,0.038888889,0.320401983,0.320401983,455,167.740763,0,0.086956522,0,0,0,0
18656,AAAAAGGAAGAAGAGGCAGAGAG,0,0,0.009553204,0,0.30174375,555,184.5040961,0,-0.434782609,0,0,0,0
18657,ACATGAGAATGAGAGGCCCACAG,0,0,0.020491623,0,0.158628435,455,182.3148466,0,-0.260869565,0,0,0,0
18658,TCCTCCCCACAGCCTGGGAAGAG,0,0,0.004938272,0.0951046,0.0951046,485,158.0369304,0.447826087,0.282608696,0,0,0,0
18659,CCATCCCCAAGCCCTGGCCAGGG,0,0,0.21302521,0.397990615,0.385203768,425,204.7258158,0.086956522,0.130434783,0,0,0,0
18660,GATCCCCTCCAGCCCGACCCCAG,0,0,0.010198193,0,0.0931506,387.5,159.2217885,0.1,0.217391304,1,0,1,0
18661,GGTGAGTGGGCGTGTGGGTGGGG,0,0,0.026143791,0.348882289,0.348882289,462.5,189.2240249,0.017391304,0.173913043,0,0,0,0
18662,GCCTCTTTCCAACCCTTCTCTGA,0,0,0,0,0.021926724,320,137.5577794,0,-0.369565217,0,0,0,0
18663,TGTGTGTGTGTGTGTGCATGGGA,0,0,0.01048951,0,0.189613667,552.5,188.5285664,0.226086957,-0.260869565,0,1,0,0
18664,GGTGAGTCAGTGAGTGAGTGGGA,0,0,0.013806706,0,0.398158228,462.5,186.8147514,0.82173913,0.043478261,0,0,0,0
18665,GCATCTTCCACACCCTCCTTTAG,0,0,0,0.238816288,0.234785634,552.5,193.2920207,0,-0.304347826,0,0,0,0
18666,AAAAGCAGAGAGTAGAGTGGTGA,0,0,0.021556122,0,0.186959075,552.5,188.0005664,0,-0.217391304,0,0,0,0
18667,GCCTCCCCCGATCCTCGCCATGG,0,0,0,0.066010974,0.064999311,455,185.2439569,0.769565217,0.652173913,0,0,0,0
18668,AGTAAGTGTGTGTGTGTGTGAGA,0,0,0.01575,0,0.372455417,552.5,193.3805086,0,0.108695652,0,0,0,0
18669,AACTCTGGAGCAGAGTTTTTAAG,0,0,0.101111111,0.838642996,0.82579023,620,213.440599,0.830434783,0.413043478,0,0,0,0
18670,AAATGAGAGGAAAAGGCAGGGGA,0,0,0.004084967,0,0.04443798,387.5,137.8552992,0,-0.065217391,0,0,0,0
18671,GGGTGGAGGGAGCTTACTTCTGG,0,0,0.36437247,0.021526687,0.021526687,387.5,159.2810728,0,-0.152173913,0,0,0,0
18672,ATGAACTTGAGTGAGTAAAGGGA,0,0,0.011393229,0,0.117023615,555,184.3338886,0,-0.260869565,0,0,0,0
18673,ACATGAGAGGCAGAGGCAGAAGG,0,0,0.026190476,0,0.169128619,455,178.022136,0.004347826,-1.108695652,0,0,0,0
18674,GGTGCTGAGGCTGGAGGCGGTGG,0,0,0.119698661,0,0.305988667,552.5,189.2752498,0.017391304,-0.086956522,0,0,0,0
18675,GAAAGAAAAAAAGAGGCACATGG,0,0,0.444444444,0.89998622,0.89998622,620,210.9514828,0,-0.152173913,0,0,0,0
18676,GGTGAGTAGGTGGGTGTGTGTGG,0,0,0.08115942,0,0.13024721,455,181.6549711,0,-0.347826087,0,0,0,0
18677,TGTGAGTGTGTGTGCGTGTGTGG,0,0,0.076363636,0,0.099818052,455,180.047087,0.008695652,-0.391304348,0,0,0,0
18678,AATGACCAATACAGCCAGAAAAG,0,0,0,0.009828784,0.009828784,387.5,157.1915907,0.286956522,0.282608696,0,0,0,0
18679,GTCCCCCTCCTCCCTGTCTCAGG,0,0,0.006961927,0,0.090669425,357.5,177.5367837,0.039130435,5.086956522,0,0,0,0
18680,GGCAGAGACTGAGCACTTGTCAG,0,0,0.019649123,0.258797087,0.25419625,485,158.914369,0.017391304,0.195652174,0,0,0,0
18681,GCCTACCCAAGGGCTGGCCTTGA,0,0,0.00211039,0,0.141811796,357.5,165.0446758,0.026086957,-0.260869565,0,0,0,0
18682,GGGAAAAACCAAGTATCCCTCGA,0,0,0.017121647,0,0.026743426,357.5,168.1995509,0.004347826,-0.239130435,0,0,0,0
18683,GCCACTGAGGCTGCAGGTGAGAG,0,0,0.046875,0,0.10391963,455,167.0833985,0.008695652,0.391304348,0,0,0,0
18684,AACTGAGCAGAAGAGGGTCAGAG,0,0,0.00140056,0,0.117805637,485,169.1627387,0,-0.391304348,0,0,0,0
18685,GAGTTGTTTACAGTATTCTCTGA,0,0,0.007307271,0,0.141575737,425,189.9739215,0.017391304,0.108695652,0,0,0,0
18686,GGCCAGGAGGCTGGAGGTGGAAG,0,0,0.019421102,0,0.789491758,622.5,212.152279,0.030434783,-0.152173913,0,0,0,0
18687,GAGACCAAGCAGAAGGTGAACAG,0,0,0.003165559,0.069152651,0.067985517,485,177.6686822,0,-0.043478261,0,0,0,0
18688,GAGTTGTTTACAGTATTCTCTGG,0,0,0.105224699,0,0.141575737,425,189.9739215,0.004347826,-0.02173913,0,0,0,0
18689,CCAGTGATTCGACAGGAGGCTGA,0,0,0.002132066,0,0.072488853,425,189.9699414,0.108695652,0.543478261,0,0,0,0
18690,GGTGTGAGTGTGTGTGTGTGCAG,0,0,0.023097643,0.241506693,0.241506693,552.5,190.5826078,0.017391304,0.217391304,0,0,0,0
18691,TGGACTGAGGACTGAGGACTGAG,0,0,0.020389415,0.145864773,0.140941068,455,177.6615956,0.039130435,0.173913043,0,0,0,0
18692,CCAGCCCCACCTGGCAGTAATGA,0,0,0.006541078,0,0.385203768,425,204.4858158,0,2.043478261,0,0,0,0
18693,GGTGAGCCAGTGAGTGAGTGGAG,0,0,0.035437212,0,0.145595491,455,183.2315706,0,-0.434782609,0,0,0,0
18694,CCTATCCTTCCAGATACACAGGA,0,0,0.002923044,0,0.785713928,530,202.5651615,0,-0.347826087,0,0,0,0
18695,GGTGAGGGAGAGAGAGCGTGGAG,0,0,0.045844249,0,0.05366286,327.5,186.8803934,0,-0.173913043,0,0,0,0
18696,ATTATCTTTGCCATTACCTGCAG,0,0,0.064166667,0,0.478372972,522.5,208.4821359,0.008695652,0.239130435,0,0,0,0
18697,TGCGAGTGTGTGTGTGTGTGGGA,0,0,0.008333333,0,0.367241041,552.5,193.7261086,0,-0.326086957,0,0,0,0
18698,GAGCCGCTGCACCCGGCCTCAAG,0,0,0.002006173,0,0.146830007,522.5,198.7192141,0,-0.97826087,0,0,0,0
18699,TGAGTGTGAGTGTGTGAGTGTGG,0,0,0.121212121,0,0.601049167,552.5,196.3975689,0,-0.304347826,0,0,0,0
18700,AAAAGAGAAACAGAGGCAGAAAG,0,0,0.005761317,0,0.254938556,455,176.3565799,0,0.173913043,0,0,0,0
18701,TGTGTGTGAGTGTGTATGTGAGA,0,0,0.011784512,0,0.104848333,485,179.637143,0.595652174,0.847826087,0,0,0,0
18702,GCCTTCCCAAAGCCAGGTGAAGA,0,0,0.002055921,0,0.024871842,387.5,147.5333252,NA,-0.130434783,0,0,0,0
18703,ATCTTGCTTTCATTTTTCTCTGG,0,0,0.064285714,0.284757314,0.275145253,522.5,202.3697976,0.004347826,0.065217391,0,0,0,0
18704,GGTGTGTTGGTGTGTGCTTGTAG,0,0,0.026187804,0,0.180012975,552.5,185.4287494,0,-0.217391304,0,0,0,0
18705,GCCTCAGTCCCACCCACCCCAGG,0,0,0.012785051,0.084438805,0.08158855,485,147.1452353,0,-0.086956522,0,0,0,1
18706,TGTATGTGAGTATGTGCGTGAGA,0,0,0.021212121,0,0.703915663,522.5,209.3219796,0.082608696,0.282608696,0,0,0,1
18707,TGTGAGAGTGTGTGTGAGTGTGA,0,0,0.017013889,0,0.25438705,552.5,191.8709278,0.013043478,-0.413043478,0,0,0,0
18708,AACTGAGAACAACAAGCACACAG,0,0,0.017612659,0,0.141575737,425,189.9739215,0.591304348,0.565217391,0,0,0,1
18709,TGTGAGAGTGTGTGTGAGTGTGG,0,0,0.245,0,0.25438705,552.5,191.8709278,0.073913043,0,0,0,0,0
18710,AAATGAGAAGAGGAGGGAAGGAG,0,0,0.003609723,0,0.033961496,320,122.6121886,0,-0.369565217,0,0,0,0
18711,TAAAAAAAAGCAAAGACTGCTAG,0,0,0.140350877,0,0.351943434,522.5,207.0410955,0.639130435,-0.086956522,0,0,0,0
18712,GAGTCCAAGCAGGAGCACAAGGA,0,0,0,0,0.012748871,387.5,164.6057395,0,-0.739130435,0,0,0,0
18713,AGCACTGCGGGAGGAGCTGGCGG,0,0,0.042352941,0,0.166452825,357.5,184.2677048,0,0.065217391,0,0,0,0
18714,GCCTCTTTCTCACCCACAGGAGA,0,0,0.001552657,0,0.033924842,442.5,120.8993304,0,-0.195652174,0,0,0,0
18715,GAACTGAAAGCAAAGACTGGCGA,0,0,0.000514192,0,0.154587634,455,169.4887755,0,-0.391304348,0,0,0,0
18716,TGTGTGTGTGTGTGTGCCTGAGG,0,0,0.103896104,0,0.189613667,552.5,188.5285664,0,-0.326086957,0,0,1,0
18717,CTCAGCCCCCCAGAGACACAGGG,0,0,0.23016983,0.846960117,0.833979885,620,210.6120827,0,-0.086956522,0,0,0,0
18718,GCCTCCCCAGAGGCTTGCCTGGG,0,0,0,0.037172681,0.03657553,387.5,150.2829172,0,-0.195652174,0,0,0,0
18719,GGCCCTGCTTCAGGAGGTGGCGG,0,0,0.122352941,0,0.377902973,522.5,201.6587828,0,0.326086957,0,0,0,0
18720,TGTGAGTGCTTCTGTGCGTGAGG,0,0,0.245798319,0,0.396115165,522.5,202.5323828,0.304347826,-0.108695652,0,0,0,0
18721,GCCTGGCCAAAGGCTGGGCATGG,0,0,0.005454545,0,0.068980913,455,181.2030422,0.147826087,0.195652174,0,0,0,0
18722,GATTTGTTTTCTTTGTCCTGTGA,0,0,0.000660804,0,0.123313651,387.5,152.8321886,0,-0.52173913,0,0,0,0
18723,GAAGGCAGAGCATAGCCTGCTGG,0,0,0,0.258544304,0.258544304,552.5,196.6498372,0,-0.086956522,0,0,0,0
18724,GAGAGACACCCAGCATCCCTAGA,0,0,0.013038793,0,0.34064625,552.5,184.5404993,0.208695652,0.391304348,0,0,0,0
18725,CATGAGTGTGTGTGTGTGTGTGA,0,0,0.011752137,0,0.372455417,552.5,194.0141086,0,-0.239130435,0,0,0,0
18726,CGTGAGTGTGAGTGTGAGTGCGG,0,0,0.15,0,0.206712756,455,188.0240249,0,-0.239130435,0,0,0,0
18727,CCAGTGAGTAGGGGAGGGGCCAG,0,0,0,0.010168477,0.009870499,260,164.6515823,0.091304348,-0.347826087,0,0,0,0
18728,AAGTGAAAAGAAGAGTCAAATAG,0,0,0,0,0.057770879,485,168.2523934,0,0.02173913,0,0,0,0
18729,AAATGAAAACAACAGGCTCAGGA,0,0,0.005847953,0,0.068265755,455,176.902429,0,0.130434783,0,0,0,0
18730,GGATGGGTGGAGGTTGGTCCTGG,0,0,0.007193095,0.22854304,0.220828507,455,185.0867514,0.030434783,0.434782609,0,0,0,0
18731,GTCTTGCTTTCATTGTTACCTGA,0,0,0.005157678,0,0.066766665,485,160.405486,0.013043478,-0.130434783,0,0,0,0
18732,GGTGAGTGAGGGAGTGAGTGAGG,0,0,0.129230769,0,0.210328283,365,183.6844847,0.008695652,-0.413043478,0,0,0,0
18733,TGTATGTGGGAGTGAGGAGTAAG,0,0,0.039231824,0.474043556,0.474043556,522.5,205.4729018,0.047826087,-0.043478261,0,0,1,0
18734,TATGACCACCACCTCCTCATCAG,0,0,0.017465887,0.253346691,0.248589007,455,167.5713431,0,0.02173913,0,0,0,0
18735,AACTGAGAAAGAGAGGCCCATAG,0,0,0.012839506,0,0.156407637,455,182.0268466,0.439130435,-0.347826087,0,0,1,0
18736,AAGAACATGAGTGAGGAGAGAGG,0,0,0.158653846,0.163489192,0.15797057,552.5,194.6119768,0,0.086956522,0,0,0,0
18737,GGTGCGTGTGTGTGTGTGTGTAG,0,0,0.036296296,0,0.699446792,560,194.1657886,0.030434783,0.282608696,0,0,0,0
18738,GGGAAAGGCCCAGAATGAGTTGG,0,0,0.008129713,0,0.01608639,387.5,158.051554,0,0.239130435,0,0,0,0
18739,CTCTTGTTTTCATTCCTCTCTGA,0,0,0.006559097,0,0.072985333,455,187.4645525,0,0.086956522,0,0,0,0
18740,GATCTGTTTTCACTGTGCTCCAG,0,0,0.010711973,0.22854304,0.220828507,455,187.3129684,0,-0.195652174,0,0,0,0
18741,CACTCCCTCCACCCTGCCACCAG,0,0,0.00282187,0,0.141195423,455,173.3713785,0,0.108695652,0,0,0,0
18742,TGGATGGATGGATGGGGGGTTGG,0,0,0.090133333,0,0.025484762,357.5,169.3797811,0,0.108695652,0,0,0,0
18743,TGGTGGGAGGTGTTTGCTCATGG,0,0,0.153846154,0,0.387083187,455,172.7324994,0,-0.347826087,0,0,0,0
18744,TGTGATTGGGTGTGTGTGTGTGG,0,0,0.207407408,0,0.225335527,552.5,192.4681246,0,-0.065217391,0,0,0,0
18745,AAACACAAACCATAGAGTGGAGA,0,0,8.65E-05,0,0.247304309,485,156.0845526,0,-0.543478261,0,0,0,0
18746,AAATGGGAAAGAGAGGAACAAAG,0,0,0.052427983,0,0.170342981,455,185.2060848,0,-0.239130435,0,0,0,0
18747,GCCTCTCTCCCACCCCCATGCAG,0,0,0,0,0.014432707,417.5,136.9674601,0,-0.086956522,0,0,0,0
18748,GCCTGCCCAAAGACTGAGCAGAG,0,0,0.007445394,0.04465054,0.043896945,387.5,162.0029151,0.008695652,-0.195652174,0,0,0,0
18749,GGGTGGGAGGAGTCTGCCCCAGG,0,0,0.12244898,0,0.082203852,462.5,180.2376651,0.3,0,0,0,0,0
18750,GGCAATGGGGCTGAAGGTGAGGG,0,0,0.258290816,0,0.09837725,455,166.0350785,0,-0.130434783,0,0,0,0
18751,CAGTGAGATGAAGAGGTACATAG,0,0,0.038024691,0,0.367241041,552.5,193.7261086,0.026086957,0.065217391,0,0,0,0
18752,TTGAATAGCAGTGAGGAGAGTAG,0,0,0.053571429,0,0.164761667,552.5,197.0257732,0.008695652,0.391304348,0,0,0,0
18753,GAGGCGGAGCAGAAGGGGAAGGA,0,0,0.000736472,0,0.060221432,485,178.265879,0,0.239130435,0,0,0,0
18754,AAGCCCCACTACATACTCAAAAG,0,0,0.007625272,0.397208228,0.397208228,525,202.3030584,0,0.282608696,0,0,0,0
18755,TGGATGAATGAATGAGTAGAAAG,0,0,0.019444444,0,0.100708291,485,154.7333279,0.386956522,-0.217391304,0,0,0,0
18756,AAAAGAGAAGAAGAAGGAGACGG,0,0,0.003295436,0,0.051461025,387.5,152.3852674,0,0.5,0,0,0,0
18757,ATGAACACCAGTGAGAGCAGGAG,0,0,0.019805902,0.030110291,0.030110291,450,156.7021298,0,-0.086956522,0,0,0,0
18758,CACTTATTTTGATTTTTCTCTGA,0,0,0.001771542,0,0.135266321,425,196.9769107,0,-0.217391304,0,0,0,0
18759,TCCTTCCCAAATCCAGGCCAAAG,0,0,0.036737142,0.205125328,0.198201266,425,195.988558,0.186956522,0.456521739,0,0,0,0
18760,GACCCCACCTACCCCACCTCAGG,0,0,0.705882353,0,0.15479763,552.5,191.4368399,0,0.282608696,0,0,0,0
18761,TGTGAGTGAGTGGGTGCTTGTGG,0,0,0.173913043,0,0.254177778,462.5,185.4773462,0,-0.173913043,0,0,0,0
18762,GGGGAGGGTGTGTGTGTGTGAGA,0,0,0.005718954,0,0.238125599,552.5,191.3429278,0.186956522,0.326086957,0,0,0,0
18763,AAATGTGAAGGAGAGCCCCAGGA,0,0,0,0,0.017015292,387.5,168.4721731,0.060869565,-0.173913043,0,0,0,0
18764,CCCCCTGTTTCTGGATGGCTAGA,0,0,0.006391565,0,0.30473625,552.5,182.3302997,0,-0.52173913,0,0,0,0
18765,GCCCCCCGCCAGCCCGCCCCCGG,0,0,0.070644043,0,0.245385,455,177.3960827,0,-0.195652174,0,0,1,0
18766,GGCATGTGTGTGTGTGCGTGTGA,0,0,0.005844156,0,0.822304167,622.5,212.5502996,0,0,0,0,0,0
18767,GGTGAGTCAGGGAGTGGGTGGGG,0,0,0.010024365,0,0.118309659,357.5,179.3846677,0,-0.347826087,0,0,1,0
18768,AGGACAGAACCAGCATCCATGAG,0,0,0.071428571,0.321904489,0.321904489,552.5,183.2038997,0,0.130434783,0,0,0,1
18769,TGGATGGATGGATGAGTAGGCAG,0,0,0.003965142,0,0.077890861,387.5,150.8864249,0,-0.413043478,0,0,0,0
18770,CTCCTTGTCTATGGATGGATTGA,0,0,0.009191176,0,0.794051205,522.5,210.5679963,0,-0.282608696,0,0,0,0
18771,ATGAACACAAGATACTAGAGGAG,0,0,0.014545455,0.042556552,0.042556552,327.5,183.8177771,0,0.130434783,0,0,0,0
18772,TGCCCAGAATGAGCACCTGCAGG,0,0,0.045836516,0.167203969,0.164063988,485,157.1165087,0,0.152173913,0,0,0,0
18773,TCCTCTCCAAAGCTTAGCCATGA,0,0,0.047288359,0,0.024549488,455,188.4864055,0,-0.282608696,0,0,0,0
18774,GTCAGCTCCATGGACCAGGGGAG,0,0,0.015954416,0.069426355,0.067195789,357.5,186.67707,0,-0.369565217,0,0,0,0
18775,AATTACCACTACAACATTAAAAG,0,0,0.037518038,0.007814302,0.007550528,387.5,163.9754562,0,0.043478261,0,0,1,0
18776,CACCTTGATGTCCTCCGCATTGG,0,0,0.013770214,0.375472992,0.368797917,552.5,195.5543049,0.169565217,-0.586956522,0,0,0,0
18777,GAAATGTCTTTATTGTTCTCTGA,0,0,0.008818342,0,0.7469375,522.5,208.4684993,0.695652174,0.413043478,0,0,0,0
18778,GGGATGGAGGGATGAGGGATGAG,0,0,0.04605475,0,0.05731059,387.5,156.7985831,0,-0.826086957,0,0,0,0
18779,GGAATCCCTCCTCCACCACTGAG,0,0,0,0.037172681,0.03657553,387.5,150.2829172,0,-0.5,0,0,0,0
18780,GTTTTGTTCTCATTCTTCTCAGA,0,0,0.008741259,0,0.242694227,522.5,200.2651981,0,-0.47826087,0,0,0,0
18781,GGGAGGGAGAAATGGGGAGTGAG,0,0,0.096285131,0,0.371023101,522.5,198.712922,0.008695652,-0.065217391,0,0,0,0
18782,TGCCCCCCCCACCCCACCTCTGG,0,0,0.8,0,0.272333333,552.5,198.5717572,0,-0.152173913,0,0,0,0
18783,TGTGAGGGGGTGTGTGTGTGAGG,0,0,0.183006536,0,0.25438705,552.5,191.8709278,0,-0.239130435,0,0,0,0
18784,GAACACAAAGCCTAAATTCCTAG,0,0,0.013433027,0,0.021826573,290,145.542767,0.073913043,0.565217391,0,0,0,0
18785,AAGAAAGCCAGTGAGGAGAGTGG,0,0,0.191984486,0,0.106834384,552.5,197.5024093,0,-0.152173913,0,0,0,0
18786,GCCTCATTCCCACCCTTCCTCGG,0,0,0,0.019295412,0.018969751,417.5,148.3914791,0,0.260869565,0,0,0,0
18787,GGCGCTGCCCCTGGAGGTGCGGG,0,0,0.057692308,0,0.371543143,552.5,172.2372833,0,0.108695652,0,0,1,0
18788,TGGATGGATGGATGAAGAGATAG,0,0,0.050555555,0,0.034797995,387.5,154.5841101,0,0.108695652,0,0,0,0
18789,CAGGCCTCAGTTCTACTCACCAG,0,0,0.024864025,0.478372972,0.478372972,522.5,208.2421359,0,0.108695652,0,0,0,0
18790,GAGGCCAAGGAGAAGATGAAGAG,0,0,0.00840192,0.370288322,0.36403873,552.5,189.9653717,0,-0.782608696,0,0,1,0
18791,GGCTCCCTCCACCTCACCTCCAG,0,0,0.121679012,0,0.038523101,455,189.1587895,0,-0.434782609,0,0,1,0
18792,AAATGAGTAGGAGAGGTTCAGAG,0,0,0.016851852,0,0.059919104,387.5,163.460655,0,-0.282608696,0,0,0,0
18793,AAATCAGAAGATTTGGCACACAG,0,0,0.010864198,0,0.040589889,362.5,189.0570744,0,-0.347826087,0,0,0,0
18794,GACCCCCTCCCCACCGCCCCCAG,0,0,0.011003045,0,0.180800032,365,173.9225958,0.039130435,0.260869565,0,0,0,0
18795,GGAACTCCTTCTCCAGCTCCAAG,0,0,0.050682261,0.070165135,0.068980913,455,181.2030422,0,0.043478261,0,0,0,0
18796,TCCTCTTTACCACCCAGTTTAGG,0,0,0.032412965,0.075692552,0.073001262,485,168.8307753,0.934782609,2.608695652,0,0,0,0
18797,GGTGAGTTAGTGAGTGAGTGGGG,0,0,0.201923077,0,0.398158228,462.5,186.8147514,0.026086957,0.108695652,0,0,0,0
18798,CCCTCTGTCTCTGTATGGAGGAG,0,0,0.009586057,0,0.195775622,462.5,170.3348954,0,-0.217391304,0,0,0,0
18799,GCCTCTGCCCCACTCTCCTTTGG,0,0,0,0.025043265,0.025043265,455,184.7893917,0.3,0,0,0,0,0
18800,GGGAGGGAGGAATGGGAAGTTGG,0,0,0.371385507,0,0.163368333,455,182.7185474,0,-0.239130435,0,0,0,0
18801,GAGTCCCAGCAGAGGTAGATGAG,0,0,0,0,0.010971803,387.5,150.7516087,0.004347826,-0.173913043,0,0,1,0
18802,GGGAGAAACCCAGCCTCCATAGG,0,0,0.14025974,0.089698554,0.086670755,455,170.5734777,0,-0.217391304,0,0,0,0
18803,TGTGAGTGTGTGTGTAAGTGTGA,0,0,0.019444444,0,0.064062332,485,176.9656827,0.07826087,-0.326086957,0,0,0,0
18804,GGTGACAGAGTGAGTGAGTGAGA,0,0,0.013385052,0,0.088085272,455,184.5454036,0,-0.239130435,0,0,0,0
18805,TGGAGGGTGGAATGAGGAAGAGG,0,0,0.03457383,0,0.20797875,485,146.9262632,0.995652174,4.065217391,0,0,0,0
18806,CCCGGGCTCTCTGGATGGACTGG,0,0,0.022321429,0.277763216,0.272825204,552.5,177.0196353,0.495652174,0.543478261,0,0,0,0
18807,GAAATTCCTTCTCCAGCTCCAAG,0,0,0.04288499,0.073975006,0.072659895,455,182.2513622,0,-0.108695652,0,0,0,0
18808,TTCATGTTGTCATTGTTCTCTGA,0,0,0.01488811,0,0.833979885,620,214.1266196,0.082608696,0.108695652,0,0,0,0
18809,AAACCCAGTGAGTAGGGCTGGGG,0,0,0.039215686,0.086114942,0.08458401,485,169.7619742,0,0.065217391,0,0,0,0
18810,AACCCCCACCTCCCAGCCTCAAG,0,0,0.012763533,0,0.223580696,425,195.6630778,0.030434783,0.086956522,0,0,0,0
18811,CCAGTGAGTAGGGGGGAGTGGGA,0,0,0,0,0.01314354,290,131.959115,0.043478261,-0.195652174,0,0,0,0
18812,GCCTCCTTAAATCCTGGCCCTGA,0,0,0.004315617,0,0.210633958,455,168.8633019,0.004347826,-0.086956522,0,0,0,0
18813,TGTGAGTGTGTGTGTGCAGGAGA,0,0,0.007211538,0,0.06309328,485,159.0688864,0.008695652,0.152173913,0,0,0,0
18814,GCAGTGAGGAGAGCTGTGGCAGA,0,0,0.000747642,0,0.099818052,455,180.047087,0.556521739,0.739130435,0,0,0,0
18815,CCCTGTGATTCTGGATAGATCAG,0,0,0.169382716,0,0.628616737,560,192.3542916,0,0.02173913,0,0,0,0
18816,GAAATGGCTTCTGCAGCAACTGG,0,0,0.085326438,0,0.206090981,552.5,184.0428353,0.030434783,0.173913043,0,0,0,0
18817,ATAAACACCAGTGGTTACAGGGA,0,0,0.001653439,0,0.012218739,357.5,167.4024605,0,0.086956522,0,0,0,0
18818,TGAGTGGAGGCTTGAGGAGTGAG,0,0,0.016203704,0.385203768,0.385203768,425,203.8522158,0.182608696,0.456521739,0,0,1,0
18819,GGAATCCCGTCTTCAGCTCCTGG,0,0,0.092857143,0,0.123848927,462.5,181.5175658,0,-0.086956522,0,0,0,0
18820,AAGAGAGAAAAGGAGGCACAAAG,0,0,0.050856069,0,0.639230037,522.5,205.0905631,0,-0.043478261,0,0,0,0
18821,ATGAACACCAGAAAGAGGAGAGA,0,0,0.008227067,0,0.016453469,290,163.7100421,0,-0.304347826,0,0,0,0
18822,AAAGAAGAAGAAGAGGAATAGGA,0,0,0.008101852,0,0.19201875,485,165.303969,0,-0.065217391,0,0,0,0
18823,CATGAGCACTACAGCCTCAAAGA,0,0,0,0,0.268036776,530,206.9748314,0.008695652,-0.02173913,0,0,0,0
18824,GGGAAATACCCAGCTTCAGCTAG,0,0,0.001450401,0,0.022488172,387.5,140.0488644,0,-0.326086957,0,0,1,0
18825,TATGTGTGTGTGTGTGCGTGAGA,0,0,0.012820513,0,0.833979885,620,213.7118996,0,-0.282608696,0,0,0,0
18826,CCCTCCCCACACCCTTGCCAAGG,0,0,0,0.123402948,0.123402948,455,189.2037372,0,0.02173913,0,0,1,0
18827,GAGTTGGGGCAGAACAAGAAAAG,0,0,0.016498316,0.235764796,0.23197741,522.5,198.8188575,0,0.130434783,0,0,0,0
18828,CCAGAGAGCAGAGCTGAGGCCAG,0,0,0.017094017,0.460920296,0.460920296,530,200.9448781,0.008695652,1.260869565,0,0,0,0
18829,TGGATGGATGAATGGGTAGGTAG,0,0,0.003965142,0,0.037612163,387.5,142.9094871,0,-0.347826087,0,0,0,0
18830,GGGAGTGGGGAATGAGGAGTTAG,0,0,0.077592414,0,0.82579023,620,213.025879,0,2.195652174,0,0,1,1
18831,GGGTGGGGGAAGCCTGCTCCCAG,0,0,0.054580897,0.128869072,0.128869072,432.5,194.2697584,0,-0.086956522,0,0,0,0
18832,GGCTCGGGGACTGGAGGTGGCAG,0,0,0.056565656,0,0.760552802,620,208.4488626,0,0.195652174,0,0,0,0
18833,AAATAAGAAGAACAGGCAGAGGA,0,0,0.003167641,0,0.38411194,462.5,178.8643595,0,-0.130434783,0,0,0,0
18834,GAGTTGTTATTATTGTTATCTAG,0,0,0.01994302,0,0.103762287,455,183.0588027,0,-0.608695652,0,0,1,0
18835,AAATGAGAACAAGGGGAAAAGAG,0,0,0.009679012,0,0.02381073,387.5,150.8349679,0,0.282608696,0,0,0,0
18836,AAGTCAGAGTAAAAGAAGAAAGA,0,0,0.050980392,0,0.392225327,522.5,204.7061791,0.013043478,0.434782609,0,0,0,0
18837,GACATGATTTCATTGTTTTATAG,0,0,0.034722222,0,0.088386347,485,153.382286,0.417391304,0.217391304,0,0,0,0
18838,CTTGACCCACAGGACAGTAGTGA,0,0,0.022759103,0,0.195775622,462.5,170.3348954,0,-0.543478261,0,0,0,0
18839,GCCTCTTTGCCATGCACATTGGA,0,0,0,0,0.009879843,357.5,168.6783812,0.004347826,0.173913043,0,0,0,0
18840,GGGAAAAGCCCAGCATCCCTTGG,1,0.082631743,0.328735632,0.639711268,0.639711268,560,184.1690023,0,-0.195652174,0,0,0,0
18841,AGATTATTTTCATTGTTCTCCAG,0,0,0.161777778,0.801938915,0.778438874,622.5,216.646016,0.069565217,0.130434783,0,0,0,0
18842,GCCACAGGGGCAGGAGGTGGAGG,0,0,0.308571429,0,0.425868976,522.5,206.3580986,0.02173913,0.065217391,0,0,0,0
18843,GAACTCAAAGCAAAAAATGCAAG,0,0,0.028666758,0.060022353,0.060022353,357.5,173.2192268,NA,NA,0,0,0,0
18844,GAGTCCAAGAAGGAGAAGAAAGA,0,0,0.039251207,0,0.619190519,530,203.5257622,0,-0.47826087,0,0,0,0
18845,AGGATGGAGGAAGGAGCAGAAAG,0,0,0.008951407,0.105904969,0.103916143,387.5,151.5769685,0,0.02173913,0,0,0,1
18846,AAATGATAAAAGCAGGCACATAG,0,0,0.042047506,0.163482311,0.163482311,425,194.6096618,0,0.173913043,0,0,0,0
18847,TGGGTGGGGGAATGGGGAGTGGG,0,0,0.297916667,0.775038052,0.75437037,530,202.2195615,0,0.065217391,0,0,0,0
18848,AAATGACTAGATGAGGCACAAAG,0,0,0.025462963,0.834599216,0.815413027,530,207.2009018,0.004347826,-0.260869565,0,0,0,0
18849,AAAAGAAGAGAAGAGACACATGG,0,0,0.349206349,0,0.176585759,552.5,195.5549764,0,-0.173913043,0,0,0,0
18850,AGCACCAGTCAGTGGAGTGGTGG,0,0,0.096,0.043357534,0.042586733,455,176.9057457,0,-0.065217391,0,0,0,0
18851,CCCTGTGACTTAGGATGAATGAG,0,0,0.035345168,0.0778221,0.076571946,357.5,176.7306656,0.017391304,0.195652174,0,0,0,0
18852,CCTATCCATACAGATATACACAG,0,0,0.010298354,0.145764397,0.140844079,455,178.4871309,0,-0.434782609,0,0,0,0
18853,CCACTCCATCCAGGGCCACATGG,0,0,0,0,0.037983778,455,188.8707895,0,-0.326086957,0,0,0,0
18854,CTAATGTTAGTCATTTCCTGAAG,0,0,0,0,0.162455003,552.5,199.5975901,0,1.456521739,0,0,0,0
18855,CACTGGATCTCTGGAAGGATAAG,0,0,0.097949189,0,0.106834384,552.5,197.5024093,0,-0.5,0,0,0,0
18856,AAAAGAGAAGGAGGGGCAGAGGA,0,0,0.001253858,0,0.041244131,357.5,169.7091317,0.339130435,-0.326086957,0,0,0,0
18857,GGGCATGGGGCTGGAGGTGGCAG,0,0,0.016806723,0,1.286675824,622.5,213.410263,0,0.086956522,0,0,0,0
18858,ATATGAGAAGTTGAGGCATAGAG,0,0,0.008925547,0,0.136188675,357.5,174.2658159,0,-0.152173913,0,0,0,0
18859,GCAGTGGGCAGAGCGGAGCCCAG,0,0,0.0691419,0.219860766,0.219860766,552.5,182.1090389,0,0.152173913,0,0,0,0
18860,AAATGATGAGAAAAGGCAAACAG,0,0,0.042979243,0,0.125155157,455,173.4696818,0,-0.608695652,0,0,0,0
18861,GGCCCTGGAGCTGAAGGTGGAGG,0,0,0.109393757,0,0.130251581,522.5,199.627618,0.030434783,0.043478261,0,0,0,0
18862,GTCAGCTTCATCATTTCCTGGGG,0,0,0,0,0.138479285,552.5,191.6717373,0,-0.043478261,0,0,0,0
18863,AAATGAGAACAAGAGGCATTTGG,0,0,0.110769231,0,0.34053054,492.5,147.5226637,0,-0.086956522,0,0,0,0
18864,GCCTCCCTCAGGCCTGGCCACAG,0,0,0.084259259,0,0.786690476,530,207.110319,0,-0.5,0,0,0,0
18865,CCTATCTACCCAGAGACACCAGA,0,0,0.008138021,0,0.271673476,552.5,175.1914389,0,-0.195652174,0,0,0,0
18866,CCCTGCTTCTCTGAATGAATCAG,0,0,0.06993007,0.018139485,0.018139485,455,177.9683173,0,0.630434783,0,0,0,0
18867,GGAGAGTGACAGTGTGCGAGAGG,0,0,0.06122449,0.255919089,0.251369416,455,176.7021799,0,0.608695652,0,0,0,0
18868,TCCATGGAGGAATGAGGAGAGGG,1,0.0027,0.149778107,1.47120113,1.47120113,560,182.4944001,0,0.173913043,0,1,0,0
18869,GAGTTAGAGCAGAAGAAGAAAGG,1,0.201367819,0.590909091,0,3.157967033,635,218.525696,0,0.260869565,0,0,0,0
18870,TACACCTACGCAGGGTTTTTTGA,0,0,0.010582011,0,0.093466227,522.5,201.2178542,0,-0.130434783,0,0,0,0
18871,TGGATGGATGAATGATGAATGGA,0,0,0,0,0.093181573,492.5,168.4037938,0.191304348,0.673913043,0,0,0,0
18872,CCCAACCTTCCAGAGACAGTGAG,0,0,0.004166667,0.20797875,0.20797875,485,146.9262632,0.034782609,-0.369565217,0,0,0,0
18873,AAGAGAGAAGCAGAGGCACTAGA,0,0,0.004850088,0,0.361308608,455,174.4307164,0.030434783,0.130434783,0,0,0,0
18874,CCCATCCATCCATCTACCCAAGA,0,0,0.000121477,0,0.003952577,295,158.43114,0.447826087,-0.543478261,0,0,0,0
18875,CTCTCCCCAAAGACTGCCCACGG,0,0,0.058764765,0.240178592,0.23590875,455,188.4745684,0,0.217391304,0,0,0,0
18876,TAATGAGCAGAAGAAACACAAGG,0,0,0.403361345,0,0.072985333,455,184.6047356,0,0.065217391,0,0,0,0
18877,CCCAGTGTTTCTGGTTGGCTCAG,0,0,0.004469987,0.081669315,0.081669315,455,169.4115981,0,-0.5,0,0,0,0
18878,GAGCCTGAGCAGAAGGAGAAGGG,0,0,0.115546218,0.309411581,0.309411581,560,200.4519901,0,-0.130434783,0,1,0,1
18879,GGTGAGTGAATGTGAATGTGAAG,0,0,0.065375785,0,0.022309918,412.5,161.726705,0,0.173913043,0,0,0,0
18880,TTGATGCATGAAGGAGGAGTAGA,0,0,0.004227053,0,0.231061934,522.5,203.1177183,0,0.043478261,0,0,0,0
18881,AAAGGAGGAGAAGAGTTACAAGA,0,0,0,0,0.099539557,485,176.9520461,0.013043478,0.195652174,0,0,0,0
18882,CCCATCCATAAAGAAGCACATGG,0,0,0.117647059,0.03216105,0.03216105,357.5,176.4827324,0,-0.565217391,0,0,0,0
18883,GAACACAAAGCATACTATGGAAG,0,0,0,0,0.009657223,345,129.5808415,0,0.260869565,0,0,0,0
18884,GGGGAGAGAGTGCGTGGGTGCAG,0,0,0.005267458,0,0.15082587,455,185.8033876,0,-0.282608696,0,0,0,0
18885,GACTTGTTTTCTAAGTTCTATGA,0,0,0.004960317,0,0.016147778,295,153.2077944,0,0,0,0,0,0
18886,GTTTCATGAGTGTGTGCGTGGGG,0,0,0.115702479,0.801231413,0.789491758,622.5,215.012096,0,0.347826087,0,0,0,0
18887,TAACAAAATACATAGACTGCTAG,0,0,0.134814815,0,0.487092835,620,208.4624992,0,-0.239130435,0,0,0,0
18888,AGTGAGTGGGTGAGTGCCTGAGA,0,0,0.013736264,0,0.073380489,455,180.3175658,NA,0.043478261,0,0,0,0
18889,TGTGAGTGAGTGAGTGTGTATGA,0,0,0.021033654,0,0.103916143,387.5,151.5769685,0.082608696,-0.108695652,0,0,0,0
18890,ACATGAGAAGAAGAGAAAGAAGA,0,0,0.00318287,0,0.033027225,417.5,149.9374631,0,-0.913043478,0,0,0,0
18891,TAGAAGGAAGAATGAAGAGTGAG,0,0,0.07051282,0.163489192,0.15797057,552.5,196.4234738,0,0.173913043,0,0,0,0
18892,GGAACTGAGGCTGGGTGTGGTGG,0,0,0,0,0.068319815,455,184.0767356,0,-0.565217391,0,0,0,0
18893,GATTTGTTTTTCTTGTTCTATGA,0,0,0.001932917,0,0.177763835,357.5,167.5882159,0.026086957,-0.152173913,0,0,0,0
18894,CTTTCCCTACACAGCAGTAATAG,0,0,0.040312629,0.272415361,0.272415361,425,198.0111621,0,0,0,0,0,0
18895,CCCACAGTGGCTGGAGGTGGCAG,0,0,0.097222222,0,0.82579023,620,214.074199,0.165217391,-0.565217391,0,0,0,0
18896,GACTAGTTCTCATTTTTCTCAAG,0,0,0.017094017,0.460920296,0.460920296,530,200.9448781,0.017391304,-0.413043478,0,0,0,0
18897,TGGATGGTGGCAGGGGGAGTGGG,0,0,0.029068323,0,0.078569341,327.5,186.1637572,0.047826087,-0.173913043,0,0,0,0
18898,TAGTTGGAGGAATGTGGAGCAAG,0,0,0.002538203,0,0.186915845,455,166.7417785,0,-0.760869565,0,0,0,0
18899,GTCATCATTGTCCTTACCAGGGA,0,0,0.002192982,0,0.076469801,455,172.6097184,0,-0.260869565,0,0,0,0
18900,CCAATACCTACTGCAGCACCTAG,0,0,0.102040816,0.797205949,0.797205949,620,212.1822796,0.082608696,0,0,0,0,0
18901,GTTGAATGAGTATGTGCATGAAG,0,0,0.106604506,0,0.09237382,455,184.0345823,0.034782609,-0.065217391,0,0,0,0
18902,GGCAAGTGGGCTGGAGGTGGGGG,0,0,0.119950021,0,0.539222871,625,210.6426982,0,0,0,0,1,0
18903,TGTGAGTGCGTGTGTGAGTGTAG,0,0,0.069135802,0,0.788265432,560,195.4541086,0,-0.108695652,0,0,0,0
18904,CCTGCCCCAGCCCTACTCACTGG,0,0,0.558270677,0.509940121,0.498217359,530,206.3409384,0,-0.434782609,0,0,0,0
18905,GCTTCTTTCCTTCCCACCTCTAG,0,0,0.001661918,0.18431734,0.177763835,357.5,167.5882159,0,-0.369565217,0,0,0,0
18906,CCCTCCCATCCAAAGAAACAAAG,0,0,0.071069671,0.227808879,0.223964003,455,186.5526484,0.086956522,0.086956522,0,0,0,0
18907,GGCACTGAGGCTGGGCTTGGGGA,0,0,0,0,0.025390982,412.5,163.6186245,0.169565217,0.260869565,0,0,0,0
18908,GCCTCTTCCACACCCACCCTGGG,1,0.035105907,0.23908046,0,0.81662,560,181.5604467,0,0.826086957,0,0,0,0
18909,TGGATGGATGAATGGGGGGATGG,0,0,0.078,0,0.01914801,387.5,138.4722649,0.939130435,4.391304348,0,0,0,0
18910,GTCACTGCCTTTGGAGGTGGTGG,0,0,0.085664336,0,0.446837229,525,203.7783995,0,-0.304347826,0,0,0,0
18911,AAAAGAGAAAGAGAGGCATAGAG,0,0,0.034567901,0.254938556,0.254938556,455,176.3565799,0,-0.391304348,0,0,0,0
18912,CCCATCCACCCACAGAAGCAGAG,0,0,0.018809417,0.025528453,0.025528453,387.5,159.3314548,0.565217391,-0.130434783,0,0,0,0
18913,ACCCTCCATCCAGCCACACATGG,0,0,0.020626432,0.062121288,0.060024367,425,192.4801938,0.008695652,2.760869565,0,0,0,0
18914,AGGATGGGGGAATGAGGACTTAG,0,0,0.085227756,1.127118644,1.127118644,560,186.5521831,0,-0.717391304,0,0,0,0
18915,CTAGCCCCACAGGGTAGGAAAGG,0,0,0.015873016,0,0.163193956,462.5,180.2416451,0,-0.47826087,0,0,0,0
18916,GACACTGAATCAAAGTCTTTGGG,0,0,0.491596639,0,0.1187797,455,181.936848,0,-0.434782609,0,0,0,0
18917,TCCTCCCCAGAGCCTGGCCATGG,0,0,0.555555556,7.414830508,7.414830508,635,216.6082636,0.043478261,0.369565217,0,0,1,0
18918,GACTTGTGTTCATTTTTGTTGGG,0,0,0.004190476,0.032925581,0.032925581,387.5,139.3322283,0,0.217391304,0,0,0,0
18919,AAATGAGGAGGAGAGGCAAGGGG,0,0,0.156218487,0,0.10958374,387.5,141.9844995,0,0.02173913,0,0,0,0
18920,GGTGAATGAGTTTGTGAGAGTGA,0,0,0.003561254,0,0.054262311,387.5,157.9638045,0.62173913,-0.217391304,0,0,0,0
18921,TGGATGGATGAATGACGGATGGA,0,0,0,0,0.009283074,417.5,141.7804605,0,0.173913043,0,0,0,0
18922,TGAATGCAGGAAAGAGGTGTGGA,0,0,0.012394832,0,0.08087923,455,181.3661654,0.008695652,0.065217391,0,0,1,0
18923,TGGTTGGAGGAACTAGGTGTGGG,0,0,0.066985646,0,0.016988688,357.5,171.7645615,0,-0.282608696,0,0,0,0
18924,GTCAAGGCGGCTGGGGGTGGGGG,0,0,0.135064935,0,0.243723101,522.5,201.6786744,0.095652174,0.260869565,0,0,1,0
18925,GTCTTCTTGTCATTGTTCACGGA,0,0,0.00609059,0,0.184365431,552.5,182.4662357,0,-0.391304348,0,0,0,0
18926,GGCAGAGACCCAGGATCCATTAG,0,0,0,0.074599572,0.073273358,455,174.9964954,0,-0.065217391,0,0,0,0
18927,CAAGGAGAAGAAGAGAGACAGGG,0,0,0.031512605,0,0.104848333,485,180.051863,0,-0.173913043,0,0,0,0
18928,AGGAACACAGGTGAGCAGAGTGG,0,0,0.266666667,0.150573546,0.145490895,552.5,192.7200573,0,-0.173913043,0,0,0,0
18929,GAATGAGAAGAGAAGCCACAGAG,0,0,0,0,0.051853356,357.5,184.6961531,0,0.02173913,0,0,0,0
18930,GACAACGAGGTCATCCCCAGGAG,0,0,0.005446623,0.156120734,0.156120734,455,167.3149792,0,-0.391304348,0,0,0,0
18931,AGTGAGTGAGTCGGTGAGTGAGG,0,0,0.058005115,0,0.116067105,357.5,180.9984679,0,-0.326086957,0,0,0,0
18932,GGCCCTGGGATTGGAGGTGGGGA,0,0,0.004524887,0,0.697697198,522.5,204.0047629,0.039130435,0.369565217,0,0,0,0
18933,GGTAGCCCTGCTGCAGCACTGGG,0,0,0.067764706,0.621681207,0.599576987,552.5,175.2543437,0.030434783,-0.086956522,0,0,0,0
18934,GAGTTGTTTGCCGTGTTCTCTGA,0,0,0.001191838,0,0.247382024,425,196.4648426,0,-0.108695652,0,0,0,0
18935,CCCCCCTCCTCTCTTCTCACCAG,0,0,0.009558824,0.365828778,0.365828778,522.5,198.599642,0.004347826,0.239130435,0,0,0,0
18936,AAAAGAAAAGAAGAGGCAGAAAG,0,0,0.015432099,0.698761538,0.677902985,560,186.3952193,0.995652174,0.282608696,0,0,0,0
18937,AAATGTGAATAACAGGTACATAG,0,0,0.029564652,0,0.1187797,455,181.936848,0.52173913,0.586956522,0,0,0,0
18938,GCCTCTGCACAGCCTGGCCAGGG,0,0,0.145658263,0.923480113,0.923480113,627.5,211.2390988,0,0.086956522,0,0,0,0
18939,GGTGTGTGGGTATGTGGGTGTGG,0,0,0.013309566,0,0.173969682,455,185.2496881,0.4,0.47826087,0,0,0,0
18940,TTCACCTTCAAGGAATAGGGAAG,0,0,0.025205761,0.205125328,0.198201266,425,194.177061,0,0.108695652,0,0,0,0
18941,GGTGTGAGAGTGTGAGAGTGAGG,0,0,0.085964912,0,0.105930922,455,180.3353666,0,1.086956522,0,0,0,0
18942,GACCCGACCCACCCCACCTCAAG,0,0,0.097222222,0,0.101685739,555,194.6425924,0,-0.043478261,0,0,0,0
18943,TGGAGGGAGGAGTGTGGATTGGG,0,0,0.06162963,0,0.062433399,357.5,165.240558,0.652173913,1.239130435,0,0,0,0
18944,CACATGCATACAGACACACACAG,0,0,0.02228344,0,0.224468976,522.5,197.975258,0,-0.086956522,0,0,0,0
18945,TGTGAGGGAATGTGTGTGTGTGA,0,0,0.017792302,0,0.383454129,552.5,190.8389717,0,-0.391304348,0,0,0,0
18946,AGGAAAGCCCCAGCCTCCGGCAG,0,0,0.004812834,0.190493182,0.186915845,455,164.7555615,0,0.108695652,0,0,1,0
18947,TGGATGGAGGGATGGGCAGATGG,0,0,0.055919118,0,0.034164895,290,140.6391837,0.126086957,6.239130435,0,0,0,0
18948,GAGAAAAACCCACCATTCGTAGA,0,0,0.011545959,0,0.161125676,455,186.0913876,0,-0.543478261,0,0,0,0
18949,GGAAAAGGTCCAGCATCCTTGAG,0,0,0.083179012,0,0.300469943,552.5,180.8644028,0,-0.543478261,0,0,0,0
18950,CACATCTATCCACAGATACAAAG,0,0,0.030102192,0.161125676,0.161125676,455,186.0913876,0,-0.760869565,0,0,0,0
18951,GGAATACTTTCTGAAGGACCTGA,0,0,0.001161663,0,0.049654418,455,181.6889033,0,0.217391304,0,0,0,0
18952,TGGAAGGAGACATTAGGAGTGGG,0,0,0.049777778,0.108966853,0.108966853,425,195.0506752,0,-0.086956522,0,0,0,0
18953,CCCTCTGTCTCTGTATGGGCGAG,0,0,0.001851852,0,0.030988834,387.5,138.3868955,0,-0.02173913,0,0,0,0
18954,GGGGAGTGTGTGTGTACATGCGA,0,0,0.014423077,0,0.032156961,485,172.0004605,0.995652174,4.304347826,0,0,0,0
18955,GCCCTATTCCCACCCACCCTCAG,0,0,0.025522751,0,0.30174375,555,184.5040961,0,-0.391304348,0,0,0,0
18956,GGCCCCCTCCCCGCCCCCTCCAG,0,0,0,0,0.055531438,357.5,185.9421699,0.043478261,0.152173913,0,0,0,0
18957,GTGAAAGGCCCCCCATCCGTGGG,0,0,0.051708218,0,0.272415361,425,198.6447621,0.026086957,0.130434783,0,0,0,0
18958,GGTGAGTAAGTGTGGTAGTGGGA,0,0,0,0,0.025390982,412.5,163.6186245,0,-0.434782609,0,0,0,0
18959,GGTGAGGGGGCCTGTGCGTGAAG,0,0,0.035883635,0,0.14870043,425,198.9108547,0,0.065217391,0,0,0,0
18960,GACTCCCTCCAGACAGCCTCCGA,0,0,0.002110372,0,0.073007317,327.5,186.9039574,0,-0.652173913,0,0,0,0
18961,GCATTCCTAAAGCCTGGCCCAGG,0,0,0.109676308,0.67500674,0.6510065,552.5,177.1462631,0,-0.043478261,0,0,0,0
18962,GGTGGGTGTGAGTGTGAGTGAAG,0,0,0.0392,0,0.196246288,455,186.7357049,0.008695652,-0.804347826,0,0,0,0
18963,TGTGAGTGCGTGTGTGTGTGTGA,0,0,0.018518518,0,0.788265432,560,195.4541086,0.034782609,-0.02173913,0,0,0,0
18964,TGTGAGTGCGTGTGTGTGTGTGG,0,0,0.266666667,0.788265432,0.788265432,560,195.4541086,0.026086957,0,0,0,1,0
18965,TGAATGGATGGATGATGAGTGGA,0,0,0,0,0.086446235,455,191.1937101,0,-0.413043478,0,0,0,0
18966,AAATGTGAAAAATAGGGACAGGA,0,0,0.000816993,0,0.1187797,455,181.936848,0,-0.043478261,0,0,0,0
18967,GCCTCCCCAGCCCCAGGCCAGGA,0,0,0.004729962,0,0.087951801,362.5,186.0550578,0,-0.217391304,0,0,0,0
18968,TGGAGGGAGGACTGAGGTGGTGA,0,0,0.001031992,0,0.063669228,387.5,147.6346463,0,0.02173913,0,0,0,0
18969,CACCCCCCCCGCCCCACCTCCAG,0,0,0.12037037,0,0.151145,455,192.5816734,0,0,0,0,0,0
18970,TGAATGGAGAAATGGGGACTTGA,0,0,0.014164272,0,0.121381988,455,168.7252421,0,1.282608696,0,0,0,0
18971,TGGAAGGAGAAAAAAGGAGTGGA,0,0,0.016826923,0,0.075982292,425,191.7814384,0,-0.282608696,0,0,0,0
18972,ACTGTGTGAGTGTGTGCGTGAGG,1,0.034762861,0.226573427,2.426564496,2.426564496,627.5,218.87168,0,0.065217391,0,0,0,0
18973,CGTGTGTGAGTGTGTGGCTGTGA,0,0,0.000505253,0,0.119478333,485,171.5022357,0,-0.391304348,0,0,0,0
18974,GAGTCACAGAAGAAGAAAAAGGG,0,0,0.383035714,0.112123929,0.112123929,552.5,184.6157655,0,0.108695652,0,0,0,0
18975,GAGTAAGATCAGAAAAAGAATGA,0,0,0.018496287,0,0.141738197,522.5,197.9588941,0,0.260869565,0,0,0,0
18976,GAAAGAGAAGATGAGACACACAG,0,0,0.041152263,0,0.133988,455,193.3218737,0,0.282608696,0,0,0,0
18977,GCCTGTTTCCCAACTTCCTTTGA,0,0,0,0,0.025522883,357.5,176.916912,0.004347826,-0.130434783,0,0,0,0
18978,TACAGTAGTGAGGAGAGCGGGGA,0,0,0.010093168,0,0.351943434,522.5,206.6263755,0,-0.347826087,0,0,0,0
18979,AAATAGGAAGAAGAGGCAGGCAG,0,0,0.015341322,0,0.125827144,485,148.2400961,0,-0.52173913,0,0,0,0
18980,AACTCTTTTTCATTGATCTCTGG,0,0,0.545454546,0.164761667,0.164761667,552.5,198.8372701,0,-0.152173913,0,0,0,0
18981,AACCCCATCCACCAAGCCTCAGG,0,0,0.0525,0,0.040996643,425,190.970613,0,-0.760869565,0,0,0,0
18982,ATAGCCACCAGTGAGAAGAGCGG,0,0,0.213068182,0.259301073,0.254924684,555,199.2216541,0.030434783,-0.239130435,0,0,0,0
18983,GGCACTGCTGCAGGGGGAGGGAG,0,0,0.047934156,0,0.022591897,357.5,167.8937643,0,0.217391304,0,0,0,0
18984,GCCCCAGCCTGAGCACGTAGAGG,0,0,0.162064826,0.219695863,0.219695863,485,147.9745832,0.234782609,-0.108695652,0,0,0,0
18985,GACCACAAAGGAAAGACTGGAGG,0,0,0.004363284,0.144981323,0.139826431,357.5,165.8049958,0,0,0,0,0,0
18986,AGAAGAGAAGAAGAGGGAAAAGA,0,0,0.000666933,0,0.19201875,485,166.352289,0,0.217391304,0,0,0,0
18987,AAATGTGAACAATAGGAACAAGG,0,0,0.04,0,0.1187797,455,181.936848,0.008695652,0.02173913,0,0,0,1
18988,AGATGAAAAGATGAGGCAGAGAG,0,0,0.008641975,0,0.167597955,455,178.1127188,0,-0.217391304,0,0,0,0
18989,CCAGTGAGGAGAGCAGAAGGAGG,0,0,0.023727138,0.019783629,0.01914801,387.5,138.4722649,0.034782609,0.065217391,0,0,0,0
18990,GTCTTGTGCTCATTTTTCTCTGA,0,0,0.004884005,0,0.24614019,522.5,197.6933811,0.017391304,-0.152173913,0,0,0,0
18991,ACATGAGAAAAGGAGGCACAAAG,0,0,0.137311385,0,1.275482667,530,207.4521631,0.434782609,4.913043478,0,0,0,0
18992,GAAAATAAAGCATAAAGTGCTGG,0,0,0.04329162,0.095444268,0.093833394,455,181.3472834,0,0.043478261,0,0,0,0
18993,AACTGGGAAGAAGAGTGACACGA,0,0,0,0,0.059378332,485,178.611479,0,3.065217391,0,0,0,0
18994,ATGATCGCCACTGAATAGAGGGA,0,0,0.007190042,0,0.145346309,425,195.0913939,0,-0.217391304,0,0,0,0
18995,GAACACAGAACATAGACCACAGA,0,0,0.014550264,0,0.081354538,485,154.9371134,0,-0.086956522,0,0,0,0
18996,GAGAACCTCCACCCCGCCCCCAG,0,0,0.01720777,0,0.4917675,555,185.7620801,0,-0.217391304,1,0,1,0
18997,TGGAGCAAGGAATGAGGAGCCAG,0,0,0.010284665,0.272825204,0.272825204,555,176.6049153,0,-0.02173913,0,0,0,0
18998,AGATGAGAAGCAGAGGGACAAGG,0,0,0.018823529,0.693987179,0.673271144,462.5,192.9438052,0,-0.260869565,0,0,0,0
18999,GGCGATGCAACTGGAGGTGGAGA,0,0,0.014880952,0,0.768095474,620,208.0865632,0,NA,0,0,0,1
19000,GGTGGGGGAGCGTGTGCCTGTAG,0,0,0.034858388,0,0.111680226,455,183.8750822,0.265217391,-0.130434783,0,0,0,0
19001,CGTGAGTGGGTGTGTGTGTGGGG,0,0,0.222222222,0.788265432,0.788265432,560,195.4541086,0.195652174,0.304347826,0,0,0,0
19002,GTCTCCTCCAATGACAAAGAAGA,0,0,0.026074777,0,0.022258348,417.5,138.4770409,0.013043478,-0.043478261,0,0,0,0
19003,GCCACTGCGCCCGGCGGTGGTGG,0,0,0.071549503,0,0.182543366,425,192.0451416,0.030434783,-0.347826087,0,0,0,0
19004,AGCTGTTTTTCATTGTTCTCTGG,0,0,0.3072,0,0.789491758,620,215.885696,0,-0.5,0,0,0,0
19005,AGATGGGAAAATGAGGCACAGGG,0,0,0.177777777,0,0.392225327,522.5,204.4661791,0,-0.02173913,0,0,0,0
19006,GGGACCTGGGCTGGAGGTGGGGG,0,0,0.166975881,0,0.531673751,622.5,211.4030182,0,0.043478261,0,0,0,0
19007,GGCTCTCCGGCTGCAAGTGGGAG,0,0,0.048611111,0,0.026311278,455,187.0156087,0.008695652,0.065217391,0,0,0,0
19008,AAGAAAGAAAAAGAGGCACAGAG,0,0,0.061027282,0,1.2395125,622.5,211.5183436,0.017391304,0.086956522,0,0,0,0
19009,ATGGAAACCAGTGGGTTGAGAGA,0,0,0.002507716,0,0.052168566,455,183.9151203,0.065217391,0.195652174,0,0,0,0
19010,AGTGTGTGAGAGTGTGCCTGTGA,0,0,0.008116883,0,0.172235,455,186.258263,0.230434783,0.608695652,0,0,0,0
19011,GACACTGGGGCTGAAGGGGGAGG,0,0,0.135989011,0,0.046239667,455,178.7976651,0.095652174,0.195652174,0,0,1,0
19012,GACTTCTTTTAATTGTCTTCTGA,0,0,0.0161144,0,0.038086554,387.5,164.7744879,0,-0.130434783,0,0,0,0
19013,GGTGTGTGAGTGTGTGTGATAAG,0,0,0.008799102,0,0.080071819,417.5,129.0399691,0,-0.326086957,0,0,0,0
19014,AATGGCCACTAAATGTTCAAGGG,0,0,0.007912088,0,0.032447696,357.5,178.7001321,0,0.586956522,0,0,0,0
19015,AAGCACTCCAGTGAGCAGAGGGA,0,0,0.006048894,0,0.176585759,552.5,198.4147933,0.07826087,0.065217391,0,0,0,0
19016,AGGCTGGAGGAGTGAGCAGTAGG,0,0,0.059976932,0.305343326,0.299915,455,189.6241885,0.295652174,-0.239130435,0,0,0,0
19017,AAGTCTGAGAAGAAGAAGAAAGA,0,0,0.050297619,0,1.489014768,627.5,213.6222796,0,-0.173913043,0,0,0,0
19018,GGTGTGTGTGTGCATGCGTGTAG,0,0,0.033492823,0,0.050407362,425,192.8133945,0,-0.282608696,0,0,0,0
19019,AAAAGACAAGAAAAGGCAAAAGG,0,0,0.129513344,0,0.131830099,455,175.6958987,0,-0.043478261,0,0,0,0
19020,GGCCCATACTGAGCCCCTGCTGA,0,0,0.000578744,0,0.044173195,387.5,144.4860866,0,-0.108695652,0,0,0,0
19021,AAAAGAGAAGCAGAGAGACAGAG,0,0,0.002904866,0,0.055244454,387.5,173.8217793,0,0.02173913,0,0,0,0
19022,GGCACAGAATGAGCAGGTAACAG,0,0,0.020564231,0.052414635,0.052414635,485,166.3301938,0,0.304347826,0,0,0,0
19023,CCCTGTGTCTCTGGGGAGAAAGA,0,0,0.008203125,0,0.009657223,345,129.5808415,0.5,-0.52173913,0,0,0,0
19024,TGGATGTAGTTATGAAGAGTCAG,0,0,0.037037037,0,0.085912685,455,188.3065732,0.386956522,0.326086957,0,0,0,0
19025,CCCTCCCAAAAGCCTTGCCCCAG,0,0,0,0.122256818,0.119960915,485,161.6741572,0,0.065217391,0,0,0,0
19026,GAAAACAATTAATAGACTGCTAG,0,0,0.079824561,0,0.426292988,525,203.1447995,0.043478261,0.217391304,0,0,0,0
19027,GGCGCGGCGGCTGGCGATGGGGG,0,0,0.090909091,0,0.093833394,455,181.3472834,0,-0.195652174,0,0,0,0
19028,TGGGGGAGGGAGTTTCCTCCCAG,0,0,0,0,0.186003667,552.5,198.6547933,0.008695652,-0.065217391,0,0,1,0
19029,TGTATATAGGAATGAGGACTCAG,0,0,0.033205619,0,0.203205708,552.5,183.7548353,0,-0.065217391,0,0,0,0
19030,AGGTGGGGAGAGTTGCCTCCGGA,0,0,0,0,0.044594039,455,183.7447722,0.2,-0.195652174,0,0,0,0
19031,AAAGGAGAAGAAAAGGAAGAGGA,0,0,0.002337073,0,0.074311256,387.5,157.0929685,0,0.239130435,0,0,0,0
19032,GCCCCAGACGGCGCACCTGATGG,0,0,0.021433675,0.276221715,0.276221715,455,185.2660521,0.008695652,-0.239130435,0,0,1,0
19033,GGCTCTGCCACTGGTGGTGGGAG,0,0,0.016582923,0,0.215770049,522.5,195.1678617,0.152173913,1,0,0,0,0
19034,GAGTCCAATCAGAACAAGGAGGG,0,0,0.054545455,0.052955831,0.052955831,455,167.9020173,0,-0.173913043,0,0,1,0
19035,GGTGAGTCAGTGAGCGGGTGGGG,0,0,0.006834794,0,0.057129709,357.5,171.4077299,0,-0.304347826,0,0,0,0
19036,AAAAAAAAAGAAGAGACACAGAG,0,0,0.106995885,0,0.176585759,552.5,197.3664733,0.62173913,-0.782608696,0,0,0,0
19037,TATAACCACTACAACCTCCATGG,0,0,0.115270936,0.07850044,0.07850044,455,175.9392154,0,-0.282608696,0,0,0,0
19038,GGCTCTTTCCCTTCCAACTTGGG,0,0,0.075748792,0,0.116067105,357.5,180.7584679,0.1,0.130434783,0,0,0,0
19039,ATGAAGACCAGAAAGTAGACCAG,0,0,0.041025641,0.074728607,0.072206123,357.5,163.0609951,0.986956522,1.586956522,0,0,0,0
19040,GCCTCTCCAAAGCCTGTACATGG,0,0,0.125,0.135745336,0.135745336,492.5,172.2045717,0,-0.804347826,0,0,0,0
19041,GAGACAGCGCCTGGAGGTGGAGG,0,0,0.146666667,0,0.749905063,620,211.6542796,0.204347826,-0.413043478,0,0,0,0
19042,CTTGCCACACAGGACAGTGCTGG,0,0,0.047940341,0.020438665,0.020093709,387.5,137.2920347,0,-0.065217391,0,0,1,0
19043,TGGATAAAGGAAAGAGGAGTAAG,0,0,0.179487179,0.416785994,0.406742958,530,206.7315147,0,-0.630434783,0,0,0,0
19044,GGTTAGTCAGTGTGTTCTTGTGG,0,0,0,0,0.050674684,485,172.5148239,0.034782609,4.326086957,1,0,1,0
19045,TGGGTGGAGAAAGGAGGAGACAG,0,0,0.022192029,0.23959031,0.235330927,455,166.6977431,0,-0.043478261,0,0,0,0
19046,GCTGAGTGCATGTGTGGGTGGGG,0,0,0.021719457,0,0.343031439,552.5,189.0223722,0,-0.195652174,0,0,0,0
19047,AGGATGGGGGAAGGAGGAGGAGG,0,0,0.033759591,0,0.26991206,455,169.4632626,0.047826087,-0.065217391,0,0,0,0
19048,AAAGGAGAAGGAGAGGAAAACAG,0,0,0.021064815,0,0.106570406,387.5,160.3622053,0.626086957,0.152173913,0,0,0,0
19049,AATTGGGAAGTACAGGCACAAAG,0,0,0.016935249,0.186305221,0.183312366,425,201.1566118,0.965217391,0.586956522,0,0,0,1
19050,GAGGCAGACTGAGCTCGTGAGGA,0,0,0.002938034,0,0.397208228,525,203.3513784,0.182608696,-0.173913043,0,0,0,0
19051,TGTGTGTGAGAGTGTGAGTGTGA,0,0,0.008838384,0,0.33831875,455,190.6954852,0,-0.065217391,0,0,0,0
19052,AAACGAAAAGCATAGACTGGGAG,0,0,0.009176471,0,0.421955546,552.5,178.9880961,0,-0.130434783,0,0,0,0
19053,TGGATGAATGAATGAGCAGGGGA,0,0,0.00153787,0,0.100708291,485,154.7333279,0,-0.086956522,0,0,0,0
19054,AATTATGACTACACCCTCAAAAG,0,0,0.011770365,0,0.088088228,522.5,202.5180506,0,-0.195652174,0,0,0,0
19055,GATCCTCTCAACCCAGCCTCTGG,0,0,0.122949735,0,0.221326411,522.5,197.687258,0,-0.108695652,0,0,0,0
19056,GAGTTGTTTTCAGTGTGCTTTGG,0,0,0.004603581,0.100572629,0.096996713,387.5,151.0489685,0.22173913,0.086956522,0,0,0,0
19057,TGGGAGGAGGAGTGAGGAGAAGG,0,0,0.126953125,0.330722511,0.324843,455,172.1843796,0,-0.391304348,0,0,0,0
19058,GGTGACCGTGTGTGTGCGTGGAG,0,0,0.072916667,0.598878019,0.585715865,627.5,212.2710548,NA,-0.043478261,0,0,0,0
19059,GACATAGATGTTCTGCCCAATGG,0,0,0.0140625,0,0.050003206,357.5,158.3532941,0.182608696,0.065217391,0,0,0,0
19060,GGTGTGTGCGTGTGGGTGTGAGA,0,0,0.0003367,0,0.094763973,455,178.758767,0,-0.217391304,0,0,0,0
19061,GCACCCCTCCACCACGCCCCTGG,0,0,0.065747126,0,0.073273358,455,176.0448154,0,-0.217391304,0,0,1,0
19062,GCCACCACTGCTGGAGGTGGGGA,0,0,0.023310023,0,0.344612998,620,210.8310548,0.160869565,2.847826087,0,0,0,0
19063,AACTCTGAAGCAGAGGTTTTGGG,0,0,0.184090909,0.164761667,0.164761667,552.5,199.2519901,0.1,0.282608696,0,0,0,0
19064,GGCATTGGGGCTGGTGGAGGAAG,0,0,0.014141414,0,0.078958228,455,175.1815082,0,-1.5,0,0,0,0
19065,GGCCGGGCGGCTGGAGGTTGCAG,0,0,0.020915033,0,0.30174375,555,184.5040961,0.534782609,1.608695652,0,0,0,0
19066,CCTCCCTTATCTCTACTCACAGA,0,0,0.022403493,0,0.768095474,622.5,206.2750663,0.017391304,-0.304347826,0,0,0,0
19067,GGTGGGTGGGTGTGTGGGTGGGA,0,0,0.001960784,0,0.699446792,560,194.1657886,0.734782609,-0.695652174,0,0,0,0
19068,GGTGTCTGTGTGTGTGAGTGTGG,0,0,0.069421488,0,0.213926133,552.5,191.1798046,0,-0.065217391,0,0,0,0
19069,GGGTTCACTTCTGCAGCCCCAAG,0,0,0.014403292,0,0.208990259,552.5,189.9918859,0.026086957,-0.02173913,0,0,0,0
19070,GGAATCCCTTCTCCAGTGCCAGA,0,0,0.00545809,0,0.070863011,395,164.4912351,0,0.282608696,0,0,0,0
19071,TGGATGGATGAATGAAGGGAGAG,0,0,0.031111111,0,0.012289022,417.5,135.3908606,NA,0.304347826,0,0,0,0
19072,CTTGCCCCATAGGGTTGTTATGA,0,0,0,0,0.019133259,387.5,151.9648162,0.008695652,0.260869565,0,0,0,0
19073,GGGTGGGGGGTGGCTGGTCCCAG,0,0,0.00034975,0.01681765,0.01681765,260,170.8453,0,-0.130434783,0,0,0,0
19074,GGAAGTGCAGCTGGAGGGGGTGA,0,0,0.007738095,0,0.186959075,552.5,188.0005664,0,0.130434783,0,0,1,0
19075,GGCACAGACTGATAACGTGCTAG,0,0,0.005209995,0.038761082,0.038071996,357.5,160.0502949,0,0.108695652,0,0,0,0
19076,GGGACAGAGCCAGCCTCTGTGAG,0,0,0.014069264,0.049071691,0.048243477,455,174.3215448,0.030434783,-0.043478261,0,0,0,0
19077,GGGAAAGAACCAGGATGCCTCAG,0,0,0,0.016054159,0.015796261,387.5,151.866924,0,-0.934782609,0,0,0,0
19078,ACATGAGAAGCTGAGGCACTGGG,0,0,0.062857143,0,0.190444928,357.5,167.8762159,0,-0.086956522,0,0,0,0
19079,TGGATGGATGAATGATAGGTGAG,0,0,0,0,0.011345979,442.5,151.5423494,0.008695652,0.02173913,0,0,0,0
19080,GAATTGGTTTTATTGTTCTGTGG,0,0,0.00922722,0.25587143,0.246773779,455,172.9211356,0.017391304,0.869565217,0,0,0,0
19081,AGAATGGAGGAGTGAGGAGAGGA,0,0,0.021158854,0,0.338339998,455,173.8182996,0.643478261,-0.543478261,0,0,0,0
19082,AACATGTTTTCATTTTTCTTGGA,0,0,0.00127551,0,0.186915845,455,166.9817785,0,0.043478261,0,0,0,0
19083,AACATGTTTTCATTTTTCTTGGG,0,0,0.018367347,0,0.186915845,455,166.9817785,0.02173913,-0.391304348,0,0,0,0
19084,AACCACTACTGCATCCTCAACAG,0,0,0.031066176,0,0.510158313,522.5,209.1851355,0.92173913,0.130434783,0,0,0,0
19085,GCCTTCTCAAAGGCTGTCCAGAG,0,0,0.004569846,0.152967414,0.152967414,455,185.0430676,0,-0.804347826,0,0,0,0
19086,AAAAAAGAAGAAGAGGAAAACAG,0,0,0.021399177,0.19201875,0.19201875,485,165.303969,0,0.608695652,0,0,0,0
19087,CCCACCAATACAGAGAGACAGGG,0,0,0.038235294,0,0.36403873,552.5,189.5506517,0,-0.217391304,0,0,0,1
19088,GCCACCTCAGAGCCTGGCTAGAG,0,0,0.025720165,0.313735196,0.313735196,552.5,180.2034828,0,-0.065217391,0,0,0,0
19089,GACTTATTTTTTTTCTTCTCAAG,0,0,0.007252007,0.063343751,0.063343751,327.5,189.2608103,0,0.47826087,0,0,0,0
19090,TGCGTGTGAGTGTGTGCGTGAGA,0,0,0.010822511,0,2.392592593,627.5,218.58368,0.265217391,-0.326086957,0,0,0,0
19091,GGAATCCCTGCTGTAGTACCGGA,0,0,0.011882716,0,0.134381544,462.5,182.7829679,0,-0.391304348,0,0,0,0
19092,ATCAACAGCAGTGAGAGGAGCAG,0,0,0.010283834,0.101574684,0.098146003,485,177.2976461,0.334782609,0.826086957,0,0,0,0
19093,AGATGAGAAACAGAGGCACAGAG,0,0,0.077432099,0,1.365955696,530,208.9381799,0,-0.326086957,0,0,0,0
19094,GGCCTGGAGGAATAAGGAGTAAG,0,0,0.025247557,0.224627092,0.220835918,522.5,206.1592154,0.4,0.826086957,0,0,0,0
19095,GAACGCATAGGAAAGACTGCAGA,0,0,0.003708791,0,0.293169181,425,199.0824588,0,-0.260869565,0,0,0,0
19096,TGGATGAAGGAATGGGCGGTAGG,0,0,0.061176471,0,0.01976186,387.5,156.2003533,0,-0.282608696,0,0,0,0
19097,GGCACTGGGGCTGGAGACGGGGG,0,0,0.257142857,0,0.212405926,492.5,170.8907387,0.065217391,-0.391304348,0,0,0,0
19098,GGAACTGCAGCAGGACGTGGCGG,0,0,0,0,0.076633419,455,189.7076933,0,-0.47826087,0,0,0,0
19099,TATTCCGAGGAGATGAAGAAAGA,0,0,0.007201646,0,0.20338988,522.5,202.0410789,0,-0.434782609,0,0,0,0
19100,AACTGCAGGGAGGAGAGCGGAGA,0,0,0.00428195,0,0.338304443,522.5,203.5789791,0.026086957,0.195652174,0,0,0,0
19101,TGGATGGATGAAAGATGAATGGA,0,0,0,0,0.018329335,387.5,157.7044733,0.030434783,-0.130434783,0,0,0,0
19102,AGAAGAGACGCAGAGGCACATGG,0,0,0.08707483,0,0.485165286,522.5,207.8965359,0,0.239130435,0,0,0,0
19103,CCTGTCTCCCCTCTGCTCAGAGG,0,0,0.00973262,0,0.162968187,455,161.5753221,0,-0.434782609,0,0,0,0
19104,AACATAAATGTCCTACCCATTAG,0,0,0.048148148,0.172278175,0.166462878,522.5,200.8238136,0,-0.173913043,0,0,0,0
19105,GCCCCCCACTACCCAGCCTCTGG,0,0,0.13146592,0,0.371023101,522.5,196.661425,0,4.456521739,0,0,0,0
19106,GACATGTTTTCATTCTGCTTGGA,0,0,0.000318309,0,0.068124595,387.5,145.9956674,0,0.043478261,0,0,0,0
19107,GGGTGGGGAGTGTTTGCAACAAG,0,0,0.014652015,0.030443151,0.029954105,387.5,152.8388027,1,-0.369565217,0,0,0,0
19108,GTTGAGTGTGTGTATGTGTGTGA,0,0,0.009280303,0,0.055495857,455,182.3749239,0,-0.956521739,0,0,0,0
19109,ATCACTTCCAATGACTAAGACGG,0,0,0.542410714,0.084286125,0.082703287,485,154.8530828,0,0.173913043,0,0,0,0
19110,GAATCCAAGCAGCAGAGGAACAG,0,0,0.007223942,0.156094896,0.15082587,455,185.8033876,0,-0.195652174,0,0,0,0
19111,CCCAACCATCCAGGGCCTCAGAG,0,0,0,0,0.007550528,387.5,163.5607362,0.02173913,-0.086956522,0,0,0,0
19112,ATGTAAACCAATGTGTAGAGGGA,0,0,0.021885522,0,0.071579746,425,198.6711476,0,0.173913043,0,0,0,0
19113,AAATTAGGAAAAGAGGCAGATGA,0,0,0.001782407,0,0.436090585,552.5,179.0721267,0,0.130434783,0,0,0,0
19114,CTGAACACCAATGACTAGGGGGA,0,0,0.012400794,0,0.919204167,620,215.0004992,0.652173913,-0.391304348,0,0,0,0
19115,GTGACCTCCAATGGAGAGGGGGA,0,0,0.001246439,0,0.010179652,392.5,175.5373679,0.017391304,0.043478261,0,0,0,0
19116,GAGGAAGAGAAGAAGAAGAAAAG,0,0,0.074514991,0,0.760552802,622.5,210.2603596,0.152173913,0.630434783,0,0,0,0
19117,GGGGTGGGGGGATGAGGAGTGGG,0,0,0.284963768,0.807015306,0.794051205,522.5,208.9964993,0.069565217,0.130434783,0,0,0,0
19118,GAAATCGTTGTCTTCCCTATTGA,0,0,0.011607143,0,0.118417614,455,180.6495292,0,NA,0,0,0,0
19119,GACCCAATCTGAGCACCTGAGGA,0,0,0.005925447,0,0.416345417,552.5,192.4908912,0,0.130434783,0,0,0,0
19120,TGTGAGAGAGTGGGTGTGTGTGG,0,0,0.106521739,0,0.161125676,455,186.3313876,0.113043478,0.391304348,0,0,0,0
19121,AAGGACCACTTCATGCTCCAAGA,0,0,0.000110522,0,0.073145498,357.5,167.4868948,0.173913043,0.347826087,0,0,0,0
19122,GGTGTGTGCGTGCGTGTGTGTGA,0,0,0.005316321,0,0.136842006,455,183.466468,0,-0.130434783,0,0,1,0
19123,GGCTCCTTCCCACCCACTGTCGG,0,0,0.101637493,0.061322117,0.059141775,485,161.0026828,0,-0.913043478,0,0,0,0
19124,GGTGTGTGCGTGCGTGTGTGTGG,0,0,0.076555024,0,0.136842006,455,183.466468,0.013043478,0.043478261,0,0,0,0
19125,TGGAAGGATGAAAGAGGAGGGAG,0,0,0.008446455,0.156120734,0.156120734,455,167.3149792,0.047826087,0.130434783,0,0,0,0
19126,CCCAGTGTCTATCAATGGATGAG,0,0,0.029239766,0,0.045787375,327.5,190.9578111,0,1.152173913,0,0,0,0
19127,TTATCCCAACAGGGCAGTAAAGA,0,0,0.011724387,0,1.345833333,620,214.698583,0,-0.173913043,0,0,0,0
19128,ATGAGCACCAATTAGTAAAGGGA,0,0,0.010384615,0,0.063280011,357.5,176.7589425,0.065217391,0.065217391,0,0,0,0
19129,GACACCCAGGCAAAGGTTTTCGA,0,0,0.010170118,0,0.039742653,455,186.0692924,0.004347826,0.326086957,0,0,0,0
19130,AAAACAGAAGAAGAGGCAGAAAG,0,0,0.01212522,1.023076923,0.992537313,560,187.4900801,0.004347826,-0.217391304,0,0,0,0
19131,GTCCCAGACTCCGCACATGAGAG,0,0,0.017366649,0.166452825,0.166452825,357.5,184.0277048,0,-0.173913043,0,0,0,0
19132,GGGTGGGGCGAGGTTGGTACGAG,0,0,0.000918093,0.041697714,0.041027871,387.5,154.0067881,0,0.195652174,0,0,0,0
19133,CCTCCCTCCGCCTCACTCACTGA,0,0,0.006965944,0,0.040589889,362.5,189.4717944,0,-0.086956522,0,0,1,0
19134,AAAGAAGAAGAAGAAGAACAAGA,0,0,0.016521423,0,0.155096519,455,181.8449474,0,-0.086956522,0,0,0,0
19135,AAAGAAGAAGAAGAAGAACAAGG,0,0,0.237908497,0,0.155096519,455,181.8449474,0,0,0,0,0,0
19136,GCAGTGAGTACCGCGCAGGCCGG,0,0,0,0.07436334,0.07436334,357.5,187.96539,0.073913043,0.760869565,0,0,0,0
19137,GAAGAAAAAGAATAAACTGCAGA,0,0,0.022759104,0,0.128747462,425,196.1033107,0,0.086956522,0,0,0,0
19138,TGTGTGTGAGAGTGTGCGTGGAG,0,0,0.070707071,1.562222222,1.562222222,530,212.8815963,0,0.565217391,0,0,0,0
19139,AGGATAGAGGAAGGAGGGGTGGG,0,0,0.104347826,0,0.072659895,455,182.4913622,0.269565217,0.347826087,0,0,0,0
19140,GAGTCCTAGAAGGAGAAGAGAGA,0,0,0.017151788,0,0.152592743,455,165.1881623,0,-0.739130435,0,0,0,0
19141,GAACACCCAGCACAGACTGAAGG,0,0,0.074013158,0.168525908,0.165681589,455,167.0800818,0.095652174,0.326086957,0,0,0,0
19142,GGCACAGCGGGAGGAGCTGGGGA,0,0,0.002832244,0,0.090997553,357.5,182.4817208,0,-0.326086957,0,0,0,0
19143,GAAAACCCAGCATAGACTGAAAG,0,0,0.020467836,0.459112755,0.45095075,552.5,175.7058023,0,-0.565217391,0,0,0,0
19144,GGTGTGTGTGTGTGTGTGTAGGG,0,0,0.095454546,0,0.155313909,485,155.8281887,0.056521739,0.391304348,0,0,0,0
19145,GGTGTGTGTGTGTGTGTGTAGGA,0,0,0.006628788,0,0.155313909,485,155.8281887,0.008695652,-0.282608696,0,0,0,0
19146,GCCACAGCCTGAGCACGGGAGGA,0,0,0.00578369,0,0.310333333,552.5,189.5632498,0,0.956521739,0,0,1,0
19147,GAATGAGAAATAGAGGCCCAGAG,0,0,0.014181703,0,0.158628435,455,182.5548466,0.37826087,0.434782609,0,0,0,0
19148,AACAGAAGTGAGGAGAGAGGCAG,0,0,0.020289855,0,0.068980913,455,181.2030422,0.126086957,0.173913043,0,0,0,0
19149,ATACACAGAGCAAAGACTGCAGG,0,0,0.332307692,0.581724684,0.581724684,522.5,206.3608625,0,-0.326086957,0,0,0,0
19150,TGGATGGAGGAGTGAAGTATGGA,0,0,0.017912257,0,0.007131396,320,138.0241404,0,0.652173913,0,0,0,0
19151,GCCTCTTTCCCTCCCACTCCCAG,0,0,0.001393243,0,0.017289489,345,118.1749664,0.017391304,-0.086956522,0,0,0,0
19152,GGCACTGAGGCTGCAGGCGGCGG,0,0,0.119387755,0,0.082203852,462.5,180.2376651,0,-0.391304348,0,0,0,0
19153,CTCTCTGCAAAGCCTGGCCATGA,0,0,0.019704851,0,0.564014727,620,214.7908352,0.07826087,-0.5,0,0,0,0
19154,TGTGAGTGTGTGTGTGGATGTGG,0,0,0.024434389,0,0.073001262,485,168.8307753,0,0.260869565,0,0,0,0
19155,GACTTTTTCTCTTTCTTCTCTGA,0,0,0.003885004,0,0.069735193,425,191.5311136,0,-0.108695652,0,0,0,0
19156,GGGAAAGCCTCAGCAGCTGTCAG,0,0,0.023270847,0,0.04442216,485,168.3966874,0,-0.369565217,0,0,0,0
19157,GGCACTGGGATTGGGGGTGGGGG,0,0,0.12,0,0.186982849,425,190.6713413,0.813043478,4.304347826,0,0,0,0
19158,GGGATTGAGAAATGAGGAGGAGA,0,0,0.007293739,0,0.388621058,552.5,175.2846797,0.026086957,0.217391304,0,0,0,0
19159,TGTGTGTTTGTGTGTGCGTGCGA,0,0,0.009469697,0,0.833979885,620,210.8520827,0.108695652,0.152173913,0,0,0,0
19160,GGTGGGTGAGTGGGTGGGTTGAG,0,0,0.002005115,0,0.098373949,387.5,150.2886485,0,-0.630434783,0,0,0,0
19161,TGTGACTGTGTGTGTGAGTGTGA,0,0,0.013257576,0,0.225335527,552.5,192.4681246,0,-0.130434783,0,0,0,0
19162,GGGTGGGGGCAGTGGGCTCCCAG,0,0,0,0,0.089242665,432.5,189.5620574,0,0.108695652,0,0,0,0
19163,TGCATGGAGGAAGCAGGAGAGAG,0,0,0.006270903,0,0.037538988,357.5,160.3958949,0.02173913,0.326086957,0,0,0,0
19164,GGAGAGTGTGTGTGTATGTGAGA,0,0,0.013888889,0,0.059967208,485,176.4376827,0,-0.326086957,0,0,0,0
19165,CAACACAAAATATAGACTGTTAG,0,0,0.015954416,0.363326651,0.356503615,455,170.8405799,0,-0.260869565,0,0,0,0
19166,AAAGAAGAAGAAGAAGAACATAG,0,0,0.061679981,0,0.155096519,455,181.8449474,0,-0.369565217,0,0,0,0
19167,GAGACAGAATAAGAGTTTTTTAG,0,0,0.073350694,0,0.41619731,522.5,205.6641959,0.004347826,0.108695652,0,0,0,0
19168,AGTGTGAGAGTGTGTGTGTGAGA,0,0,0.009280303,0,0.416345417,552.5,194.5423881,0,0.108695652,0,0,0,0
19169,GAAATCTGAGCAGAGTTTTTTGG,0,0,0.231111111,0,0.878799588,620,211.9006822,0,0.282608696,0,0,0,0
19170,TGGAGGGAGGAATGAGGTATAGA,0,0,0.015873016,0,0.194537313,492.5,162.9403468,0,0.195652174,0,0,0,0
19171,GGTGACTGAGTATGAGGGTGGGG,0,0,0.021671826,0,0.043941161,357.5,174.5047829,0,0.065217391,0,0,0,0
19172,GGCACCTCCAAGCACTAGGAAGG,0,0,0.165789474,0.132796733,0.132796733,357.5,164.6069791,0,-0.347826087,0,0,0,0
19173,ATCCCCCTCCACCCAGCCCCTGG,0,0,0.040125392,0,0.141195423,455,174.0049785,0.217391304,0.108695652,0,0,0,0
19174,TGGGTTTTGGAATGAGGAGTTGG,0,0,0.102040816,0.547241055,0.539222871,622.5,211.0574182,0.07826087,-0.260869565,0,0,0,0
19175,CCCATCCAGCAAGAGCCCCATGA,0,0,0,0,0.016355892,387.5,166.2983768,0.095652174,0.282608696,0,0,0,0
19176,GAACACAAGGAAAATACTGCCAG,0,0,0.012820513,0.048005867,0.048005867,327.5,185.3037938,0,0.043478261,0,0,0,0
19177,GGCACAGAGGGTGGAGGTTGGAG,0,0,0.024341564,0,0.1589884,455,177.3361154,0.047826087,-0.456521739,0,0,0,0
19178,GGGGTGTGTGTGTGTGTGTGGGG,0,0,0.050909091,0,0.348646558,552.5,192.4377886,0.9,2.130434783,0,0,0,0
19179,GGGGTGTGTGTGTGTGTGTGGGA,0,0,0.003535354,0,0.348646558,552.5,192.4377886,0.113043478,0.304347826,0,0,0,0
19180,CACTTGACTTCATTATTCTCAAG,0,0,0.152505446,0,0.275145253,522.5,199.5099807,0,0.304347826,0,0,0,0
19181,CCCATTCAGCCAAAGACAAACAG,0,0,0.058956916,0,0.067736793,455,173.2069152,0,0,0,0,0,0
19182,CTTGCCTCACTGGGCACAAACAG,0,0,0.01016703,0.042283246,0.040924748,387.5,164.1772911,0,-0.413043478,0,0,0,0
19183,AAAGGAGAATGAGAGACACATAG,0,0,0.08557581,0,0.132156214,455,189.816154,0,-0.260869565,0,0,0,0
19184,AAATGAGAAAAAAAGGAAGAGAG,0,0,0.01302944,0,0.061843976,387.5,152.974832,0.756521739,1.565217391,0,0,0,0
19185,AACTGTGAAGAAGAGGAATATGG,0,0,0.065934066,0,0.114544945,485,165.151905,0,-0.108695652,0,0,0,0
19186,CTGCCCCCAAAGGGCTGTAATGA,0,0,0,0,0.234785634,552.5,195.5182377,0,0.391304348,0,0,0,0
19187,TGTGAGAGTGTGTGTGAGTGGGA,0,0,0.017013889,0,0.25438705,552.5,191.8709278,0,0.304347826,0,0,0,0
19188,ATGAACTCCAGTCTGTGGAGAAG,0,0,0.004494897,0.022047911,0.021693728,357.5,174.6922029,0.513043478,-0.02173913,0,0,0,0
19189,GGCCCTCTCCACTCCACCTCAGG,0,0,0.52,0,0.060534271,455,190.3862696,0.456521739,0.5,0,0,0,0
19190,GAGTTCTAGCAAAAAAAGAACAG,0,0,0.082815079,0,0.128847539,425,193.6053772,0,0.086956522,0,0,0,0
19191,ACAGTGAGGAGAGCAGAGCCAGG,0,0,0.261180334,0.086270403,0.086270403,455,170.2851981,0,0.02173913,0,0,0,0
19192,GGCACTGCATTTGGAGCTGGGGA,0,0,0.00262605,0,0.1641228,457.5,183.0322885,0,-0.02173913,0,0,0,0
19193,TGGGTGGAGGGATGGAGAGTGGA,0,0,0.018337673,0,0.03845588,357.5,180.6008688,0.030434783,-0.065217391,0,0,0,0
19194,AACACAGATGCAGAGATTTTAGG,0,0,0.455844156,0.100669378,0.100669378,552.5,196.1658098,0.413043478,0.673913043,0,0,0,0
19195,GGCAATGTGGCTGTAGATGGCAG,0,0,0.032263374,0,0.086229035,455,182.1865673,0,-0.108695652,0,0,0,0
19196,GGCCCAGACTGAGAGGGTCAGGG,0,0,0.015689655,0,0.002823269,325,145.317368,0.091304348,-0.239130435,0,0,0,0
19197,GGGTGGGGGGAGGGTGCTGCAGG,0,0,0,0.046199873,0.046199873,365,168.5134949,0,0.043478261,0,0,0,0
19198,TCCTCCCCATTGTCTGGCCAGGA,0,0,0.013197587,0,0.297351481,425,198.4788593,0.017391304,0.043478261,0,0,1,0
19199,GGAACTGCGGCGGGAGCTGCAGG,0,0,0.043697479,0,0.123313651,387.5,152.8321886,0,-0.47826087,1,0,1,0
19200,CGCACTGTTGCTGGGGGTGGAGA,0,0,0.015046296,0,0.24614019,522.5,197.9333811,0,-0.47826087,0,0,0,0
19201,AGTGTGTAAGTGTGTGAGTGTGA,0,0,0.010606061,0,0.609583333,552.5,193.825752,0,-0.02173913,0,0,0,0
19202,GGCCCTGCGGCAGGGGTTGGGGG,0,0,0.045882353,0,0.076307487,357.5,175.4171669,0,-0.195652174,0,0,1,0
19203,GATTCTGTGGAGAAGAAGAAAGA,0,0,0.005373677,0,0.749905063,620,208.7944626,0.056521739,-0.369565217,0,0,0,0
19204,CGTGTGTGTGTGTGTGTGTGGAG,0,0,0.018855219,0.379196691,0.372455417,552.5,192.9657886,0,0.152173913,0,0,0,0
19205,CTCAACAGGGAGTAGAGCGGGAG,0,0,0.057170343,0.860350791,0.833979885,620,213.7118996,0.795652174,3.152173913,0,0,0,0
19206,GCCCCCCTCACCCCTGCCTCAGA,0,0,0.001261023,0,0.205917821,425,193.5311583,0.008695652,-0.086956522,0,0,0,0
19207,GACAACAAACAAGAGTTTTTGGG,0,0,0.171428571,0,0.476527186,522.5,204.3066791,0,-0.369565217,0,0,0,0
19208,CACATCCCTCCAATGACACATGG,0,0,0.153446553,0,0.086676978,425,194.7216779,0.143478261,0.065217391,0,0,0,0
19209,TGGATGGAGGGAGGAGGAAAGGA,0,0,0.004731172,0,0.040365105,290,135.5849959,0.104347826,0,0,0,0,0
19210,CCTTGTGTCTTTGCATGGTTTAG,0,0,0.012656147,0,0.040666713,357.5,170.0547317,0,-0.065217391,0,0,0,0
19211,AAGTGAGGAGAAAAGTCACAGAG,0,0,0,0,0.098655853,455,188.7844366,0,0.065217391,0,0,1,0
19212,GACATCCTTATCCTCCACATGGG,0,0,0.128333334,0,0.346494695,552.5,187.7391548,0,-0.02173913,0,0,0,0
19213,AATCAGAAAGCAGAGACTGCCAG,0,0,0.021483376,0,0.347016225,522.5,207.3866955,0,0.086956522,0,0,0,0
19214,GAAACTGCAGCTGGAAGTGGTGG,0,0,0.471428572,0,0.155758982,552.5,197.1837938,0,0,0,0,0,0
19215,AAATGATAACTAGAGACACATGG,0,0,0.07032967,0,0.085912685,455,188.3065732,0.073913043,-0.217391304,0,0,0,0
19216,TGTGAGTGTGTGTGCGCATGTGA,0,0,0.007867133,0,0.050816463,455,175.6098648,0,NA,0,0,0,0
19217,AAATGTCAAGAAAATGCACAAAG,0,0,0.016788767,0,0.061316501,425,191.3244931,0.069565217,-0.130434783,0,0,0,0
19218,AGGAGGGAGGAAGGAGGAGGAAG,0,0,0.007638534,0,0.26991206,455,171.2747595,0,-0.239130435,0,0,0,1
19219,GACCCACTCCACCCCTCCTCCAG,0,0,0,0,0.8987,567.5,202.5255901,0,0.152173913,0,0,0,0
19220,GTAACTGAGGCTGGAGGTTGTGG,0,0,0.238989899,0,0.4917675,552.5,184.5841831,0,0.108695652,0,0,0,0
19221,ATCATTTTACTCATTACTTGTGG,0,0,0.214897959,0,0.172919285,552.5,186.9989463,0.630434783,0.782608696,0,0,0,0
19222,AAATTAGAAAAAGAAGAACAAAG,0,0,0.031883805,0,0.142843894,455,177.7268109,0,-0.304347826,0,0,0,0
19223,GCCATGTTTTCATTCTTATCTAG,0,0,0.014245014,0.084674661,0.083169333,455,178.4560451,0.491304348,0.152173913,0,0,0,0
19224,GGGGCTGGGGCTGGAGCTGGGAG,0,0,0.012254902,0,0.570616297,552.5,193.712472,0.426086957,0.130434783,0,0,0,0
19225,CCCTCTGTGTCTCCATGGATAGG,0,0,0.087770447,0.050407362,0.050407362,425,192.8133945,0.104347826,0.369565217,0,0,0,0
19226,CATGCCCCCCAGGGCAGTGATAG,0,0,0.047008547,0.666090164,0.644944444,560,185.4522197,0.004347826,-0.413043478,0,0,0,0
19227,TGTGTGTGAGTGTGTGGTTGGGG,0,0,0.014260249,0,0.119478333,485,171.5022357,0,0.695652174,0,0,0,0
19228,CAGTCCGAACAGCAGAAAAAGGA,0,0,0.004647608,0,0.073380489,455,180.3175658,0.02173913,-0.152173913,0,0,0,0
19229,TGTGGGTGTGTGTGTGGGTGGGG,0,0,0.025411765,0.379196691,0.372455417,552.5,192.9657886,0.013043478,0.195652174,0,0,0,0
19230,GAATGAGAAGACAAGCCACAGAG,0,0,0,0,0.051853356,357.5,184.6961531,0.02173913,3.108695652,0,0,0,0
19231,TGTGAGTGAGTCTGAGCATGGGG,0,0,0.212193379,0,0.040919312,357.5,171.8535447,0,0,0,0,0,0
19232,AACAGCTGTGATCAGAGCGGTGG,0,0,0.079706478,0.183118037,0.177505223,425,198.3130782,0.2,-0.543478261,0,0,0,0
19233,GACTCTGAGGCAGAGTTCTTCGG,0,0,0.168831169,0,0.10890785,552.5,187.1573024,0,1.891304348,0,0,0,0
19234,ATGAACTCCAGAGAGAGGAGGGG,0,0,0.056149733,0.032356666,0.031836881,387.5,170.8261818,0.091304348,-0.586956522,0,0,0,0
19235,GGTGCATGCATGTGTGCGTGTGG,0,0,0.266666666,0,0.444271487,620,207.1741792,0.039130435,0.456521739,0,0,0,0
19236,ATGAACATCAATAAGGAGAGGAG,0,0,0.072485207,0.052019569,0.050425099,357.5,183.0823529,0.369565217,0.282608696,0,0,0,0
19237,CCTATCCTTCCACAGACACTGGG,0,0,0.07443609,0,0.251939516,455,168.9352626,0,-0.108695652,0,0,0,0
19238,ATATACACCAGTGATTACAGGAG,0,0,0.008417508,0,0.082004963,455,178.1680451,0,-0.804347826,0,0,0,0
19239,CCCTTTCATCCTCAGACACATGG,0,0,0.082934609,0,0.164811294,425,199.324995,0,0.108695652,0,0,0,0
19240,GCTTCCCCACAGGGTGGCCAAGA,0,0,0,0,0.07491854,425,192.5417584,0.134782609,-0.043478261,0,0,0,0
19241,AATGACCTGAACATCTTCAAGGA,0,0,0.004859086,0,0.132112422,555,189.8602404,0.113043478,-0.108695652,0,0,0,0
19242,GGAATATCTTCTGCAGCCCCAGG,0,0,0.143707483,0.240815753,0.240815753,560,190.8075019,0.017391304,-0.108695652,0,0,0,0
19243,GGGATGGCCGAATGAGGACTTGG,0,0,0.098950525,0.321904489,0.321904489,552.5,181.3924028,0.017391304,0.195652174,0,0,0,0
19244,AAAAGAGAAGAAGATAGACAAAG,0,0,0.001037452,0,0.026676601,412.5,165.8448415,0.02173913,-0.086956522,0,0,0,0
19245,TATTTTTTTGCATTGTTCTCTGG,0,0,0.229166667,0.786045066,0.786045066,620,211.8942796,0.913043478,4.347826087,0,0,0,0
19246,AGGATGAAGGGAAGAGGAGTAGG,0,0,0.45,0,0.220511467,425,201.087415,0,-0.47826087,0,0,0,0
19247,GGGAGGAATGAATGAGGAGTTGG,0,0,0.326492753,0,0.569608261,620,211.5687188,0.030434783,0.173913043,0,0,0,0
19248,GACATGATTTCATTTTTCTTGAG,0,0,0.00462963,0,0.120854801,455,164.5985977,0,-0.217391304,0,0,0,0
19249,CCCTCCTTCCCACCCACCCCCAG,0,0,0.004221948,0,0.132915997,485,149.5284161,0,0.413043478,0,0,0,0
19250,GGAGACCACTACATCCTCCAGAG,0,0,0.030651341,0.519472711,0.519472711,555,187.6840001,0,-0.369565217,0,0,0,0
19251,AAAAGAGAAGAAGAAGAAGACAG,0,0,0.00677802,0,0.051461025,387.5,152.3852674,0,-0.217391304,0,0,0,0
19252,GGTGTGTGTATGTGTGTGTGCAG,0,0,0.024637486,0,0.325662758,552.5,187.9740522,0,0,0,0,0,0
19253,AGGTTGGAGGACTGAGGAGGAGG,0,0,0.029552491,0.349711364,0.343144014,455,173.4726996,0,-0.782608696,0,0,0,0
19254,CCATTGTGTAGAGCAGAGACAGG,0,0,0.106951872,0,0.091293195,455,170.9881977,0.7,0.260869565,0,0,0,0
19255,GGTGTGTGTGTGTGTATGTGTAG,0,0,0.026397306,0,0.060818669,485,175.6773627,0,0.108695652,0,0,0,0
19256,TGTGTGTGCGGGTGTGCGTGTGA,0,0,0.005772006,0,0.485165286,522.5,207.7218159,0,0.108695652,0,0,0,0
19257,GAGCCCAAGCACAAAAAGAATGG,0,0,0.322409933,0.133124635,0.128847539,425,194.0200972,0,0.086956522,0,0,0,0
19258,GCCTCCTTCACACCAACCTGAGG,0,0,0.030897207,0.096873557,0.093603563,455,161.0776581,0,0.282608696,0,0,0,0
19259,GCCACTGCGGCTGGGGAGGGAAG,0,0,0.036296296,0,0.032020193,387.5,158.3435341,0.017391304,0.02173913,0,0,0,0
19260,AATGGCCACTACAGCTACAAAAG,0,0,0,0.014831394,0.014831394,387.5,167.9979584,0,0.043478261,0,0,0,0
19261,AACAGAGAAGAAGAGACAGAGAG,0,0,0.006613757,0,0.08458401,485,169.7619742,0.086956522,-0.913043478,0,0,0,0
19262,GGTGAGTGAGAGTGTGTGTGTGG,0,0,0.35,0,1.429515845,470,194.3838052,0,-0.282608696,0,0,0,0
19263,AAATGTGAAGGGCAGGCACAGAG,0,0,0.036603855,0,0.087264738,362.5,193.9685113,0,0.152173913,0,0,0,0
19264,TGGATGGATGAATGAGTTGGTAG,0,0,0.003050109,0,0.027507403,417.5,131.6931754,0.095652174,1.282608696,0,0,0,0
19265,CCCTGGATCTGTGGTTGGATGGG,0,0,0.028571429,0.087934517,0.087934517,425,194.5937299,0.008695652,-0.304347826,0,0,0,0
19266,CCCTCCCCCAAGGCTGGGCAGGG,0,0,0.00742115,0.07608576,0.073380489,455,180.3175658,0,-0.217391304,0,0,0,0
19267,AAATGTGAAGCAGAGTCACCAAG,0,0,0,0,0.036200902,387.5,156.7579065,0.373913043,0.152173913,0,0,0,0
19268,GACCCCCTCCCTCCCACCTCTAG,0,0,0.055840456,0,0.113966805,365,189.16539,0,-0.02173913,0,0,0,1
19269,GGCTTGTGTTCATTTTTATCCAG,0,0,0.011699905,0.084674661,0.083169333,455,176.2298282,0,-0.543478261,0,0,0,0
19270,AGCTCTTTCCCACCCACCTAAGA,0,0,0.024456522,0,1.492090395,560,183.0224001,0.4,0.565217391,0,1,0,0
19271,CCCTTGAGAAGAGTGGAGGCTGA,0,0,0.007369614,0,0.128428059,522.5,202.199435,0.091304348,0,0,0,0,1
19272,GATTTTTTTTTATTGTTCCCTGA,0,0,0.002701641,0,0.165123232,455,179.9079324,0,-0.565217391,0,0,0,0
19273,AATGACCCCTAGCTCCTCCAGGA,0,0,0.000576153,0,0.085810839,357.5,168.1367621,0.013043478,0.086956522,0,0,0,0
19274,GATTCTGAGCAGAGGAAGGAGAG,0,0,0.021064815,0,0.044330381,455,174.4988314,0,-0.695652174,0,0,0,0
19275,TGTGAGTGCATGTGTGTGTGGGG,0,0,0.248888889,0,0.343031439,552.5,189.2623722,0.030434783,0.217391304,0,0,0,0
19276,GCCACTGCGGCAGGCCGTGGCGA,0,0,0,0,0.034090618,357.5,179.7484521,0.004347826,0.239130435,0,0,0,0
19277,GCAAGTGGCTCTGGATGGATGGA,0,0,0.019189479,0,1.345833333,620,214.698583,0.017391304,0.108695652,0,0,0,0
19278,GGGTGGGTGGAGTTATCTGCAAG,0,0,0,0.021464048,0.02077444,387.5,153.8567356,0,-0.130434783,1,0,1,0
19279,GCCATGGTTGTCTTCCCCATAGA,0,0,0.008184524,0,0.334982304,522.5,204.5748785,0.865217391,-0.260869565,0,0,0,0
19280,ATATGATAAGAAGAGACCCATGG,0,0,0.079158936,0,0.036456719,485,173.86506,0.065217391,0.260869565,0,0,0,0
19281,GGCAGAGCGGGTGGAGGAGGAGG,0,0,0.086666667,0,0.098926116,455,184.472279,0.173913043,0,0,0,0,0
19282,TCCTGCCCCAACCCTGGCCAAGG,0,0,0.181512605,0,0.43009247,522.5,206.2357992,0.473913043,0,0,0,0,0
19283,TGTGAGTGTGTGTGTGCGCGTGA,0,0,0.011494253,0,0.688669492,560,185.6922197,0.97826087,1.260869565,0,0,0,0
19284,GGTCTGTGTGTGCGTGCGTGCGA,0,0,0.006332677,0,0.338304443,522.5,203.5789791,0,0.195652174,0,0,0,0
19285,GGCAGGAAGGCTGGAGGTGGGGA,0,0,0.01547619,0,0.539222871,625,210.6426982,0,-0.02173913,0,0,0,0
19286,TGTAAGGAGGCGTGAGGAGTTAG,0,0,0.01872428,0.385203768,0.385203768,425,203.4374958,0.02173913,-0.326086957,0,0,0,0
19287,AAAGGAGCACAAGAGACACATAG,0,0,0.027777778,0,0.238119304,552.5,192.9464207,0.1,0.326086957,0,0,0,0
19288,GGAGAGTGAGTGTGGGAGAGGGG,0,0,0.004761905,0,0.050740571,387.5,152.7308674,0.204347826,0.413043478,0,0,0,0
19289,CCATGTGTCACTGGATGGGGCAG,0,0,0.012745098,0.19582958,0.188866751,485,145.7946637,0.056521739,0.260869565,0,0,0,0
19290,GACCCACCCCACCCCACCCCGAG,0,0,0.066411239,0,0.049272081,485,166.2777732,0.056521739,0.173913043,0,0,1,0
19291,TGTGAGTGTGTGTGTGTGTAAAG,0,0,0.068055556,0,0.164063988,485,157.1165087,0,-0.195652174,0,0,0,0
19292,GTTGAGTGTGTGTGTGCGGCTGG,0,0,0.040909091,0,0.134234172,485,147.1146198,0,-0.5,0,0,0,0
19293,GGAATCCCCTCTCCAGCCCCTGG,0,0,0.074031232,0.127065782,0.123848927,462.5,181.5175658,0,-0.413043478,0,0,0,0
19294,AAATGAGAAGGACAGCCATATGG,0,0,0,0,0.015883906,290,155.4341699,0,-0.130434783,0,0,0,0
19295,AAATGAAAAGATGTGGCACTTGG,0,0,0.106666666,0,0.03138446,357.5,160.3239342,0,0.152173913,0,0,0,0
19296,GACTGGTTTTTCTAGTTCTCCAG,0,0,0.008317089,0,0.058210306,327.5,192.3263112,0,-0.130434783,0,0,0,0
19297,GCCTCTCTCCCACCCAGCCCGGG,0,0,0.001014199,0.052811317,0.051919986,417.5,127.9451083,0,0.304347826,0,0,1,0
19298,CCTTGTGTCTCCGGAGGGACGGG,0,0,0.020495951,0.05712177,0.055090774,387.5,156.5298737,0,0.282608696,0,0,0,0
19299,ATTTAAAACAGTGAGTAGAGGGA,0,0,0.01333649,0,0.778438874,620,212.912599,0.552173913,2.326086957,0,0,0,0
19300,AAATGAGAACAAGAGCTATAAGA,0,0,0,0,0.027486212,417.5,145.1857267,0,1.391304348,0,0,0,0
19301,TGTGTGTGTGTGTGTGCGAGGGG,0,0,0.062337662,0.321904489,0.321904489,552.5,183.2038997,0.013043478,-0.782608696,0,0,1,0
19302,CAATGAGGATAAGAGGCAAAGAG,0,0,0.056746032,0,0.485227553,552.5,180.3604467,0,-0.152173913,0,0,0,0
19303,GGTGTGTGTGTGTGTGTGTACAG,0,0,0.024747475,0,0.155313909,485,155.8281887,0,-0.434782609,0,0,0,0
19304,GGCTCTGTAGCTGGGGGTGGTGG,0,0,0.232670454,0,0.234278012,522.5,197.0597811,0,0.043478261,0,0,0,0
19305,CATCCCTGCTCTCTACTCACTAG,0,0,0.052139037,0,1.257112069,620,209.9948466,0,0.195652174,0,0,0,0
19306,GAGTCAGAACAGAAGAAGGGAAG,0,0,0.044380252,0,0.072987707,485,145.5686358,0.013043478,-0.413043478,0,0,0,0
19307,GAGCCCGAGCTGAAAAAAAACGA,0,0,0.009008825,0,0.043821816,357.5,172.4659614,0,-0.108695652,0,0,0,0
19308,GGTGTGTGTGTGTGTGTATGTGG,0,0,0.070489511,0,0.069304995,485,167.5424553,0.32173913,0.391304348,0,0,0,0
19309,ACCTGTGTCTCAGGAAGTATGAG,0,0,0.125701459,0.027229819,0.026261648,387.5,168.7721404,0,-0.804347826,0,0,0,0
19310,GACGCTGCCCACCCCGCCTCAAG,0,0,0.05664488,0,0.539222871,622.5,211.0574182,0.156521739,0.239130435,0,0,0,0
19311,GGGTCAGAGCTGGAGAAGAATGA,0,0,0.010351967,0,0.185915179,425,201.4446118,0.091304348,0.108695652,0,0,0,0
19312,TCCTCCCCAAAGCCTGTGCTCAG,0,0,0.005185185,0.053636625,0.052629364,417.5,135.6529557,0,-0.108695652,0,0,0,0
19313,GTCATCTCCAAGGACCAGAGTAG,0,0,0.039281706,0.041468993,0.040069196,387.5,162.1591537,0,-0.130434783,0,0,0,0
19314,GAGCCCCTCCCCCAGGCCTCTGG,0,0,0.0035,0,0.032847134,327.5,186.5957101,0.404347826,0,0,0,0,0
19315,GGGGAGAGTGTGTGTGTGTGTGA,0,0,0.008506944,0,0.238125599,552.5,191.3429278,0,0.326086957,0,0,0,0
19316,GGGAAAGACACATCATTCTTTAG,0,0,0.020971193,0.061843976,0.061843976,387.5,152.974832,0.017391304,0.108695652,0,0,0,0
19317,GACCCCGTCCACCCCTCACCAGA,0,0,0,0,0.010902405,417.5,143.3570601,0,1.565217391,0,0,0,0
19318,TGGATGGATGAATGAGTGGGTGG,0,0,0.009411765,0,0.027507403,417.5,131.6931754,0,-0.239130435,0,0,0,0
19319,CTGGCCCTACAGGGCAGGAGTGG,0,0,0.111519608,0,0.127597274,485,153.0112498,0.752173913,0.086956522,0,0,0,0
19320,GAGCAAGAGAAGAAGAAGAAGGA,0,0,0.020663821,0,0.760552802,622.5,210.2603596,0.130434783,0.130434783,0,0,0,0
19321,GGGACTGGGGCTGAAGGTTGAAG,0,0,0.041666667,0,0.073273358,455,173.1849985,0,-0.02173913,0,0,0,0
19322,GGCGAGTGTGTGGGTGTGTGTGG,0,0,0.031304348,0,0.134926218,455,184.226788,0,-0.282608696,0,0,1,0
19323,GGGACTGGGGTTGGAAGTGGGGA,0,0,0.006868132,0,0.141483199,455,192.0536734,0.143478261,-0.043478261,0,0,0,0
19324,GGTGAGTGTGCATGTGAGTGTGA,0,0,0.012098765,0,0.087674721,357.5,180.3079244,0.813043478,0.717391304,0,0,0,0
19325,CCCTGTGACTGGGGAGGGATTGA,0,0,0.002403846,0,0.064106328,357.5,184.865573,0.069565217,0.260869565,0,0,0,0
19326,CTTCACCATCCAGAGACACAGGA,0,0,0.007659314,0,1.286675824,625,216.27008,0,-0.47826087,0,0,0,0
19327,GGGTGGGGGCTGCTTGCCCCCAG,0,0,0.010796221,0,0.052921728,357.5,173.0555261,0.052173913,1.673913043,0,0,0,0
19328,TGAATGGAGGAAGGTGAAGTGGG,0,0,0.036521739,0,0.05918204,357.5,173.9795468,0.017391304,-1,0,0,0,0
19329,GGGTGGGCGGGGTTGGGTCCAAG,0,0,0.000305011,0.081930203,0.081930203,357.5,174.6769667,1,-0.152173913,0,0,0,0
19330,TGGATGGCAGAATGAAGAGAAGA,0,0,0.010762117,0,0.065873728,485,157.7143769,0,-1.304347826,0,0,0,0
19331,GGTGAGTGAATGAGTGAGTGAGG,0,0,0.301538462,0,0.349031259,462.5,184.922832,0,0.369565217,0,0,0,0
19332,GACAGCGAAGAAGAATTTTTTGA,0,0,0.029411765,0,0.418675556,432.5,198.6745747,0.017391304,1.934782609,0,0,0,0
19333,TTGCACACCCGTGATTAGAGCAG,0,0,0.004357298,0,0.371023101,522.5,199.127642,0.052173913,-0.152173913,0,0,0,0
19334,GAGGTATTTTCATTGTTTTCTGG,0,0,0.200892857,0.185123143,0.185123143,552.5,190.5890827,1,2.304347826,0,0,0,0
19335,AGGATGGAGGCTTGAGGAGGAAG,0,0,0.006100218,0,0.190444928,357.5,168.1162159,0.02173913,1.043478261,0,0,0,0
19336,GCCCTCCTCCACCCACCCTCTGA,0,0,0,0,0.069289873,455,186.1762325,0,-0.47826087,0,0,0,0
19337,TGGAAGTAGGAAAGAAGAGTGGG,0,0,0.197802198,0,0.065045258,455,188.7407528,0,-0.326086957,0,0,0,0
19338,TTGGTGGAGGAAAGGGGAGTGAG,0,0,0.046401515,0,0.155902215,425,194.3800579,0,0,0,0,0,0
19339,GAGTGAGAGCAGAGGAAAAACAG,0,0,0.046666667,0,0.026558543,455,179.0631781,0.130434783,0.217391304,0,0,0,0
19340,AAATGAGAAAAAGTGGGGCAAAG,0,0,0.003036553,0,0.01413439,387.5,156.1596346,0,-0.152173913,0,0,0,0
19341,GGACACACAGCATAAACAGCAGA,0,0,0.014939309,0,0.083169333,455,176.2298282,0.047826087,-0.369565217,0,0,0,0
19342,CCTGCCTCCTCTTTGCTCAGCAG,0,0,0.005637936,0.057920224,0.056989779,357.5,153.3643215,0.039130435,0.369565217,0,0,0,0
19343,TGGATGGAGAGATGAGCAGAAGG,0,0,0.080294118,0,0.117409956,387.5,149.8544689,0,-0.02173913,0,0,0,0
19344,AAATGAGAAAAAAAGGCCTACAG,0,0,0.019636204,0,0.031484206,387.5,148.5376098,0.065217391,-0.043478261,0,0,0,0
19345,ATGAAAACCTGGGTGTAGAGAAG,0,0,0.05664488,0,0.055754605,425,193.0669945,0,-0.217391304,0,0,0,0
19346,GAATGGAAAGAAGAGGCACAGAG,0,0,0.185185185,1.051015395,1.051015395,627.5,216.2308352,0.1,-0.260869565,0,0,0,0
19347,TGTGGGTGAGTGTGTGTGTGTGG,0,0,0.336,0,1.290123457,560,198.1255689,0,0.173913043,0,0,1,0
19348,TGTGGGTGAGTGTGTGTGTGTGA,0,0,0.023333333,0,1.290123457,560,198.1255689,0.017391304,0.282608696,0,0,0,0
19349,CAATTGTTTGCATTGTTCTAGGA,0,0,0.010747354,0,0.633355972,552.5,176.5426637,0.052173913,0.282608696,0,0,0,0
19350,GTAACCGGAGCAGATTTTTTGGG,0,0,0.066031746,0.404027253,0.397208228,522.5,201.1251615,0.017391304,-0.565217391,0,0,0,0
19351,ATAAACCCCAGGGAGCAGAGAAG,0,0,0.028356481,0,0.085663871,455,191.2842929,0,-0.282608696,0,0,0,0
19352,AAAAGAAAAGAAGAGAGACATGG,0,0,0.028011204,0,0.067985517,485,177.6686822,0,-0.347826087,0,0,0,0
19353,GATATGTGAGTGTGTGGGTGTGA,0,0,0.001131222,0,0.609583333,552.5,195.8119689,0.865217391,1.282608696,0,0,0,0
19354,TGTGTATGTGTGTGTGCGTGAGA,0,0,0.015151515,0,0.50455783,620,212.1659156,0.02173913,0.304347826,0,0,0,0
19355,GAGTGTGTGCAGAGGAAGAAGAG,0,0,0.028888889,0.128972515,0.128972515,522.5,201.3866944,0.113043478,0.869565217,0,0,0,0
19356,GAGGCTGGGCACAAGAAGAAGAG,0,0,0.058415033,0.41913587,0.406288793,522.5,205.7244986,0,0.152173913,0,0,0,0
19357,GCAGTCCCTTCTGCTGCACTTAG,0,0,0.006730769,0.186915845,0.186915845,455,166.7417785,0,-0.369565217,0,1,0,0
19358,CCTACCTGAGCTCAACTCACAGG,0,0,0.306997085,0,0.130251581,522.5,199.627618,0,-0.239130435,0,0,0,0
19359,CCCTTTGGCCCTGGGTGGATTGG,0,0,0.076266667,0.358908061,0.35314247,522.5,195.613105,0,0.130434783,0,0,0,0
19360,TGGATGGATGAATGAGGAGAGAG,0,0,0.077777778,0,2.373016176,567.5,180.5026197,0,-0.652173913,0,0,0,0
19361,GACCCACTCCACTTCACCTCCAG,0,0,0.123580247,0,0.008584926,357.5,178.9870849,0,0,0,0,0,0
19362,GTGTGAGAGCAGAAGAAAAATAG,0,0,0.072727273,0,0.187751667,552.5,190.4623627,0,-0.586956522,0,0,0,0
19363,GGGTCGGGGGAGTTGGCCCTGGA,0,0,0.000350765,0,0.034681612,387.5,141.1437252,0.173913043,-0.086956522,0,0,0,0
19364,GGCCCTGAGGGTGGAGGTGTCAG,0,0,0.010408497,0,0.36643875,455,171.8588994,0.730434783,-0.130434783,0,0,0,0
19365,GAAACTGATGAAGAGTTTTTAGA,0,0,0.025148809,0,0.276109182,522.5,206.6961519,0,-0.434782609,0,0,0,0
19366,GAGTTGTTATCCATGTTCTCTGA,0,0,0.00587406,0,0.164115545,425,197.4967987,0.043478261,-0.086956522,0,0,0,0
19367,GTCACCTTAGCAGAGTGTTTTGA,0,0,0.001455127,0,0.416345417,552.5,192.4908912,0,-0.173913043,0,0,0,0
19368,AAAGGAAAAGAAGAGGAATAGGA,0,0,0.009348291,0,0.131148806,485,164.2091082,0,-0.130434783,0,0,0,0
19369,GAGTCCAAGAAGAAGGGGAAGGA,0,0,0.002042484,0,0.059597087,485,173.5505458,0.604347826,1.130434783,0,0,0,0
19370,GGCACTGGCGCTGGATGTGGAGA,0,0,0,0,0.280836568,560,196.0519768,0,-0.152173913,0,0,0,0
19371,GAATGAAAAGATGAGTCACAGAG,0,0,0,0,0.091513804,455,191.8122929,0,-0.217391304,0,0,0,0
19372,GAAGGAGAAGGAGAGGCAGATGA,0,0,0.003526476,0,0.292400968,455,181.3483164,0.269565217,-0.086956522,0,0,0,0
19373,GCATCTTCCCCATCCATCTTTAG,0,0,0.073399177,0.22854304,0.220828507,455,185.0867514,0,-0.217391304,0,0,0,0
19374,AAAAGAAAAGAAGAGAAACAAGA,0,0,0.015432099,0,0.067985517,485,177.6686822,0.1,0,0,0,0,0
19375,CCAGTGAGTACAGCGGCAGGGAG,0,0,0.000798509,0.024986266,0.024986266,320,129.422872,0.073913043,0.47826087,0,0,0,0
19376,GTAGGAGAAGAAGAGGCAAAGAG,0,0,0.05050505,0.526848592,0.526848592,552.5,187.3384001,0.773913043,3.369565217,0,0,1,0
19377,AATGACAAACAGATCCTCAAAGA,0,0,0.01058201,0,0.246762336,522.5,200.149202,0.182608696,-0.173913043,0,0,0,0
19378,GAGTCCAGACAGAAGGAGAAAAG,0,0,0.023504273,0.102694193,0.102694193,555,192.468796,0.017391304,0.347826087,0,0,0,0
19379,GGTGCGTGCGCGTGTGCGTCTGA,0,0,0.005668934,0,0.223894076,455,170.584216,0,-0.130434783,0,0,0,0
19380,AAAAGGGAAAATGAGGCACAGAG,0,0,0.027434842,0,0.374191978,522.5,203.8325791,0.065217391,-0.152173913,0,0,0,0
19381,GACCCCCCCCACCCCACCCCAGG,0,0,0.275862069,0,0.152506667,492.5,169.2637572,0.260869565,0.347826087,0,0,0,0
19382,GCCTCCCCACAGCAGGGGCAGGA,0,0,5.40E-05,0,0.009839004,357.5,162.9387241,0.113043478,-0.130434783,0,0,1,0
19383,AAGTCCGAGGAGAGGAAGAAAGG,1,0.001910924,0.163333333,0.419863285,0.40803615,530,203.7690789,0,0.369565217,0,0,1,0
19384,AAATGAGAAGCAGAAGCAAAGGA,0,0,0.011204482,0,0.12520519,365,169.2148948,0,-0.065217391,0,0,0,0
19385,AGTCAGGGAGGGTGTGCGTGGGG,0,0,0.112110727,0,0.542336973,522.5,209.7131355,0.069565217,-0.456521739,0,0,0,0
19386,GGAGTGTCAGTGTGTGCCTGGGG,0,0,0.076114362,0.305988667,0.305988667,552.5,188.8605298,0,-0.239130435,0,0,0,0
19387,AGAACTGCTGCTGGAGGTGGTGG,0,0,0.416,0,1.609911955,627.5,215.9122196,0,0.086956522,0,0,0,1
19388,TGTGACTGAGTATGTGTGTGTGA,0,0,0.020622896,0,0.181448575,455,188.7118045,0.152173913,-0.108695652,0,0,0,0
19389,TGCTGTTTCCCCCCCACCTTTGA,0,0,0.007627765,0,0.703915663,522.5,209.9555796,0,-0.260869565,0,0,0,0
19390,CTTCCCCATCCAGAGACACAGGA,0,0,0.015318627,0,1.286675824,625,216.27008,0,0.130434783,0,0,0,0
19391,GGGTGACACCCAGCATCCTTCAG,0,0,0.054444444,0.34064625,0.34064625,552.5,183.9068993,0,-0.02173913,0,0,0,0
19392,ATATGAGAAGGCAAGGCACAGAG,0,0,0.029771398,0,0.151190526,362.5,195.5144953,0,-0.130434783,0,0,0,1
19393,GTCATCTAATTCATTACTTTCAG,0,0,0.075833333,0,0.113150971,485,148.5475134,0,-0.304347826,0,0,0,0
19394,GGCACGGAGGCTGGGCGTGGTGG,0,0,0,0,0.039900114,455,182.8187516,0,-0.086956522,0,0,0,0
19395,TGAGAATGAGTGTGTGCTTGGAG,0,0,0.12345679,0,0.185123143,552.5,191.4626827,0,-0.108695652,0,0,0,0
19396,AGTGAGGGAGTGAGTGAGTGAGG,0,0,0.171040724,0,0.161125676,455,186.3313876,0.295652174,0.630434783,0,0,0,0
19397,GACATTTTTACAATGTTCTCTGA,0,0,0.013082156,0,0.308518702,522.5,202.049359,0,-0.086956522,0,0,0,0
19398,GAGACCAAAGCAGAGGTTTCAGA,0,0,0.001092657,0,0.07647764,485,161.8627934,0,0.065217391,0,1,0,0
19399,GCCTCTTTCCCTGCCAACCTCAG,0,0,0.001517087,0.032008778,0.031518222,290,150.250468,0,0.086956522,0,0,0,0
19400,TGGATGGATGAATGATGTATGGG,0,0,0,0,0.009283074,417.5,141.7804605,0,-0.543478261,0,0,0,0
19401,GATGACCACTATTTCTTCAAAAG,0,0,0.012886259,0.051853356,0.051853356,357.5,184.6961531,0.773913043,0.282608696,0,0,0,0
19402,GGTGTGTGGGTGCGTGCGTGTGG,0,0,0.19138756,0,0.631882278,530,205.6525791,0.1,0.217391304,0,0,0,0
19403,GCCCTCCCTAAGCCTGCCCATGA,0,0,0.004036909,0,0.353596915,552.5,192.0921886,0,-0.065217391,0,0,0,0
19404,TGAGTGTGAGTGTGAGCGTGCGG,0,0,0.15037594,0.411084498,0.397208228,522.5,203.1766584,0.791304348,-0.065217391,0,0,1,0
19405,GAGTGGGAGCAGCAGAAGAGAGA,0,0,0.003353973,0,0.154587634,455,169.4887755,0.130434783,0.391304348,0,0,0,0
19406,GAATCTGAGCACCAGAAGAAAGA,0,0,0.005390314,0,0.162503936,425,199.670595,0,-0.108695652,0,0,0,0
19407,GGGAAAGAAACAGCATCCTAAGA,0,0,0.019345238,0,0.105755503,485,142.3628834,0,0.130434783,0,0,0,0
19408,AAATTGTTTTCTTTGTTGTCCAG,0,0,0.008987654,0,0.150546424,455,185.5325663,0.1,0.152173913,0,0,0,0
19409,AAAATAGAAGAAGAGGGAGAAAG,0,0,0.000272331,0,0.19201875,485,165.303969,0,0.086956522,0,0,0,0
19410,TACATCAATGTCATCCCCACAAG,0,0,0.009065009,0,0.184349937,455,170.1798987,0.417391304,-0.260869565,0,0,0,0
19411,GTTGGCCCAAAGTGCAGTAAGAG,0,0,0.036927536,0.535768434,0.535768434,522.5,203.420623,0,0.108695652,0,0,0,0
19412,AAATGAGCAGAGAATGCACAGGA,0,0,0.002834467,0,0.069650659,327.5,184.6777405,0.013043478,0.065217391,0,0,0,0
19413,GATGAGTGAGTGTGTGACAGTGA,0,0,0.003730837,0,0.037635675,442.5,141.8025557,0.004347826,5.456521739,0,0,0,0
19414,GGGATGGAGGAAGGATGTGTGGA,0,0,0,0,0.020657028,387.5,166.9889203,0,0.130434783,0,0,0,0
19415,CTTGCCCCCCAGGGCTGGCAGGG,0,0,0,0.009434634,0.009283074,417.5,141.7804605,0,-0.217391304,0,0,0,0
19416,GACCCCCAGCACCCAGCCTTGGG,0,0,0.033015873,0,0.102640459,455,160.7957812,0.143478261,-1.130434783,0,0,1,0
19417,AAAAAAAAAAAAGAGGCACAAGA,0,0,0.026748971,0,0.858607543,620,209.6631628,0.004347826,-0.304347826,0,0,0,0
19418,AAAAAAAAAAAAGAGGCACAAGG,0,0,0.385185185,0.858607543,0.858607543,620,209.6631628,0,0.760869565,0,0,0,0
19419,TGGATGGAGGAGGGAGGAGGGAG,0,0,0.008619873,0.212175934,0.212175934,365,166.0469791,0.113043478,0.065217391,0,0,0,0
19420,CTTGCCCCACTGAGAAGTGAAAG,0,0,0.006136314,0,0.024749342,260,158.5155742,0,-0.086956522,0,0,0,0
19421,GGTGAATGAGTGAGGGAGTGGGA,0,0,0.001121795,0,0.034563474,357.5,172.7215628,0,0.108695652,0,0,0,0
19422,AAATGTGACAAAAAGGCACAAAG,0,0,0.091168091,0,0.179838034,522.5,198.9631787,0,-0.195652174,0,0,0,0
19423,TGGATGTGGTAATGAGGATTAAG,0,0,0.058847737,0,0.29784987,552.5,177.9772659,0,-0.304347826,0,0,0,0
19424,TTCACCTTACTCATTGCCTGGAG,0,0,0.01994302,0,0.250819,552.5,195.6315177,0.004347826,-0.260869565,0,0,0,0
19425,CCTTGTGACTCTGGTGGGATAGA,0,0,0.002644231,0,0.068319815,455,184.0767356,0,-0.043478261,0,0,0,0
19426,AACCCCCTCCCACCCTCCTCTGG,0,0,0,0,0.07436334,357.5,187.96539,0,0.02173913,1,0,1,0
19427,TCCATCCATCCACAGACATTTGA,0,0,0.008097166,0,0.085022299,387.5,141.8150796,0.417391304,0.804347826,0,0,0,0
19428,TGGGTGGAGGAAAGAGAAGTGAG,0,0,0.104700855,0,0.443021127,462.5,189.0409684,0,0.826086957,0,0,0,0
19429,GTGATGGAGCAATCAGGAGTTAG,0,0,0.02705314,0.209819018,0.206277769,522.5,202.3290789,0.104347826,0.304347826,0,0,0,0
19430,TGTGTGTGCGTGTGTGTGTGGGG,0,0,0.096969697,0.379196691,0.372455417,552.5,192.9657886,0,-0.173913043,0,0,0,0
19431,AAATGAGCATAAGAGACAAAGGG,0,0,0.149234694,0,0.071392758,485,163.0720208,0,0.108695652,0,0,0,0
19432,AAAGGACTAGAACAGGCACACAG,0,0,0.020102339,0.378170105,0.378170105,522.5,203.3440817,0,-0.304347826,0,0,0,0
19433,TGTGTGTGAGTGTGTGTGAGTGA,0,0,0.003367003,0,0.202836708,485,166.177569,0.208695652,-0.043478261,0,0,0,0
19434,AAAGAAGAAGAAAAGGGACAAAG,0,0,0.007625272,0.227808879,0.223964003,455,186.5526484,0.304347826,0.608695652,0,0,1,0
19435,GATGAGTGAGAGTGAGTGTGAGG,0,0,0.17145749,0,0.090669425,357.5,177.5367837,0,-0.304347826,0,0,0,0
19436,GGGCTGCAGCAATGAGGAGTCAG,0,0,0.024069338,0.89998622,0.89998622,620,210.9514828,0,-0.239130435,0,0,0,0
19437,GATGAGTGAGAGTGAGTGTGAGA,0,0,0.01190677,0,0.090669425,357.5,177.5367837,0.973913043,1.152173913,0,0,0,0
19438,AATGGGTGAGTGTGTGGGTGGGG,0,0,0.032253393,0.620616516,0.609583333,552.5,196.6855689,0,-0.391304348,0,0,0,0
19439,AGGAACACTAGTGAGAAGAACAG,0,0,0.162405303,0,0.073296119,485,160.5741938,0,-0.152173913,0,0,0,0
19440,GGCACTGTGCCTGGATGGGGAAG,0,0,0,0,0.04442216,485,168.3966874,0,0.217391304,0,0,0,0
19441,AAATGAGTAGGAGAGACACTCAG,0,0,0.043333333,0,0.059836201,387.5,155.4440735,0,0.02173913,0,0,0,0
19442,CACATAGATGTCCACACCATGAG,0,0,0.106449987,0.024549488,0.024549488,455,188.4864055,0.134782609,0,0,0,0,0
19443,GACACCTAAGCTGAGTCTTGAAG,0,0,0.00615148,0,0.081094074,387.5,150.9770078,0,-0.108695652,0,0,0,0
19444,AAATGAGAAGACAAGGCTAAGAG,0,0,0.013495277,0,0.016045641,290,145.8132458,0.004347826,-0.173913043,0,0,0,0
19445,GCCCCCCTCCACCCCCCGACAGG,0,0,0,0,0.01681386,417.5,145.5002409,0.004347826,0.456521739,0,0,1,0
19446,GGCACTGGGTCTGGAGAAGGCAG,0,0,0.084259259,0,0.099433324,485,164.6990023,0,-0.043478261,0,0,0,0
19447,ATTAACTGCAGAGAGTAGAGGGG,0,0,0.1125,0,0.474043556,522.5,205.4729018,0,-0.739130435,0,0,0,0
19448,GAACAAAGAGAATAGACAGCAAG,0,0,0.088271605,0.098926116,0.098926116,455,182.6607821,0.069565217,0.065217391,0,0,0,0
19449,GGTGGGTGGGTGTGTGTGGGGGG,0,0,0.056,0,0.111383028,485,162.2177886,0.043478261,-0.130434783,0,0,0,0
19450,TGTGTGTGAGTGTGTGCCCGTGG,0,0,0.047768324,0,0.103262324,485,161.7403468,0,0.173913043,0,0,0,0
19451,GACAATGAAACAGAGGTTTTGGA,0,0,0.011904762,0,0.137119423,552.5,193.8455337,0,-0.304347826,0,0,0,1
19452,GAGTAGGAGAAGAAGAAGAGGGG,0,0,0.189355742,0.367894601,0.367894601,552.5,173.9963597,0.217391304,0.152173913,0,0,0,0
19453,TAGATGGAGGAATGGAGGGTGGA,0,0,0.015277778,0,0.014305125,387.5,162.0412193,0,-0.152173913,0,0,0,0
19454,CCAGTCAGTAGAGGGGATGGGAG,0,0,0,0.011461809,0.011074912,387.5,143.2138981,0.017391304,0.02173913,0,0,0,0
19455,TGGATGGATGAATGAAGAAATGA,0,0,0.014880952,0,0.019750213,417.5,130.0661939,0.426086957,0.086956522,0,0,0,1
19456,AGTGTGTGAGTGTGTGTGTGTGG,0,0,0.152727273,0,1.290123457,560,198.1255689,0.026086957,-0.239130435,0,0,0,0
19457,AGTGTGTGAGTGTGTGTGTGTGA,0,0,0.010606061,0,1.290123457,560,198.1255689,0,-0.02173913,0,0,0,0
19458,GACACAGGAGCAGAGGTATTAAG,0,0,0.040740741,0.030658184,0.030658184,485,171.6024399,0,-0.173913043,0,0,0,0
19459,AAATAAGAACAAGAGGCTCCAGA,0,0,0.00273569,0,0.119185689,485,150.3590104,0,0.760869565,0,0,0,0
19460,GGTGTGTGTGTGTGTGCACGCGA,0,0,0.002893658,0,0.056704087,485,157.7805664,0.008695652,0.217391304,0,0,0,0
19461,GGCTCTGCTGCAGCAGGTGGAGG,0,0,0.116363636,0,0.064083778,425,195.0113346,0,0.043478261,0,0,0,0
19462,GGATTCCTTTCTGCAGATCCAAG,0,0,0.033684063,0,0.113428797,485,168.8171387,0.147826087,0.260869565,0,0,0,0
19463,AAATGAGAAGATGAAGCTTAAAG,0,0,0.018769901,0,0.01111171,290,141.1055448,0,-0.326086957,0,0,0,0
19464,GGGTGGGGGGAGTTGGCTGGAGG,0,0,0.000367647,0,0.08542269,395,138.3073786,0.008695652,-0.260869565,0,0,0,0
19465,GATTTGTGTTGATTGTTGTCAGG,0,0,0.016805556,0.16982371,0.16982371,455,183.9187661,0,0,0,0,0,0
19466,ATAAACACTATGGAGTAGAGAAG,0,0,0.032719017,0,0.235359502,425,200.7660355,0,-0.152173913,0,0,0,0
19467,TCTTCCCAAAAGCCTGGACAGAG,0,0,0.062384259,0.317269355,0.305988667,552.5,190.1488498,0,-0.02173913,0,0,0,0
19468,AGGACTCAGGCTGGAGGTGGAGA,0,0,0.013964844,0,0.919204167,620,213.1890022,0,0.173913043,0,0,0,0
19469,CCCTCTGTCTCTGTATGGTGGAG,0,0,0.005161723,0,0.030988834,387.5,138.3868955,0.573913043,0.934782609,0,0,0,1
19470,GGTGTGTGAGTGTGATTGTGGGG,0,0,0,0,0.026676601,412.5,165.4301215,0,0,0,0,0,0
19471,GGCTCTGGAGCTGGGGGTGGGGA,0,0,0.011870941,0,0.234278012,522.5,197.0597811,0.365217391,-0.152173913,0,0,0,1
19472,GGTGTGTGAGTGTGAGTGTGAGA,0,0,0.006822612,0,0.306794992,462.5,183.9185474,0.026086957,-0.413043478,0,0,0,0
19473,GGTGAGTGGCTGTCTGTGTGGGG,0,0,0.053333333,0,0.044061797,455,177.6231875,0,0.239130435,0,0,0,0
19474,CCCTCCCAGCAGAAGAAGAAAAG,0,0,0.038474257,0.919204167,0.919204167,622.5,216.0488192,0,-0.130434783,0,0,1,0
19475,GGCATTGCTGCTGGGTGTGGGGA,0,0,0,0,0.040295818,455,182.4564522,0.07826087,0.282608696,0,0,0,0
19476,CAATTATTTTCATTGTCCTCTGG,0,0,0.43697479,0.37021637,0.363634746,552.5,195.8999049,0.108695652,-0.173913043,0,0,0,0
19477,TGGGTGGAGAACTGAGCAGTAAG,0,0,0.00936437,0.266737708,0.262235805,455,184.6324521,0.008695652,0.086956522,0,0,0,0
19478,GACTCCCAGAAGAAGAGGAAAGA,0,0,0.002808415,0,0.358942188,552.5,190.3109717,0.117391304,0.086956522,0,0,0,0
19479,GGTGTGCGTGTGTGTGCCTGTGA,0,0,0.004960317,0,0.122948862,552.5,186.1453856,0,-0.130434783,0,0,0,0
19480,GTTGTTTTAGTGATTACCTGAGG,0,0,0.177331349,0,0.41990681,522.5,208.2963156,0.656521739,0.847826087,0,0,0,0
19481,GGTGAATTTGTGTGTGTGTGTGA,0,0,0.012152778,0,0.20361644,552.5,189.3683076,0.02173913,-0.347826087,0,0,0,0
19482,GACTTTTTTTCTTTGTGCTTTGG,0,0,0.007843137,0.074342413,0.071832964,387.5,151.5742046,1,4.565217391,0,0,0,0
19483,GGGTGGATGGAGGTTGCTCTGGA,0,0,0.003396739,0,0.165681589,455,167.0800818,0,0.02173913,0,0,0,0
19484,GACACCAGGAAGTAGAGGGGTGG,0,0,0.077037037,0.181072314,0.174634187,552.5,184.8251499,0,-0.130434783,0,0,0,0
19485,CACTGTGTCCCTGCATGGAAGAG,0,0,0.024242424,0,0.095709979,455,165.191479,0,0.043478261,0,0,0,0
19486,TGTGACTGTGTGTGTGTGTGGGA,0,0,0.013257576,0,0.225335527,552.5,192.4681246,0,-0.282608696,0,0,0,0
19487,GACTTGTTTTACTTGTCTTCTGG,0,0,0.089562141,0,0.028124788,290,158.8443715,0.004347826,-0.108695652,0,1,0,1
19488,TGTGTGTGTGTGTGTGAGTGGGG,0,0,0.101818182,0,0.372455417,552.5,192.9657886,0.026086957,0,0,0,0,0
19489,TGTGTGTGTGTGTGTGAGTGGGA,0,0,0.007070707,0,0.372455417,552.5,192.9657886,0.156521739,0.369565217,0,0,0,0
19490,TGTGACTGTGTGTGTGTGTGGGG,0,0,0.190909091,0.229413998,0.225335527,552.5,192.4681246,0,-0.02173913,0,0,0,0
19491,CAGTGTGTCTCTGGTTTGATGAG,0,0,0.004713805,0.161081177,0.161081177,455,183.2388674,0,-0.065217391,0,0,0,0
19492,GCCTGTCTCTATGTATGGATAGA,0,0,0.008718297,0,0.084899764,425,198.9475508,0,0.326086957,0,0,0,0
19493,GGCATCCCTCCTGCAGCTGCTGG,0,0,0.014285714,0,0.088771902,485,157.5089304,0.217391304,0.391304348,0,0,0,0
19494,GGTGAGAGTGTGAGTGGGTGAGA,0,0,0.001484728,0,0.088958845,455,182.3716072,0.208695652,0,0,0,0,0
19495,CTTGGCCAACAGGCCAGAAATAG,0,0,0.028888889,0.044652039,0.043898418,455,177.7493451,0.2,0.260869565,0,0,0,0
19496,CATTTGTTTTCATTGTTGTGTAG,0,0,0.000998548,0,0.134785853,485,156.1110668,0,-0.217391304,0,0,0,0
19497,TACTTATTTTTATTGTTTTCTGA,0,0,0.013736264,0,0.104202175,455,185.760599,0,0,0,0,0,0
19498,TGGATGAATGAATCAAGAGTTGG,0,0,0.228571429,0,0.015301435,455,183.9294283,0,-0.043478261,0,0,0,1
19499,AATGCCCAGTACACCCTCAGAGA,0,0,0.004696323,0,0.0601085,455,165.1751151,0,-0.065217391,0,0,0,0
19500,AAATGAAGATAAGAGGAACACAG,0,0,0.072088477,0,0.346494695,552.5,187.7391548,0,-0.369565217,0,0,0,0
19501,AGTGAGTGAGTGTGTGTGTGGGG,1,0.136474801,0.42,0,5.899193548,567.5,200.6138889,0,0,0,0,0,0
19502,GGCACAGCGGCTGCTGGAGGCAG,0,0,0.012839506,0,0.007117689,357.5,166.1444765,0.02173913,0,0,0,0,0
19503,CAACCCCTCCACCCCCACTCCAG,0,0,0,0,0.103380457,485,180.397463,1,3.869565217,0,0,0,0
19504,CTGGAACCACAGGGCAGCAAGGG,0,0,0.113702624,0.185123143,0.185123143,552.5,190.1743627,0.004347826,0.304347826,0,0,0,0
19505,AAGATCAGTGAGTAGAGGTGGGG,0,0,0.028282828,0,0.09638643,485,161.2123468,0,0.173913043,0,0,0,0
19506,GGCTCTGGGGCTGGAGTAGGCGA,0,0,0.004734848,0,0.113428797,485,168.8171387,0.039130435,0.326086957,0,0,0,0
19507,GGTGAGTGGCTGTGGGTGTGGAG,0,0,0.001613169,0,0.079252091,455,175.0553506,0.013043478,-0.217391304,0,0,0,0
19508,AACACCTGTGAGGAGTGCTGTGG,0,0,0,0.021526687,0.021526687,387.5,159.2810728,0,-0.152173913,0,0,0,0
19509,GGTGTGTGTGTGTGTGTGTTAGA,0,0,0.004949495,0,0.155313909,485,155.8281887,0,0.152173913,0,0,0,0
19510,GGCTCAGCTGCAGGAGGTGGAGA,0,0,0.01634119,0,0.248242453,522.5,204.8645352,0.886956522,1.586956522,0,0,1,0
19511,TGGATGGATGAATGAGTGTTGGG,0,0,0.035555556,0,0.020778974,442.5,138.0827754,0,-0.217391304,0,0,0,0
19512,GGTGTGTGTGTGTGTGTGTTAGG,0,0,0.071272727,0,0.155313909,485,155.8281887,0.008695652,-0.02173913,0,0,0,0
19513,AGGGAGAGAGTGTGTGTGTGTGA,0,0,0.012760417,0,0.410516581,552.5,195.3027081,0,-0.326086957,0,0,0,0
19514,GGGGAGTGAGTGAGTGAGTGAGG,0,0,0.161538462,0,0.462897567,462.5,189.3865684,0,0.173913043,0,0,0,0
19515,CCTGCGCCACAGGGCAGTGCTAG,0,0,0.009469697,0.132915997,0.132915997,485,149.2884161,0,0.043478261,0,0,0,0
19516,GCGACAGAGCAGAAGAAGAAGGG,0,0,0.347424684,1.46807152,1.46807152,627.5,217.500416,0,-0.152173913,0,0,0,0
19517,AAATGAAAAGCAGAGTCACTGGG,0,0,0,0,0.040868125,387.5,156.1607097,0.02173913,0.152173913,0,0,0,0
19518,TGGAAGGAGGAAGGAGGACACGG,0,0,0.032889805,0,0.080487776,387.5,140.5267596,0.026086957,0.217391304,0,0,0,0
19519,TAGTGCCAGCAGAAGAAGGAGGA,0,0,0.010742187,0,0.359837588,552.5,184.7804993,0,-0.173913043,0,0,0,0
19520,CACCCCCTCCACCCCGCCAACAG,0,0,0.026455026,0,0.470008475,492.5,152.5144001,0.208695652,0.434782609,0,0,0,0
19521,GGCCCGGCGGCCGCAGGTGGGAG,0,0,0.021229544,0,0.063454477,425,197.1851309,0.02173913,0.043478261,0,0,1,0
19522,CTGAACACCAGTGAGATGTGAGA,0,0,0.003885004,0,0.034887914,417.5,150.1774631,0,-0.02173913,0,0,0,0
19523,GCCTCTGTTCCTCCCACCTCCAG,0,0,0.004043705,0.130906745,0.128697348,455,168.0033385,0,-0.326086957,0,0,0,0
19524,ATGAACAGGAGAGAGTAGAATGA,0,0,0.020727041,0,0.1884295,455,167.2867023,0,-0.347826087,0,0,0,0
19525,GCAGTGATTGGAGAGGAGGCTGA,0,0,0.007705566,0,0.206277769,522.5,199.469262,0.152173913,0.195652174,0,0,0,0
19526,GGAGACTGAGTGTGTGTGAGGGA,0,0,0.004509379,0,0.114544945,485,165.151905,0,0.195652174,0,0,0,0
19527,CAGACCAAGCAGAAGCAGAAAAG,0,0,0,0.186003667,0.186003667,552.5,198.6547933,0,-0.086956522,0,0,0,0
19528,AAATCACAAGAAGAAGCACTGGA,0,0,0.021183473,0,0.120854801,455,164.1838777,0,0.217391304,0,0,0,0
19529,CCCTCCCCACAGGGCAGTGATGA,0,0,0.003478664,0,0.4917675,555,186.8104001,0.004347826,0.065217391,0,0,0,0
19530,GGCCGCCTCCTCCCCGCGTCAGG,0,0,0.019692308,0,0.172235,455,186.018263,0.013043478,-0.152173913,0,0,1,0
19531,CCTGAGTGTGTGTGTGTGTGTGA,0,0,0.009615385,0,0.372455417,552.5,194.0141086,0,-0.065217391,0,0,0,0
19532,AAAAAAGAAGAAGAAGAACATGG,0,0,0.181263617,0,0.155096519,455,181.8449474,0,-0.304347826,0,0,0,0
19533,TGTGAGCGTGTGTGTGAGTGTGA,0,0,0.013368055,0,0.25438705,552.5,191.8709278,0.013043478,0.217391304,0,0,0,0
19534,GCCACCCAAGAACCTGGCCAAAG,0,0,0.041609511,0.638056423,0.618499138,522.5,202.5187462,0,-0.130434783,0,0,0,0
19535,GCCTCCCCAAAGAGAGGCCCTGG,0,0,0,0,0.008795944,295,146.7168733,0.073913043,-0.152173913,0,0,0,0
19536,TCTGAGTGAGCGTCTGCGTGGAG,0,0,0.051282051,0,0.124304193,425,201.0907316,0.07826087,-0.782608696,0,0,0,0
19537,ACATCCCCACAGCCCGGCCAGAG,0,0,0.018383838,0.378608822,0.365828778,522.5,199.473242,0,0.065217391,0,0,0,0
19538,TGGATGGATGAATGAGTAGCTGA,0,0,0.000841751,0,0.276113616,492.5,158.3165087,0,-0.47826087,0,0,0,0
19539,GTATCCCCAGTGCCTGGCCAGGG,0,0,0.134680135,0.721082663,0.721082663,522.5,207.2101799,0,0.195652174,0,0,1,0
19540,GGTGTGTGTGTGTGTGCATGTGG,0,0,0.151048951,0,0.356082003,560,189.7285664,0.926086957,0.304347826,0,0,0,0
19541,GGTGTGTGTGTGTGTGCATGTGA,0,0,0.01048951,0,0.356082003,560,189.7285664,0,-0.804347826,0,0,0,0
19542,CTTGGCACAAAGGGCAGTGAGAG,0,0,0.037916667,0,0.29784987,552.5,179.7887628,0.165217391,3.543478261,0,0,0,0
19543,GTCCCCTCCTATGACATGGGGGG,0,0,0.037747719,0,0.091675932,485,175.0601266,0,0.369565217,0,0,0,0
19544,AGGAAGACCAGTTAGGAGAGAGA,0,0,0.003028846,0,0.060534271,455,190.3862696,0,-0.108695652,0,0,0,0
19545,GACACTGATGCAGAGATTTGCAG,0,0,0.023172905,0,0.039853605,485,159.0282098,0,-0.347826087,0,0,0,0
19546,AAAAGAGGAGGAGAGACACAGAG,0,0,0.058847737,0,0.143492089,455,191.7080734,0,0.326086957,0,0,0,0
19547,GGATAGTGTGTGTGTGAGTGTGA,0,0,0.005050505,0,0.348646558,552.5,192.8525086,0,0.217391304,0,0,0,0
19548,CCCTGTGTCTGTGGAAAGGTGGA,0,0,0.00552399,0,0.015801819,320,143.9473794,0,0.173913043,0,0,0,0
19549,CCCATAGCTCCAGAGAGACAGAG,0,0,0.002856044,0,0.227610521,555,190.9449072,0,-0.347826087,0,0,0,0
19550,AACGTCCCCTACATCCTCATTGA,0,0,0.002782931,0,0.6510065,552.5,177.1462631,0.413043478,-0.456521739,0,0,0,0
19551,AAATGAGAAGAAGACAAAGAGGA,0,0,0.001104798,0,0.007295024,345,135.9704415,0,-0.173913043,0,0,0,0
19552,AACAACTGAGCAGAGTTTTTGAG,0,0,0.055873016,0,0.932255747,620,212.4286822,0,-0.760869565,0,0,0,0
19553,GGCAATGCGGCTGGAGGCGGAGG,0,0,0.244897959,0,2.165116279,567.5,194.8883467,0,-0.086956522,0,0,0,0
19554,GCAGTGAGTTGAGGGGAGGTGGG,0,0,0,0.097541749,0.095709979,455,165.431479,0,-0.456521739,0,0,0,0
19555,TAGATGGATGGATGATGAGTGGA,0,0,0,0,0.087673666,455,191.4817101,0,-0.195652174,0,0,0,0
19556,GAGTCAGAGTAGAGTAAGAAAGA,0,0,0.004046063,0,0.031834028,425,186.5760734,0,-0.826086957,0,0,0,0
19557,GAATTCTTTTCATTGCTCACAGA,0,0,0.007816258,0,0.051173326,485,168.8495902,0,1.304347826,0,0,0,0
19558,GATGAGTGTGTGTGTGGGCGGGG,0,0,0.008238415,0,0.117323456,485,163.2661086,0,-0.456521739,0,0,1,0
19559,CTAGCCCCCCAGGGCAGGACAGA,0,0,0.002147324,0,0.077961934,485,152.1512864,0,-0.130434783,0,0,0,0
19560,TGCATGAATGAATGAGCAGTAGG,0,0,0.04826546,0.246444397,0.238125599,552.5,191.3429278,0,-0.065217391,0,0,1,0
19561,AAATCAGAAGAAAAGGGACAGGA,0,0,0.002962724,0,0.443021127,462.5,188.6262484,0,0,0,1,0,0
19562,GGTGAGTGAGAATGCGCTTGTGG,0,0,0.127272727,0,0.019577774,260,165.623461,0,-0.913043478,0,0,0,0
19563,GGTGTTTGAGGGTGTGCGTTTGG,0,0,0.067878788,0.221695444,0.221695444,455,172.7580124,0.013043478,0.195652174,0,0,0,0
19564,GCTGACTACTACTTCCTCAAAGA,0,0,0.013299851,0,0.397317959,522.5,207.0774987,0,-0.260869565,0,0,0,0
19565,CCCTGTGTCTCTGGGTGGAAGAG,1,0.0051,0.094791667,0,0.707788,470,170.2553785,0,0.065217391,0,0,0,0
19566,GAACACAGATCACAGACTGTTGA,0,0,0.00979989,0,0.223415437,455,164.4715262,0,0.065217391,0,0,0,0
19567,GGGATGGAAGACTGAGGAGTGGG,0,0,0.161817588,0.869349772,0.846167111,530,208.7241192,0.052173913,0.130434783,0,0,0,0
19568,ATTCAAAGCAGTGAGTAGAGAGA,0,0,0.007315426,0,0.778438874,620,212.912599,0.082608696,-0.260869565,0,0,0,0
19569,TCCATCCATCCGCAGCCACACGG,0,0,0,0.051853356,0.051853356,357.5,184.6961531,0,0.043478261,0,0,0,0
19570,AGAAGAGAGGAAGAGGCACCAGG,0,0,0.057720058,0.426140229,0.426140229,552.5,176.9890197,0,-0.434782609,0,0,0,0
19571,TGTAAGGCGGAATGAGGAGCTGA,0,0,0.000676407,0,0.6510065,552.5,177.1462631,0,0.152173913,0,0,0,0
19572,CTCATGTTAGTCATTGGCTGAGG,0,0,0.004040078,0,0.063433242,485,179.139479,0,-0.152173913,0,0,0,0
19573,TGTGCGTGTGTGTGTGTGTGCGA,0,0,0.009722222,0,0.372455417,552.5,192.9657886,0,NA,0,0,0,0
19574,GGGCAGAGAGTGTGTGGGTGGAG,0,0,0.003532295,0,0.389730931,552.5,194.4291081,0.091304348,0.065217391,0,0,0,0
19575,CAAGTGGGTAGAGCTGAGTCAGA,0,0,0.003395297,0,0.091293195,455,171.6217977,0.560869565,3.304347826,0,0,0,0
19576,GCCTCTTTTCCAGCAAACTTCAG,0,0,0.003208006,0.034354375,0.033301367,357.5,170.5477665,0.208695652,0.239130435,0,0,0,0
19577,TGGAAGGAAGAATGAGAAGGAGG,0,0,0.052941176,0,0.155313909,485,155.8281887,0.460869565,0.130434783,0,0,0,0
19578,CTCATTTATCCAGAGACAAATGA,0,0,0.020412995,0,0.206090981,552.5,184.0428353,0.7,1.282608696,0,0,0,0
19579,ATAAACGTAGTCATTACCTGGGG,0,0,0.229411765,0,0.919204167,620,215.0004992,0,-0.108695652,0,0,0,0
19580,GAAGACACAGCCTAGACTGTAGG,0,0,0.016917293,0,0.324843,455,170.3728827,0,-0.434782609,0,0,0,0
19581,AGATAAGCAGAAGAGGCAAAGGA,0,0,0.008843537,0,0.49875,552.5,183.8238631,0,0,0,0,0,0
19582,GGAGAGTGAGAGTGGGGGTGAGA,0,0,0.000109419,0,0.084873468,357.5,177.2487837,0,-0.47826087,0,0,1,0
19583,TGTGTGTGAGTGTATGTGTGTAG,0,0,0.032996633,0,0.090827917,455,185.2863843,0,-0.152173913,0,0,0,0
19584,AGAGGGTGAGTGTGTGAGTGGAG,0,0,0.056,0,0.601049167,552.5,196.3975689,0.117391304,-0.47826087,0,0,0,0
19585,TGGGTGGGGGAAAGGGGAGTGAG,0,0,0.053472222,0,0.148388855,425,191.5202409,0.013043478,-0.282608696,0,0,0,0
19586,CCAATGAGTAGACCTGGGGCCGG,0,0,0.009553295,0,0.060022353,357.5,173.6339468,0.052173913,0.173913043,0,0,0,0
19587,GACACTGGTGCTGGAGGAGGAGG,0,0,0.193406593,0,0.189613667,552.5,186.4770694,0,0.086956522,0,0,0,0
19588,AATCTCCTCCACCCCTCCTCAGA,0,0,0,0,0.268520667,552.5,200.0952541,0,0.173913043,0,0,0,0
19589,AACTTGATTTCATTGTTTTTGGA,0,0,0.010546875,0,0.09336586,485,154.255886,0.1,-0.630434783,0,0,0,0
19590,GAGTCAGAGAAGTAGAAGGAGGA,0,0,0.006287202,0,0.102104069,455,172.1749591,0,0.239130435,0,0,0,0
19591,AAGTGAGAAAAGGAGGCACAAAG,0,0,0.106797744,0,1.193948648,530,207.1641631,0,-0.043478261,0,0,0,0
19592,GGATGAGATGAAGAGGCAAATGA,0,0,0.014285714,0,0.321904489,552.5,184.2522197,0.347826087,-0.065217391,0,0,0,0
19593,AAATGAGATGAAGAAGTTCATAG,0,0,0.03416122,0,0.017678619,387.5,154.6237537,0,-0.108695652,0,0,0,0
19594,GATGAGTGAGTGTGTGAGTGAGA,0,0,0.027421652,0,5.225,567.5,200.3738889,0,0,0,0,0,0
19595,TGTGTGTGGGTGTGTGCATGTGG,0,0,0.167832168,0,0.189613667,552.5,188.5285664,0,-0.347826087,0,0,0,0
19596,GGCCCATACTCAGCACCTGAAAG,0,0,0.014939309,0.410794144,0.410794144,462.5,190.8006244,0,-0.152173913,0,0,0,0
19597,AGCATCCCTTCTGCAGCCCATGG,0,0,0.036734694,0,0.134785853,485,156.1110668,0,-0.47826087,0,0,0,0
19598,ACCTTCCATCCGGACACACAGGG,0,0,0.125344353,0.205125328,0.198201266,425,196.403278,0,0.065217391,0,0,0,0
19599,GCAATCCCAAATCCTGGCCAAAG,0,0,0.026187804,0.694060843,0.694060843,525,208.7939796,0,0.326086957,0,0,0,0
19600,TGGAAGACCAGTGAGTAGTGCAG,0,0,0.058632479,0.318743398,0.318743398,552.5,186.4260161,0,-0.326086957,0,0,0,0
19601,AACAGCAGTGAGCAGAGCCCGGG,0,0,0.091003371,0.080487776,0.080487776,387.5,140.5267596,0,0,0,0,0,0
19602,GGGTGGGGGGAGATTCTGCCCAG,0,0,0,0,0.006554634,345,146.0028092,0,-0.260869565,0,0,0,0
19603,GACACCACAGCTGAGTATTTGGA,0,0,0.005291005,0,0.185098143,455,185.0147907,0,-0.586956522,0,0,0,0
19604,TGTGCGTGAGTGTGTGTATGTGG,0,0,0.161538462,0,0.119478333,485,171.5022357,0,0.260869565,0,0,0,0
19605,GGTGTGTGTGTGTGCGTGTGTGG,0,0,0.027768595,0,0.094763973,455,178.758767,0,0.804347826,0,0,1,0
19606,GGCCCAGACTTAGCCCCTAACGG,0,0,0.017629429,0.025399982,0.024621439,290,147.0287837,0,-0.195652174,0,0,0,0
19607,AGGATGGAGGACAGAGGAGAAAG,0,0,0.026568826,0,0.132796733,357.5,164.8469791,0,-0.326086957,0,0,0,0
19608,GAGCACGAGCAGAAGCAGGATAG,0,0,0,0,0.085785,485,169.0016542,0,-0.347826087,0,0,0,0
19609,TGGAGGGAGAAATGCTGAGTGGA,0,0,0,0,0.060740505,455,181.4244961,0,-0.282608696,0,0,1,0
19610,GGCCTGTGTGCATTGTTCTCAGG,0,0,0.189803922,0,1.257112069,620,209.9948466,0.8,-0.195652174,0,0,0,0
19611,CACCCCCTCCACCCCAACTCTGA,0,0,0.023148148,0,0.221901235,492.5,182.125463,0,-0.304347826,0,0,0,0
19612,CCGCTCCATGCAGAGACAAATAG,0,0,0.007625272,0.461115476,0.452917868,552.5,182.0586636,0,-0.217391304,0,0,0,0
19613,CCCTGTGACTCTGGCTTGTTTGG,0,0,0.029370629,0,0.046500926,387.5,150.1590505,0,-0.326086957,0,0,0,0
19614,TGTGAGTGTGTGTGTGAATGAAG,0,0,0.05025641,0,0.073001262,485,168.8307753,0.882608696,4.847826087,0,1,0,0
19615,CAAGCCCCCCAGGGCAGGAACAG,0,0,0.029846696,0.19034295,0.186959075,552.5,189.0488864,0,-0.173913043,0,0,1,0
19616,AAAGGAGAAGCAGAGGAAGACAG,0,0,0.003780864,0,0.106570406,387.5,160.3622053,0.013043478,0.02173913,0,0,0,0
19617,GATGGGTGAGTGTGTGTGTCTGG,0,0,0.121846154,0.268517165,0.268517165,485,159.547969,0.026086957,-0.217391304,0,0,1,0
19618,GCGTCCCCAGAGCCGAGCCAGGG,0,0,0.013888889,0.064002765,0.06292255,455,182.1848161,0,-0.108695652,0,0,0,0
19619,GGAATGTGAGTGTGTGTGTGTGA,0,0,0.007575758,0,0.570616297,555,195.5239689,0,-0.086956522,0,0,0,0
19620,GGCACTGCGTGGGGAGATGGAGG,0,0,0.094791667,0,0.132157803,392.5,179.2759684,0.004347826,-0.065217391,0,0,0,0
19621,GCAATGTGTAGAGCGGAGGGAAG,0,0,0.005482737,0.485473295,0.476356426,552.5,178.8056193,0,-0.260869565,0,0,0,0
19622,CCCTTCCAGCCAGACACCCACAG,0,0,0.005305581,0.049928839,0.048243477,455,174.7362648,0,-0.086956522,0,0,0,0
19623,GGCATTGAGGTTGGAGGTGGTGA,0,0,0.008838384,0,1.411646586,530,209.7817793,0,-0.282608696,0,0,0,0
19624,GGTGAGGGATTGTGTGCCTTAGA,0,0,0.011063453,0,0.077282113,485,149.2641496,0,-0.130434783,0,0,0,0
19625,AAGATAAAAGAAGAGGCACAAAG,0,0,0.022633745,0,0.878799588,622.5,214.1268992,0,-0.239130435,0,0,0,0
19626,GGCGCTGCGGGTCGAGGTTGTAG,0,0,0.01137102,0,0.107124019,357.5,171.8489958,NA,-0.239130435,0,0,0,0
19627,GTCACTGCCAAGGACTAGAGGGA,0,0,0.013547085,0,0.096262749,455,176.5667348,0.013043478,0,0,0,0,0
19628,TGTGAATGAGTGTGAGTGTGTGA,0,0,0.018762183,0,0.098837842,455,182.2208834,0,0.239130435,0,0,0,0
19629,AACCCCTCCAATGACAAGGGTGA,0,0,0.016968326,0,0.272333333,552.5,200.7979741,0.052173913,0.97826087,0,0,0,1
19630,AACCCCTTCCGCCCCGCCGCGAG,0,0,0.030807292,0,0.199709861,455,179.8387356,0.026086957,0.869565217,1,0,1,0
19631,AAATAAGCAGATGAGGCAAAGGA,0,0,0.003684807,0,0.232960443,455,176.3477627,0,0.173913043,0,0,0,0
19632,CACATGTCTCCAGAGACACAGGG,0,0,0.126623377,0.564014727,0.564014727,622.5,211.6910182,0,-0.5,0,0,0,0
19633,GGTGAGTGAGTGTTTCTTTGTGA,0,0,0,0,0.002523619,345,143.8629451,0.126086957,-0.239130435,0,0,0,0
19634,GGCAAGTGACTGTGTGTGTGAGG,0,0,0.072,0.543897002,0.52553761,552.5,191.8205525,0,-0.282608696,0,0,0,0
19635,GCCTGGTTACCACCAACCTTCAG,0,0,0.016931217,0,0.141738197,522.5,197.9588941,0.004347826,0.02173913,0,0,0,0
19636,AAATGGGAAGAAAAGGCACCGAG,0,0,0.038850039,0.307637082,0.307637082,462.5,171.9770955,0,-0.173913043,0,0,0,0
19637,GGGAAAGACCAACCAACTGTAAG,0,0,0.04784689,0.010037145,0.009883319,290,160.7588366,0,0.043478261,0,0,0,0
19638,GGGGTGGAGGAATGACGAGAAGA,0,0,0,0,0.119960915,485,163.9003742,0.013043478,-0.195652174,0,0,0,0
19639,AAAGGAGGAGAGGAGACACAAAG,0,0,0.085819616,0,0.127203797,455,190.2220567,0,0.130434783,0,0,0,0
19640,AGTGAGTGAGTGTGCATGTGTGG,0,0,0.114545455,0,0.028099353,412.5,166.7184415,0,-0.652173913,0,0,0,0
19641,TGTTTGTTTTCATTTTTCTCCAG,0,0,0.02037037,0.411084498,0.397208228,525,204.2249784,0.065217391,-0.347826087,0,0,0,0
19642,TGGATGGTGGAATGAGAATTGAG,0,0,0.069135802,0.350719178,0.341366667,492.5,165.566072,0.008695652,-0.239130435,0,0,0,0
19643,TGTGAGTGCATGTGTGAGTGCAG,0,0,0.064526749,0,0.343031439,552.5,189.2623722,0.030434783,0.152173913,0,0,0,0
19644,GACAGCCCCCACCGCGCCTCGGG,0,0,0,0,0.213177711,522.5,202.2990784,0,-0.130434783,0,0,0,0
19645,GTCTTGTTTTTATTCTTCACAGG,0,0,0.017437108,0.076918972,0.074184075,357.5,167.7748948,0.047826087,0.065217391,0,0,0,0
19646,TGGATGGATGAATGAGAGGATAG,0,0,0.029037037,0,0.027507403,417.5,131.6931754,0,-0.065217391,0,0,0,0
19647,TGGATGGATGAATGACGGGTAGA,0,0,0,0,0.055043967,492.5,173.7284605,0.004347826,0.260869565,0,0,0,0
19648,GGTGTGTATGTGTGTGCGTGAGG,0,0,0.218181818,0,1.482630907,627.5,212.0520827,0.02173913,0.152173913,0,0,0,0
19649,TGTGAATGAGTGGGTGTGTGAAG,0,0,0.031561997,0,0.142724794,455,186.9285844,0,0.02173913,0,0,0,0
19650,CACACCAGTGAGTAGTCCGTAAG,0,0,0,0.047068875,0.046184952,417.5,143.7878631,0,-0.326086957,0,0,1,0
19651,TCCTGAGTCTCTGGAAGGAGTGA,0,0,0.009655377,0,0.072576354,485,162.9879902,0.017391304,0.5,0,0,0,0
19652,ACAGGAGAAGGAGAGGCACACAG,0,0,0.08275463,1.521645022,1.483122363,530,213.0563163,0.191304348,0.434782609,0,0,0,0
19653,AAATTAAAAGAAGAGGAAGAAAG,0,0,0.004537037,0,0.12450836,485,163.7943882,0,-0.239130435,0,0,0,0
19654,GGCACTGCGGCGGCAGCCGGGGG,0,0,0.021608644,0,0.007550619,290,153.4352706,0,0.086956522,0,0,1,0
19655,GGGTCTGAGCAGAAGCAGACAGG,0,0,0,0.072576354,0.072576354,485,162.7479902,0,-0.065217391,0,0,0,0
19656,GGTATGTGTGTGTGTGCATGTGG,0,0,0.135944056,0,0.180012975,552.5,187.6549664,0.008695652,0.52173913,0,0,0,0
19657,GACAGCAGTGAGTAGAGGGGCAG,0,0,0.020740741,0.678324226,0.656790123,560,193.6883467,0.030434783,0.195652174,0,0,0,0
19658,GACTCTGAAGAAGATTTTTTGAG,0,0,0.016414141,0.133021237,0.128747462,425,196.1033107,0,0.456521739,0,0,0,0
19659,CACCCCCTCCCCCACTCCTCTGG,0,0,0,0,0.022520605,357.5,184.0423058,0,0.760869565,0,0,0,0
19660,TGTAAGGAGGAATAAGGGGTAGG,0,0,0.075,0,0.045592311,455,180.3211621,0,-0.217391304,0,0,0,0
19661,GCCTGACCAAACACTGGCCACAG,0,0,0.029411765,0,0.157233763,425,198.910275,0,-0.260869565,0,0,0,0
19662,CCTGCCTCAGCCCTACTGAGTAG,0,0,0.001651187,0,0.035152318,387.5,144.963186,0.713043478,-0.282608696,0,0,0,0
19663,GAGACTGAGGCTGGAGGAGGGGA,0,0,0.012731481,0,0.305988667,552.5,189.9088498,0.143478261,0.152173913,0,0,0,0
19664,GTCACATCACATGTCTAGGGAGA,0,0,0.009826153,0,0.069239967,522.5,196.8233146,0,0.195652174,0,0,0,0
19665,CGTGAGAGAGTGGGTGGGTGTGA,0,0,0.000666027,0,0.161125676,455,186.3313876,0,-0.565217391,0,0,0,0
19666,GGCAATGAGGATGGAGCTGGGAG,0,0,0.016993464,0,0.321188687,455,187.5956683,0.417391304,-0.043478261,0,0,0,0
19667,GGTGAGTGTGAGGGTGAGTGTGG,0,0,0.054782609,0,0.068963652,357.5,178.5247043,0,-0.239130435,0,0,0,0
19668,AACATCAGAGAGAAGAGCAGAAG,0,0,0.075757576,0.115872965,0.111961641,455,173.7045792,0,-0.130434783,0,0,0,0
19669,TGTGAGTATGTGTGTGCATGTGG,0,0,0.415384615,0,0.189613667,552.5,186.7170694,0,0.02173913,0,0,0,0
19670,TGTGAGTATGTGTGTGCATGTGA,0,0,0.028846154,0,0.189613667,552.5,186.7170694,0,0.304347826,0,0,0,0
19671,TATAACCACAACATCTTCAAAGG,0,0,0.237362638,0.250819,0.250819,552.5,196.0462377,0,0.217391304,0,0,0,0
19672,AAATGAAAATAAGAGACATAAGA,0,0,0.026041667,0,0.051230178,485,163.788657,0,-0.173913043,0,0,0,0
19673,AAATGAGAACAACAGACACTGGG,0,0,0.101052632,0,0.03657553,387.5,150.2829172,0,0.130434783,0,0,0,0
19674,GTCAGCTAAGGCATTGCCTGTGA,0,0,0.002735043,0,0.136576807,455,191.2933534,0,0.108695652,0,0,0,0
19675,CTCTGTGGCTCAGGATTGATTAG,0,0,0.034567901,0,0.299915,455,187.1579715,0.07826087,0.043478261,0,0,0,0
19676,TGGATGGATGGATAATGAGTGGA,0,0,0,0,0.011862146,357.5,180.0825254,0,-0.369565217,0,0,0,0
19677,GAGACAGAGAAGAGGAAGAAGAG,0,0,0.046364883,0,0.118783686,522.5,199.9094949,0,0.108695652,0,0,0,0
19678,CCAGAGAGTAGCGCTGAGGCTGA,0,0,0.001305347,0,0.371150222,432.5,197.188558,0.804347826,-0.02173913,0,0,1,0
19679,GGCATTGAAGCACAGTTTTTGAG,0,0,0.051603757,0.346102049,0.334982304,522.5,206.3863755,0.02173913,-0.543478261,0,0,0,0
19680,GACCACACAGCATAAAATGCAAG,0,0,0.020915033,0,0.152925168,455,180.3790504,0,-0.304347826,1,0,0,0
19681,GGTGAGTGGGAGGGTGAGTGGGA,0,0,0.004227053,0,0.068963652,357.5,178.5247043,1,2.782608696,0,0,0,0
19682,GGCACTGCGCTAGGTGGTGGGGA,0,0,0.001367521,0,0.087951801,362.5,186.0550578,0,0.282608696,0,0,0,0
19683,AAATGAGGAGAAAAAGAACACAG,0,0,0.077081727,0,0.057129709,357.5,171.4077299,0,-0.108695652,0,0,0,0
19684,GGTGTGTGTGTGTGTGCCTAGGA,0,0,0.006764069,0,0.079068899,485,151.3909664,0,-0.543478261,0,0,0,0
19685,AAAGAAGAAGAAGAAGCACATGA,0,0,0.03540305,0,0.75437037,530,204.0310584,0.039130435,-0.369565217,0,0,0,0
19686,CCAATCCCTCCAATGACACATGG,0,0,0.182857143,0,0.081344777,425,194.4336779,0,NA,0,0,0,0
19687,TGTGAGTGTGCGTGTGAGTGTGA,0,0,0.012962963,0,0.206712756,455,188.0240249,0,-0.565217391,0,0,0,0
19688,CCCATCTATCAGGAGACAGATAG,0,0,0.014262635,0.08830715,0.08830715,357.5,172.1226351,0,0.108695652,0,0,0,0
19689,CAGTGCAAGCAGAAGAAGGAGAG,0,0,0.041666667,0.359837588,0.359837588,552.5,184.7804993,0.013043478,0.347826087,0,0,0,0
19690,TGTGAGTGTGCGTGTGAGTGTGG,0,0,0.186666667,0,0.206712756,455,188.0240249,0.082608696,0.130434783,0,0,0,0
19691,TAATGAGAAAATGAGGCCCAGAG,0,0,0.015363512,0,0.140621964,455,181.0688298,0.004347826,0.108695652,0,0,0,0
19692,GGAACTGCTGGGGGAGGTGGCAG,0,0,0.014979424,0,0.235359502,425,200.7660355,1,0.695652174,0,0,0,0
19693,GGACTCCCCTCTGCAGCAGCTGG,0,0,0.040723982,0.6251,0.606440299,560,184.8186197,0,-0.391304348,0,0,1,0
19694,CAAATCCCTTCTGCAGCCCTAGG,0,0,0.034536892,0.139315909,0.136699648,485,156.3990668,0.343478261,0.652173913,0,0,0,0
19695,TGGACTGCGGCTGGAGAGGGAGG,0,0,0.155555555,0,0.117805637,485,172.2625557,0.213043478,0.02173913,0,0,0,0
19696,TACCCCCTCCACCGCCCCACAAG,0,0,0,0,0.013502076,387.5,159.5243895,0,0.391304348,0,0,0,0
19697,CCTGTGAGTAGGCAGGAGGCCAG,0,0,0.019477889,0.041350149,0.04002163,362.5,189.8173944,0,-0.065217391,0,0,0,0
19698,AAATGATAATAATAGGCACAAGG,0,0,0.139285714,0.619190519,0.619190519,530,203.5257622,0,-0.391304348,0,0,0,0
19699,AGATGATAAGAAGAGGCTCATGG,0,0,0.228571428,0,0.448587654,560,192.3534859,0.017391304,-0.760869565,0,0,0,0
19700,AAATGAAAAAAAGAGACAAATAG,0,0,0.103703704,0,0.051230178,485,163.788657,0.073913043,0.413043478,0,0,0,0
19701,AAGTTAGAAAAAGAGGAACAAAG,0,0,0.020702332,0,0.52553761,552.5,191.4058325,0,-0.086956522,0,0,0,0
19702,TCCTTCTTCCCACCCACCTTCAG,0,0,0.149984695,1.502614379,1.46807152,627.5,217.325696,0,1.152173913,0,0,1,0
19703,GGCACAGTCTGAGCACCTGCCAG,0,0,0.005003596,0.258797087,0.25419625,485,157.102872,0.004347826,0.108695652,0,0,0,0
19704,TGTGTGTGTGTGTGTGAGTGCAG,0,0,0.026397306,0,0.372455417,552.5,192.9657886,0.1,-0.217391304,0,0,0,0
19705,AAATGAGAGGCAGTGCCACAGGG,0,0,0,0,0.011862146,357.5,180.0825254,0,0.326086957,0,0,0,0
19706,TCCTCTTTCTCCCCCACCTGCAG,0,0,0.011331674,0.322084166,0.316035637,455,169.3545632,0,-0.152173913,0,0,0,1
19707,GATTTTTTTTCATTGTTGTTCAG,0,0,0.004753086,0.080042299,0.077196351,485,154.3250828,0.865217391,0.304347826,0,0,0,0
19708,GACACAGAGGAGAAGAAGAATGA,0,0,0.004592887,0,0.749905063,620,211.0206796,0.056521739,0.108695652,0,0,0,0
19709,CCTGCCTTCTCTATACTCAAAAG,0,0,0.035445602,0.223415437,0.223415437,455,164.4715262,0.082608696,0.456521739,0,0,0,0
19710,AAAGGAGAATATGATGCACAGAG,0,0,0.00626929,0.1795136,0.173746095,425,191.4115416,0,-0.065217391,0,0,0,0
19711,GACAAAAACCCAGCACCCGTGGA,0,0,0.015066842,0,0.174113559,552.5,198.7603933,0,-0.717391304,0,0,0,0
19712,GAAACTGACTGAGCACGTGAAGA,0,0,0.030632136,0,0.778438874,622.5,215.772416,0,-0.130434783,0,0,0,0
19713,CCCTGTGGCTTTGGAGGGCTCAG,0,0,0.004189621,0,0.043021694,387.5,161.8336735,0,-0.086956522,0,0,0,0
19714,GCGGAGTGAGTGTGTGAGTGTGA,0,0,0.011217949,0,1.196117745,560,198.6458889,0,-0.130434783,0,0,0,0
19715,GGGTGGGGGGAGTCTGACACTGG,0,0,0.024489796,0.004761268,0.004621744,345,130.4033711,0,-0.217391304,0,0,0,0
19716,GTCACCATCAGTGACAAGGGCAG,0,0,0.117292719,0.093281959,0.093281959,455,190.1984926,0.030434783,-0.152173913,0,0,0,0
19717,GGCGGAGCCTGAGCAAGTGAAGA,0,0,0.008928571,0,0.258544304,552.5,196.6498372,0,-0.195652174,0,0,0,0
19718,AACTTGTTTGTATTGTTATCAGG,0,0,0.074556213,0.164476488,0.158628435,455,182.5548466,0,-0.52173913,0,0,0,0
19719,GGGTGGGTGGGGGCTGCTCCAAG,0,0,0.007850242,0.043682208,0.043682208,327.5,188.7315941,0.626086957,0,0,0,0,0
19720,CCAGCCCCACAGGGCAGGGAGAG,0,0,0.01984127,0.099939847,0.09638643,485,162.2606668,0.27826087,-0.152173913,0,0,0,0
19721,GGTTTGTGATCATTGTTCTCAGG,0,0,0.37452381,0.835102675,0.822304167,620,211.3724027,0.043478261,-0.195652174,0,0,0,0
19722,TATATGTTTTCATTGTTATCAAG,0,0,0.045702754,0.317269355,0.305988667,552.5,192.3750667,0,-0.02173913,0,0,0,0
19723,AAATGAGAAAAAGAAGCTCACAG,0,0,0.113870733,0,0.129280938,462.5,175.7779087,0,0.195652174,0,0,0,0
19724,GAAGACAAAGCACAGAGAGCTGA,0,0,0.001074991,0,0.043896945,387.5,162.4176351,0,0,0,0,0,0
19725,GCCTCCCCAAACCCTGAACCCAG,0,0,0.015677133,0,0.021131597,320,127.9368553,0.034782609,-0.130434783,0,0,0,0
19726,CTTGCCCCACAGGCCAGCGCCGG,0,0,0.015653989,0.005236044,0.005236044,345,114.2518822,0,2.630434783,0,0,1,0
19727,TGTGCGTGTGTGTGCGCGTGTGA,0,0,0.005681818,0,0.24614019,522.5,199.7448781,0,-0.108695652,0,0,0,0
19728,TTGAGGAGCAGTGAGTAGAGGGA,0,0,0.016071428,0,0.82579023,620,213.025879,0,-0.195652174,0,0,0,0
19729,GCCCCCCTCCCCACCGCCCCCAG,0,0,0.00864525,0,0.107124019,357.5,172.4825958,0.973913043,1.239130435,0,0,0,0
19730,GAATACGAGAAGGAGAAGAAAGA,0,0,0.016821946,0,0.502808992,522.5,202.892623,0.195652174,-0.52173913,0,0,0,0
19731,GAGCCCTAATAGAAGAAGAAAGA,0,0,0.015535626,0,0.524609209,620,206.9917024,0,-0.239130435,0,0,0,0
19732,GACCCCCTGCACCCTCCCTTGAG,0,0,0,0,0.016803356,387.5,146.6071723,0,-0.108695652,0,0,0,0
19733,AAATGGGAAGAAGAGGAGCCAGG,0,0,0.03030303,0,0.028616384,417.5,133.8669717,0,0.086956522,0,0,0,0
19734,AAATGAAAACAAAAGGCTCATAG,0,0,0.047863248,0,0.068265755,455,176.902429,0,-0.434782609,0,0,0,0
19735,GGGACTGGGGCTGGGGGCGGGGG,0,0,0.089540816,0,0.082004963,455,175.9418282,0,0.02173913,1,0,1,0
19736,TGGGTGTAGGATTTAGGAGTGGA,0,0,0.002204586,0,0.071635385,425,196.5879341,0,0,0,0,0,0
19737,GGTGAGTGAGTGTGGCTTTGTGG,0,0,0,0,0.004539126,370,141.2951082,0,-0.260869565,0,0,0,0
19738,CGCTGTGTCTGAGGATGGCTTAG,0,0,0.007462935,0.141209456,0.136188675,357.5,174.2658159,0,0.108695652,0,0,1,0
19739,GAAAACCAAGCAGAGGCTGCAGG,0,0,0.018482661,0.068338689,0.068338689,455,189.1554728,0.565217391,-0.065217391,0,0,0,0
19740,CCCACCCATACATATACACACAG,0,0,0.00962963,0,0.136666136,425,189.2136015,0,0.043478261,0,0,0,0
19741,AACACCCATGCAGAGTGTTTGGA,0,0,0.003033088,0,0.25438705,552.5,191.8709278,0,0,0,0,1,0
19742,GACACCCAAGCATAATATTTTGA,0,0,0.007189542,0,0.039019591,357.5,172.124366,0,0,0,0,0,0
19743,TGGATGGATGGATGAGCAGCAGG,0,0,0.00741533,0,0.077890861,387.5,150.8864249,0,0.391304348,0,0,0,0
19744,ATATGAGAAGAAACTGCACAAGG,0,0,0.020550878,0,0.02322943,362.5,183.6144732,0.02173913,0.108695652,0,0,0,0
19745,GGTGAGCTCGTGAGTGCGTGAGG,0,0,0.169986264,0.220438397,0.220438397,525,200.2579014,1,0.065217391,0,0,1,0
19746,GGGATGGACCCAGCACCCCTGGG,0,0,0.077623526,0.050993376,0.049272081,485,168.0892702,0.082608696,0.043478261,0,0,0,0
19747,ATGTGCAAGCAGAAGAAGAAGAG,0,0,0.101818182,0.932255747,0.932255747,620,215.2884992,0,0.086956522,0,0,0,0
19748,AACCCCGGTGTGTAGGGCGGGGG,0,0,0.014741713,0.098005097,0.098005097,455,192.4247096,0,-0.391304348,0,0,1,0
19749,TGGATGTAGGAGTGAGGGGGTGA,0,0,0.002023031,0,0.041284256,387.5,146.5397855,0,-0.47826087,0,0,0,0
19750,AAATAAGAAAAAAAGGGACATGG,0,0,0.043921568,0,0.206270847,455,182.434512,0,0.239130435,0,0,0,0
19751,GATGAGGCAGTGTATGCGTGGGG,0,0,0.229725026,0,0.152972547,522.5,201.8378176,0.004347826,0.086956522,0,0,0,0
19752,AAAGGAAAAGAAGAGGCTCCAGG,0,0,0.071022727,0,0.088386347,485,153.382286,0,-0.543478261,0,0,0,0
19753,AAGTCCAAGTAGAAAAAGAAAAG,0,0,0.206689735,0,0.253408778,522.5,197.6180612,0.026086957,0.086956522,0,0,0,0
19754,AAATGACATGAAGAGGTACAAGA,0,0,0.013368055,0,0.452243644,560,193.0709278,0,0.130434783,0,0,0,0
19755,ACAGTGAGTGGAAAGGAGGCCAG,0,0,0.046533713,0.08119996,0.079829497,425,193.0697584,0.017391304,0.02173913,0,0,0,0
19756,CCTGCCTTTGCTGTACTCTCTAG,0,0,0.014574835,0,0.106565899,455,171.8930822,0.008695652,-0.065217391,0,0,0,0
19757,AGAAGAGGAGAAGACGCACACAG,0,0,0.019753086,0,0.402848101,522.5,200.7795615,0.091304348,-0.108695652,0,0,0,0
19758,TAATGAAAGGATGAGGCACAGAG,0,0,0.057613169,0,0.293753157,522.5,205.1409384,0,0.586956522,0,0,0,0
19759,AGGCACACCTGTGAGCAGAGTGG,0,0,0.174394463,0.246437882,0.238119304,552.5,195.8062377,0,0.043478261,0,0,0,0
19760,TGTGCTTGAGTGTGTGAGTGCAG,0,0,0.040329218,0.375472992,0.368797917,552.5,195.1395849,0,-0.086956522,0,0,0,0
19761,GGAACCCCGTTTCCAGCACCAGA,0,0,0.005569479,0,0.17912637,425,198.2224954,0.995652174,-0.826086957,0,0,0,0
19762,GACCCCTTCCAGCCAGCCTAGGG,0,0,0.040123457,0,0.056449901,357.5,157.7560973,0,0.065217391,0,0,0,0
19763,GACATGTTTGCATTGTTATTTGG,0,0,0.038461538,0.121342896,0.119185689,485,150.7737304,0.491304348,-0.173913043,0,0,0,0
19764,CCCTCCCCTCGGCCTGGCCACAG,0,0,0.024074074,0.45413253,0.446837229,525,204.0183995,0,-0.02173913,0,0,0,0
19765,GGTGAGAGAGTGAGTGCAGGGGG,0,0,0.104844674,0,0.024530411,387.5,151.1461654,0,0.02173913,0,0,0,0
19766,GAGGCGGCGAAGAAGAAGAAGGA,0,0,0.008060516,0,0.760552802,620,208.4488626,0,0.065217391,0,0,0,0
19767,GGTGAGTCGGTGAGTGAGTGTGA,0,0,0.009204471,0,0.13024721,455,181.6549711,0,0.630434783,0,0,0,0
19768,CGAGTGGGTAGACAGGAGGCAGG,0,0,0.072365056,0.059200376,0.059200376,425,195.438314,0,-0.239130435,0,0,0,0
19769,GTCATCTCTAATGAGTTGGGAGA,0,0,0.000257786,0,0.094763973,455,178.758767,0.026086957,0.391304348,0,0,0,0
19770,TGTGTGTGTGTGCGTGCGTGTAG,0,0,0.044657097,0,0.355433782,522.5,204.4525791,0,-0.347826087,0,0,0,0
19771,ATGAACAGGAGTGGTTAGAGTGG,0,0,0.026530612,0,0.033302485,425,186.2941965,0.043478261,-0.195652174,0,0,0,0
19772,TGTGTGTAAGTGTGTGTGTGTGG,0,0,0.16969697,0,0.609583333,552.5,193.825752,0,0.065217391,0,0,0,0
19773,TGTGTGTAAGTGTGTGTGTGTGA,0,0,0.011784512,0,0.609583333,552.5,193.825752,0,0.173913043,0,0,0,0
19774,GTCATCTTTGTCATCCACTGCAG,0,0,0,0,0.014800608,412.5,162.7586611,0,0.086956522,0,0,0,0
19775,AGTGTGTGAGTGTGTGTGTATGA,0,0,0.009943182,0,0.268517165,485,159.787969,0,-0.260869565,0,0,0,0
19776,GGAGACAAATCCTAGACTGCAGA,0,0,0.005939327,0,0.648306325,522.5,205.3785631,0,-0.130434783,0,0,0,0
19777,TGGATGCCCGAAAGAGGAGTGAG,0,0,0.028476331,0,0.220438397,525,200.2579014,0,-0.108695652,0,0,0,0
19778,GGTGTGTTAGTGTGTGCCAGTGG,0,0,0.03092146,0,0.09280538,485,158.6405298,0.295652174,0.130434783,0,0,0,0
19779,GGGATGGAGGGGTAAGGAGTGGG,0,0,0.336775362,0,0.061157663,327.5,193.6146312,0,-0.130434783,0,0,0,0
19780,GTCTTGTTTTCATTTTTCTGGAG,0,0,0.001584472,0.399880226,0.399880226,462.5,168.8153785,0,-0.239130435,0,0,0,0
19781,GAACACACAGAATAAACTGTTGA,0,0,0.006302521,0,0.09323315,357.5,158.5254778,0,0.195652174,0,0,0,0
19782,CTCACCTTCAATCACTGGGGGGA,0,0,0.003224974,0,0.23590875,455,185.6147514,0.295652174,-0.543478261,0,0,0,0
19783,AAGAATACCTGTGAGTAGATTGG,0,0,0.485294118,0,0.388621058,552.5,175.0446797,0,-0.086956522,0,0,0,0
19784,CCTGCTTCCTCTGTACTTACTAG,0,0,0.017146916,0.063531421,0.063531421,455,177.4996258,0.056521739,0.173913043,0,0,0,0
19785,CAATGAGAAGACTAGGCAAAGAG,0,0,0.007518797,0,0.100314079,357.5,171.2365791,0.017391304,0.260869565,0,0,0,0
19786,GAGGCAGAGCAGAAGAATGAGAG,0,0,0.037615741,0.059141775,0.059141775,485,160.3690828,0,-0.369565217,0,0,0,0
19787,AATTGAGAAGAAGAAGAAGAAGA,0,0,0.002691273,0,0.050740571,387.5,152.7308674,0,-0.043478261,0,0,0,0
19788,AGCACTGCGGGGGGAGTTGGAGA,0,0,0.001953125,0,0.166452825,357.5,184.2677048,0.334782609,-0.043478261,0,0,0,0
19789,AAAAAAGAAGAAGAAGCAAAAAG,0,0,0.043158004,0,0.133665,455,172.0830585,0,-0.304347826,0,0,0,0
19790,GAGTCCCAGAAGGAGTAGAAAGA,0,0,0,0,0.059906683,455,185.0373364,0.226086957,-0.326086957,0,0,1,0
19791,AGATGAGAGGCAGAGGCAGACAG,0,0,0.00691358,0.175363775,0.169128619,455,178.022136,0.173913043,0.282608696,0,0,0,0
19792,GACACCTGTGAGTAGAGCCCCAG,0,0,0.021791188,0.152924088,0.150052274,485,148.9312193,0,0.043478261,0,0,0,0
19793,GCCCCCCGCCACCCCACCGCTGG,0,0,0.144047619,0,0.085785,485,167.8237572,0.269565217,-0.086956522,0,0,1,0
19794,GCACACAAACCATGCACTGCCAG,0,0,0.01037037,0.056231497,0.055282442,425,188.1220574,0,0.02173913,0,0,0,0
19795,GGCATCCTTTCTGCAGGAGCTGG,0,0,0.002757353,0.192757284,0.189330488,485,163.838072,0,-0.304347826,0,0,0,0
19796,GAGGCTGCGGCTGGGGGTGGAGG,0,0,0.171875,0,0.397208228,525,203.3513784,0,0.108695652,0,0,0,0
19797,GTCTTGTTTTACTTGTTCTGCAG,0,0,0.002189073,0.190444928,0.190444928,357.5,167.8762159,0.02173913,0,0,0,0,0
19798,TGGATGGATGAATGAGGTTGGAG,0,0,0.008133624,0,0.022506057,442.5,121.9312865,0,-0.239130435,0,0,0,1
19799,CACTGTGTATCAGGATGGAGAGA,0,0,0.006111535,0,0.209660993,455,170.1465193,0,-0.847826087,0,0,0,0
19800,AATGGCCACTACCTCAACAAGGA,0,0,0.005614035,0,0.038521809,387.5,170.1378225,0.052173913,0.02173913,0,0,0,0
19801,AATTGAGGAGAAAAGGAACACAG,0,0,0.057811295,0.22854304,0.220828507,455,185.0867514,0,0.304347826,0,0,0,0
19802,TGTGAGCGTGTGTGTGCATGTGG,0,0,0.285576923,0,0.129506134,552.5,187.4337056,0,-0.152173913,0,0,0,0
19803,GTCTTCTTATTCATTAAATGAGA,0,0,0.009022517,0,0.104467922,485,166.9252192,0,0.217391304,0,0,0,0
19804,GGGGAGTGTTTGTGTGTGTGAGA,0,0,0.007899306,0,0.32110348,552.5,188.7343722,0,-0.086956522,0,0,0,0
19805,GGTGTGTGTGTGTGTGTGAGTAG,0,0,0.007542088,0,0.111383028,485,162.2177886,0,0.043478261,0,0,0,0
19806,ATATAAAAAGAAGAGGCAGACAG,0,0,0.020426487,0,0.34064625,552.5,184.5404993,0,0.043478261,0,0,0,0
19807,GTCATGTGGGTCATTACATGAAG,0,0,0.034124723,0,0.10890785,552.5,184.9310854,0,0.02173913,0,0,0,0
19808,AAAAGAGAGAAAGAGACACAGAG,0,0,0.076817558,0,0.145490895,552.5,192.0864573,0,-0.326086957,0,0,0,0
19809,GGGAAAGACCCAGAAAACGGGAG,0,0,0.006793424,0.005615984,0.005615984,320,132.1486785,0,NA,0,0,0,0
19810,GAATGAGAAAAAGAGACAGAAAG,0,0,0.030246914,0,0.083459139,485,166.1718378,0,0.130434783,0,0,0,0
19811,GGCCCTGGTGCTGGAGGTGTTGG,0,0,0.084705882,0,0.40341275,552.5,174.1292028,0,0.108695652,0,0,1,0
19812,CCCCCCCCCCCCCCCGCCTCAGG,0,0,0.224489796,0,0.794051205,522.5,209.6300993,0,0.173913043,0,0,1,0
19813,GACATGGATGTCCAACCCTTTGA,0,0,0.002572016,0,0.011439144,357.5,160.8198098,0,-0.195652174,0,0,0,0
19814,TGGATGGATGAATGATGCATTGG,0,0,0,0,0.009283074,417.5,141.7804605,0,-0.52173913,0,0,0,0
19815,GGGAAGGAGGAATGGGGAGTCAG,0,0,0.080595813,0,0.844444444,530,204.9046584,0,0.086956522,0,0,0,0
19816,TGTGAGTGCGTGTCTGTGTGTGG,0,0,0.114285714,0,0.055495857,455,182.6149239,0,0.086956522,0,0,1,0
19817,TGTGAGTGCGTGTCTGTGTGTGA,0,0,0.007936508,0,0.055495857,455,182.6149239,0.02173913,0.260869565,0,0,1,0
19818,GAACACAAGGCATGTATTGCAGA,0,0,0.001440329,0,0.012821457,357.5,168.4079024,0,0,0,0,0,0
19819,GGAATCCCGTTTGCTGCCCCTGG,0,0,0.007256236,0.025484762,0.025484762,357.5,169.3797811,0,-0.195652174,0,0,0,0
19820,ATGAATTCCAGTGAGGAGTGGGG,0,0,0.075721154,0.034230562,0.033652831,485,166.9944094,0,0.369565217,0,0,0,0
19821,CAGGCCTCCCCTCCACTCACAGA,0,0,0.002886003,0,0.20338988,522.5,201.8010789,0.52173913,-0.47826087,0,0,0,0
19822,CCAGGCAGGAGAGGGGAGGCCAG,0,0,0,0.078802207,0.078802207,522.5,200.526731,0,-0.043478261,0,0,0,0
19823,GCCACTGTGGCTGGAGGTGGGGA,0,0,0.042067307,0,6.690140845,635,218.260183,0.073913043,0.391304348,0,0,0,0
19824,AACTCAGAAAAAGAGCCACAGAG,0,0,0,0.238816288,0.234785634,552.5,195.1035177,0,-0.043478261,0,0,0,0
19825,CCTGCCCCACAGGGCTGTTGGGA,0,0,0,0,0.037787688,417.5,133.7859742,0.091304348,0.369565217,0,0,0,0
19826,GCCACACCAAGGCCTGGTCATAG,0,0,0.047902494,0.10238205,0.098926116,455,184.886999,0.165217391,0.391304348,0,0,0,0
19827,GGGTACTAGCAGAAGAAAAAGAG,0,0,0.046886447,0,0.211957667,552.5,189.8651659,0,-0.130434783,0,0,0,0
19828,GGTGTGTGTGTGTGTTTGTGAGA,0,0,0,0,0.060818669,485,175.6773627,0,-0.173913043,0,0,0,1
19829,AACCTCCGCCACCCAGCCTCAGG,0,0,0.093333333,0,0.402848101,522.5,200.6048415,0.208695652,0.195652174,0,0,0,0
19830,GAGTGAGAAGAAACGGCACAGAG,0,0,0.031339031,0,0.0854635,425,197.5334948,0.004347826,-0.086956522,0,0,0,0
19831,AGGAACAACAGTGAAAAGAGTAG,0,0,0.121117053,0.07171048,0.069289873,455,184.3647356,0,0.043478261,0,0,0,0
19832,GACATGTTTTCATTTCTCTCTGG,0,0,0.045351474,0,0.137061659,462.5,188.0309525,0,-0.239130435,0,0,0,0
19833,AAACACAAAGAATAGGCTGTAAG,0,0,0.010096154,0.067852534,0.066578308,387.5,158.5438905,0,-0.369565217,0,0,0,0
19834,GAGATGTTTTCATTGCTCTAGGG,0,0,0.079365079,0,0.111973118,485,163.3723742,0.004347826,-0.456521739,0,0,0,0
19835,GACCCCTTCCCCCAGGCCTCTGG,0,0,0.0056875,0,0.020660894,327.5,184.7405293,0.169565217,0.260869565,0,0,0,0
19836,GAATGAGAAATAGAGGCTCATGG,0,0,0.143589744,0.164476488,0.158628435,455,182.5548466,0,0.02173913,0,0,0,0
19837,GATGAGTGAGTGGGTGCGAGTGA,0,0,0.004379678,0,0.4085,462.5,179.9126795,0.695652174,-0.782608696,0,0,0,0
19838,AAAAGAGAAAAAGAGGGAAAAGG,0,0,0.011204482,0,0.176849269,485,161.6005526,0,0,0,0,0,0
19839,TGGATGGAGCAATGATGGATGGA,0,0,0,0,0.01399298,417.5,140.7485045,0.304347826,0.47826087,0,0,0,0
19840,GGAGTGTGAGTGTGTGAGTGCGG,0,0,0.121212121,0,1.196117745,560,197.5975689,0,-0.239130435,1,0,1,0
19841,GACTATTTTTCAGTTTTCTCCAG,0,0,0.003220612,0.091240976,0.089775258,425,192.4193539,0.1,-0.304347826,0,0,0,0
19842,GGTGACTGTGTGTGTGTGTGTGG,0,0,0.190909091,0,0.400596493,560,193.6681246,0.665217391,1.369565217,0,0,0,0
19843,GCTGAGTGTGTGGGTGGGTGCAG,0,0,0.001652567,0,0.144140246,455,184.514788,0.1,-1,0,0,0,0
19844,TCTTGTGTCCCTGTATGGATAGA,0,0,0.006790123,0,0.20338988,522.5,202.0410789,0,-0.043478261,0,0,0,0
19845,ACATGAGATCAAGAAGCACAAAG,0,0,0.046013072,0.230586877,0.226695115,522.5,195.8014617,0.1,-0.260869565,0,0,0,0
19846,AATGAGTGAGTGTGTGAGTGGAG,0,0,0.092136752,0,1.290123457,560,199.1738889,0,-0.065217391,0,0,0,0
19847,AAAGGAGAGGAAGTGGGACAGGA,0,0,0.000907771,0,0.05268594,455,181.7413239,0.008695652,0.130434783,0,0,0,0
19848,TGTGTGTGAGTGTGAGTGTGGGA,0,0,0.006822612,0,0.163368333,455,182.7185474,0,-0.086956522,0,0,1,0
19849,CCTGCCTCCTCTCTGCTTGCAGA,0,0,0.008841378,0,0.021803016,387.5,143.8299088,0,-0.108695652,0,0,0,0
19850,GGGATGGAGGAAAGAAGAGAAGG,0,0,0.372491639,0,0.046424874,387.5,155.2746536,0.286956522,0.586956522,0,0,0,0
19851,TGTGGGTGAGGGTGTGGGTGAGG,0,0,0.016941176,0,0.33831875,455,190.6954852,0,0.02173913,0,0,0,0
19852,AGTGAGGGAGTGTGTGAATGAAG,0,0,0.044343891,0,0.081603702,485,170.4073749,0.043478261,2.108695652,0,0,0,0
19853,GAGGCCCAGAAGAAGAAGATGAG,0,0,0.057928241,0.422842847,0.415325641,552.5,173.8138829,0,0.217391304,0,0,0,0
19854,GAATCTGAGCAGAAGAGTAAAGA,0,0,0.005689776,0,0.07127241,485,170.4765717,0,NA,0,0,0,0
19855,TGTGTGCGACTGTGTGCGTGTGA,0,0,0.006944444,0,0.89998622,620,210.5367628,0.895652174,3.739130435,0,0,0,0
19856,GGCAAGTGAGTGTGTGCAGGGGA,0,0,0.004635989,0,0.09638643,485,161.6270668,0.008695652,-0.130434783,0,0,0,0
19857,GATTCTGAGCTGAAGAAGAGTAG,0,0,0.02832244,0.226650388,0.218591708,455,173.5183324,0,-0.5,0,0,0,0
19858,CATGCTTCAGAGGGCAGTAAAGA,0,0,0.017240548,0,0.519457564,620,209.7990988,0.073913043,-0.217391304,0,0,0,0
19859,GGTGCCTGAGTAGGTGCGTGGAG,0,0,0.021519543,0,0.157233763,425,198.910275,0,-0.5,0,0,0,0
19860,GGAGAGAGAGTGTGAGTGTGCAG,0,0,0.043778427,0,0.10444789,455,181.0956866,0,0.630434783,0,0,0,0
19861,CTTCCACCACAGGGCTGTACTGG,0,0,0,0,0.068705615,485,162.1143902,0,0.086956522,0,0,0,0
19862,CACATCCATGTCCTCTACATTGG,0,0,0.070512821,0.072907546,0.071611412,485,178.5422822,0.07826087,0.108695652,0,0,0,0
19863,AAAAGAGACACAGAGGCACACAG,0,0,0.026337448,0,0.426292988,525,203.1447995,0,-0.108695652,0,0,0,0
19864,ATATGACAAGAAGGGCCACAAAG,0,0,0,0,0.026311278,455,187.6492087,0.108695652,0.434782609,0,0,0,0
19865,TTTGCATCACAGGGCAGTACCAG,0,0,0.044454966,0.293711344,0.288195638,552.5,177.8932353,0.969565217,2.869565217,0,0,0,0
19866,CACTTCTTTCCGTTGTTCTCTAG,0,0,0.048634493,0,0.392225327,522.5,204.7061791,0,-0.543478261,0,0,0,0
19867,GCACAAAAAGCAGAAACTGCTGG,0,0,0.179132523,0.095940082,0.09432084,425,193.4676739,0,-0.413043478,0,0,0,0
19868,TGGAGGGAGGAATAAGGAAGCGG,0,0,0.060504202,0,0.030988834,387.5,138.3868955,0,-0.130434783,0,0,0,0
19869,AAATAAGAAAAAAATGCACACGA,0,0,0.007407407,0,0.136666136,425,189.2136015,0,-0.282608696,0,0,0,0
19870,AGTGAGTGAGTGAGTGAGTGGGG,1,0.001397502,0.290769231,0,0.499277778,462.5,189.9145684,0.12173913,-0.282608696,0,0,0,0
19871,AGTGAGTGAGTGAGTGAGTGGGA,0,0,0.020192308,0,0.499277778,462.5,189.9145684,0,0.152173913,0,0,0,1
19872,CATCCTGAAGCAGAGTTTTTGGA,0,0,0.011176345,0,0.778438874,620,216.012416,0.026086957,-0.130434783,0,0,0,0
19873,GTCTTGTTAGTCATTATCTTCAG,0,0,0.02694725,0,0.153788731,485,158.416705,0,0.02173913,0,0,0,0
19874,GGCCCAGACTGAGCCAGAGCAGG,0,0,0.041322314,0,0.004916404,320,125.1436193,0,-0.130434783,0,0,1,0
19875,GCCTGCCCTGAGCCTGGCCCAGG,0,0,0.045454545,0.371543143,0.371543143,552.5,171.8225633,0,-0.5,0,0,0,0
19876,ATGAACATCATTGGGGAGAGTGG,0,0,0.054363905,0.020028206,0.019414315,357.5,180.9424888,0,0.043478261,0,0,0,0
19877,CCCAGCCAGCCACAGACTCACAG,0,0,0.021624431,0.070860987,0.069665021,455,179.0292458,0.043478261,-0.043478261,0,0,0,0
19878,TGTGTGTGATTGTGTGAGTGTGA,0,0,0.009574916,0,0.56142625,552.5,191.9338325,0,0.043478261,0,0,0,0
19879,TGCACAGAAGCTGGAGGTGGAGA,0,0,0.025148809,0,0.50455783,620,210.3544187,0,0,0,0,0,0
19880,GATATGTTTTCATTTTTCTGGGA,0,0,0.000191049,0,0.174469742,455,166.4537785,0.004347826,-0.217391304,0,0,0,0
19881,GACCGCAGCCACCGCGCCTCTGA,0,0,0,0,0.145600377,522.5,200.7894976,0,-0.847826087,0,0,0,0
19882,GACATGTTTTCATTTTTTTTGGG,0,0,0.013119534,0,0.034681612,387.5,141.5584452,0.460869565,0.956521739,0,0,0,0
19883,GAGGCCGAGCAGAAGAAAGACGG,1,0.0245892,0.162259615,0.200523077,0.194537313,492.5,163.3550668,0.013043478,0.152173913,0,0,0,0
19884,AAATGAAAAGAAAAGCAACACAG,0,0,0,0,0.025042424,387.5,169.0429617,0,-0.130434783,0,0,0,0
19885,CCCTGTGACTCTGCATGGTATGG,0,0,0.103846154,0,0.029419779,387.5,136.5753985,0.052173913,-0.47826087,0,0,0,0
19886,GAGTCCAAGTAGAGAAAGAATGG,0,0,0.41337947,0,0.034285916,425,185.9788766,0,-0.413043478,0,0,0,0
19887,CCCAAACGTCCTGAGACACAGAG,0,0,0.029423868,0,0.406288793,522.5,205.3097786,0,-0.565217391,0,0,0,0
19888,CCTGCCTGGTCTCTGCTCACAGA,0,0,0.014595291,0,0.205849587,525,192.9416447,0.113043478,0.086956522,0,0,0,0
19889,GGTGTGTGCGTGTGTGTATGTGG,0,0,0.067132867,0,0.069304995,485,167.5424553,0.204347826,0.282608696,0,0,0,0
19890,CCTGCCTGGTCTCTGCTCACAGG,0,0,0.210172194,0,0.205849587,525,192.9416447,0,0.934782609,0,0,0,0
19891,AGGTCCCAGAAGAAGAAGAAAGA,0,0,0.029791666,0,0.89998622,620,211.5850828,0,-0.543478261,0,0,0,0
19892,AAATGAGAATGAGAGGCAAGGGA,0,0,0.012019652,0,0.096062691,387.5,140.09258,0,0.02173913,0,0,0,0
19893,CACATCCTTCCAGACACCCAGGA,0,0,0.001124417,0,0.083169333,455,176.2298282,0,-0.130434783,0,0,0,0
19894,GGGGAAGCCCCAGCATCTGCTGA,0,0,0.001087083,0,0.129409,485,152.6656498,0,1.456521739,0,0,0,1
19895,CCATGTATCTCTGGATGTGTTGG,0,0,0.216666667,0,0.065831932,485,160.117486,0,1.869565217,0,0,0,0
19896,TGTGAGTGAGTGTGAGGGAGAGA,0,0,0.000675709,0,0.054360238,387.5,153.2588674,0.02173913,-0.239130435,0,0,0,1
19897,TCCTCTTTCCCACCCTTCTCAGA,0,0,0,0,0.046184952,417.5,143.7878631,0,0.152173913,0,0,0,0
19898,CTCTTCCATCAAGAGACACAGGA,0,0,0.030130854,0,1.483122363,530,213.0563163,0.213043478,0.02173913,0,0,0,0
19899,CCAATGAGTAGAGCTGAAGGGAG,0,0,0.001357466,0.035309333,0.034681612,387.5,141.5584452,0,-0.434782609,0,0,0,0
19900,GGTAAGTTGGTGTGTGCCTGTAG,0,0,0.046296296,0,0.180012975,552.5,185.8434694,0.013043478,-0.130434783,0,0,0,0
19901,CACCGCCTCCACCCCGGCTTGGA,0,0,0.00052521,0,0.268517165,485,159.787969,0.326086957,0.347826087,0,0,0,0
19902,GGAACCCCTTCTGCAGGATTAAG,0,0,0.002111614,0.080071819,0.080071819,417.5,129.0399691,0.013043478,0.543478261,0,0,0,0
19903,GGAGGCCCCTCTGCAGCCCCTGG,0,0,0.07032967,0.186301638,0.180012975,552.5,187.6549664,0,0.217391304,0,0,0,0
19904,AATTCTGAAGAAGAGTCACAAAG,0,0,0,0,0.154229434,552.5,198.3092701,0,-0.652173913,0,0,0,0
19905,ATCATCTTAGTCATTCCCAGGAG,0,0,0,0,0.193864407,492.5,172.3635742,0,0.02173913,0,0,0,0
19906,GTCACCACCAAAGGCTAGGAAGA,0,0,0.021267361,0,0.03138446,357.5,160.3239342,0.104347826,0.152173913,0,0,0,0
19907,GAACTCAATGCATGGATTGCAAG,0,0,0.012318743,0,0.05268594,455,181.3266039,0,0.260869565,0,0,0,0
19908,GGGGAAGGCCCAGAATGCGTGGA,0,0,0.000655297,0,0.086229035,455,182.6012873,0.034782609,0.304347826,0,0,0,0
19909,CAACAAAAAGCAAAGAATGCAGA,0,0,0.014880952,0,0.142724794,455,186.9285844,0.213043478,0.195652174,0,0,0,0
19910,GGCTTGTTTTGAATGTTCTCAGA,0,0,0.009615385,0,0.60458,432.5,204.4305958,0,-0.456521739,0,0,0,0
19911,GGTGAGGGTGTATGTGGGTGTGG,0,0,0.019377162,0,0.113094965,455,184.1548273,0,-0.413043478,0,0,0,0
19912,AGATGAGGAGAGGATGCACAGAG,0,0,0.01569273,0,0.198201266,425,193.937061,0.052173913,-0.347826087,0,0,0,0
19913,GGCATCCCTGCTGCATCCCCTGG,0,0,0,0.048472277,0.048472277,485,170.9685044,0.108695652,0.413043478,0,0,0,0
19914,TGGATGGGGGAAGGATGAGAGGG,0,0,0,0,0.041723621,387.5,152.1748367,0,0.304347826,0,0,0,1
19915,GGCCCAGGCTGAGAGCCTGACGG,0,0,0.039254902,0.021995676,0.021995676,357.5,169.2678658,0,-0.47826087,0,0,0,0
19916,AAATGAGAAGAAGAGACTAGTAG,0,0,0.04248366,0,0.00577861,375,108.602641,0.030434783,0.282608696,0,0,0,0
19917,GACACAGTAGAAGAGTTTTATAG,0,0,0.043526786,0.217823034,0.210470358,455,170.9465154,0,-0.086956522,0,0,0,0
19918,AATGACTATTCCATCCTCCAAGG,0,0,0.058836207,0.109665994,0.109665994,455,175.8789552,0.030434783,-0.260869565,0,0,0,0
19919,GGACAGTGTGTGTGTGAGTGTGA,0,0,0.007352941,0,0.348646558,552.5,192.8525086,0,0.217391304,0,0,0,0
19920,GGTGTGTGTGTGAGTGTGTGGGA,0,0,0.004895105,0,0.136842006,455,183.466468,0,0,0,0,0,1
19921,AATGACCGTTACATTGTCAATGG,0,0,0.006581197,0.03965873,0.038443137,455,180.6449552,0.056521739,0.347826087,0,0,0,0
19922,GGTGTGTGTGTGAGTGTGTGGGG,0,0,0.070489511,0,0.136842006,455,183.466468,0,-0.173913043,0,0,0,0
19923,AAATGAGAAAGAGAGACACAGAG,0,0,0.15728395,0.223621759,0.223621759,462.5,191.889754,0.943478261,2.543478261,0,0,0,0
19924,ATTGTGTGAGTGTGTGTGTGTAG,0,0,0.025197429,0.620616516,0.609583333,552.5,196.6855689,0.004347826,-0.195652174,0,0,0,0
19925,GACTTCTTTCCATTGTTTTTAGA,0,0,0.00487013,0,0.068456337,485,149.8613464,0,0.586956522,0,0,0,0
19926,GGTGTGAGTGTGTATGCGTGTGA,0,0,0.009943182,0,0.08896183,522.5,199.9295342,0,0.239130435,0,0,0,0
19927,GAGTTGTTTATAGTGTTCTCTAG,0,0,0.008918618,0,0.279058991,425,197.9508593,0,-0.065217391,0,0,0,0
19928,TAAATGGGGAAATGAGGAGTCAG,0,0,0.112611586,0,1.2395125,620,210.3404466,0,-0.347826087,0,0,0,0
19929,GGGTCAGAGCATAAGAACAAAAG,0,0,0.035273369,0.094045744,0.09237382,455,184.0345823,0.039130435,0.108695652,0,0,0,0
19930,AATAACCACTGAATCCTCAGGGA,0,0,0.022190126,0,0.180287865,357.5,167.2426159,0.017391304,0.195652174,0,0,0,0
19931,CTTGATCCAGGGGGCAGTAAAGG,0,0,0.134126984,0.422106805,0.422106805,522.5,204.9038759,0,0.695652174,0,0,0,0
19932,AACACCAGAGACTAGAGAGGGAG,0,0,0.068627451,0.161540994,0.157451349,462.5,183.3007859,0,-0.02173913,0,0,0,0
19933,GGCACAGGGGCGGGAAGTGGCAG,0,0,0.072222222,0,0.073249464,455,189.3096727,0,0.108695652,0,0,0,0
19934,CTCCCCCTCCCCCCAGCCTCTGG,0,0,0.046176046,0,0.223580696,425,198.5228947,0,-0.260869565,0,0,0,0
19935,GATGTGTGTATGTGTGCGTGTGA,0,0,0.011965812,0,0.768095474,620,208.7201632,0,-0.456521739,0,0,0,0
19936,TCCATCCATGCAAAGAAACAGAG,0,0,0.043431466,0,0.217271959,455,183.722832,0,-0.326086957,0,0,0,0
19937,AAATGAGCAGAAGATGCAGATGA,0,0,0.000531463,0,0.237626667,462.5,172.3451615,0,-0.152173913,0,0,0,0
19938,GGCAGTGCAGCTGAAGGAGGGAG,0,0,0.05,0,0.026821933,455,176.8893817,0,0.282608696,0,0,0,0
19939,AACATCTTTGCATTGTTCTCCAG,0,0,0.037878788,0.797205949,0.797205949,620,211.5486796,0,-0.152173913,0,0,0,0
19940,GCCCCCCGCGCCCCCGCCTCGGG,0,0,0.08962963,0,0.73132116,522.5,204.6383629,0.365217391,-0.108695652,0,0,0,0
19941,TGTGTGTGCGTGTGTGTGTGTGG,0,0,0.096969697,0,0.372455417,552.5,192.9657886,0,-0.282608696,0,0,0,0
19942,TGTGTGTGCGTGTGTGTGTGTGA,0,0,0.006734007,0,0.372455417,552.5,192.9657886,0.030434783,-0.195652174,0,0,0,0
19943,GGGGAGTGCGTATGTGGGTGTGG,0,0,0.015686274,0,0.171534106,455,186.0100081,0,-0.108695652,0,0,0,0
19944,GATAAGTGTGTGTGTGTGTGTGG,0,0,0.213230769,0.372455417,0.372455417,552.5,193.1405086,0.030434783,-0.282608696,0,0,0,0
19945,GAGTAGTTTTCTTTGTTTTCAGA,0,0,0.003720238,0,0.150546424,455,184.2442463,0,-0.02173913,0,0,0,0
19946,GGATACTTCCCACCCACCTTCAG,0,0,0.081198458,0,0.778438874,620,215.357696,0.134782609,0.02173913,0,0,0,0
19947,GACCTCCCCGGCCCCGCCTCAGA,0,0,0.011170735,0,0.697697198,522.5,203.5900429,0.495652174,0.326086957,1,0,0,0
19948,GGTAAGTATGTGTGTGCATGGGG,0,0,0.373846154,0,0.180012975,552.5,185.8434694,0,-0.195652174,0,0,0,0
19949,AAACGCAAAGCAGAGAATGCAGA,0,0,0.005478261,0,0.23590875,455,187.4262484,0,-0.195652174,0,0,0,0
19950,GGGTGGGTGGAGTTTTCCACAAG,0,0,0,0.015697587,0.015193247,417.5,142.6404239,0.465217391,0.239130435,0,0,0,0
19951,GGCGCAGACAGAGCACGTGACGA,0,0,0.029761905,0,6.161619718,635,215.7346636,0,-0.413043478,0,0,1,0
19952,GAGGTGTTTACAATGTTCTCTGA,0,0,0.012877747,0,0.502808992,522.5,203.307343,0.039130435,-0.130434783,0,0,0,0
19953,TTGAACAGCAGTAAGTGGAGGAG,0,0,0.027149321,0.240178592,0.23590875,455,185.6147514,0,0,0,0,0,0
19954,AAGAACTCAAGTGATTAGAGTGG,0,0,0.04532967,0,0.16811375,522.5,198.4100173,0,-0.043478261,0,0,0,0
19955,AAATGCGAACAATAGGCGCATGA,0,0,0.001515152,0,0.063531421,455,177.4996258,0,-0.847826087,0,0,0,0
19956,GAGTAGAAAGCATAGAATGCTGA,0,0,0.007921811,0,0.34522286,552.5,195.0263049,0,-0.347826087,0,0,0,0
19957,CATGCCCAGCACATCCTCAAAGG,0,0,0.141496599,0.805112123,0.805112123,620,208.9601632,0.086956522,0.260869565,0,0,0,0
19958,GGGTGGTGGGGACTTGCTCCAGA,0,0,0.019005848,0,0.098515399,362.5,193.3713145,0.095652174,0.347826087,0,0,0,0
19959,GAATCCTAGAAGAAGAAGGAAGG,0,0,0.139285714,0,0.309342904,552.5,180.5490828,0,-0.043478261,0,0,0,0
19960,AAATTAGAAGAAGAGCAAAATGA,0,0,0,0,0.03135496,417.5,148.8891431,0,-0.130434783,0,0,0,0
19961,GGCATCCCCTCTGCAGCTGCTGG,0,0,0.024725275,0,0.058892109,485,158.5408864,0.069565217,-0.782608696,0,0,0,0
19962,GCCCCAGTTTGAGCACGTGGCAG,0,0,0.051470588,0.426140229,0.426140229,552.5,174.7628028,0.708695652,2.695652174,0,0,0,0
19963,GGCCTTGGGGCTGGAGGAGGGGG,0,0,0.096256684,0,0.294620253,552.5,188.5149298,0,2.065217391,0,0,0,0
19964,GGCCCTGCTGCTGGAGGAAGTGA,0,0,0.006224712,0,0.059728305,485,158.1952864,0,-0.065217391,0,0,0,0
19965,CCCACACTCCCACCCACCTTAGG,0,0,0.202664399,0.564014727,0.564014727,620,214.1572352,0.013043478,0.130434783,0,0,0,0
19966,TGCTCCCCTAAGCCTGGCCTCAG,0,0,0.064927536,0.434296023,0.426140229,552.5,177.8626197,0.026086957,-0.195652174,0,0,0,0
19967,GGTGTGTGTGTGTATCCGTGTGG,0,0,0,0,0.022403272,455,185.0242891,0,-0.391304348,0,0,0,0
19968,GGCGCTGCGGCTGGAGCCGGCGG,0,0,0.06302521,0,0.237767828,492.5,173.1169557,0.013043478,-0.413043478,0,0,0,0
19969,TGGATGGAGGGATGGGGGATGGG,0,0,0.120714286,0,0.012534551,290,142.5915615,0,0.02173913,0,0,0,0
19970,AGAAGGGAGGAATGAGGAGGTAG,0,0,0.021960784,0,0.687682923,552.5,180.2460801,0,-0.260869565,0,0,0,0
19971,GATTTCCAGAAGAAGAAGAAGGA,0,0,0.013165509,0,0.846587038,620,210.0087628,0,0.02173913,0,0,0,0
19972,CCCATACGGCCAGGGACACATAG,0,0,0.051001372,0.077556322,0.075179117,522.5,198.715234,0.013043478,-0.239130435,0,0,1,0
19973,GGTGAGTGATGGTGGGCGAGAGG,0,0,0.004642857,0,0.061738132,357.5,163.0231584,0,-0.043478261,0,0,0,0
19974,ATCACCTCCAATAACCAAGGCAG,0,0,0.099408284,0.021418577,0.020657028,387.5,166.9889203,0.013043478,-0.108695652,0,0,0,0
19975,GGCACAGAGGCTGGCAGTGGGAG,0,0,0.03983165,0,0.039900114,455,182.8187516,0,-0.347826087,0,0,0,0
19976,ATGAAGACCATTTGGTAGAGGGA,0,0,0.001869658,0,0.026427736,327.5,190.0454271,0,4.260869565,0,0,0,0
19977,TGTGAGTGTGTGAGTGCGTGAGA,0,0,0.028846154,0,0.703080282,530,206.9408991,0,-0.47826087,0,0,0,0
19978,CTGACCATGAGTGAGTAGAGGGG,0,0,0.232142857,0.860350791,0.833979885,620,210.8520827,0,0.326086957,0,0,1,0
19979,CTTGCCCTAAAGGACATTAACAG,0,0,0.036863426,0,0.075589619,455,178.4831509,0.208695652,-0.239130435,0,0,0,0
19980,CTCCTCTTAGTCATTGACTGAGA,0,0,0.001571141,0,0.104848333,485,180.051863,0.02173913,-0.586956522,0,0,0,0
19981,GGTGTGTGTGTGTGTACGAGTGG,0,0,0.062337662,0,0.049760729,485,165.9154738,0,0.52173913,0,0,0,0
19982,TGGGAGGAGGAAAGAGAAGTGGG,0,0,0.201923077,0.227808879,0.223964003,455,186.5526484,0.32173913,0.173913043,0,0,0,0
19983,GGGATGGAGGAAAGAGAAGAAAG,0,0,0.090133779,0.105904969,0.103916143,387.5,151.5769685,0,-0.152173913,0,0,0,0
19984,GATTTCCTCCACCCCTCCTCTGG,0,0,0,0,0.254924684,555,199.2216541,0,-0.586956522,0,0,0,0
19985,GACCTGTTTTTATTTTTCTTGGG,0,0,0.008532644,0,0.098205585,357.5,160.7516948,0.030434783,0.02173913,0,0,0,0
19986,GCCTCTTTCTGAGCCACCTCAAG,0,0,0.000756225,0.119946733,0.118019877,357.5,161.3412594,0,-0.239130435,0,0,0,0
19987,GTCATCGCTGTCATCTCCATCAG,0,0,0.009563087,0,0.100056646,455,189.0724366,0,0.282608696,0,0,0,0
19988,CCTGCCTCCACTCTCACCACCAG,0,0,0.046583482,0.022657154,0.022309918,412.5,161.726705,0.02173913,0.217391304,0,0,0,0
19989,TGGATGCAGGGAAGAGAAGTAGG,0,0,0.28875,0,0.080805497,357.5,180.1013039,0,-0.413043478,0,0,0,0
19990,GGCTGGGGGGGGGGTGCTCCTAG,0,0,0,0.046644985,0.045146351,327.5,191.3034111,0,0,0,0,0,0
19991,GAGACCCTCCCCCCCGCCCCCAG,0,0,0.012045439,0,0.272930963,455,180.8203164,0,0.326086957,0,0,0,0
19992,AATTGAGAACATCAGGCACAGGA,0,0,0.002751978,0,0.247382024,425,196.4648426,0,0.108695652,0,0,0,0
19993,CCAGCGAGTAGAGCGGAGGCAGG,1,0.02755,1,100,100,642.5,221.51168,0,0.065217391,0,0,0,0
19994,TGGGTGGATGAATGAGGGATAGG,0,0,0.095238095,0,0.059728305,485,158.1952864,0.239130435,-0.217391304,0,0,0,0
19995,CTCTGTGTCCCAGGCTGGATGGA,0,0,0.007346189,0,0.182543366,425,192.0451416,0,-0.065217391,0,0,0,0
19996,GGCATCGCCAATGAGTAGGGTGA,0,0,0.0010918,0,0.275145253,522.5,201.0814776,0,-0.108695652,0,0,0,0
19997,GACTCCCTCCTCCCCGCCAGCAG,0,0,0.001072566,0,0.115428206,387.5,144.2107164,0.008695652,0.086956522,0,0,0,0
19998,GCTGTGGGAGTGTGTGCATGAAG,0,0,0.026579755,0,0.211957667,552.5,189.8651659,0.060869565,0.347826087,0,0,0,0
19999,AAAAAAGAAGAAGAAGAACACAG,0,0,0.046994271,0,0.155096519,455,181.8449474,0,-0.130434783,0,0,0,0
20000,CACACCCTCCACCCAGCCCCTGG,0,0,0.036873794,0,0.141195423,455,173.3713785,0,-0.782608696,0,0,0,0
20001,CACATACACCCACAGACACATAG,0,0,0.06804891,0,0.204674188,522.5,203.7149151,0.02173913,-0.108695652,0,0,0,0
20002,AAAGGAGAAGAAAAGGGAAATGA,0,0,0.001010019,0,0.074311256,387.5,157.0929685,0.008695652,-0.282608696,0,0,0,0
20003,GGTGAGTCAGTGAGTGAGGGTGA,0,0,0.003451677,0,0.067148726,387.5,154.8667515,0.160869565,-0.217391304,0,0,0,0
20004,GACATGTTTTTGTTGTTCTAAGG,0,0,0.052910053,0.183550994,0.180287865,357.5,167.2426159,0.669565217,0.413043478,0,0,0,0
20005,TGTGAGTGAATGAGTGCATGTGG,0,0,0.447337278,0,0.110611179,455,179.2856098,0,0.130434783,0,0,0,0
20006,GCTTCTCTGCCACTCACCTTCAG,0,0,0.055629501,0.090628111,0.087716364,522.5,200.6898542,0.082608696,0.065217391,0,0,0,0
20007,AAAAGGGAAGAAGAGGAAGAAGA,0,0,0.001377866,0,0.116171344,485,164.806305,0,0.5,0,0,0,0
20008,GTCATCTTAGTTAATCCCAGTGA,0,0,0,0,0.005421316,290,151.8082891,0,-0.217391304,0,0,0,0
20009,CCCTCTGACTCTAGATGGTTCAG,0,0,0.080999342,0,0.183243275,455,174.5645426,0,0.173913043,0,0,0,0
20010,AAGAAAAAAGAAGAGGCACAAAG,0,0,0.065386374,0,0.878799588,622.5,214.1268992,0,-0.673913043,0,0,0,0
20011,GGAATGGAGGAATGTTGAGTAGG,0,0,0,0,0.071963539,455,187.1765525,0,-0.02173913,0,0,0,0
20012,CCCACTTTCCCTCCCACCTCCAG,0,0,0.002672225,0.349711364,0.343144014,455,173.4726996,0,-0.543478261,0,0,1,0
20013,GGTGTGTGTGTGTCTGTGTGGGG,0,0,0.043636364,0,0.05268594,455,181.3266039,0,0.260869565,1,0,1,0
20014,GGTGTGAGAATGTGTGTGTGCGA,0,0,0.009624018,0,0.36403873,552.5,189.5506517,0,-0.108695652,0,0,0,0
20015,GCCATCCCACAGCTTGGCCAAAG,0,0,0.01920439,0.199542168,0.196336672,522.5,200.4071589,0,-0.282608696,0,0,0,0
20016,GGGTGGGAGGAGTTTCATGCAGA,0,0,0,0,0.029843878,417.5,147.0776461,0.052173913,0.260869565,0,0,0,0
20017,CGTCTCCCTTCTGCTGCACCAGG,0,0,0.035590707,0.411084498,0.397208228,522.5,203.5913784,0,-0.739130435,0,0,0,0
20018,GACTCCAAGCAGATGCAGAAGAG,0,0,0,0.026388292,0.02594292,455,187.3612087,0,-0.173913043,0,0,0,0
20019,CCAGTGCGGAGAACGGAGGAGGG,0,0,0.125,0.10296933,0.101231451,455,166.2201184,0,-0.369565217,0,0,0,0
20020,GAAGACAAAGCTTAGACTGGAAG,0,0,0.002541757,0,0.687498413,462.5,174.6726996,0.082608696,0.086956522,0,0,0,0
20021,AAATCTGAAGGAGAGGAACACAG,0,0,0.044135802,0,0.194319155,455,188.9095012,0,0.02173913,0,0,0,0
20022,TGTGAGAGAGTGTGTGTATGAGA,0,0,0.01963141,0,0.081603702,485,170.4073749,0.8,-0.043478261,0,0,0,0
20023,GTCTCGTTGTCATTGTTCTAAAG,0,0,0.058361392,0.426140229,0.426140229,552.5,176.5742997,0.908695652,3.782608696,0,0,0,0
20024,CCAGGGAGTGGGGCTGAGGCGGG,0,0,0.036684303,0.176582766,0.173746095,425,190.9968216,0,-0.413043478,0,0,0,0
20025,AGGAAAGACCCAGTTTCTGTGGG,0,0,0.084857143,0.012849087,0.012392231,357.5,167.9304605,0,-0.173913043,0,0,0,0
20026,TGGTTGAAGGAAGGAGGATTCAG,0,0,0.028692724,0,0.131830099,455,175.6958987,0.026086957,0.304347826,0,0,0,0
20027,CCCAGCCAGGCAGAGACAGACAG,0,0,0.004993141,0.275759692,0.266451348,552.5,178.2121633,0,-0.608695652,0,0,0,0
20028,GTGTCTTTCCCACCTATCTTAAG,0,0,0.003666293,0.161081177,0.161081177,455,183.2388674,0.013043478,0.065217391,0,0,0,0
20029,CACCCCCTCCCCCCCGCCCCAAG,0,0,0.020434227,0,0.625550847,462.5,183.4219164,0.273913043,0.108695652,0,0,0,0
20030,GACATGGTTTCATTAATCTCTGG,0,0,0.23966806,0.047324984,0.047324984,455,184.4477717,0.356521739,0,0,0,0,0
20031,CGTGTGTGTGTGTGTGCATGTGA,0,0,0.007492507,0,0.189613667,552.5,188.5285664,0,0.260869565,0,0,0,0
20032,GGCCCTGGCTGAGCACGGGAGAG,0,0,0.04526749,0.35258529,0.35258529,560,190.0908658,0,-0.304347826,0,0,0,1
20033,CGTGTGTGTGTGTGTGCATGTGG,0,0,0.107892108,0,0.189613667,552.5,188.5285664,0.617391304,0,0,0,0,0
20034,GGTCTGTGAGAGTGTGCGTGCAG,0,0,0.037433155,1.446502058,1.411646586,530,212.0079963,0,0,0,0,1,0
20035,GTGACCGAAGCGGAGTTATTTAG,0,0,0.045392193,0,0.150546424,455,185.2925663,0.126086957,0,0,0,0,0
20036,GCTGAGTGTGTGTGTGCTGGGAG,0,0,0.017948718,0,0.059728305,485,158.8288864,0.017391304,0.065217391,0,0,0,0
20037,AAATGAGAAGATGAAGCTCAAAG,0,0,0.040668119,0,0.065733835,365,173.0535447,0,0.239130435,0,0,0,0
20038,GTAAACACCAGTGAGGACAGAGG,0,0,0.123626374,0.054570329,0.052630051,485,175.9602408,0,-0.239130435,0,0,0,0
20039,GTTGGCCCTCAGGGCAGAAATGG,0,0,0.219130435,0.196604032,0.189613667,552.5,188.5285664,0,-0.326086957,0,0,0,0
20040,GGCTCCCCAAAGGGTGACCAGGA,0,0,0,0,0.035150404,357.5,176.8353837,0,-0.065217391,0,0,0,0
20041,AATGACCACCACTTCGTGAATGA,0,0,0.00022792,0,0.016400968,387.5,161.9971839,0.052173913,0.086956522,0,0,0,0
20042,GCATTGTTTCCATTTTTCTCTGA,0,0,0.003602923,0,0.365828778,522.5,199.233242,0.02173913,-0.02173913,0,0,0,0
20043,GGGTGTGGGGAGGGGGCTCCCGG,0,0,0,0.013376513,0.013376513,362.5,182.0684892,0,-0.413043478,0,0,0,0
20044,GGCTCCCCAATCCCTGGCAAAGG,0,0,0.048565246,0,0.136188675,357.5,174.2658159,0.02173913,0.260869565,0,0,0,0
20045,AAATGAGATGCAGAGGCAGCAAG,0,0,0.001767677,0,0.063728886,387.5,141.1245361,0.047826087,0.239130435,0,0,0,0
20046,AGTGATTGTGTGTGTGTGTGCGA,0,0,0.011666667,0,0.225335527,552.5,192.4681246,0.1,0.282608696,0,0,0,0
20047,GAGCCCCTGCACCCGGCCTGAGA,0,0,6.32E-05,0,0.106601012,455,163.3675981,0,0.086956522,0,0,0,0
20048,AGAAGCCATCCAGAGACACAGGG,0,0,0.385855073,1.30580855,1.286675824,622.5,217.14368,0,-0.47826087,0,0,0,0
20049,AAATGACAAGAATAGGCATTTGG,0,0,0.057115385,0,0.0521897,387.5,139.4318988,0,0.847826087,0,0,0,0
20050,AGAGAGTGTGTGTGTGTGTGCGA,0,0,0.0125,0,0.367241041,552.5,193.7261086,0,-0.195652174,0,0,0,0
20051,TGTGTGTGAGTGTATGTGTGAGA,0,0,0.008838384,0,0.090827917,455,185.2863843,0,0.630434783,0,0,0,0
20052,GGTGTGTGTCTGTGTGTGTGGGA,0,0,0.002828283,0,0.325662758,552.5,187.9740522,0.091304348,0.608695652,0,0,0,0
20053,GGCAGCTGAGTCAGTACCTGAGG,0,0,0,0,0.223971519,522.5,202.9326784,0,0,0,0,0,0
20054,AAATGAGAACATGAGGACCAGAG,0,0,0.003072702,0,0.046671945,387.5,160.0827188,0,-0.065217391,0,0,0,0
20055,CACCCACTCCACCCATCCTCAGG,0,0,0,0,0.044156127,455,185.9185685,0,-0.434782609,0,0,0,0
20056,TGGATGCAGGTAGGAGCAGTGGA,0,0,0.000901698,0,0.080805497,357.5,180.1013039,0,-0.369565217,0,0,0,0
20057,TGGATGGATGAAGGATGGGTGGA,0,0,0,0,0.011404919,387.5,163.0291399,0.334782609,0.52173913,0,0,0,0
20058,TGGATGGAGGTGAGAGGAGGTGA,0,0,0.00188537,0,0.063046449,295,158.6168954,0,-0.413043478,0,0,0,0
20059,GCCTCCAGAAAGCCCCGCCACAG,0,0,0,0.045044261,0.045044261,455,182.2215548,0.095652174,-0.347826087,0,0,0,0
20060,GGTGACAGTGTATGTGCGTGGGG,0,0,0.334090909,0,0.169549595,522.5,203.3549544,0,-0.152173913,0,0,0,0
20061,AAATGAAAAGAAGATGGTCAAGG,0,0,0.004201681,0,0.01976186,387.5,156.2003533,0.182608696,1.782608696,0,0,0,0
20062,GCCTTCCCCAAGCCAGGTCAAGA,0,0,0.009398496,0,0.048243477,455,174.3215448,0.026086957,0.369565217,0,0,0,0
20063,CCCACCCAGGCAGAGGCACAGGA,0,0,0.003215021,0,0.138479285,552.5,191.6717373,0.039130435,-0.086956522,0,0,0,0
20064,AAGCACACCAGCAAGTAGAGAGA,0,0,0.018136186,0,0.272415361,425,200.870979,0,0.217391304,0,0,0,0
20065,GGTGAGTGGGTTTGTGGGGGGGG,0,0,0.003770739,0,0.052159464,387.5,155.7900082,0,0.369565217,0,0,1,0
20066,AGCTTGTTGTTATTGTTCTCGGA,0,0,0.009523809,0,0.485165286,522.5,208.7701359,0,-0.043478261,0,0,0,0
20067,CTGGGCCCACATGGCAATAATGG,0,0,0.107692308,0,0.280743218,455,188.6814685,0,-1.195652174,0,0,0,0
20068,GGGAGGAAGGAGTTTGTTCCAGA,0,0,0.015432099,0,0.395264636,552.5,191.8572912,0,-0.543478261,0,0,0,0
20069,TGTGCGTGAGTGTGAGTGTGAGA,0,0,0.009381092,0,0.163368333,455,182.7185474,0.17826087,-0.217391304,0,0,0,0
20070,GCCTCTTAGCCTCCCACCCTCGG,0,0,0.045539135,0.13997636,0.135479128,455,173.6763023,0,-0.282608696,0,0,0,0
20071,TACTTAATTGCATTGTTCTCAGG,0,0,0.4375,0,0.544491663,620,210.0390988,0.1,0.260869565,0,0,0,0
20072,AAGTGAGAAACTGAGGCACAGAG,0,0,0.019716507,0,0.35477267,460,199.7340794,0,0.304347826,0,0,0,0
20073,AACACGAGGGAGTGGAGTGGCAG,0,0,0.024074074,0,0.01622727,455,176.3917177,0.165217391,-0.086956522,0,0,0,0
20074,GCCTCTCCAAACCATGGTCAGGA,0,0,0.007681197,0,0.013066803,357.5,172.6353976,0.713043478,-0.47826087,0,1,0,1
20075,GGTGAGTTAGTGAGTGAATGAAG,0,0,0.036242604,0,0.041781429,387.5,160.1914182,0.008695652,-0.217391304,0,0,0,0
20076,GAATCCATAGCAGAGACTGCTGA,0,0,0.00310559,0,0.553689759,522.5,204.4389425,0,0.043478261,0,0,0,0
20077,TAGGTGGAGGAGAGAGGAGTCAG,0,0,0.068554131,0.281458195,0.272415361,425,200.870979,0,0.260869565,0,0,1,0
20078,ATAAACCCCAGTGAAGAGAGGAG,0,0,0.027714932,0.047463506,0.046662434,455,184.7933717,0,0,0,0,0,0
20079,GGTGAGTGTGTGTGTGTGCATGA,0,0,0.005028736,0,0.044208326,417.5,126.3685087,0.047826087,-0.52173913,0,0,0,0
20080,AACTAGGAAGAAGTGGCACACAG,0,0,0.036684303,0,0.1271669,522.5,203.9585114,0,0.565217391,0,0,0,0
20081,CCCTGTGTCTCTGTATGGGGGAG,0,0,0.004575163,0,0.049781259,395,140.8752155,0.004347826,-0.608695652,0,0,0,0
20082,GCCCTTCAGCCAGAGACACAGGG,0,0,0.185239313,0,0.50455783,620,212.5806356,0,0.02173913,0,0,0,0
20083,AGAGTGAGAGTGTGTGCGTGTGA,0,0,0.014204545,0,0.919204167,620,215.0004992,0,-0.086956522,0,0,0,0
20084,CACTTGTTTTCATTTCTCTCAGG,0,0,0.068027211,0,0.145244444,462.5,188.9045525,0.1,-0.565217391,0,0,0,0
20085,AGACCCAGTGAGTACAGCGGCAG,0,0,0.017302436,0.404027253,0.397208228,525,203.3513784,0.691304348,0.97826087,0,0,0,0
20086,GAAGGAGAAGAAGGGGCACGCAG,0,0,0.057824982,0,0.10391963,455,169.5496154,0.02173913,0.130434783,0,0,0,0
20087,GTCCCCCTTCCCCCAGCCTCTGG,0,0,0.056565656,0,0.136607805,425,194.5631144,0,-0.391304348,0,0,0,0
20088,CCAGTGTGTTGAGAGCAGGCAGA,0,0,0,0,0.023064847,455,182.8974722,0,0,0,0,0,0
20089,AAATGCGGAGAAGAGGCAAGAGG,0,0,0.109243698,0,0.119456149,485,146.4285992,0.552173913,0.97826087,0,0,0,0
20090,TGGATGGATGATAGATGAGTGGA,0,0,0,0,0.027312414,357.5,180.7363728,0.586956522,-0.217391304,0,0,0,0
20091,TGCCCAGACTGAGCAGGGGCTGG,0,0,0.011655012,0.023962336,0.023512339,417.5,139.3506409,0,0.02173913,0,0,0,0
20092,GACCCCCTCCACCTCCCTCCCGG,0,0,0,0,0.002064779,320,134.1010562,0.282608696,0.02173913,0,0,0,0
20093,TTTGTGTGTGTGTGTGCGTGTGG,0,0,0.138842975,0.860350791,0.833979885,620,213.7118996,0.382608696,-0.239130435,0,0,0,0
20094,TGCACTGAGTGAGCACGTGAGAG,0,0,0.09653764,0,0.50455783,620,212.5806356,0.008695652,0.304347826,0,0,0,0
20095,TTTGTGTGTGTGTGTGCGTGTGA,0,0,0.009641873,0,0.833979885,620,213.7118996,0,-0.347826087,0,0,1,0
20096,TGAGGCCCTTCTGCAGAACCTGG,0,0,0.186666667,0.620616516,0.609583333,552.5,196.0519689,0,0.152173913,0,0,0,0
20097,GTAACCTCCACAGACTTGGGTGG,0,0,0.036977778,0.161255717,0.155812486,357.5,183.7397048,0.143478261,0.152173913,0,0,0,0
20098,GGGAAGGACCCAGGGTCCTTTGA,0,0,0,0,0.011439144,357.5,160.8198098,0.295652174,0.413043478,0,0,0,0
20099,TCCTCCCCCACCCCTGGCCATGG,0,0,0.121008403,0,0.238701321,425,201.2940355,0,0.282608696,0,0,0,0
20100,GAAGGCCCGTCTGCAGCACCAGG,0,0,0.209523809,0.846960117,0.833979885,620,212.8382996,0,-0.760869565,0,0,0,0
20101,GGAGCCCCTTCTGCAGCAGTAGG,0,0,0.0234375,0.211743071,0.20797875,485,149.1524801,0.12173913,-0.086956522,0,0,0,0
20102,TGGATGATGGACTGAGGATTCGG,0,0,0.07518797,0.159111983,0.159111983,455,175.2529019,0,1.065217391,0,0,0,0
20103,GCTGTGTGTGTGTGTGAGTGTGA,0,0,0.004895105,0,0.372455417,552.5,192.7257886,0,-1.043478261,0,0,0,0
20104,GCCTTGCCAGGGCCTGGCCAGGA,0,0,0.007979096,0,0.422106805,522.5,204.9038759,0.269565217,0.217391304,0,0,0,0
20105,AACACCAATGAGCAGAGCTGAGA,0,0,0.036549707,0,0.34314,462.5,177.0528626,0.091304348,-0.260869565,0,0,0,0
20106,AAATGTGGAGAGGAGACACATGG,0,0,0.378306878,0,0.073249464,455,189.3096727,0,-0.260869565,0,0,0,0
20107,GTCTCCTCCAACGCCTCGGGCGG,0,0,0.022797636,0,0.042424685,357.5,177.9850038,0,-0.652173913,0,0,1,0
20108,GAGTCTAAGGAGAAGAAAAAAGA,0,0,0.017361111,0,0.112123929,552.5,184.6157655,0,0.130434783,0,0,0,0
20109,CAATGAGAAGAAAAGGCAAAAGA,0,0,0.023547881,0,0.436194915,462.5,180.1526795,0.008695652,-0.239130435,0,0,0,0
20110,AGTGAGTGTGTGTGTGTGAGAGG,0,0,0.072,0,0.123933228,485,163.5061086,0,-0.195652174,0,0,0,0
20111,GACATATGTTCACTGTTCTCCAG,0,0,0.071474984,0.334982304,0.334982304,522.5,203.9412785,0.017391304,-0.065217391,0,0,0,0
20112,AGTGAGTGTGTGTGTGTGAGAGA,0,0,0.005,0,0.123933228,485,163.5061086,0,-0.02173913,0,0,0,0
20113,AAAGAAGAAGAAGAGGTAAAAGA,0,0,0.007523148,0,0.19201875,485,165.303969,0,-0.304347826,0,0,0,0
20114,GAGTCCCCAAAACCTGACCATGA,0,0,0.021997755,0,0.29571619,455,189.7297885,0.695652174,2.717391304,0,0,0,0
20115,CCCTGTGGCTCTGAAGGGTTCAG,0,0,0.026577909,0,0.011549968,387.5,156.4245726,0.047826087,0,0,0,0,0
20116,GAGCCACTGCACCCTGCCTCCAG,0,0,0.004967666,0,0.146830007,522.5,198.7192141,0,-0.695652174,0,0,0,0
20117,TGTGTGTTAGTGTGTGCATGTGA,0,0,0.010926573,0,0.310333333,552.5,189.3885298,0,0.065217391,0,0,0,0
20118,TCCTTGCATCCAGAGAGACAGGA,0,0,0.001299762,0,0.368797917,552.5,195.5543049,0,-0.108695652,0,0,0,0
20119,GAGACCAAGCAGAGGAAAAAAAG,0,0,0.03988604,0.031030047,0.029982619,455,178.8807013,0.034782609,-0.217391304,0,0,0,0
20120,TGTATGGAGAAATGGTGAGTAGG,0,0,0,0,0.06292255,455,182.1848161,0,0.065217391,0,0,0,0
20121,GACACTGAGGCTGGGCGTGGTGG,0,0,0,0,0.069289873,455,184.3647356,0.034782609,-0.130434783,0,0,0,0
20122,GACACTGAGGCTGGGCGTGGTGA,0,0,0,0,0.069289873,455,184.3647356,0,0.434782609,0,0,0,0
20123,GGTGTGTGAGTGTGTGAATGTGA,0,0,0.008158508,0,0.224372457,492.5,172.7022357,0.265217391,1.434782609,0,0,0,0
20124,TGGGTTGAAGAATGAGAAGTGAG,0,0,0.064814815,0,0.213926133,552.5,191.5945246,0.030434783,0.173913043,0,0,0,0
20125,TTGATGGGGGAATGAAGAGGAGA,0,0,0.005718954,0,0.119960915,485,161.4341572,0,-0.130434783,0,0,0,0
20126,GAGTAGGAGTTGAAGAAGAAGAG,0,0,0.021451316,0,0.422106805,522.5,204.9038759,0,0.130434783,0,0,0,0
20127,GAAACTGAACCAGAGTGTTTTAG,0,0,0.009818446,0.329057686,0.317950254,552.5,190.9081685,0.069565217,0.108695652,0,0,0,0
20128,CGCAACCTTCCAGAGCCACAAAG,0,0,0,0.267576419,0.258544304,552.5,197.2834372,0.804347826,-0.108695652,0,0,0,0
20129,GGTGTGTGAGTTGGTGGGTGGGG,0,0,0.002146191,0,0.11019029,357.5,179.7101479,0.504347826,0.695652174,0,0,1,0
20130,GACATATTTTCATTTTACTCAGG,0,0,0.036281179,0.095444268,0.093833394,455,181.3472834,0,0.108695652,0,0,0,0
20131,ACACCAGATGAAGAGGCACACAG,0,0,0.062138189,0,0.833979885,620,212.8382996,0,0.130434783,0,0,0,0
20132,GGTCCTGAGGCAGGAGGTGGGGG,0,0,0.12617647,0,0.694060843,522.5,206.9824826,0,-0.347826087,0,0,0,0
20133,GGCACTGCTGCTGGGGAAGGGAG,0,0,0.055923182,0,0.017678619,387.5,154.6237537,0,0.239130435,0,0,0,0
20134,AGTGTGTGAGTGTGTGTATGAGG,0,0,0.105734266,0,0.119478333,485,171.5022357,0,0.673913043,0,0,0,0
20135,CCCACCCCAAGGTCTGGCCAAGA,0,0,0.010747354,0,0.322857199,425,202.5969958,0,-0.065217391,0,0,1,0
20136,AATGACTATTACATCAACAAAGA,0,0,0.026331018,0,0.039537264,485,174.5825019,0,-0.586956522,0,0,0,0
20137,CATGATCACTACCACCTCAACAG,0,0,0.026892628,0,0.052439572,425,196.2755108,0.404347826,0.608695652,0,0,0,0
20138,GGGGAGAGAGTGTGGGGGTGGGG,0,0,0.001286765,0,0.10444789,455,181.0956866,0,-0.086956522,0,0,0,0
20139,GGGCTGGAGGAATGGGGATTTAG,0,0,0.037927441,0,0.141195423,455,173.3713785,0,-0.304347826,0,0,0,0
20140,GCCAGTGCCTCTGGATGGGTGGA,0,0,0.011322464,0,0.526848592,552.5,184.4785831,0,0.152173913,0,0,0,0
20141,GAATTCAAAGCATGGATTGCAGG,0,0,0.063353536,0,0.086229035,455,184.4127843,0,-0.043478261,0,0,0,0
20142,GTGTGAGAGGAGTGTGCTCCTGA,0,0,0,0,0.135502769,522.5,202.4350144,0.013043478,0,0,0,0,0
20143,TGTGAATGAGTGTGTGAGTGGGA,0,0,0.032407407,0,0.780524691,560,197.6279049,0,0.282608696,0,0,0,0
20144,GACTGGGGAGCAGAGTTTTTAAG,0,0,0.036296296,0,0.789491758,622.5,212.152279,0,-0.130434783,0,0,0,0
20145,AATGAGTGAGTGAGTGAGTGAGA,0,0,0.017085799,0,0.23590875,455,188.4745684,0,-0.239130435,0,0,0,0
20146,GACCCCTCCCTCCCCACCTCAGG,0,0,0.25,0,0.093281959,455,190.1984926,0.060869565,0.043478261,0,0,0,0
20147,TGGATGGAGGGATGAATAGATGG,0,0,0.09140625,0,0.021926724,320,137.5577794,0,0.739130435,0,0,0,0
20148,GCCTCTGTGCCACCCTCCTGTGG,0,0,0,0.045764147,0.044991756,485,158.431013,0.073913043,-0.043478261,0,0,0,0
20149,GCCCTCCCCAAGCATGGCCAAGG,0,0,0.082352941,0,0.130251581,522.5,201.439115,0.613043478,-0.130434783,1,0,0,0
20150,AGTGTGTGAGTCTGTACGTGTGA,0,0,0.012032086,0,0.133988,455,192.9071537,0,0.02173913,0,0,0,0
20151,ACTTGTGTCTCTGGATGGAGGAG,0,0,0.031454248,1.522822222,1.47120113,560,182.7344001,0,-0.608695652,0,0,1,0
20152,GTCATTTTAGTCATATTCTGAGA,0,0,0,0,0.015361544,412.5,164.9324575,0,0.108695652,0,0,0,0
20153,AAAGGAGAACAGGAGGCTCAAGA,0,0,0.00626929,0,0.133501865,455,180.1952298,0,0.130434783,0,0,0,0
20154,GGCCCAGACTGAGAATGGAAGGA,0,0,0.001780627,0,0.002064779,320,134.1010562,0.060869565,0.630434783,0,0,0,0
20155,AATTGAGAGGATGAAGCACAAGA,0,0,0.010252467,0,0.11940556,425,192.7890976,0,-0.217391304,0,0,0,0
20156,CCGACCCATACAGACACACAGAG,0,0,0.030639731,0.365828778,0.365828778,522.5,198.184922,0.060869565,0.108695652,0,0,0,0
20157,GCCATCCCTTCTCCAGCAGCGGG,0,0,0.015615963,0.197330208,0.190314023,455,178.1846795,0,0.108695652,0,0,0,0
20158,AAATGAGACCCAGAGGCACACAG,0,0,0.023703704,0.724541929,0.724541929,532.5,205.2183995,0,-0.47826087,0,0,0,0
20159,CCCATCCATACAGAGTGCCACAG,0,0,0,0.016832136,0.016316208,442.5,150.5103933,0,-0.391304348,0,0,0,0
20160,GGGTGGGAGAAGTCTGCTCCCAG,0,0,0.069135802,0.349042972,0.349042972,530,200.669262,0.217391304,0.195652174,0,0,0,0
20161,CCCCACCCCCACCCCGCCTCAGG,0,0,0.320699708,0,1.364942529,620,214.571863,0,-0.065217391,0,0,0,0
20162,TGTGGGTGAGTGTGAGTGTGTGA,0,0,0.013508772,0,0.163368333,455,182.7185474,0,-0.130434783,0,0,0,0
20163,GCCACCCCTCAGCCTGGACACAG,0,0,0.013295347,0.171583808,0.16579195,552.5,183.9515499,0,-0.130434783,0,0,0,0
20164,GCCTCCCCAAAGCTCTGCCCCGG,0,0,0,0,0.003909308,325,138.927768,0,0.826086957,0,0,0,0
20165,TGTGGGTGAGTGTGAGTGTGTGG,0,0,0.194526316,0,0.163368333,455,182.7185474,0.073913043,0.173913043,0,0,0,0
20166,CTTCTCCCTCAGTGCAGTAAGGA,0,0,0.00421123,0,0.338304443,522.5,203.5789791,0,0.043478261,0,0,0,0
20167,GGATACCCTACTCCAGCACCTGG,0,0,0.114832536,0,0.509948268,522.5,202.547023,0,-0.195652174,0,0,0,0
20168,GTCCCCTCCCATGACAGGGGAGG,0,0,0.01887386,0.093249768,0.091675932,485,175.0601266,0,-0.847826087,0,0,0,0
20169,CCTGCCTGGGCTTTGCTCACAGG,0,0,0.181071429,0,0.086497058,425,188.4340606,0.630434783,-0.02173913,0,0,0,0
20170,GTCCCTGCCTGAGCACCTGAGGA,0,0,0.003183091,0,0.368797917,552.5,193.088088,0,-0.347826087,0,0,1,0
20171,AAATAAAAAGAAGAGGAAAAGAG,0,0,0.044938272,0,0.12450836,485,163.7943882,0,0.108695652,0,0,0,0
20172,TGGATAGATGAATGAGAGGTTGA,0,0,0.01382716,0,0.041929522,485,167.0447913,0,-0.02173913,0,0,0,0
20173,TGGGAGAGAGTGTGTGTGTGAGG,0,0,0.204166667,0.417946745,0.410516581,552.5,195.3027081,0.02173913,-0.391304348,0,0,0,0
20174,TGTGAGTGTGTGTGTGGATGCAG,0,0,0.006334842,0,0.073001262,485,168.8307753,0.343478261,-0.173913043,0,0,0,0
20175,TGGATGGACGGATGGGTAGTTGG,0,0,0.056875,0,0.047757775,357.5,173.8170033,0.369565217,0.173913043,0,0,0,0
20176,TTTAACCCCAGTGAGTTGAGAGA,0,0,0.002025463,0,0.410516581,552.5,195.3027081,0,2.826086957,0,0,0,0
20177,GGGTTGGGAGAATTTGTTCCCAG,0,0,0.021777778,0,0.173969682,455,185.2496881,0,0.043478261,0,0,0,0
20178,CGGATGGAGAAATGAAGAGATGG,0,0,0.45,0.11259853,0.110484003,485,159.7822378,0,-0.086956522,0,0,0,0
20179,GAGCGCGAGCAGAAGAAAAGAAG,0,0,0.053287197,0.131751244,0.129409,485,154.4771468,0,-0.043478261,0,0,0,0
20180,TTCTTGTTTTTATTGTTGTCTAG,0,0,0.007735474,0.178584677,0.172235,455,187.306583,0,0.130434783,0,0,0,0
20181,CTCACTGCTGCTGGTGGTGGTGA,0,0,0.003367003,0,0.24614019,522.5,200.7931981,0,-0.239130435,0,0,1,0
20182,CCAGTGAGTGGGGCAAAGGCTGG,0,0,0.377632535,0.028510336,0.028510336,357.5,174.9967157,0.034782609,-0.130434783,0,0,0,0
20183,AATGACCCCCACAGCCTCAGGGA,0,0,0,0,0.08601783,455,162.331662,0.013043478,-0.369565217,0,0,1,0
20184,AGAAAATACCCAGCATGCGTTGG,0,0,0.022689075,0.417946745,0.410516581,552.5,195.3027081,0.056521739,0.347826087,0,0,0,1
20185,CCCTGTTTCCCTGGAGGTATCAG,0,0,0.018233618,0.031347484,0.030340335,485,169.1133236,0.786956522,0.565217391,0,0,0,0
20186,TGTTTGTGAGTGTGTGTGTGTGA,0,0,0.004285277,0,0.609583333,552.5,196.0519689,0.760869565,-0.173913043,0,0,0,0
20187,GAGCCACCCCACCCAGCCTCTAG,0,0,0.026748971,0,0.240310978,522.5,199.5791775,0,-0.304347826,0,0,0,0
20188,AGCATCCCTTCTGCAGCCGCGGG,0,0,0.009183673,0.101816651,0.101816651,485,162.5006668,0.017391304,-0.347826087,0,0,1,0
20189,TGGATGGATGAATGGGGGATAGG,0,0,0.099047619,0,0.014464324,387.5,144.8618649,0,-1.02173913,0,0,0,0
20190,CTAGTGAGGAGCCCGGAGGCAGG,0,0,0.062356849,0.171970957,0.166445786,425,197.7847987,0,-0.195652174,0,0,0,0
20191,GGCACTGCTGAAGGTGGTGGGGG,0,0,0.064,0,0.061030715,327.5,187.0870139,0,-0.043478261,0,0,0,0
20192,ACCAGCCAGCCAAAGACACATGA,0,0,0.025396825,0,0.355433782,522.5,204.4525791,0.208695652,0.391304348,0,0,0,0
20193,TACCCCCTCCTCCCAGCTTCTGG,0,0,0.043956044,0,0.04615898,357.5,173.3395614,0,0,0,0,0,0
20194,CCTATCCATCCAGAGACTGGCAG,0,0,0.008518859,0,0.040193141,442.5,125.3630669,0,-0.195652174,0,0,0,0
20195,AAATAAGAAAAAGCGGTACAAGG,0,0,0.080888889,0,0.079416941,455,180.2946479,0.234782609,0.152173913,0,0,0,0
20196,CTTGTCCCAGATGGCAGTAGCAG,0,0,0.018870623,0.299180403,0.299180403,455,168.0662432,0.07826087,-0.130434783,0,0,0,0
20197,GAGGAGGAGGAGAAGAAGAAAGA,0,0,0.004822531,0,0.760552802,622.5,210.2603596,0,-0.565217391,0,0,0,0
20198,GAGGAGGAGGAGAAGAAGAAAGG,0,0,0.069444444,0,0.760552802,622.5,210.2603596,0,0.195652174,0,0,1,0
20199,GGCAGTGCGGCTGGAGGGTAGAG,0,0,0.032407407,0,0.040763835,442.5,124.6027469,0,-0.130434783,0,0,0,0
20200,GACACCCAACCAGAGTTCCTGAG,0,0,0.008429119,0.058378574,0.058378574,485,155.6537496,0,-0.108695652,0,0,0,0
20201,GGTGTGTGTGTGTGTGTCTGAGA,0,0,0.003367003,0,0.069304995,485,167.5424553,0.004347826,-0.369565217,0,0,0,0
20202,CTTGCCTCACAGGGTTGTTATGA,0,0,0,0,0.01490737,387.5,154.5733718,0,-0.413043478,0,0,0,0
20203,GGAGCTGCGGCTGCAGGAGGAGA,0,0,0.010747354,0,0.045592311,455,180.7358821,0.77826087,0.47826087,0,0,0,0
20204,TCCTCCTCAAATCCTTGCCAGGA,0,0,0,0,0.091513804,455,191.8122929,0.939130435,4.304347826,0,0,0,0
20205,CCCTGTGTCTGTGGAAGTAAGGA,0,0,0.005918561,0,0.011162696,320,133.1205572,0,0.043478261,0,0,0,0
20206,CCAATCCATCCAAAGTCTCAAGA,0,0,0,0,0.02036783,387.5,166.4609203,0.013043478,-1.5,0,0,0,0
20207,ATGAGCACCATAGAGCAGAGGAG,0,0,0.038290598,0.069426355,0.067195789,357.5,186.67707,0,-0.282608696,0,0,0,0
20208,AAAGTGGAAGAAGAGGCAGAGAG,0,0,0.004340278,0,0.30174375,555,184.5040961,0.069565217,-0.108695652,0,0,0,0
20209,TGGATGGGTGAATGGAGAGTAGA,0,0,0.017654321,0,0.038443137,455,180.6449552,0,0,0,0,0,0
20210,GAAACACAAGCTGAGTTTTTGAG,0,0,0.047813786,0.286796351,0.286796351,522.5,206.7867348,0,-0.217391304,0,0,0,0
20211,GGCAAAGACCCAGCCTCCCTGAG,0,0,0.012190874,0.278928444,0.278928444,462.5,174.9169785,0,-0.239130435,0,0,0,0
20212,CTCATATATGCAGAGACACACAG,0,0,0.06915217,0.535883099,0.519457564,620,209.7990988,0.086956522,0.043478261,0,0,0,1
20213,GACTTATTTTCATTTGTCTCAAG,0,0,0.012820513,0,0.078499781,462.5,187.1185685,0,-0.108695652,0,0,0,0
20214,GGCGCTGCGGCCCGAGGGGGTGG,0,0,0.083102493,0,0.056096875,357.5,175.6876457,0,-0.5,0,0,0,0
20215,CCATTCGTCTGTGGATGGATGGA,0,0,0.004103535,0,0.451897188,522.5,209.3676123,0,0.02173913,0,0,0,0
20216,GGCTCAGACTGGGCACTTGTTGG,0,0,0.086666667,0,0.125064555,387.5,152.4865886,0.013043478,-0.02173913,0,0,0,0
20217,CACATGCACCCACAGACACAGGG,0,0,0.141332352,0,0.204674188,522.5,203.7149151,0,-0.130434783,0,0,0,0
20218,GGTGAGAGAGAGTGCGTGTGAGA,0,0,0.005800189,0,0.055958329,357.5,175.3936029,0,0.086956522,0,0,0,0
20219,GTCACAAACTGAGCACATGATGA,0,0,0.034733298,0,0.416345417,552.5,194.7171081,0,-0.47826087,0,0,0,0
20220,GGTGTGTGCGTGTGTGTGTGAGG,0,0,0.096969697,0.699446792,0.699446792,560,194.1657886,0,-0.326086957,0,0,0,0
20221,AAAAAAGAAGAATATGCACAAGA,0,0,0.001228269,0,0.148388855,425,193.3317379,0.213043478,0.326086957,0,0,0,0
20222,AAGTGAGCAGAAGAGATACAGGA,0,0,0.008487654,0,0.098146003,485,177.2976461,0,-0.217391304,0,0,0,0
20223,AAATAAGAAGAAAAGGACCATGA,0,0,0.004938272,0,0.043896945,387.5,162.0029151,0.008695652,0.173913043,0,0,0,0
20224,TGGATGGAGGATGGAGGGATGGA,0,0,0.001725328,0,0.016045641,290,145.8132458,0.034782609,0.108695652,0,0,0,0
20225,AAATGAAAAGATAAGCCACAGAG,0,0,0,0,0.032002267,357.5,182.3129723,0,-0.97826087,0,0,0,0
20226,GAGACTGATGTCCTCCACATGGG,0,0,0.216666667,0.357283047,0.34522286,552.5,194.6115849,0.334782609,0.369565217,0,0,0,0
20227,GCCCCTTGCCCACCCACCTGCAG,0,0,0.021709599,1.397354497,1.397354497,560,179.2889831,0,-0.369565217,0,0,0,0
20228,GGGTGGTGGGGGAGTGCTCCAGG,0,0,0,0.030299305,0.029834948,327.5,189.4482303,0.504347826,-0.065217391,0,0,0,0
20229,CCCTGTGTCTCCAGATGGAAGAG,0,0,0.127530364,0.212175934,0.212175934,365,166.0469791,0,0,0,0,0,0
20230,AAATGAGAATAAGAGGAATTCGA,0,0,0.007291667,0,0.066638083,417.5,125.3365526,0.026086957,0.152173913,0,0,0,0
20231,TGCATGGAGGAAAGTGGATTGGG,0,0,0.035502959,0,0.051004158,357.5,164.217658,0,0.173913043,0,0,0,0
20232,TCTGCCCCACATGGCAGTAATGA,0,0,0.022893773,0,1.384888889,530,212.4438996,0,-0.5,0,0,0,0
20233,ATGAACACTAGTATGTACAGTAG,0,0,0.053181386,0.009879843,0.009879843,357.5,168.6783812,0.034782609,0.260869565,0,0,0,0
20234,GACACATGCAATGACTTGGGTGA,0,0,0.004676871,0,0.368797917,552.5,193.088088,0,0.086956522,0,0,0,0
20235,AGACGAGAAGGAGAGGCACCGGG,0,0,0.076470588,0,0.387083187,455,174.7187164,0,-0.260869565,0,0,0,0
20236,GACATGTTCTCATTGTTCTTTGA,0,0,0.009157509,0,0.853783598,560,178.4290197,0.982608696,0.47826087,0,0,0,0
20237,GATGTGTGTGTGTGTGTGTGTGA,0,0,0.005982906,0,0.372455417,552.5,192.7257886,0.108695652,0,0,0,0,0
20238,AAAAGACAAGAAAAGTCACACAG,0,0,0,0,0.068338689,455,189.1554728,0,-0.347826087,0,0,0,0
20239,GATGTGTGTGTGTGTGTGTGTGG,0,0,0.086153846,0,0.372455417,552.5,192.7257886,0,0.434782609,0,0,0,0
20240,AAATGAGAAGAAGATGCAAAGGA,0,0,0.004251701,0,0.507588608,470,176.6449785,0,-0.130434783,0,0,0,0
20241,AATTACAACTATGTCCTCAAGGA,0,0,0.006650958,0,0.186059692,425,198.7277982,0.02173913,0,0,0,0,0
20242,TGTGAGTGAGTGTGGGTGTGTGG,0,0,0.023333333,0,0.345753086,462.5,185.2068674,0,-0.369565217,0,0,1,0
20243,AGATGAGCAAAACAGGCACAGAG,0,0,0.034931774,0,0.509948268,522.5,201.3691261,0.030434783,0.152173913,0,0,0,0
20244,TCCTCCCCACAGCCTGGGCATGG,0,0,0.044444444,0.624736612,0.604903704,560,189.9849303,0,0,0,0,0,0
20245,ACCTCCCCCAAGACTGGACAAAG,0,0,0.027613412,0.07608576,0.073380489,455,180.3175658,0.095652174,-0.630434783,0,0,0,0
20246,TGTGAGAGTGTGTGTGGGTGTGG,0,0,0.030882353,0,0.25438705,552.5,191.8709278,0,-0.565217391,0,0,0,0
20247,GGGAAAGAACCCGGATCCCTGGA,0,0,0,0,0.02018639,357.5,165.1369346,1,-0.217391304,0,0,0,0
20248,CCAAGCCAGCCAGAGGCACAAAG,0,0,0.017119342,0.158432956,0.155758982,552.5,196.1354738,0.208695652,0.391304348,0,0,0,0
20249,CCCTCCCCAAGGCTTAGCCAGAG,0,0,0.088271605,0,0.022520605,357.5,184.0423058,0.67826087,1.413043478,0,0,0,0
20250,GATCCCCGCCTCCCCGCGTCGGG,0,0,0.020683761,0,0.16982371,455,183.9187661,0.069565217,0.152173913,0,0,0,0
20251,AAATAAGAAGAAGAGCAAGAAGA,0,0,0,0,0.03135496,417.5,148.8891431,0,1.152173913,0,0,0,0
20252,TGGATTGAGGCATGAGCAGAGGA,0,0,0.00245098,0,0.081031088,387.5,153.0602213,0,-0.02173913,0,0,1,0
20253,TACACCCTCCAACCCTCCTCTGG,0,0,0,0,0.133988,455,193.3218737,0,-0.065217391,0,0,0,0
20254,CACATATTTTCATTGTTCTCAAG,0,0,0.088183421,1.502614379,1.46807152,627.5,217.740416,0,-0.152173913,0,0,0,0
20255,AATGAAAACTATATACTCAACAG,0,0,0.021604938,0.077952761,0.077952761,425,193.1077132,0.234782609,0,0,0,0,0
20256,GGTGAGTGAGTGAGTGAATGTGA,0,0,0.015532544,0,0.070863011,395,164.4912351,0,-0.043478261,0,0,0,0
20257,GACTTTCTTTCATTGGTTTCAGG,0,0,0.101991758,0,0.020939539,485,172.319076,0,0.043478261,0,0,0,0
20258,GGCAGGGCTGCTCGAGGTGGAGG,0,0,0.076992481,0,0.19526388,522.5,202.6665951,0.004347826,-0.804347826,0,0,0,0
20259,GGCAGAGGATGAGCACGTGAAGG,0,0,0.317593985,0.821391509,0.797321429,620,209.9784827,0,-0.304347826,0,0,1,0
20260,TACTTGTTTTCCATGTTTTCCAG,0,0,0.030364372,0.061267094,0.059088708,357.5,176.5612457,0,-0.369565217,0,0,0,0
20261,GCAGTCCCGGCTGCAGCACCTGG,0,0,0.133928571,0.792383078,0.768095474,620,209.1348832,0,-0.282608696,0,0,0,0
20262,AAGTCCCATCAGAAGAAAAATGA,0,0,0.015865384,0,0.129506134,552.5,187.4337056,0,-0.282608696,0,0,0,0
20263,GTCCCCATCCACCCCTCATCAGG,0,0,0,0,0.036456719,485,173.86506,0,-0.195652174,0,0,0,0
20264,TGTGCATGAGTGTGTCCGTGTGA,0,0,0,0,0.164761667,552.5,198.8372701,0,0.108695652,0,0,0,0
20265,GACACCGAAGCTGACTGTCTCAG,0,0,0.000764918,0.022166286,0.021826573,290,145.542767,0,-0.369565217,0,0,0,0
20266,AGTGGGTGTGAGTGTGCGTGTGG,0,0,0.2916,0,0.485165286,522.5,207.7218159,0.1,0.47826087,0,0,0,0
20267,GACTTGTCATCTTTGTTCTGCAG,0,0,0.004720407,0.1884295,0.1884295,455,167.2867023,0,-0.347826087,0,0,0,0
20268,GAGTCCAAGAAGGAGAAAAAAGA,0,0,0.027173913,0,0.068265755,455,176.902429,0,-0.065217391,0,0,0,0
20269,AAATGAGGACAAGACACACAAGG,0,0,0.08,0,0.057947838,455,179.6129992,0,-0.565217391,0,0,0,0
20270,AAAAAAGAAGAAGAAGCTCAAAG,0,0,0.050351005,0,0.078958228,455,177.4077251,0,0.304347826,0,0,0,0
20271,GGCCCTGGGGCTGAAGATGGCAG,0,0,0.04117647,0,0.086229035,455,182.6012873,0.995652174,6.652173913,0,0,0,0
20272,GAGGCCGAGGGGAAGAAGAGAGA,0,0,0.008389785,0,0.337490089,455,169.9669799,0,-0.369565217,0,0,0,0
20273,TGTGTGAGAGTGTGTGTGTGGAG,0,0,0.038496072,0,0.416345417,552.5,194.5423881,0.113043478,0.02173913,0,0,0,0
20274,TATGATCGCTACATCCACAATAG,0,0,0.094156378,0.375472992,0.368797917,552.5,193.328088,0,0.282608696,0,0,0,0
20275,GCAGAGTGTGTGTGTGTGTGTGA,0,0,0.009615385,0,0.367241041,552.5,193.4861086,NA,NA,0,0,0,0
20276,GATCACATAGCCTAAACTGCTGA,0,0,0.00520332,0,0.195426448,425,193.649061,0,-0.630434783,0,0,0,0
20277,GACCCCGGCCACCCGGCCCCCAG,0,0,0.001234067,0,0.086670755,455,168.7619807,0,-0.326086957,0,0,0,0
20278,ATATACACCAGTGAGGGGAGGGA,0,0,0.00202463,0,0.098146003,485,179.523863,0.108695652,0.391304348,0,0,0,0
20279,GGTGGGTGTGTGTGTGGGTGGGG,0,0,0.025411765,0.699446792,0.699446792,560,194.1657886,0.008695652,-0.130434783,0,0,0,0
20280,AGCTGAGAAGAAGATGCAGACGA,0,0,0.00042517,0,0.13179369,455,173.4769785,0,-0.173913043,0,0,0,0
20281,AAATGAAAATCAGAGGGACACAG,0,0,0.004956427,0.195444222,0.192304556,455,184.608888,0,-0.108695652,0,0,0,0
20282,TGTTAGTGAGTGTGTGCAGGTGG,0,0,0.062937063,0,0.103262324,485,162.1550668,0,-0.152173913,0,0,0,0
20283,TGGATGGATGAATGAGTAGATGG,0,0,0.075,0,0.276113616,492.5,158.3165087,0,-0.5,0,0,0,0
20284,TGATGTGAAGAAGAGACACAGGG,0,0,0.571428571,0,0.164761667,552.5,199.8855901,0.004347826,0.065217391,0,0,0,0
20285,TGGATGGATGAATGAGTAGATGA,0,0,0.005208333,0,0.276113616,492.5,158.3165087,0,0.5,0,0,0,0
20286,GGAGAGAGAGCATAGACTGCTGG,0,0,0.146666667,0,0.82579023,620,213.200599,0,-0.695652174,0,0,1,0
20287,CTGATGGGGGATTGAGGAGTAGA,0,0,0.009259259,0,0.703915663,522.5,208.1440826,0.008695652,-0.652173913,0,0,1,0
20288,AAAAGAAATGAAGAGACACAAAG,0,0,0.074074074,0,0.107893899,552.5,194.695013,0.086956522,-0.065217391,0,0,0,0
20289,GCCCCGCCCCGCCCCGCCTCCGG,0,0,0.255357143,0,0.480400979,522.5,207.8441153,0,0.086956522,0,0,0,1
20290,TGGAGGGAGGAAGGAGGATGGAG,0,0,0.005092356,0,0.080487776,387.5,140.5267596,0.156521739,0.173913043,0,0,0,0
20291,GCTCCCCCAAAGCCTGGACTTAG,0,0,0.037261186,0.132301321,0.127597274,485,155.2374668,0.517391304,0.282608696,0,0,0,0
20292,GGTGGGTGGGTGGGTGGGTGGAG,0,0,0.001909633,0,0.136842006,455,183.466468,0,-0.434782609,0,0,0,0
20293,CCTGCCTCTGCTCTCCTCCCAGG,0,0,0.049373041,0,0.145189893,462.5,171.4851981,0,-0.02173913,0,0,0,0
20294,GGTGAGTGACTGAGGGTGTGAGG,0,0,0.006461538,0,0.050197315,357.5,169.5158104,0.873913043,-0.065217391,0,0,1,0
20295,GGTGAGTGGGTGTGTCGGTGTGA,0,0,0,0,0.108122079,492.5,178.1656827,0.465217391,-0.130434783,0,0,0,0
20296,AGGAAGGAGGACTGAGGACTCGG,0,0,0.058983666,0.259209507,0.259209507,455,179.4475796,0.039130435,0.195652174,0,0,0,0
20297,TGGATGGAGCAGTGTGGAGGCAG,0,0,0.002643428,0,0.072452122,357.5,155.1475416,0.67826087,-0.065217391,0,0,0,0
20298,GCTTGCTCCAAGCCTGGCCAGGG,0,0,0.191517857,0,0.561633746,620,211.0407188,0.282608696,0.282608696,0,0,0,0
20299,GGCACTGCTACTGCAGCTGGTAG,0,0,0.013013798,0,0.044061797,455,177.6231875,0,-0.739130435,0,0,0,0
20300,GACTTCTTTCTATGGTTCTCAGA,0,0,0,0,0.062893914,425,194.5530112,0,-0.586956522,0,0,0,0
20301,AATGACCACTACACCCAGAAAGG,0,0,0.02031746,0,0.027283175,395,162.351371,0,-0.5,0,0,0,0
20302,CCAGTCAGCAGAGCAGAAGCCAG,0,0,0.10631902,0.029187304,0.029187304,455,173.8238808,0.02173913,-0.195652174,0,0,0,0
20303,GGCCCTGGCTGAGGAGGTGAGAG,0,0,0,0.022545448,0.022183273,455,185.3865885,0,-0.260869565,0,0,0,0
20304,CGTGTGTGTGTGTGTGCGAGCGA,0,0,0.003092146,0,0.321904489,552.5,183.2038997,0.013043478,0.065217391,0,0,0,0
20305,GGTATGTGTGTGTGTGTGTGGGG,0,0,0.091636364,0,0.353596915,552.5,192.0921886,0.939130435,0.173913043,0,0,0,0
20306,GGCCCCCTCCCCGCAGCCTCTGG,0,0,0.00969697,0,0.086525729,327.5,189.0235742,0.02173913,0.326086957,0,0,0,0
20307,CCTGCCTACTCTCTTCTTACGGG,0,0,0.067901786,0.07034598,0.069215924,455,171.4780918,0,-0.282608696,0,0,0,0
20308,GAGCCCCTGCACCCAGCCTTGGA,0,0,0.001432981,0,0.106601012,455,163.3675981,0,0.304347826,0,0,0,0
20309,ACATGACAAGAAGAGGGAGAAGA,0,0,0.000275826,0,0.131148806,485,164.8427082,0.065217391,-0.47826087,0,0,0,0
20310,GAGTCCAAGCAGTAGATGATCAG,0,0,0.006222222,0.064882475,0.063787412,387.5,149.1937877,0.030434783,0.304347826,0,0,0,0
20311,GGTGTGGGGGTGTGTGTGTGTGA,0,0,0.004621377,0,0.241506693,552.5,190.5826078,0,-0.717391304,0,0,0,0
20312,AAGTCCCGGCAGAGGAAGAAGGG,0,0,0.21175,0,0.152972547,522.5,202.0778176,0.017391304,0.108695652,0,0,0,0
20313,GCGTTCCCACAGCCTGGCCCTAG,0,0,0.006249362,0,0.599576987,552.5,175.2543437,0,-0.347826087,0,0,0,0
20314,CATCCCTGCCCTCTACTCACTAG,0,0,0.025668449,0,1.257112069,620,209.9948466,0.117391304,-0.195652174,0,0,0,0
20315,ACCTCCCAGCAGAAGAAGAAAAG,0,0,0.048477564,0.919204167,0.919204167,622.5,216.0488192,0,0.304347826,0,0,0,1
20316,TAGGTGAGTAGAGCGGAGGGTGA,0,0,0.001815541,0,0.687682923,555,181.2944001,0,-0.108695652,0,0,0,0
20317,GGCTGTTCCCCAACCACCTTGGG,0,0,0.160535117,0,0.553689759,522.5,205.0725425,0,-0.347826087,0,0,0,0
20318,GGGACAGAACAAACATCCGTAAG,0,0,0.076923077,0.184790445,0.17912637,425,198.2224954,0,-0.369565217,0,0,0,1
20319,GGGTCTGTGGATGGAGGTGGGAG,0,0,0.054135101,0,0.7469375,522.5,208.4684993,0.604347826,0.673913043,0,0,0,0
20320,GATTTTTTTTCTTTTTTCTCTGG,0,0,0.021825397,0.118233001,0.118233001,425,194.962894,0,-0.543478261,0,0,0,0
20321,TTGCTGGAGGAATGAAGAGGTGG,0,0,0.039635105,0,0.119960915,485,163.6603742,0.082608696,0.5,0,0,0,0
20322,GGCACAGAAGCAGGAGGTGGGGA,0,0,0.020119048,0,0.248242453,522.5,202.6383182,0.347826087,-0.086956522,0,0,0,0
20323,GAACCCTTCCAACCAGCCTCAAG,0,0,0.028978052,0,0.133476264,425,194.3656972,0,0.195652174,0,0,0,0
20324,GAGGAAGAGAAGAAGAAGAAGAG,0,0,0.074514991,0,0.760552802,622.5,210.2603596,0,0.173913043,0,0,0,0
20325,GGCTCCCCAAGGCAGGGCCAGAG,0,0,0.00205153,0.03388543,0.033313524,327.5,186.8837101,0.07826087,0.282608696,0,0,1,0
20326,TGTAAGTAGGAATGATGAGTAGG,0,0,0,0.177102633,0.174113559,552.5,197.7120733,0,-0.195652174,0,0,0,0
20327,TGTGACTGCGTGTGTGAGTGCGG,0,0,0.181818182,0,0.225335527,552.5,192.4681246,0,-0.217391304,0,0,0,0
20328,CAATCAGAAGAAGAGGGAAATGA,0,0,0.001179043,0,0.202836708,485,166.177569,0,-0.434782609,0,0,0,0
20329,TAAGGAAAAGAAGAGTCACAGAG,0,0,0,0,0.186003667,552.5,198.6547933,0,0.130434783,0,0,0,0
20330,AAATGAGAAAAAGATGAATAAGA,0,0,0.001994302,0,0.042827353,387.5,148.267131,0,0.065217391,0,0,0,0
20331,AAATTAGAAGAAGAGAAACTAAG,0,0,0.021777778,0,0.043721755,417.5,142.4995431,0,-0.130434783,0,0,0,0
20332,GCCTGGGTTTCTGGATGGTTGGA,0,0,0.017070791,0,0.194752216,552.5,182.7062357,0,0.043478261,0,0,0,0
20333,GCCTCTTTTCAACCCACCCTAAG,0,0,0.046934866,0,0.3006731,462.5,179.462136,0,-0.326086957,0,0,0,0
20334,ACCTGTGTCTATGGCTAGATGAG,0,0,0.049494949,0,0.090669425,357.5,177.7767837,0,-0.02173913,0,0,0,0
20335,ATGAAAACCAGAGAAAAGAGAGA,0,0,0.044138867,0,0.019630856,357.5,178.2024681,0,0.086956522,0,0,0,0
20336,GATGAGTGAGTGTCTGAGGGTGA,0,0,0.002938034,0,0.028610794,387.5,155.5867044,0.104347826,-0.086956522,0,0,0,0
20337,TGTATGGAGGGCTGAGGAGAGGG,0,0,0.048108553,0.18431734,0.177763835,357.5,167.5882159,0.086956522,0.434782609,0,0,0,0
20338,CTTACCTCACAGGGCTGTGATGA,0,0,0,0,0.058591155,485,167.9067934,0,-0.086956522,0,0,0,0
20339,CCCTCCTTCCCACCCGCCTGCAG,0,0,0.005713241,0.073965375,0.072576354,485,162.9879902,0.039130435,-0.02173913,0,0,0,0
20340,CTCCTCCTTCCAGAGACATAAGA,0,0,0.004407357,0,0.49875,552.5,184.2385831,0.039130435,-0.065217391,0,0,0,0
20341,CCTTCCTCCGCCCTCTTCACTGG,0,0,0.02890889,0.034090618,0.034090618,357.5,179.1148521,0,-0.326086957,0,0,1,0
20342,CCTGCCTCCTCTCTCCTCCCCAG,0,0,0.011886102,0.213169636,0.207772937,462.5,170.4532421,0.034782609,0.02173913,0,0,0,1
20343,TGGATGAATGAATAAGGAGTAGA,0,0,0.027777778,0,0.158154365,530,202.4178542,0,0.130434783,0,0,0,0
20344,GCTGTGTGCGTGTGTGCGTGCGA,0,0,0.00999001,0,1.554082999,627.5,214.9118996,0,-0.391304348,0,0,0,0
20345,GAACACACAGCACAAACTGCTGA,0,0,0.022114109,0,0.26380241,432.5,193.5938409,0.665217391,0.347826087,0,0,0,0
20346,CACTTATTTTCACTGTTATCGAG,0,0,0.078722447,0.075338601,0.072659895,455,182.4913622,0,-0.173913043,0,0,0,0
20347,GCCTCACCACAGCCTTGCCACAG,0,0,0,0.269769769,0.269769769,560,196.3338537,0,-0.97826087,0,0,0,0
20348,ACATGGGAGGCAGAGGCACAAGA,0,0,0.010393046,0,0.293524998,522.5,206.9841519,0,0.108695652,0,0,0,0
20349,TGGACTGAGGAATGTGGAGGAGG,0,0,0.023529412,0.107052935,0.107052935,455,164.7810745,0.265217391,0.02173913,0,0,0,1
20350,GTGCTCTTAAGCATTACCTGTGG,0,0,0.065882353,0,0.687929438,522.5,206.5765799,0,-0.02173913,0,0,0,0
20351,AATGACAACCACAACCACAATAG,0,0,0.034238683,0.052470611,0.05162771,455,179.1997871,0,0.52173913,0,0,0,0
20352,GGGTGGGGGGGGTGGGCTCAGAG,0,0,0,0.013222258,0.013222258,260,149.9861101,0.004347826,0,0,0,0,0
20353,GGGTGTGGGGAGGTTGGTCCCAG,0,0,0.002652269,0.260684555,0.253732967,462.5,188.1285844,0.017391304,0.173913043,0,0,0,0
20354,CATGCCTGGGCTCTACTCACTAG,0,0,0.075036075,0,1.554082999,627.5,213.1004027,0,0.086956522,0,0,0,0
20355,AGTGAGTGTGTGTGTGTGTATAG,0,0,0.06125,0,0.164063988,485,157.1165087,0.034782609,0.369565217,0,0,0,0
20356,GGTGTGTGAGTGAGTGTGCGCAG,0,0,0.008402326,0,0.070548661,387.5,156.6782485,0,-0.347826087,0,0,0,0
20357,ACATGAGATGATGTGGCACAAAG,0,0,0.021728395,0,0.067328526,425,195.6449346,0.091304348,-0.217391304,0,0,0,0
20358,GGGAGGGAGAAAGGAGGAGTGAG,0,0,0.038642862,0.535768434,0.535768434,522.5,203.420623,0,0.173913043,0,0,1,0
20359,CCTCCCTCAGCCCTGCTCACAGA,0,0,0.01940513,0,0.115264782,425,192.4434976,0,0.086956522,0,0,0,0
20360,GGTCAGTGGGGGTGTGGGTGTGG,0,0,0.008304498,0,0.196246288,455,187.1504249,0,-0.260869565,0,0,0,0
20361,GTCACCTACAATAACTTGGAAAG,0,0,0.019444444,0,0.093392989,387.5,148.4771515,0,0.239130435,0,0,0,0
20362,GGGAGGGAGGAAGGAGGAGAAGA,0,0,0.006238185,0,0.26991206,455,171.2747595,0,-0.5,0,0,0,0
20363,TGTGTGTGATTGTGTGCGTGTGA,0,0,0.020517677,0,2.461181435,627.5,214.1199436,0.047826087,-0.217391304,0,0,0,0
20364,ACCATCCATCCAGAAACAGGAAG,0,0,0.023324362,0.060005352,0.058878491,387.5,137.1073786,0,-0.739130435,0,0,0,0
20365,CCCTGTGGCTGCGGATGGAGGGA,0,0,0.002128483,0,0.171159366,357.5,165.016399,0,-0.043478261,0,0,0,0
20366,GACCGCCTCCCCCCCACCCCTGG,0,0,0.066206897,0,0.045200008,387.5,163.6451705,0,-0.760869565,0,0,0,0
20367,CCTGCCTCACAGGGTAGTAATGA,0,0,0.003224206,0,0.544262285,530,203.5697976,0,-0.282608696,0,0,0,0
20368,TGTGGGGGAGTGTGTGTGTGGGA,0,0,0.01372549,0,0.416345417,552.5,194.5423881,0,-0.369565217,0,0,0,0
20369,TGGATGGATGGATGAATAGTTAG,0,0,0.022469136,0,0.030650512,387.5,170.735599,0,-0.282608696,0,0,0,0
20370,TGTGAGAGATTGTGTGTGTGTGA,0,0,0.023039641,0,0.383454129,552.5,190.8389717,0,-0.326086957,0,0,0,0
20371,AAATTAGATGAAAAGCCACATGA,0,0,0,0,0.058188364,455,187.1641532,0.243478261,5.434782609,0,0,0,0
20372,GGGTGGGGGGAGTCTAATTCAGG,0,0,0.061538462,0.004178256,0.004055816,320,138.5382785,0,-0.804347826,0,0,0,0
20373,AAATGAGAAGCAGAGGAACATGG,0,0,0.186666667,1.429515845,1.429515845,470,194.3838052,0,-0.304347826,0,0,0,0
20374,AAAGGAGAAGAAGAAGAATAAAG,0,0,0.032847327,0,0.051461025,387.5,152.3852674,0,-0.065217391,0,0,0,0
20375,GCATTGTTTTCAATCTTCTCTGG,0,0,0.128571429,0.156358547,0.153719584,425,194.7256579,0,0.086956522,0,0,0,0
20376,CCAGTGAGCAGGGTGAAGGCAGG,0,0,0.488888888,0.0106793,0.010515632,357.5,178.5965087,0,-0.043478261,0,0,1,0
20377,AGTGAGTGAATGTGTGGGTTAAG,0,0,0.00896732,0.252037406,0.247304309,485,156.0845526,0,-0.217391304,0,0,0,0
20378,GAGTGTGAGCAAAAAAAGAAAAG,0,0,0.126884532,0,0.114132886,425,194.202574,0,-0.47826087,0,0,0,0
20379,ACTGCCTCCTCTCCACTCTCCGG,0,0,0.125,0.072298905,0.072298905,455,171.821079,0,-0.369565217,0,0,0,0
20380,GGCACTGTTGATGGTGGTGGTGA,0,0,0.004861111,0,0.124046168,425,191.7032974,0.013043478,-0.413043478,0,0,0,0
20381,TACTTTTTTTCCTTCTTCTCTAG,0,0,0.012404749,0.124100823,0.119911766,425,195.490894,0,0.043478261,0,1,0,0
20382,GGTGTGTGTGTGTGTAGGTGTGG,0,0,0.012834225,0,0.060818669,485,175.6773627,0.160869565,0.326086957,0,0,0,0
20383,AAAGGAGAAGAAGCTGCAGAAGA,0,0,0.000166082,0,0.019916085,357.5,161.7321938,0,-0.086956522,0,0,0,0
20384,CCAGGAGGCAGAGCGGAGGCGGG,0,0,0.417013575,0.334364285,0.329465174,622.5,209.7827348,0,-0.02173913,0,0,1,0
20385,GACCTGTTTGCATTGTCCCCCAG,0,0,0.016333241,0.176849269,0.176849269,485,161.6005526,0,-0.130434783,0,0,0,1
20386,GATGAGTGAGTGAGTTCTTGAGA,0,0,0,0,0.020657028,387.5,166.7489203,0,0.065217391,0,0,0,0
20387,GGTGAGTGTGTGTGAGTTTGTAG,0,0,0.028018194,0,0.017678619,387.5,154.6237537,0,0.391304348,0,0,0,0
20388,CCAGAGAGTAGAACGGTGGTTGG,0,0,0.018461538,0,0.098373949,387.5,150.2886485,0.008695652,-0.173913043,0,0,0,0
20389,CTTGCCCCACAGGTCATTAATAG,0,0,0.017283951,0.328293675,0.328293675,470,188.9747043,0,-0.782608696,0,0,0,0
20390,CCCCCCCATACAGAGACAGAGGG,0,0,0.038235294,0,0.45934875,552.5,181.2983436,0,-0.52173913,0,0,0,0
20391,TGCATGGATGAATGAAGAGGAGG,0,0,0.036199095,0,0.068415575,485,160.2861938,0,0.391304348,0,0,1,1
20392,CAATGAGAGGAATTGGCACAGGG,0,0,0.091428571,0,0.052959633,425,194.1017145,0.943478261,3.5,0,0,0,0
20393,CAGGCCCCACAGGACAGGAAGGG,0,0,0.105769231,0.046417512,0.045592311,455,181.3694821,0.134782609,1.152173913,0,0,1,0
20394,CCCTGGCTCTCTGCATGGAGGGG,0,0,0.029711885,0.039940895,0.038592679,455,166.2540506,0.134782609,0.239130435,0,0,1,0
20395,GCTGAGTGAGTATATGTGTGTGG,0,0,0.226153846,0,0.044687335,357.5,178.6186038,0.069565217,-0.369565217,0,0,0,0
20396,TGGATGGATGAGTGGGTAGTTGG,0,0,0.062592593,0,0.042336622,357.5,172.3309866,0,0.065217391,0,0,0,0
20397,AAAAGAGAAAAAGAGGGAAAGAG,0,0,0.002904866,0,0.176849269,485,161.6005526,0.013043478,0.391304348,0,0,0,0
20398,GCCTCCTTCCCACCCACACTGGA,0,0,0.009377596,0,0.111064366,492.5,162.4426828,0.847826087,0.282608696,0,0,0,0
20399,CATCCCTCCGCCCTACTCAGAGG,0,0,0.021456598,0.343144014,0.343144014,455,173.2326996,0,0.804347826,0,0,0,0
20400,GAAAGAGAAGATGGGGCACACAG,0,0,0.01920439,0,0.110193987,425,198.9711149,0.017391304,-0.239130435,0,0,0,0
20401,GTAACTGGGGCTGGAGGTGTGGG,0,0,0.248181818,0,0.687682923,552.5,178.1945831,0.017391304,0.065217391,0,0,1,0
20402,AGAGTGTGAGTGTGTGTGTGTGA,0,0,0.007575758,0,0.601049167,552.5,196.3975689,0,-0.152173913,0,0,0,0
20403,AAGGACAACAGTGAGCAGAGGGA,0,0,0.015914352,0,0.258544304,552.5,197.6981572,0.247826087,0.434782609,0,0,0,0
20404,GACACCAAAGTAGGGTTTGTCAG,0,0,0.009306743,0.026743426,0.026743426,357.5,168.1995509,0,-0.02173913,0,0,0,0
20405,AAATGAGAACAAGATTAACATGA,0,0,0,0,0.022309918,412.5,161.726705,0,-0.173913043,0,0,0,0
20406,CATGCCTGCCCTCTAGTCACTAG,0,0,0.007459207,0,0.238119304,552.5,193.5800207,0,-0.282608696,0,0,0,0
20407,GAGTCCCAGAAGAAGAACAGAGA,0,0,0.015067369,0,0.077282113,485,149.2641496,0,0.173913043,0,0,0,0
20408,GCCACGCAGGCTGGAGGTGGAGA,0,0,0.012276786,0,0.564014727,622.5,211.6910182,0,-0.108695652,0,0,0,0
20409,GACCCCTCTCACCCAGCCTCTGA,0,0,0.010971258,0,0.152655014,525,195.5502003,0.247826087,0.5,0,0,0,0
20410,TTTGTCCCACAGAGCAGAAACAG,0,0,0.101528101,0.124526613,0.120099,455,182.9890262,0,0.02173913,0,0,0,0
20411,GGCACTGCAGGGGCAGGTGGAGG,0,0,0.034438776,0,0.032439772,327.5,189.6548508,0.060869565,0.304347826,0,0,1,0
20412,GATTTGTTTTCATTTTTCCAGAG,0,0,0.003512133,0.056984069,0.054957969,387.5,136.5793786,0,-0.195652174,0,0,0,0
20413,GTGCAGACCAGTGAGTATAGCAG,0,0,0.030501089,0,0.187751667,552.5,191.1170827,0.030434783,0.239130435,0,0,0,0
20414,GCCTTGTTTCCATTGCTCTGAGA,0,0,0.001141197,0,0.110484003,485,159.5422378,0,-0.152173913,0,0,0,0
20415,GGCCCGCGCGACCCCGCCTCTGG,0,0,0.114074074,0,0.760552802,620,209.0824626,0.008695652,-0.173913043,0,0,0,0
20416,GGCACTGGGGCAGGAGTTGGGGG,0,0,0.128571429,0,0.506185654,462.5,188.5979715,0.108695652,-0.152173913,0,0,1,0
20417,CCCGCCCCACAGAGCAGTATAAG,0,0,0.052747253,0.266133291,0.266133291,455,171.7950795,0.460869565,0.652173913,1,0,1,0
20418,AAATGACATGGAGAAGCACAGGG,0,0,0.252352941,0,0.084723533,425,192.4199336,0.008695652,-0.02173913,0,0,0,0
20419,AAGTGATGAGAAGAGGCAAAGGA,0,0,0.007621567,0,0.335877203,552.5,182.4410023,0,-0.152173913,0,0,0,0
20420,GACTTGTTTTCATGGCTCTGAAG,0,0,0,0.027182148,0.027182148,395,154.3347895,0,-0.52173913,0,0,0,0
20421,AGTGTGTGACTGTGTGTGTGTGA,0,0,0.004242424,0,0.56142625,552.5,191.9338325,0,0.195652174,0,0,0,0
20422,TGTGAAGGAGTGTGTGTGTGTGG,0,0,0.274509804,0,0.251888977,552.5,194.0447241,0,0.108695652,0,0,0,0
20423,TGTGAAGGAGTGTGTGTGTGTGA,0,0,0.019063181,0,0.251888977,552.5,194.0447241,0.22173913,-0.043478261,0,0,0,0
20424,ATGAAGCCCAGTGAGTATGGGGA,0,0,0.003797743,0,0.038348575,485,158.859502,0,-0.086956522,0,0,0,0
20425,TGTGGGTGAGTGGGTGAGTGAAG,0,0,0.022724638,0,0.23590875,455,187.4262484,0,-0.47826087,0,0,0,0
20426,GCCTCTCCAAAGCCTGCAGAAAG,0,0,0.003812636,0,0.021616693,442.5,140.2565717,0,0.826086957,0,0,0,0
20427,ATGGACAGCAGTGAAGAGAGAGA,0,0,0.009090174,0,0.069289873,455,183.7311356,0,-0.282608696,0,0,0,0
20428,TGGAATACCAGGGAGTAGAGGGA,0,0,0.027083333,0,0.425868976,522.5,209.4579156,0.9,2.369565217,0,0,1,0
20429,GTCATCTTGGTCATGTCCTTAGG,0,0,0,0,0.016803356,387.5,146.6071723,0,0.173913043,0,0,0,0
20430,CCCTCCCCGCAGCCTGGCCAAAG,0,0,0.041152263,1.542841126,1.503781857,627.5,211.4484832,0,-0.130434783,0,0,0,0
20431,AACACCAGCGAGTAGAGCGGAGG,1,0.42731,0.923076923,61.1,61.1,642.5,218.8402196,0,-0.326086957,0,0,0,0
20432,GTCTTGTTTTCATTGTGGTTCAG,0,0,0.000887304,0.052629364,0.052629364,417.5,135.4129557,0.02173913,-0.108695652,0,0,0,0
20433,TGGGTGGAGAAGAGAGGAGTAAG,0,0,0.075617284,0.250894548,0.250894548,425,196.1192426,0,-0.043478261,0,0,0,0
20434,GGAGGGTGAGTGGGTGGGTGAGG,0,0,0.007891852,0.22854304,0.220828507,455,186.8982484,0,-0.52173913,0,0,0,0
20435,AAATGAGATCATGAGGTACAAAG,0,0,0.009679012,0,0.145492645,455,181.5462717,0.056521739,-0.02173913,0,0,0,0
20436,GGCCCCGCGGCTGCAGCTGGAGA,0,0,0.002246888,0,0.052168566,455,183.9151203,0.347826087,0.130434783,1,0,1,0
20437,AGATGAGGAAATGAGGCACAAAG,0,0,0.047319616,0,0.648306325,522.5,203.1523462,0,-0.173913043,0,0,0,0
20438,GACCCAGATGTCCTCCACATTAG,0,0,0.039651416,0.356135327,0.350124604,555,194.2659849,0,-0.369565217,0,0,0,0
20439,GTTGAGTGTCTGTGTGGGTGGGG,0,0,0.008983957,0.343031439,0.343031439,552.5,189.0223722,0.539130435,0.782608696,0,0,0,0
20440,ACTGAGTGTGTGTGTGTGTGAGG,0,0,0.174461539,0.379196691,0.372455417,552.5,194.0141086,0,-0.456521739,0,0,0,0
20441,GGTGCATGTGTGTGTGTGTGCAG,0,0,0.036296296,0,0.213926133,552.5,191.1798046,0.02173913,0.086956522,0,0,0,0
20442,GGAATTCTTCCTGCAGGACCTAG,0,0,0.006608569,0.317112648,0.30692429,552.5,188.3363516,0.313043478,-0.652173913,0,0,0,0
20443,GAGTCCCAGAAAAAGAAGAAAGA,0,0,0.038618827,0,0.750995398,530,205.3089823,0.030434783,-1.043478261,0,0,0,0
20444,GGCACTGCTGATGGTGGAGGAGA,0,0,0.003703704,0,0.025484762,357.5,169.3797811,0,-0.282608696,0,0,0,1
20445,AAATCAGAATAAGAGGAACACAG,0,0,0.077237654,1.054321596,1.054321596,560,193.1338325,0,-0.195652174,0,0,0,0
20446,GGTGTGTGCGTCTGTGTGTGTGG,0,0,0.051336898,0,0.173969682,455,185.2496881,0,-0.065217391,0,0,0,0
20447,AAATGAGAGGAAGTGGGTCACGG,0,0,0.010457516,0,0.009828784,387.5,157.1915907,0.017391304,0.413043478,0,0,0,0
20448,GGGAAGGGCCCAGCATCCACTGG,0,0,0.034013605,0.12362929,0.119456149,485,146.4285992,0.334782609,-0.434782609,0,0,0,0
20449,TGTGAGTGTGTGTGAGTGTGGAG,0,0,0.04202729,0,0.099818052,455,180.047087,0,0.304347826,0,0,0,0
20450,CAGACCCAAACAGAGTTTTTAGA,0,0,0.015914352,0,0.887386413,620,211.2970828,0,-0.173913043,0,0,0,0
20451,TGTATGGAGGGATGAGAAGCAGA,0,0,0.001914983,0,0.139103814,387.5,154.3182053,0,-0.152173913,0,0,0,0
20452,CATGGGTGAGTGTGTGCATGTGA,0,0,0.020921386,0,0.310333333,552.5,192.2483467,0,-0.152173913,0,0,0,1
20453,AAAGCAGAAGAAGATGCAGAAAG,0,0,0.002273479,0,0.133665,455,172.0830585,0,-0.456521739,0,0,1,0
20454,GGCCGAGACACAGCAAGTGAGGG,0,0,0.220408163,0.129962749,0.125787239,455,189.401434,0,-0.02173913,0,0,0,0
20455,CCGTGTGTTTCTGGAGGGATGGA,0,0,0.010516827,0,0.308105403,560,198.6237938,0.02173913,0.282608696,0,0,0,0
20456,GGCACTGCGGAAGGAGAGGGAGA,0,0,0.012962963,0,0.028124788,290,158.8443715,0,-0.173913043,0,0,0,0
20457,AAAGGAGTAGAAGAGGGAAATAG,0,0,0.0017507,0.19201875,0.19201875,485,163.492472,0,-0.391304348,0,0,0,0
20458,ATTGACCCACAGTGCAGGAAAGA,0,0,0.003968254,0,0.120099,455,182.9890262,0.204347826,-0.108695652,1,0,1,0
20459,AAATGAGGACGAGAAGCACAAGA,0,0,0.012461874,0,0.186982849,425,190.6713413,0.039130435,0.52173913,0,0,0,0
20460,AAATGACTAGAATAGGCACTTGA,0,0,0.003683036,0,0.165681589,455,167.0800818,0,-0.304347826,0,0,0,0
20461,AAAAAAGAGGTAGAGGCACAAAG,0,0,0.021947874,0.470062865,0.462858836,522.5,206.8482159,0.030434783,0.434782609,0,0,0,0
20462,GCATTCCCCAAACCTGGCCAAAG,0,0,0.076258885,0.424071175,0.424071175,522.5,205.7077992,0,-0.260869565,0,0,0,0
20463,TGTGAGTGTGTGTGTGCATGTGG,0,0,0.415384615,0,0.401298765,560,191.0168864,0,-0.195652174,0,0,0,0
20464,GCCTCACCAAAGCCCTCCCAAAG,0,0,0,0,0.015361544,412.5,164.9324575,0,-0.217391304,0,0,0,0
20465,TGTGAGTGTGTGTGTGCATGTGA,0,0,0.028846154,0,0.401298765,560,191.0168864,0.034782609,-0.913043478,0,0,1,0
20466,GACTATGAGCAGAAGAAGGAAAG,0,0,0.01984127,0.302904303,0.297519338,552.5,184.8496961,0,-0.043478261,0,0,0,0
20467,TGAATGGAGGGATGATGGGTGGA,0,0,0,0,0.029209678,387.5,169.7301571,0,0.282608696,0,0,0,0
20468,CCTGACTCTGCTCTGCTCATCAG,0,0,0.025277778,0.108114617,0.108114617,455,162.6072781,0,-0.391304348,0,0,0,0
20469,CGTGATTGTGTGTGTGCGTGTGA,0,0,0.01984127,0,0.987826301,627.5,214.6542356,0,0.130434783,0,0,0,0
20470,ACATGAGAAAAAGAGTCACGTGG,0,0,0,0,0.110484003,485,159.5422378,0.034782609,-1.239130435,0,0,0,0
20471,ATGGACAGCAGTGTGAAGAGCAG,0,0,0.05050505,0.038523101,0.038523101,455,186.2989725,0,-0.260869565,0,0,1,0
20472,TGGATGAATGAATGAAGAGATGG,0,0,0.3,0,0.044991756,485,158.431013,0,-0.195652174,0,0,0,0
20473,GCCACAGCGGCCGGAGGTGGCAG,0,0,0.147368421,0,0.837857778,530,210.6579156,0,-0.152173913,0,0,1,0
20474,GCCTCCCCTGGGCCTGGCCCAGG,0,0,0.049242424,0,0.186331124,457.5,166.8807996,0,-0.456521739,0,0,0,0
20475,GGCCCAGGGGAGTTTGCTCCCAG,0,0,0.050695492,0.778438874,0.778438874,625,214.724096,0,-0.347826087,0,0,0,0
20476,GGTGAGTGCGTGTGGGGGTGTGA,0,0,0.000116713,0,0.168469286,462.5,181.247087,0.12173913,-0.152173913,0,0,0,0
20477,ACCACCCACCCAGAGCCACAAAG,0,0,0,0.166395667,0.166395667,552.5,196.6634738,0,-0.304347826,0,0,0,0
20478,AAGTGAGAAGCAGAGGGGCAGAG,0,0,0.001491164,0,0.065382128,387.5,166.0324719,0.939130435,1.760869565,0,0,0,0
20479,TACATGTTTTCATTTTTTTCCAG,0,0,0.011337868,0.086235484,0.083169333,455,178.6960451,0.039130435,-0.673913043,0,0,0,0
20480,TGCGCGTGAGTGTGCGCGTGTGA,0,0,0.004058442,0,0.397208228,522.5,203.1766584,0.039130435,-0.260869565,0,0,1,0
20481,AAGTGAGGAGAAGAGGAAGAGGG,0,0,0.026141975,0.192757284,0.189330488,485,163.838072,0,-0.217391304,0,0,0,0
20482,ACTAGCAGTGAGTAGAGCTGGGA,0,0,0.01500496,0,0.4917675,552.5,186.3956801,0,0.347826087,0,0,0,1
20483,GGGAAGGAGAATTGAGGAGTGAG,0,0,0.038575774,0.669826867,0.648306325,522.5,205.2038431,0,0.152173913,0,0,0,0
20484,CCTGCTGCCTCTCTACTCAAGGA,0,0,0.01540981,0,0.238549379,552.5,172.9014989,0,-0.239130435,0,0,0,0
20485,CCAATGTGTAGAGAGGAGGGGGA,0,0,0.00056296,0,0.067191662,455,167.1664346,0.134782609,0.239130435,0,0,0,0
20486,GCTGAGTGTGGGTGAGCGTGAGA,0,0,0.006680162,0,0.136607805,425,194.5631144,0,-0.326086957,0,0,0,0
20487,AAATGGGAAGAAGAGTGAGAAGA,0,0,0,0,0.018969751,417.5,148.3914791,0,-0.586956522,0,0,0,0
20488,GACTCTCCAAAGCCTGGCATAGG,0,0,0.173654917,0,0.132915997,485,149.2884161,0,-0.152173913,0,0,0,0
20489,GGCCCAGACCGAGCACTGCATGG,0,0,0.019923372,0.031321497,0.031321497,442.5,137.0508193,0,0.02173913,0,0,0,0
20490,GAGCCACTGCACCCAGCCTCAAG,0,0,0.016558887,0,0.146830007,522.5,198.7192141,0,-0.217391304,0,0,0,0
20491,GGCTGGGAGGAGTCTGCCCCTGG,0,0,0.047095762,0.045592311,0.045592311,455,178.5096651,0.856521739,1.413043478,0,0,0,0
20492,GCCTCCTTCCCAGCCCCCTCCAG,0,0,0,0.026124635,0.025242791,387.5,153.4886696,0,-0.260869565,0,0,0,0
20493,ATTAACAACTGTTAGTAGAGGGA,0,0,0.005974265,0,0.502808992,522.5,201.0811261,0.37826087,0.217391304,0,0,0,0
20494,AAAGGAGACCTAGAGGCACAGGA,0,0,0.003052503,0,0.426292988,525,203.1447995,0.026086957,0.108695652,0,0,0,0
20495,GCCTATTTCCCATCTCCCTTGGG,0,0,0,0.026370116,0.025522883,357.5,176.916912,0.169565217,1.217391304,0,0,1,0
20496,GGCAAGTGGGTGTGTGCATGGGA,0,0,0.012362637,0,0.186959075,552.5,188.4152864,0,0.02173913,0,0,0,0
20497,CCTGCCTCCAACCTTCTCACAGA,0,0,0.009210526,0,0.087951801,362.5,186.0550578,0,-0.217391304,0,0,0,0
20498,GAATTGTTTTCATTATTTTGAAG,0,0,0.007996924,0,0.034196069,387.5,141.9040452,0,-0.326086957,0,0,0,0
20499,GGAAGGGCTGCTGGAGGTGGAGG,0,0,0.15847619,0,0.497494021,620,211.6379156,0.043478261,0.173913043,0,0,1,0
20500,AATGACCACTTCAGCGGCAAGAG,0,0,0,0.007474511,0.007474511,290,163.0561947,0,-0.934782609,0,0,0,0
20501,AAATGAGATGATGAAGCGCATGG,0,0,0.075294118,0,0.022591897,357.5,167.8937643,0,0.086956522,0,0,0,0
20502,CGCTGTGTCTTGGGATGGATCAG,0,0,0.02774681,0.768613333,0.768613333,432.5,206.2138158,0,-0.086956522,0,0,0,0
20503,AACTGAAAAGAGGAGGCTCAAGG,0,0,0.154761905,0,0.102823208,455,183.1493855,0,0.108695652,0,0,0,0
20504,CTTGCTCCACAGGCTAGTGACGG,0,0,0.00994898,0.011635524,0.011439144,357.5,160.8198098,0,0.043478261,0,0,0,0
20505,GACAAAGACACAGAGTTTTTGGA,0,0,0.019652305,0,0.444271487,620,207.1741792,0,0.891304348,0,0,0,0
20506,TGTAAGTGAATGTGTGCATGAGA,0,0,0.040384615,0,0.285817,552.5,187.9113303,0,-0.108695652,0,0,0,0
20507,AGTGGGTGAATGTGTGTGTGTAG,0,0,0.073173333,0,0.56142625,552.5,191.9338325,0,-0.304347826,0,0,0,0
20508,ACCTTCCATCCAGTAACACACAG,0,0,0.082815079,0,0.060024367,425,192.4801938,0.07826087,0.47826087,0,0,0,0
20509,AAAAGAGAAGAAAAGGTAGACGA,0,0,0.001780627,0,0.074311256,387.5,157.0929685,0.1,-0.347826087,0,0,0,0
20510,TGGAGGGAGGAGTGAGAAGTAGA,0,0,0.029958848,0,0.563220657,462.5,190.4094685,0,-0.391304348,0,0,0,0
20511,GAGGGTGAGCAGAAGCAGAATGG,0,0,0,0,0.156419304,555,197.9636701,0,-0.239130435,0,0,0,0
20512,GCCTCCCCAAGGCCTGCCCTCAG,0,0,0.02379085,0.2442925,0.23810788,395,156.0462053,0,-0.065217391,0,0,0,0
20513,TGGATAGAAGAATGATGCGTAGA,0,0,0,0,0.01873215,485,170.7424765,0.017391304,-0.195652174,0,0,0,0
20514,GGAGTGTGAGTGTGTGTGTGAGA,0,0,0.008417508,0,1.196117745,560,197.5975689,0,-0.434782609,0,0,0,0
20515,AGTGAGTGTGTGGGTGTGTGTGG,0,0,0.06573913,0,0.144140246,455,184.754788,0.130434783,0.065217391,0,0,0,0
20516,TGGGTGGGGGGATGGGGAGTGGG,0,0,0.193645833,0,0.212805723,425,194.7894778,0,0,0,0,0,0
20517,CTTGCCCCAGTGAGCAGTAAAAG,0,0,0.028636131,0.469228803,0.458916082,432.5,199.6788593,0,-0.5,0,0,0,0
20518,TGGTTGGCTGAATGAAGAGTGGG,0,0,0.145454545,0,0.15797057,552.5,193.9783768,0.034782609,-0.326086957,0,0,0,0
20519,GCCATCTTTGTCATCACTTGGGA,0,0,0.006261596,0,0.050816463,455,175.3698648,0,0.304347826,0,0,0,0
20520,TGTGTGTGGGTGTGTGCGTGTGG,0,0,0.242424243,0,1.632770745,627.5,215.1518996,0,-0.260869565,0,0,0,0
20521,GACTTCTTTTCATAGTTCACCGA,0,0,0.008374562,0,0.084431585,462.5,176.2268314,0.02173913,-0.282608696,0,0,0,0
20522,TGTGGGGAGGAAGGAGGAGTGAG,0,0,0.01352657,0.554851378,0.545938102,525,207.0107595,0.008695652,0.108695652,0,0,0,0
20523,GCCTCCCCAAAAGCTGAGCAGGG,0,0,0.015838384,0,0.019611338,290,155.5751347,0,0.565217391,0,0,0,0
20524,AGATGAGATGAAGGGGTACAAAG,0,0,0.027101235,0,0.055495857,455,182.3749239,0.017391304,0.391304348,0,0,0,0
20525,GGGTGGGGAGAGGTTTCACCTAG,0,0,0,0.011404919,0.011404919,387.5,163.0291399,0,0.130434783,0,0,0,0
20526,AACTGAGAAGCAGAGGCAAGAAG,0,0,0.014565826,0,0.113812211,387.5,144.5563164,0.013043478,0,0,0,0,0
20527,CAAGGATAAGAAAAGGCACAAGA,0,0,0.019623234,0,0.397317959,522.5,206.4438987,0,-0.391304348,0,0,0,0
20528,GGTGAGTGAGTGACAGGGTGGGA,0,0,0.000701698,0,0.00776399,295,162.8683622,0,-0.282608696,0,0,0,0
20529,GGTGAGGGCGGGTGGGCGTGCAG,0,0,0.001742919,0,0.084723533,425,192.4199336,0,0.043478261,0,0,1,0
20530,GACTGGTTTCTATTGTTCCCTGA,0,0,0.002011985,0,0.242030275,455,175.9418599,0,-0.086956522,0,0,0,0
20531,CCCATTTATACAGAGCCACAAGA,0,0,0,0,0.093652566,552.5,192.7506729,0.769565217,0.260869565,0,0,0,0
20532,GGGTGGGAGGAGGTTGCTGTGGG,0,0,0.009782609,0.076412446,0.076412446,387.5,138.7152626,0,-0.152173913,0,0,0,0
20533,TGGATGGATGAATGAGTGGTTGA,0,0,0.003703704,0,0.12320888,492.5,170.0307753,0.060869565,-0.108695652,0,0,0,0
20534,TGGATGGATGAATGAGTGGTTGG,0,0,0.053333333,0,0.12320888,492.5,170.0307753,0.017391304,-0.130434783,0,0,0,0
20535,ACATGAGAAGAAGTGGAAGAAGA,0,0,0.001697531,0,0.028610794,387.5,155.5867044,0,-0.47826087,0,0,0,0
20536,GAACATAAAGCAGAAAGTGCTGA,0,0,0.000931319,0,0.034563474,357.5,172.7215628,0.526086957,0.152173913,0,0,0,0
20537,GGGTCCCCAACTCCTGGCCATGG,0,0,0.053511706,0,0.385203768,425,204.4858158,0,-0.02173913,0,0,0,0
20538,ATGAACCCCAGAGAGCAGATGAG,0,0,0.042345679,0,0.036229041,387.5,154.6746929,0,0.239130435,0,0,0,0
20539,GGGTGGGGAGAGTCTGCTTCTAG,0,0,0.021978022,0,0.080721247,462.5,174.0530351,0,-0.086956522,0,0,0,0
20540,GATGAGTGGGTGGGTGGGTGGAG,0,0,0.002244227,0,0.144140246,455,184.514788,0,-0.630434783,0,0,0,0
20541,AGGAAGGAGGAAGGAGAAGTAGG,0,0,0.12173913,0,0.23590875,455,187.4262484,0,0.413043478,0,0,0,0
20542,AGAATCCATTCTGCCCCACCCGG,0,0,0,0,0.072985333,455,184.6047356,0,-0.02173913,0,0,0,0
20543,TGGCTGGAGGAAGGGGGCGTGGG,0,0,0.011399342,0,0.030556834,357.5,169.1967246,0,-0.413043478,0,0,1,0
20544,GGGAGGGAAGAGTTCGCTCCAGG,0,0,0.083487941,0.242054876,0.234278012,522.5,197.0597811,0,-0.47826087,0,0,0,0
20545,GCACACAAAGGTTGGACTGCAGA,0,0,0.002121914,0,0.061157663,327.5,193.3746312,0.026086957,-0.391304348,0,0,0,0
20546,TGGATGGAGAAGTGAGGACATGA,0,0,0.01180356,0,0.085158277,387.5,138.6065633,0,0.043478261,0,0,0,0
20547,CCCTTCCATGCAGAGCCACCGGA,0,0,0,0,0.104591523,485,158.9086378,0.008695652,-0.065217391,0,0,0,0
20548,GGTGATTGAATGTGTGCCTCAAG,0,0,0.032921811,0,0.068456337,485,149.8613464,0,-0.108695652,0,0,0,0
20549,AAATGAGGAGCAGAGGCATGGAG,0,0,0.026840959,0,0.10958374,387.5,141.9844995,0.952173913,-1.108695652,0,0,0,0
20550,TGGATGGAGGGATGAAGGGAGGA,0,0,0.01015625,0,0.011162696,320,133.1205572,0,-0.195652174,0,0,0,0
20551,GATAAGTGAGTATGTGTGTGTGG,0,0,0.331692308,0.299915,0.299915,455,189.3841885,0,-0.304347826,0,0,0,0
20552,AAATGGGAAGCAGAGGCTCAGAG,0,0,0.037037037,0,0.195684836,462.5,186.960599,0.6,-0.043478261,0,0,0,0
20553,GGTGTGTGTCTGTGTGTGTGCAG,0,0,0.010558923,0,0.325662758,552.5,187.9740522,0,-0.152173913,0,0,0,0
20554,GAACTCAAAGCAGTTACTGCAGG,0,0,0.007227555,0.022470918,0.022109939,362.5,182.5661532,0,-0.152173913,0,0,0,0
20555,GCCCTGTTTTCATTTTTATCGGA,0,0,0.00271583,0,0.083169333,455,178.4560451,0,NA,0,0,0,0
20556,GGTGTGTGTGTGTGTGGGGGGGG,0,0,0.003208556,0,0.111383028,485,162.2177886,0,-0.086956522,0,0,0,0
20557,CCTCTCCCACAGGGCAGTAGCAG,0,0,0.057250708,0.697447183,0.697447183,552.5,179.6604801,0.2,0.52173913,0,0,0,0
20558,GGGATGGAGGAAGGAAGAGAGAG,0,0,0.036389414,0,0.046424874,387.5,155.2746536,0.1,0.065217391,0,0,0,0
20559,GCCGCCCCCAGGCCTGGCCAGGA,0,0,0.016121032,0,0.862516064,530,209.3365359,0,0.108695652,0,0,0,0
20560,GGCACCAAAGCAGATTTTTAAGG,0,0,0.064285714,0.127663522,0.127663522,455,165.2321977,0,-0.108695652,0,0,0,0
20561,GCCTCCCTTATGCCTGGGCACAG,0,0,0.005584046,0,0.095092396,455,180.4869857,0,0.260869565,0,0,1,0
20562,GCACCCCTCCACCCCTGCTCAGA,0,0,0,0,0.103380457,485,180.157463,0.017391304,-0.413043478,0,0,1,0
20563,AGCACTGCAGCAGTAGGTGGGGA,0,0,0.008571429,0,0.067328526,425,195.8849346,0.452173913,0.108695652,0,0,0,0
20564,CGTGTGTGCGTGCGTGCGTGTGG,0,0,0.117176057,0,0.355433782,522.5,204.4525791,0,0.043478261,0,0,0,0
20565,GATACAGAAGCAGAGCTCTTGAG,0,0,0.04728836,0.031841181,0.031841181,485,174.1742568,0,-0.108695652,0,0,0,0
20566,GACATGTTTTCAGTTTTCTTTGG,0,0,0.005323869,0,0.068478489,357.5,157.482458,1,6.869565217,0,0,0,0
20567,TATCACAAAGCATAGACTCGCAG,0,0,0.00482573,0.22076596,0.216620121,485,150.7864001,0,0.065217391,0,0,0,0
20568,GGTGTATGTGTGTGTGTGTGTGG,0,0,0.101818182,0,0.213926133,552.5,191.1798046,0.047826087,-0.108695652,0,0,0,0
20569,AGTGAGTATGTGTGTGTGTGGGG,1,0.001790549,0.252,0.379196691,0.372455417,552.5,191.1542916,0,0.152173913,0,0,0,0
20570,GGTGCCAGAGTGTGTGCCTGAGG,0,0,0.142045455,0,0.121741508,555,188.3191819,0.030434783,-0.108695652,0,0,0,1
20571,TGTGTGTGAGAGTGTGGGTGTGA,0,0,0.001114082,0,0.33831875,455,190.6954852,0,0.043478261,0,0,0,0
20572,AACACCAGTGAGGACAGAGGCAG,0,0,0.009932097,0.050488678,0.049328018,365,171.2703246,0.02173913,-0.630434783,0,0,0,0
20573,CGGGGAGAAGAAGAGGCACAGAG,0,0,0.067901234,0,1.286675824,625,217.5584,0,-0.130434783,0,0,0,0
20574,TGTGTGTGAGAGTGTGGGTGTGG,0,0,0.016042781,0,0.33831875,455,190.6954852,0,-0.608695652,0,0,0,0
20575,GACACTGTAGCTGGAGGAGGAAG,0,0,0.082264957,0,0.189613667,552.5,186.4770694,0.02173913,-0.456521739,0,0,0,0
20576,GACCCCCGCCCCCCCGACACAGG,0,0,0.039111111,0,0.09629856,387.5,158.1359883,0,-0.565217391,0,0,1,0
20577,TATGTGTGCGTGTGTGCGTGTGG,0,0,0.175824176,0,0.833979885,620,213.7118996,0,0.217391304,0,0,0,0
20578,CCCATCCATCCAGCTACACTGAG,0,0,0.004761905,0.042353579,0.042353579,365,157.4161939,0,-0.586956522,0,0,0,0
20579,AGAGAGTGTGTGTGTGTGTGTAG,0,0,0.046666667,0.373887938,0.367241041,552.5,193.7261086,0,-0.043478261,0,0,0,0
20580,TCTCCCTCCGCTCCACTCAGCAG,0,0,0.002306805,0.105908523,0.10391963,455,169.5496154,0.013043478,0.282608696,0,0,0,0
20581,GGCTTCCAAGAGCCTGGCCAGGA,0,0,0.011101352,0,1.257112069,620,209.5801266,0,-0.108695652,0,0,0,1
20582,GGGACGGAGCAGAAGAGGAACGG,0,0,0.033613445,0.368797917,0.368797917,552.5,195.3143049,0,-0.152173913,0,0,0,0
20583,GGGATTGGGGCTGGGGGTGGTGG,0,0,0.132954545,0,0.397208228,522.5,200.0768415,0,-0.608695652,0,0,0,0
20584,GAAGACAAAGCACAGGCTGGGAG,0,0,0.001157683,0,0.043948881,387.5,154.4010536,0,-0.108695652,0,0,0,0
20585,GAGTTCCAGAAGGAGAAGAATGA,0,0,0.017172403,0,0.332281119,522.5,201.0374422,0.086956522,0.065217391,0,0,0,0
20586,GCCTCCCTACAGCCTGGCGGGAG,0,0,0.007228123,0.181849774,0.181849774,485,143.2228468,0,-0.195652174,1,0,0,0
20587,GGTGGGTGTGGGTGTGTGTGTAG,0,0,0.020906667,0,0.196246288,455,186.7357049,0,-0.173913043,0,0,0,0
20588,AAATGGGAAGGGGAGGTACAAGA,0,0,0.010866769,0,0.090997553,357.5,182.4817208,0,-0.086956522,0,0,0,0
20589,TGTGGGTGAGTGTGTGTTTGAGA,0,0,0.015555555,0,0.119478333,485,171.5022357,0,-0.52173913,0,0,0,0
20590,CATGACAACTGCATCCTGAAAGA,0,0,0.003869048,0,0.117636505,455,185.1634022,0.160869565,0.108695652,0,0,0,0
20591,TGTGAGTGTATGTGTGAGTGTGG,0,0,0.261333333,0,0.343031439,552.5,189.2623722,0.008695652,0.195652174,0,0,0,0
20592,GAAAGAGAAGAAGAGGGCCATGA,0,0,0.000370519,0,0.119478333,485,171.9169557,0,-0.47826087,0,0,0,0
20593,CCTGCCCCATAGGGCAGGGAGGA,0,0,0.007002801,0,0.090032355,485,157.7969304,0.004347826,-0.108695652,0,0,0,0
20594,CCTGCCTCAGCTATTCTCCCGAG,0,0,0.003536693,0,0.028559661,357.5,160.7858776,0,0.02173913,0,0,0,0
20595,GACTCTTCTCCACCCACCTGTGA,0,0,0.007798574,0,0.426140229,552.5,174.7628028,0.304347826,0.826086957,0,0,0,0
20596,GGCACCGCGGCGGTAGTTGGAGG,0,0,0.03030303,0,0.024429974,357.5,177.0726198,0.891304348,0.195652174,0,0,1,0
20597,AATGAGAACTACATACTGAAGGA,0,0,0.000771605,0,0.032626724,455,175.4004803,0,0.173913043,0,0,0,0
20598,GCCAGTGTGGCTGGAGGGGGAGG,0,0,0.121153846,0,0.310333333,552.5,189.1485298,0,-0.043478261,0,0,1,0
20599,GACACCGAGGCTGACTTTTCTGG,0,0,0.005509642,0.049660946,0.048065414,357.5,156.1794977,0,-0.456521739,0,0,0,0
20600,GAGTCCCAGAAGGAGAAGAGAGG,0,0,0.297154731,0,0.152592743,455,165.1881623,0,0.02173913,0,0,0,0
20601,GAGCCCCCACACCCCGCCCCAAG,0,0,0.030651341,0,0.300469943,552.5,180.8644028,0,0.217391304,0,0,0,0
20602,GAGTCCCAGAAGGAGAAGAGAGA,0,0,0.020635745,0,0.152592743,455,165.1881623,0,-0.956521739,0,0,0,0
20603,GAACAGAATGCATAAACTGTGGA,0,0,0.005882353,0,0.062097478,455,162.1096141,0.1,-0.413043478,0,0,0,0
20604,CCAGTCAGAAAAGCAGAGGCTGA,0,0,0.041380188,0,0.078664699,425,193.0171304,0,0.260869565,0,0,0,0
20605,TGGATGTTAGAATGAGGAGGGAG,0,0,0.007202881,0,0.261579976,555,172.619622,0,-0.173913043,0,0,0,0
20606,GACCCCCTCCACCAAGCCATAGG,0,0,0.006666667,0,0.007159489,290,125.4681939,0,0.304347826,0,0,0,0
20607,GCCTCTCTACCAACCACTTTTGA,0,0,0.01011823,0,0.045288139,455,177.934385,0,0.043478261,0,0,0,0
20608,GAGTCTCAGAAGAAGAAGAGAGA,0,0,0.02938137,0,0.238549379,552.5,172.9014989,0.186956522,0,0,0,0,0
20609,TCTGCTTACTCTCTACTCACTGA,0,0,0.034055679,0,0.797205949,620,209.3224626,0.443478261,0.065217391,0,0,0,0
20610,AGCAGAGACTGAGCAGGTGATGA,0,0,0.0048583,0,0.272333333,552.5,199.7496541,0.352173913,0.369565217,0,0,0,0
20611,AAATCCAAAGAAGAGGCAGAGGA,0,0,0.003100198,0,0.195655995,555,182.9945153,0,-0.065217391,0,1,0,0
20612,TCCTCTTCCCCAGTCACCTTGGA,0,0,0.006944444,0,0.086676978,425,194.9616779,0.030434783,-0.5,0,0,0,0
20613,GGCCCGGTCTGAGCAAGTGCCGA,0,0,0.004831478,0,0.06522685,485,159.8881732,0.004347826,0.239130435,0,0,0,0
20614,AAAGGAGAAAATGAGGGACAGGG,0,0,0.011437908,0.266737708,0.262235805,455,184.6324521,0,-0.260869565,0,0,0,0
20615,GGGGAGTGGGTGTGGGGGTGGGA,0,0,6.81E-05,0,0.093437277,455,179.519087,0,-0.347826087,0,0,0,0
20616,GCCTGGGGCTCTGGATGGCTGAG,0,0,0.020523072,0,0.318743398,552.5,183.5661991,0.37826087,0.630434783,0,0,0,0
20617,AATGACCAATAAATCCATAAAGA,0,0,0.014577259,0,0.032454778,387.5,161.1146749,0,0.108695652,0,0,0,0
20618,TGGATGGATGGATGATGGGTGGG,0,0,0,0,0.016355892,387.5,166.2983768,0,0.02173913,0,0,0,0
20619,TGGATGGATGGATGATGGGTGGA,0,0,0,0,0.016355892,387.5,166.2983768,0,-0.130434783,0,0,0,0
20620,AAATGTAAAGTAGAGGCAAAAAG,0,0,0.024420024,0,0.108589077,455,178.0527516,0.008695652,0.217391304,0,0,0,0
20621,AAATACAAAGAAGAGGAACAAAG,0,0,0.047661803,0,0.239135105,555,192.7564041,0,-0.152173913,0,0,0,0
20622,CCTGCCTCCGCTCGTCCCATCAG,0,0,0,0.008750487,0.008750487,290,135.2300828,0,-0.130434783,0,0,0,0
20623,GACCCCCTCCTCCCCGGCCTCGG,0,0,0.001497894,0,0.040156499,320,124.0982054,0,-0.304347826,0,0,0,0
20624,TGTGAGTGAGTGAGTTCTTGTGA,0,0,0,0,0.020657028,387.5,166.9889203,0.147826087,-0.47826087,0,0,0,0
20625,TGGGAGGAGGAATGGGGAGGGAG,0,0,0.009293301,0,0.176947,455,165.6934585,0,-0.673913043,0,0,0,0
20626,GGTGTGGAAGTGTGTGCCTGTAG,0,0,0.02640787,0,0.201225633,552.5,187.005349,0,0.02173913,0,0,0,0
20627,TGAATCCTTTTTGCAGCCCCAGG,0,0,0.051282051,0.178584677,0.172235,455,184.4467661,0.004347826,-0.108695652,0,0,0,0
20628,GAAGACAGAGCATAGATTCCTGA,0,0,0.005326735,0,0.19201875,485,163.492472,0,0.369565217,0,0,0,0
20629,CCCCACCATCCAGAGGCAGATGG,0,0,0.004242081,0.085785,0.085785,485,169.0016542,0.034782609,0.130434783,0,0,1,0
20630,TGTGTGTGTGTGTGTGCGTGAGA,0,0,0.015151515,0,1.632770745,627.5,215.1518996,0,0.065217391,0,0,0,0
20631,TGTGTGTGTGTGTGTGCGTGAGG,0,0,0.218181818,0,1.632770745,627.5,215.1518996,0,0.304347826,0,0,0,0
20632,TGGATGGATGGATGAGGAAACGA,0,0,0.009672619,0,0.063728886,387.5,141.1245361,0,0.02173913,0,0,0,0
20633,GGGCTGGGGGAATGGGGAGTGGG,0,0,0.160920716,0,0.402848101,522.5,201.0195615,0,0.043478261,0,0,0,0
20634,AAATGATAAGAAGAAGAAGAAGA,0,0,0.002178649,0,0.033368241,387.5,150.8756866,0.043478261,0.239130435,0,0,0,0
20635,GGGGTGAAGGAATGAGGAATAGA,0,0,0.029654072,0,0.359837588,552.5,185.1952193,0,0.195652174,0,0,0,0
20636,TCCATCCATCCCGGGACACATGA,0,0,0.008528265,0,0.217973709,432.5,201.0447149,0,-0.108695652,0,0,0,0
20637,GGAAACAAGGCATAGACTGGGGG,0,0,0.026418988,0,0.426140229,552.5,176.9890197,0,0.173913043,0,0,0,0
20638,TTCATCTTCCTCATTACCTTCAG,0,0,0.041481481,0,0.392475151,552.5,173.1108833,0.97826087,1.195652174,0,0,0,0
20639,AGTTGGGGGGAGGTTGCTCTAGG,0,0,0.035217391,0.271226751,0.266133291,455,172.0350795,0.043478261,1.869565217,0,0,0,0
20640,GATGAATGAGTGAGTGAGTGAAG,0,0,0.070874425,0,0.142724794,455,186.6885844,0,-0.52173913,0,0,0,0
20641,TGTGAGTGAGTGAGTGAGTCCAG,0,0,0.035897436,0,0.103916143,387.5,151.5769685,0.082608696,-0.086956522,0,0,0,0
20642,GCCTCTTTCATTCCTACCTTAAG,0,0,0.001536351,0.09060695,0.087951801,362.5,186.0550578,0,-0.695652174,0,0,0,0
20643,GCTGTGTGAATGTGTACGTGTGG,0,0,0.234965035,0.246437882,0.238119304,552.5,195.3915177,0,-0.086956522,0,0,0,0
20644,CCCATCCACCCAGAGATTCATGA,0,0,0.014957265,0,0.12320888,492.5,170.0307753,0,-0.217391304,0,0,0,0
20645,GGCTCTTTGGCTGGGGGTGGTGG,0,0,0.206818182,0,0.261885241,522.5,198.6363807,0.586956522,1.260869565,0,0,0,0
20646,AAATGGGAAGAAGAAGGACAGGA,0,0,0.002746196,0,0.175711719,462.5,183.4208834,0,0.47826087,0,0,0,0
20647,AAATGAGAAGTGTAGACACACGG,0,0,0.066666667,0,0.023718637,295,178.4660694,0,-0.5,0,0,0,0
20648,CCCATTCACTCAGGGACACAGAG,0,0,0.097603486,0.071429373,0.069239967,522.5,196.8233146,0,-0.260869565,0,0,0,0
20649,GACACCTAAGCAGGGCTTTGGAG,0,0,0.008133624,0.01116016,0.010971803,387.5,150.7516087,0,0.065217391,0,0,0,0
20650,TAGAGGGAGGAATGAGCAATGAG,0,0,0.023596447,0.199097782,0.19201875,485,165.937569,0,-0.108695652,0,0,0,0
20651,CCAGTGAGTAGCTCTGTGGCAGA,0,0,0.000104428,0,0.0256368,260,166.7914464,0,0.282608696,0,0,0,0
20652,AAATGAGTACAAGAAGCAGAGAG,0,0,0.005228758,0,0.111239878,455,166.1534251,0,0.195652174,0,0,0,0
20653,TGGATGGAGGAATGAGATGGAAG,0,0,0.021350762,0,0.072999949,425,136.8529557,0,-0.195652174,0,0,0,0
20654,TTCACCTTCTATGACAAGGGTGG,0,0,0.701871658,0.250819,0.250819,552.5,193.8200207,0,-0.47826087,0,0,0,0
20655,GACTGATTTCCACCCACCTTTGA,0,0,0.022979798,0,0.50455783,620,211.9259156,0,-0.413043478,0,0,0,0
20656,AACACTGGTCAGTAGAGAGGAGG,0,0,0.141176471,0,0.112123929,552.5,184.6157655,0,0.02173913,0,0,0,0
20657,GTGACTTCAAATGACTAGGAAAG,0,0,0.09672619,0.249519616,0.240647808,552.5,175.7886357,0.013043478,0.173913043,0,0,0,0
20658,GACACTGACGCCGGAGGTGGAAG,0,0,0.072739541,0,0.43009247,522.5,204.1843022,0,0.02173913,0,0,1,0
20659,TGGGTGGAGAAGTGAGGAGGAAG,0,0,0.019274994,0,0.299180403,455,168.4809632,0,-0.47826087,0,0,0,0
20660,CTCCGTGTCCCTGGAAGGATGGG,0,0,0.285204991,0.246437882,0.238119304,552.5,195.8062377,0,-0.065217391,0,0,0,0
20661,ATTGCCCCACTGGGCAATGACAG,0,0,0.027920228,0,0.112574373,387.5,161.2358053,0,-0.217391304,0,0,0,0
20662,TGGAGGGAGGAAGGAAGAGGCAG,0,0,0.007638534,0,0.043948881,387.5,153.9863336,0,-0.086956522,0,0,0,0
20663,GGAACGGAAGCAGAGTTTCTTGG,0,0,0.095632184,0.308487792,0.297519338,552.5,185.8980161,0.965217391,-0.086956522,0,0,0,0
20664,GGGGTGTGTGTGTGTGGGTGCGG,0,0,0.006417112,0,0.348646558,552.5,192.4377886,0.1,-0.086956522,0,0,0,0
20665,TGTGTGTGAGTGTTTGAGTGTGA,0,0,0.003142536,0,0.090827917,455,185.2863843,0,0.065217391,0,0,0,0
20666,GGGTGGGGGGTGCTTGCCCCAAG,0,0,0.026990553,0,0.107076217,365,179.2472625,0,-0.260869565,0,0,0,0
20667,GGAGTCCCCTCTGCACCTCCTGG,0,0,0,0.032043882,0.030962232,485,171.6548605,0,-0.543478261,0,0,0,0
20668,TGTGAGTGAGTGTGTGTGTAGAG,0,0,0.113425926,0,0.574454802,492.5,162.276289,0,0.369565217,0,0,0,0
20669,TGAATGGAGGAATGAAAAGAAAG,0,0,0.102083333,0,0.04310965,417.5,143.2598631,0,-0.456521739,0,0,1,0
20670,AAGAACACCAGTGAATGAAGAGA,0,0,0.006756618,0,0.032020193,387.5,158.3435341,0,-0.043478261,0,0,0,0
20671,AGCACTGCGGCGGGAGCCGGCAG,0,0,0.011764706,0,0.05878334,387.5,165.0744552,0,-0.369565217,0,0,0,0
20672,CTTGCATCCTCTCTACTCAATGG,0,0,0.342938312,0,0.388621058,552.5,175.0446797,0,-0.369565217,0,0,0,0
20673,CCTGTGTCCTCTCTCCTCACGGG,0,0,0.070506198,0.217139377,0.213651194,522.5,196.926938,0,-0.913043478,1,0,1,0
20674,AAACACAAAGCAAAGACAGAAGA,0,0,0.014423077,0,0.052902764,387.5,147.1397463,0.1,-0.086956522,0,0,0,0
20675,GGTGTGTGAGTGTTGGGGTGGGG,0,0,0.000285205,0,0.023109381,357.5,171.0793627,0,-0.565217391,0,0,0,0
20676,AAAACCAGAGAGTAGAATGGTGG,0,0,0.482857143,0,0.071979244,485,168.3027753,0.086956522,0.804347826,0,0,0,0
20677,AAAGAAGAAGAAGAGACACTAGA,0,0,0.022569444,0,0.113563,485,162.6120542,0,-0.717391304,0,0,0,0
20678,GGAAGCCCTTCTCCAGCCGCCAG,0,0,0.001663418,0.037170378,0.035915682,387.5,152.2410262,0,-0.47826087,0,0,1,1
20679,GCTGTGGGAGTGTGTGTGTGGGG,0,0,0.069107363,0.416345417,0.416345417,552.5,194.3023881,0,-0.217391304,0,0,1,0
20680,CCCTGTGTGTGTGCGTGGATTGG,0,0,0.043112245,0.018482879,0.018482879,327.5,183.1639297,0,-0.652173913,0,0,0,0
20681,GTCCCTTTCCCACCCACTTTTAG,0,0,0.098039216,0.656790123,0.656790123,560,193.8630667,0,0.543478261,0,0,0,0
20682,GAACTCCCTTCTGCAGGACGTGG,0,0,0.001033365,0.268517165,0.268517165,485,159.962689,0,-1.043478261,0,0,0,0
20683,GCCTCTGTCCCCTCCACCTCTGA,0,0,0.000684085,0,0.081515342,357.5,162.4637983,0,-0.52173913,0,0,0,0
20684,AAATGAGAATAACAGCCCCAGAG,0,0,0,0,0.016400968,387.5,161.9971839,0.008695652,0.195652174,0,0,0,0
20685,GAAACCGAGCAGAAACAGAAAAG,0,0,0,0.069492688,0.068319815,455,186.3029525,0.013043478,-0.173913043,0,0,0,0
20686,GACAGTGATGCTGGAGGTGGTGG,0,0,0.176,0,0.833979885,620,210.6120827,0.143478261,0.282608696,0,0,0,0
20687,TGGATGGAAGATTTAAGAGTCAG,0,0,0.014814815,0,0.010515632,357.5,178.5965087,0,-0.543478261,0,0,0,0
20688,TAAGAAGAAGAAGAGACACAAGA,0,0,0.037615741,0,0.272333333,552.5,199.7496541,0,-0.282608696,0,0,0,0
20689,GGCGCAGCTCCTGGAGGTGGAAG,0,0,0.029958848,0,0.464697762,620,207.5888992,0.991304348,-0.130434783,0,0,0,0
20690,AGTGTGTGTGTGAGTGCGTGTGA,0,0,0.009440559,0,0.355433782,522.5,204.4525791,0,-0.260869565,0,0,0,0
20691,GGCTCAGAGGCTGGGGGTGGGAG,0,0,0.060411336,0,0.23197741,522.5,199.2335775,0.108695652,0.086956522,0,0,0,0
20692,AAGAACACCAGGGATTTGAGGGG,0,0,0.008058608,0,0.08037722,357.5,176.0507669,0,-0.608695652,0,0,0,0
20693,GCTGTGTGTGTGTGTGTGTGGGA,0,0,0.004895105,0,0.372455417,552.5,192.7257886,0,0.065217391,0,0,0,0
20694,GGTGGGTGAGTGGGTAGGTGGGG,0,0,0.011048593,0,0.038521809,387.5,170.1378225,0.956521739,0.173913043,0,0,0,0
20695,GGGGAGGCAGTGTGTGTGTGAGG,0,0,0.084464555,0,0.389730931,552.5,192.2028912,0,-0.173913043,0,0,0,0
20696,GATGAGCGAGTGTGTGTGTATGG,0,0,0.254507212,0,0.183397224,485,158.4531082,0.017391304,0.347826087,0,0,0,0
20697,GGGGTGTGTGTGTGTGTGTGAGG,0,0,0.050909091,0,0.348646558,552.5,192.4377886,0.260869565,0.369565217,0,0,0,1
20698,TAATGAGATGCAGAGGTACATAG,0,0,0.029037037,0,0.206712756,455,188.0240249,0.734782609,-0.108695652,0,0,0,0
20699,GGGGTGTGTGTGTGTGTGTGAGA,0,0,0.003535354,0,0.348646558,552.5,192.4377886,0.030434783,0.152173913,0,0,0,0
20700,TCCATCCAGCCTGAGAGACAGGG,0,0,0.012138189,0,0.183248065,455,186.5380081,0,0.217391304,0,0,0,0
20701,GAGCCCCTGCACCCGGCCACAAG,0,0,0.001146384,0,0.080525945,455,169.7571981,0.013043478,-0.217391304,0,0,1,0
20702,GCCCCTCCAAAGCCTGGGAAGAG,0,0,0.008901338,0.059141775,0.059141775,485,160.3690828,0.004347826,-0.304347826,0,0,0,1
20703,AATGATCACAACATCTTCACCAG,0,0,0.014430014,0,0.060073929,485,157.9962538,0,0.086956522,0,0,0,0
20704,TGTGTGTCTGTGTGTGCGTGTGA,0,0,0.009324009,0,0.833979885,620,210.8520827,0,-0.304347826,0,0,0,0
20705,TGTGTGTCTGTGTGTGCGTGTGG,0,0,0.134265734,0,0.833979885,620,210.8520827,0.008695652,0.239130435,0,0,0,0
20706,GGCGCTGGCTGAGCAGGTGATGG,0,0,0.04029304,0.156419304,0.156419304,552.5,196.1521732,0,0.239130435,0,0,0,1
20707,GGAACTGTGCCTGGAGGAGGGAG,0,0,0.052427984,0,0.281815562,552.5,185.1571133,0,-0.543478261,0,0,1,0
20708,GACCCCCTCCACAGCAACTCTGA,0,0,0,0,0.004982859,290,159.7869579,0,0.804347826,0,0,0,1
20709,GGGTGGGTGGGGCTGGCTCCAGG,0,0,0.016036184,0.07979221,0.078569341,327.5,186.1637572,0.295652174,-0.173913043,0,0,0,0
20710,CTTACCCCACAGGGCTGTTGTGA,0,0,0,0,0.035772345,417.5,133.1523742,0,-0.434782609,0,0,0,0
20711,TAGTTGGAGGAACGAGGAGACAG,0,0,0.061993927,0,0.26991206,455,171.4494795,0,0.630434783,0,0,0,0
20712,TAGTCTGAGCAGAAGGGGAAGGA,0,0,0.002188375,0,0.063433242,485,179.139479,0.130434783,0.02173913,0,0,0,0
20713,GCTGAGTGTGTGCGTGTGTGTGA,0,0,0.01062753,0,0.144140246,455,184.514788,0.026086957,-0.173913043,0,0,1,0
20714,GGCCCACTCCACCCCTCCTCTGA,0,0,0,0,0.327883914,560,201.0855901,0.686956522,0.782608696,0,0,0,0
20715,TGGAAGGAGGGATGAGGAGCTGG,0,0,0.029545455,0.751669231,0.729231343,462.5,175.7439964,0,-0.326086957,0,0,0,0
20716,GAGTGAAAAGAAGAGTCACACGG,0,0,0,0,0.183399615,552.5,199.0003933,0,-0.173913043,0,0,0,0
20717,GAAGGTGAAGATGAGGCACAGGG,0,0,0.148809524,0,0.425868976,522.5,208.8243156,0,0.391304348,0,0,0,0
20718,GCGGCCTCAAGGCCTGGCCAGAG,0,0,0.042787905,0,0.510158313,522.5,209.1851355,0,-0.065217391,0,0,0,0
20719,CCAGTGGGGAGAGAGGAGACCAG,0,0,0.02832244,0.029441861,0.029441861,455,170.4698543,0,-0.065217391,0,0,0,0
20720,GACCATAAAGCAAAAACTGCAGA,0,0,0.018007203,0,0.093000348,425,193.1796739,0.043478261,0.586956522,0,0,0,0
20721,CACTGGTTTTCCTAGTTCTCCAG,0,0,0.019307528,0,0.110193987,425,198.5563949,0,-0.326086957,0,0,0,0
20722,GACGTGTTTTCATTCCTCTTTGG,0,0,0.034090909,0,0.030434884,387.5,149.6933526,1,3.304347826,0,0,0,0
20723,GAATGGGAAGAAGAGGCATTAGG,0,0,0.197802198,0,0.132915997,485,149.5284161,0,-0.086956522,0,0,0,0
20724,TTCATCATAGCCAGTACCTGAGA,0,0,0,0,0.084899764,425,198.9475508,0,-0.260869565,0,0,0,0
20725,GGTGTCTGTGTGTGTGCGTGTGA,0,0,0.010330578,0,0.896991699,627.5,213.3659156,0.117391304,3.347826087,0,0,0,1
20726,AGGATGGAAGAATGGAGAGTTGG,0,0,0.417857143,0,0.044594039,455,183.7447722,0,-0.543478261,0,0,0,0
20727,CCCATCTATGTCTTCCCCATAAG,0,0,0.058201058,0.397317959,0.397317959,522.5,207.0774987,0,-0.173913043,0,0,0,0
20728,GTCACCGCTGCTGGAGGAGGCAG,0,0,0.053327892,0,0.114716268,552.5,187.7909024,0.647826087,-0.02173913,0,0,1,0
20729,TGTGTGTGTGTGTGTGTGTGAGA,0,0,0.007070707,0,0.372455417,552.5,192.9657886,0.017391304,-0.282608696,0,0,0,0
20730,TGTGTGTGTGTGTGTGTGTGAGG,0,0,0.101818182,0,0.372455417,552.5,192.9657886,0,-0.347826087,0,0,0,0
20731,GTAGAGTGTGTGTTTGCGTGTGA,0,0,0.005050505,0,0.134930746,522.5,202.833035,0,-0.413043478,0,0,0,0
20732,TGTGTGTGTGTGTGTGTGTGTAG,0,0,0.026397306,0.379196691,0.372455417,552.5,192.9657886,0.02173913,0.173913043,0,0,0,0
20733,TGGATGTAGGCAAGAGGACTAGA,0,0,0.004926108,0,0.069461112,357.5,170.339415,0,-0.086956522,0,0,0,0
20734,GACCCCCTGTCCCCTGCCTCTGA,0,0,0.00107895,0,0.114246521,427.5,189.8113779,0.013043478,0.173913043,0,0,0,0
20735,GACCCCCTCCACCTCCCCTCCAG,0,0,0,0,0.139922989,470,192.6723895,0,-0.173913043,0,0,0,0
20736,GGAATCACTACTTCAGCACACAG,0,0,0.025,0,0.152592743,455,165.1881623,0.243478261,-0.152173913,0,0,1,0
20737,GACATCTGAGTCATTTCCTCGGA,0,0,0,0,0.119960915,485,161.4341572,0,-0.434782609,0,0,0,0
20738,GGCACAGAATGGGCACCTGAGGG,0,0,0.12265959,0.176956286,0.173969682,455,185.6644081,0,-0.195652174,0,0,0,0
20739,AATTGAGAATAAGATGCCCAGGG,0,0,0.015606242,0,0.075526571,455,174.0499087,0,-0.065217391,0,0,0,0
20740,GGTGTGTGTGTGTGTGTTTGGAG,0,0,0.017598204,0,0.069304995,485,167.5424553,0,0.086956522,0,0,0,0
20741,AATAGACAAGCAGAGGCACACAG,0,0,0.023965142,0.526289801,0.510158313,522.5,209.1851355,0,-0.217391304,0,0,0,0
20742,GGAATTCCTTCTCGAGGACCTGG,0,0,0,0,0.01921626,357.5,175.2893997,0.5,0.717391304,0,0,0,0
20743,GAAATGTTTTCTTTTTTCTCTGA,0,0,0.001364743,0,0.195426448,425,195.875278,0.952173913,-0.847826087,0,0,0,0
20744,GACATCTGTGTCTTCTCCATGGA,0,0,0.006267806,0,0.065045258,455,186.9292558,0.37826087,0.173913043,0,0,0,0
20745,TGTGAGTGAGTGAGGGTGTGTGG,0,0,0.016153846,0,0.063223545,357.5,174.5075468,0,0.108695652,0,0,0,0
20746,GAGAAGGAGGAGAAGAAGAAAAG,0,0,0.013717421,0,0.760552802,622.5,210.2603596,0.091304348,-0.043478261,0,0,0,0
20747,AGGTGGGGCTAGTCTGCTCCTAG,0,0,0.029166667,0.12819942,0.126035717,522.5,198.6092986,0,0.086956522,0,0,0,0
20748,GAGTGGAGGAAGTTTCCTCCTAG,0,0,0,0.168317073,0.162635484,552.5,194.2966569,0.052173913,0.369565217,0,0,0,0
20749,GGGTGGTGGGAGGGTGCTCTGAG,0,0,0,0,0.024686557,357.5,158.5407141,0,-0.413043478,0,0,1,0
20750,GGCGAGTCAGTGAGTGGGTGGAG,0,0,0.002784546,0,0.220828507,455,185.0867514,0,-0.086956522,0,0,0,0
20751,TGGATGGAGAAATGAATAGATAG,0,0,0.034027778,0,0.036386509,417.5,138.7961267,0.956521739,5.456521739,0,0,0,0
20752,AGCAGAGAGGCTGGAGGTGGGAG,0,0,0.078866667,0,0.82579023,620,213.025879,0.973913043,-0.043478261,0,1,0,1
20753,AATAAAAACTGCATCCTCAACAG,0,0,0.105625,0,0.313028173,522.5,207.9271515,0.052173913,0.434782609,0,0,0,0
20754,GGTGAGTGAGTTTCTCCTTGTGG,0,0,0,0,0.003373263,290,157.1329557,0,-0.413043478,0,0,0,0
20755,GCCTCCCCCATCCCTGCCCAAGA,0,0,0.00152097,0,0.087674721,357.5,180.3079244,0.465217391,-0.326086957,0,0,0,0
20756,GGCTCTGAGGATGGAGCTGGTGG,0,0,0.072994652,0,0.321188687,455,188.0103883,0.504347826,0.195652174,0,0,0,0
20757,GGCAGTCCGGATGGAGGTGGGGG,0,0,0.309375,0,0.964154618,530,210.4984155,0,-0.173913043,0,0,0,0
20758,TGTGTGTGATTGTGTGGGTGTGA,0,0,0.001206922,0,0.56142625,552.5,191.9338325,0,-0.434782609,0,0,0,0
20759,GGCTTCACTTCTGCACCACCCAG,0,0,0,0.177102633,0.174113559,552.5,198.1267933,0.026086957,-0.782608696,0,0,0,0
20760,GGAATCTCTTCCTCAGCATCTAG,0,0,0.027631579,0,0.061576337,357.5,168.8533983,0,-0.152173913,0,0,0,0
20761,CACTTGATTTCATGGCTCTCTGA,0,0,0,0,0.027714546,455,187.8892087,0,0,0,0,1,1
20762,AAATGAAAAGAATAGGCCCACAG,0,0,0.014814815,0,0.145826875,462.5,183.0941654,0,0,0,0,0,0
20763,GGATGGGGTGGGTTTGCTACCAG,0,0,0.028888889,0,0.166760818,455,177.734136,0.008695652,-0.347826087,0,0,0,0
20764,TGATTGGAGGATAGAGGAGTGAG,0,0,0.028554778,0.272986878,0.268601546,425,200.582979,0.073913043,0.065217391,0,0,0,0
20765,GACACCCAAGCTGAGTCTTTTAG,0,0,0.041938998,0,0.364163458,462.5,189.3146077,0,-0.413043478,0,0,0,0
20766,GCCGCCCCACATCCTGGCCTTGG,0,0,0.048076923,0.304595433,0.299180403,455,168.4809632,0,0.347826087,0,0,0,0
20767,GGTGCCTGAGGGTGTGTGTGAGG,0,0,0.063636364,0,0.194319155,455,188.9095012,0.030434783,-0.086956522,0,0,0,0
20768,TGTGAGTGCGTGTGTGTATGTGG,0,0,0.184615385,0,0.073001262,485,168.8307753,0.665217391,-0.130434783,0,0,0,0
20769,TCCTTTGTTTCTGGATGGATAGA,0,0,0.018229167,0,1.632770745,627.5,215.1518996,0.134782609,0.217391304,0,0,0,0
20770,ACTGCCTCCTCTCCACTCACAGG,0,0,0.232142857,0.419863285,0.40803615,530,203.7690789,0,0.130434783,0,0,0,0
20771,GGAACTGGGGCAGGGGGTGGAGA,0,0,0.020119048,0,0.195426448,425,193.649061,0,0.043478261,0,0,0,0
20772,GCCCCCCACCACCCCACGTCTAG,0,0,0.021728395,0,0.053377333,485,173.1484239,0,0.804347826,0,0,0,0
20773,GGGATGGAGGAAGAAGGAATGGA,0,0,0.009283014,0,0.03037967,357.5,167.3134949,0,-0.043478261,0,0,0,0
20774,GGTGAGTGAGTGTATTATTGTGA,0,0,0,0,0.002523619,345,143.8629451,0,0.086956522,0,0,0,0
20775,AAAAGAGGAGAAGAGACACAGAG,0,0,0.090534979,0,0.5114241,560,199.1381572,0,-0.282608696,0,0,0,0
20776,GGAGAGTGAGTGTGTCCCAGGGA,0,0,0,0,0.016578466,417.5,145.2122409,0,0.130434783,0,0,0,0
20777,GAGTTCCAGGAGAAGAAGATAGA,0,0,0.00708912,0,0.415325641,552.5,173.3991629,0.308695652,-0.673913043,0,0,0,0
20778,GACACCCATGCAGAGGTGTTGGG,0,0,0.047596154,0,0.020128062,485,170.1452797,0,0.217391304,0,0,0,0
20779,GGTGAGTGAGTGGGTGGGGACAG,0,0,0.000932438,0,0.026713615,320,120.8289685,0.017391304,0.282608696,0,0,0,0
20780,CCTGTGAGTAGTTAGGAGGCTAG,0,0,0.006405229,0.041350149,0.04002163,362.5,189.8173944,0.447826087,-0.652173913,0,0,0,0
20781,CCCTGTGGCTCTGGAGGGTATAG,0,0,0.019933432,0,0.033961087,417.5,130.9261573,0.239130435,0.543478261,0,0,0,0
20782,TCCACCTATACAGAGACACAAGG,0,0,0.704166667,0.89998622,0.89998622,620,210.5367628,0,-0.434782609,0,0,0,0
20783,GGGTGTGGGGAGTGGGCCCCTGG,0,0,0,0.007117689,0.007117689,357.5,166.1444765,0.017391304,0.152173913,0,0,0,0
20784,TGCAGGGAGGACAGAGGAGTGGG,0,0,0.044845842,0.272986878,0.268601546,425,200.168259,0.152173913,0.369565217,0,0,0,0
20785,TGGATGGATGGATGATAAGTGGA,0,0,0,0,0.030650512,387.5,170.735599,0.056521739,-0.065217391,0,0,0,0
20786,TGGGTGGAGGAGAGAGGGGTTAG,0,0,0.032407407,0,0.056096875,357.5,175.6876457,0.047826087,-0.565217391,0,0,0,0
20787,GGAACTGGGGCTGGGGGTGGGGG,1,0.002,0.362142857,0,0.785713928,530,202.5651615,0.052173913,0.369565217,0,0,0,0
20788,CCAGTGAGTATTGTGAAGGCAGA,0,0,0.006528965,0,0.009131982,260,176.3262053,0.069565217,0.195652174,0,0,0,0
20789,TGTGCGTGAGTGTGTGTGTTTAG,0,0,0.042345679,0,0.268517165,485,159.787969,0,-0.217391304,0,0,0,0
20790,GGTAATTGAGTCTGTGCCTGGGG,0,0,0.151260504,0,0.087696665,455,183.4009823,0,0.369565217,0,0,0,0
20791,AGATCAGCAGAAGAGCCACACAG,0,0,0,0,0.258544304,552.5,197.2834372,0,0.065217391,0,0,1,0
20792,GATAAGGAAGCAGAGTTTTAAGG,0,0,0.110491071,0.408379077,0.393858933,552.5,178.4600961,0,-0.02173913,0,0,1,0
20793,GGCCCCCGCCACCCCACCCCCAG,0,0,0.04195828,0,0.085785,485,167.8237572,0,NA,0,0,0,0
20794,GTCTTCCCAGCGCCTGGCCAAAG,0,0,0.033329932,0,0.73132116,522.5,206.4498599,0.5,0.739130435,0,0,0,0
20795,AAATGAGAAAAACAAGCATAAAG,0,0,0.044257451,0,0.043049833,357.5,159.7539215,0,-0.630434783,0,0,0,0
20796,TCCTTCCCACAGCCTGGCCCAAG,0,0,0.012498725,0.654642614,0.642348856,552.5,175.7823437,0.991304348,0.065217391,0,0,0,0
20797,ATTTAAAGCAGTGAGTAGAGGGA,0,0,0.013189935,0,0.778438874,620,212.912599,0.213043478,0.565217391,0,0,0,0
20798,TGTGAGTGTGTGTGTGCATATGA,0,0,0.027043269,0,0.083523485,485,152.6792864,0,-0.391304348,0,0,0,0
20799,GACAACAGAGAAGAGTTTTTAAG,0,0,0.081481481,0,0.51740194,522.5,206.1985985,0.234782609,0.347826087,0,0,0,0
20800,AAGTCAGAGGAAGAGGCAGAGAG,0,0,0.0103738,0.305908313,0.300469943,552.5,182.6758997,0,-0.304347826,0,0,0,0
20801,AAATGAGAAGAAATTGCATAAGG,0,0,0.032459848,0,0.006644418,295,153.1064733,0.347826087,0.369565217,0,0,0,0
20802,GGGCCTGCCGCTGGTGGTGGTGG,0,0,0.019004525,0,0.242694227,522.5,199.6315981,1,0.02173913,0,0,0,0
20803,ACCTCCCCACGGGCTGGCCAGGG,0,0,0.026590909,0.297351481,0.297351481,425,198.4788593,0.134782609,-0.869565217,0,0,0,0
20804,AAAAGAGAAAAAGAGGCCCTAGA,0,0,0.003527337,0,0.119185689,485,150.7737304,0,0.02173913,0,0,0,0
20805,AAAAGAGAAAAAGAGGCCCTAGG,0,0,0.050793651,0,0.119185689,485,150.7737304,0,0.152173913,0,0,0,0
20806,GTCCCTGGGGCTGGAGGTGGGGG,0,0,0.144385026,0,2.543507363,627.5,216.186583,0,0.108695652,0,0,0,0
20807,TGTGAGTGAGCATGTGTGTGTGA,0,0,0.020164609,0,0.166452825,357.5,184.2677048,0.091304348,0.260869565,0,0,0,0
20808,AACACTGCTGCTGGATGTGGCAG,0,0,0,0,0.166395667,552.5,197.7117938,0.486956522,0,0,0,0,0
20809,AGGATGGAAGAATGAGGATGCAG,0,0,0.019607843,0,0.134234172,485,147.3546198,0,-0.086956522,0,0,0,0
20810,CCCTGTGTATATGGATATATGGG,0,0,0.4,0.036610572,0.036610572,387.5,162.6006916,0,0.217391304,0,0,0,0
20811,AAACAAAAAGTATAGACTGTGGA,0,0,0.005357143,0,0.234185328,455,174.0463324,0,-0.413043478,0,0,0,0
20812,AATGAACACTACAAACTCAGAAG,0,0,0.025325356,0,0.015143247,357.5,154.4302099,0,-0.304347826,0,0,0,0
20813,GTCTGCCCCAAGTCTGGCCACGG,0,0,0.218181818,0.349534466,0.338304443,522.5,204.2125791,0.213043478,-0.913043478,0,0,0,0
20814,ACCTGGGAAGAAGAGGCACGAGA,0,0,0.012772966,0,0.416048168,552.5,179.5084161,0,0.608695652,0,0,0,0
20815,AAAGGACAAGAAGAGACACAAGA,0,0,0.02983941,0,0.34930266,560,199.8547933,0,0.130434783,0,0,0,0
20816,GAGTCAGAGCTAAATAAGAATGA,0,0,0.002645503,0,0.063343751,327.5,189.2608103,0.017391304,-0.130434783,0,0,0,0
20817,GGTGTGTGTGTGTCTGCGTGTAG,0,0,0.024242424,0,0.243282841,530,203.512715,0.130434783,0.130434783,0,0,0,0
20818,GGTGCGTGTGTGTGTGTGTATGG,0,0,0.13125,0,0.155313909,485,155.8281887,0,-0.804347826,0,0,1,0
20819,GGGTTGGAGGAGTGAGAAGTAGA,0,0,0.028493469,0,0.299915,455,189.6241885,0,-0.108695652,0,0,0,0
20820,GAGCCCCAGGAGAAGATGAAAAG,0,0,0.00598019,0.370288322,0.36403873,552.5,189.9653717,0,0.434782609,0,0,0,0
20821,AAAAGAGAAGAATAGAAACAAGA,0,0,0.00462963,0,0.038521809,387.5,170.5525425,0.239130435,-0.195652174,0,0,0,0
20822,CGTGCGTGCGAGTGTGCGTGTGA,0,0,0.010629252,0,0.485165286,522.5,207.7218159,0,-0.608695652,1,0,1,0
20823,CCCTGTGCCTTTTGGTGGATTGG,0,0,0.06,0,0.078569341,327.5,186.1637572,0,-0.195652174,0,0,0,0
20824,GAATCAGAGCAGAAGCAGAGAGG,0,0,0,0,0.067743736,485,162.4599902,0.008695652,0.065217391,0,0,0,0
20825,CCCGGAGACTGTGGATGGATGAG,0,0,0.02808642,0.465446863,0.458313578,522.5,207.2105153,0.134782609,0.304347826,0,0,0,0
20826,AGCCCCCCCCACCCCGACTCAGG,0,0,0.336,0,0.609583333,552.5,194.874072,0,-0.065217391,0,0,1,0
20827,AAACGAGAAGAACAAGCAGAGGG,0,0,0.03205245,0,0.051728355,357.5,163.872058,0.017391304,0.130434783,0,0,0,0
20828,GGCCCAGACTGAGCAGCTGTCAG,0,0,0.00563097,0.067006521,0.067006521,425,144.9878631,0,-0.195652174,0,0,0,0
20829,GGCACTGAGGCTGAATGTGGGGG,0,0,0,0,0.068485513,462.5,188.3725725,0,0.043478261,0,0,0,0
20830,AAAGGAAAACAAGAGACACATGG,0,0,0.25,0,0.162635484,552.5,193.6630569,0,0.608695652,0,0,0,0
20831,CCTCACTCAGCTCTTCTCACAGG,0,0,0.051860744,0.242054876,0.234278012,522.5,198.8712781,0.013043478,0.130434783,0,0,0,0
20832,GCCTCCCCATGGCGTGGCCCCGG,0,0,0,0,0.045439178,357.5,159.2013953,0.004347826,0.130434783,0,0,0,0
20833,TGGATGGGGGAGGGAGAAGTTAG,0,0,0.033432337,0,0.104879914,357.5,177.898651,0.008695652,0.108695652,0,0,0,0
20834,GGCCCGGAGGCTGGAGGCGGAAG,0,0,0.014565826,0,0.178245253,552.5,188.0172658,0,0.086956522,0,0,0,0
20835,GGCACTTCGGCTGTCGTTGGTGA,0,0,0.000721501,0,0.015023047,357.5,169.9845019,0,0.152173913,0,0,0,0
20836,AAAAGCAGTGATTAGAGCTGAGA,0,0,0.009259259,0,0.24194961,455,178.9195796,0,0.130434783,0,0,0,0
20837,TCCTCTTTTACACCCACTTTTAG,0,0,0.126388889,0,0.174634187,552.5,184.8251499,0,0,0,0,0,0
20838,TGGATGCAGAGATGAGGAGAGAG,0,0,0.060824653,0,0.218834554,455,168.4573991,0.004347826,0.173913043,0,0,0,0
20839,AAAGGAGAAGAGGAAACACAAGA,0,0,0.029502542,0,0.034090618,357.5,179.1148521,0,-0.369565217,0,0,0,0
20840,CCCTGTGGCCCTGGTGGGATTAG,0,0,0.007019943,0.059780181,0.057947838,455,179.6129992,0,-0.195652174,0,0,0,0
20841,GTGTGAGAGGAAGAGGCACAGGG,0,0,0.296296296,0.848305879,0.822304167,622.5,214.4722196,0,0.413043478,0,0,0,0
20842,GTCTTTTTTTCTGTGTTCTCTGA,0,0,0.002927829,0,0.164811294,425,199.958595,0,-0.108695652,0,0,0,0
20843,GAGTCAGAGAAGGAGAGGAAAAG,0,0,0.024012504,0,0.1187797,455,181.936848,0.947826087,4.869565217,0,0,0,0
20844,GCCACTGAGGCCGGAGGTGGAGA,0,0,0.029605263,0,1.384888889,530,209.3440826,0.156521739,0.152173913,0,0,1,0
20845,GCCTCTCTCCCGCCTACCCTCGA,0,0,0.000634135,0,0.042642011,357.5,164.1456972,0,-0.195652174,0,0,0,0
20846,AGGATGGTGGAGTGGGGAGTAAG,0,0,0.052160494,0,0.198201266,425,194.177061,0,0.043478261,0,0,0,0
20847,GGAATGCCTTCTGCTGCAGAAGG,0,0,0.00625,0.03313265,0.032014248,387.5,135.3213946,0,-0.673913043,0,0,0,0
20848,ATCAGAGCGGCTGGAGGTGGGGG,0,0,0.297818182,0,0.789491758,620,215.885696,0,-0.47826087,0,0,0,0
20849,GACAGGTTTCCTTTGTTCTCTAG,0,0,0.014046639,0.638056423,0.618499138,522.5,204.3302431,0,-0.108695652,0,0,0,0
20850,AAACGAGAAGAAGAGGCATAGGG,1,0.01824,0.298642534,4.275,4.275,567.5,189.9784001,0,0,0,0,0,0
20851,CATAAGTGAGTGTGTGCGAGTGG,0,0,0.155416013,0.526848592,0.526848592,552.5,187.3384001,0.256521739,-0.217391304,0,0,0,0
20852,GGCTCCCTAAAGCTTGGACATAG,0,0,0.062314711,0,0.046239667,455,178.7976651,0,0.043478261,0,0,0,0
20853,GCTTCCAGAAAGCATGGCCACAG,0,0,0.030078125,0,0.143561971,522.5,201.5498176,0,0.130434783,0,0,0,0
20854,TCCCTCCCAAAGCCTGCCCAGAG,0,0,0.025118544,0.620616516,0.609583333,552.5,196.0519689,0,0.304347826,0,0,0,0
20855,GGTGTCTGGGTGTGTGCGGGCGG,0,0,0.041322314,0,0.175030473,552.5,181.4179157,0,-0.195652174,0,0,0,0
20856,GGGATGGAGGGATGAGTAGGTGG,0,0,0.027429667,0,0.149027027,387.5,154.8462053,0,-0.086956522,0,0,0,0
20857,TGGATGGATGAATGAGTGGATGA,0,0,0.002083333,0,0.027507403,417.5,131.6931754,0,-1.02173913,0,0,0,0
20858,CTCTCTCTCCCACCCACTTTAGA,0,0,0.019929847,0,0.211957667,552.5,191.1534859,0,-0.608695652,0,0,0,0
20859,TGGATGGATGAATGAGTGGATGG,0,0,0.03,0,0.027507403,417.5,131.6931754,0,-0.217391304,0,0,0,0
20860,GTGAACCCCAGTGTGCAGAGCAG,0,0,0.040329218,0.027714546,0.027714546,455,187.8892087,0,0,0,0,0,0
20861,ATGAACACCAGTCATTGGATTAG,0,0,0.001926385,0,0.022727774,290,137.3699469,0,-0.326086957,0,0,0,0
20862,AAATGAGAGGAAGACGGAAAGGA,0,0,0.000318309,0,0.028412066,387.5,149.2990871,0,0.195652174,0,0,0,0
20863,GAGCACGAGAAGAAGAGGAAGGA,0,0,0.003927061,0,0.532999604,552.5,191.0602325,0,-0.239130435,0,0,0,0
20864,AGTGAGTGAGTGAGTGGGAGAGA,0,0,0.000727214,0,0.078497806,387.5,157.9665685,0.039130435,0.543478261,0,0,0,0
20865,TGTGTGTGTGTGTGTGCGTTTAG,0,0,0.03959596,0,0.426140229,552.5,176.8142997,0,-0.065217391,0,0,0,0
20866,GTCATCTTTTTCATAGCCTGAGA,0,0,0.003769189,0,0.035406129,455,178.7530358,0,-0.456521739,0,0,0,0
20867,TGGATGGAGGAAATAGGGATTGG,0,0,0.052747253,0,0.00485935,290,141.8901616,0,-0.02173913,0,0,0,0
20868,GGTTACTGAGGGTGAGCGTGTAG,0,0,0.014885699,0,0.128747462,425,196.1033107,0.430434783,0.630434783,0,0,0,1
20869,CTCTTATTAGGCATTACCTGCAG,0,0,0.043771044,0,0.480400979,522.5,210.3103323,0,-0.369565217,0,0,0,0
20870,GGCATCCCAGCTGCAGGACCTGG,0,0,0.011704682,0.332321069,0.32110348,552.5,188.7343722,0,-0.304347826,0,0,0,0
20871,GATGGAGAAGACGAGGCACAGGA,0,0,0.008062435,0,0.694060843,522.5,210.0822996,0,-0.413043478,0,0,0,0
20872,TGTGAGTGGGTGTGTGTGTGGGG,0,0,0.311111111,0.788265432,0.788265432,560,195.4541086,0,-0.326086957,0,0,0,0
20873,AGTGAGTATGTGTGTGTGTGTGG,0,0,0.252,0.379196691,0.372455417,552.5,191.1542916,0.017391304,0.02173913,0,0,1,0
20874,CCCTTTGTCTCTGGAGGGGGAGA,0,0,0.000477234,0,0.035772345,417.5,132.7376542,0,0.02173913,0,0,0,0
20875,TGTGAGAGTGTGTGTGTGTGTGA,0,0,0.017013889,0,0.25438705,552.5,191.8709278,0.02173913,0.086956522,0,0,0,0
20876,GGTGTGTGGGTGTGTGTGTGTAG,0,0,0.02933034,0,0.699446792,560,194.1657886,0,-0.173913043,0,0,0,0
20877,GAAATCAATGTCCTCAACATAAG,0,0,0.104855967,0.06937551,0.06703372,485,178.0142822,0,-0.456521739,0,0,0,0
20878,GCCTTATTATCATTGTTTTCTAG,0,0,0.121598639,0,0.114716268,552.5,187.7909024,0.008695652,0.282608696,0,0,0,0
20879,GACCCCCCCCACCCCGCCCCGAG,0,0,0.071519796,0,2.933823529,567.5,187.7521831,0,-0.586956522,0,0,0,0
20880,TGCACAGGGACTGGAGGTGGGGG,0,0,0.52,0,0.797205949,620,209.3224626,0,-0.065217391,0,0,1,0
20881,GGGAGGGACCCTGCCTCCGTTGG,0,0,0.046753247,0.11599628,0.114132886,425,194.202574,0,0.369565217,0,0,1,0
20882,ATCAACACCAGTGAATAGGAGGA,0,0,0.00883767,0,0.054957969,387.5,136.5793786,0,-0.52173913,0,0,0,0
20883,CCATTCTATCCAGAGACACAGGG,0,0,0.448106061,1.634140741,1.634140741,627.5,216.6152192,0,0.02173913,0,0,0,0
20884,GCCACCTTCAATGGCCAGGGTGA,0,0,0.016203704,0,0.038523101,455,186.9325725,0,-0.152173913,0,0,0,0
20885,AACATGCATTCAGAGACACAAGA,0,0,0.023767082,0,0.797205949,620,212.1822796,0.617391304,-0.5,0,0,0,0
20886,ATGGACACCAGTTAGCTGAGTGG,0,0,0.016666667,0.039183127,0.038521809,387.5,170.5525425,0,-0.239130435,0,0,0,0
20887,CCCGGCATTCCAGAGACACATAG,0,0,0.033333333,0,0.891277473,620,211.5550822,0.052173913,0.326086957,0,0,0,0
20888,GGCAGCTGCAATGACCAGGGTGA,0,0,0.015,0,0.258544304,552.5,197.2834372,0,-0.369565217,1,0,1,0
20889,CCAGTGGGTCCAGCAGAGGCTGA,0,0,0.006590872,0,0.127709286,425,191.3879775,0,-0.086956522,0,0,1,0
20890,CACACCGCAGCAAAGTTTTAGGA,0,0,0.011038069,0,0.26991206,455,169.4632626,0,-0.608695652,0,0,0,0
20891,GACATTCTTTCATTATTCTCTGG,0,0,0.2054155,0,0.158440571,522.5,199.9502136,0,-0.086956522,0,0,0,0
20892,CCCATCCATGCAGAAACCAAAAG,0,0,0.007746308,0.021803016,0.021803016,387.5,143.8299088,0,0.152173913,0,0,0,0
20893,AGTGCATGTGTGTGTGCGTGTGA,0,0,0.01875,0,0.50455783,620,212.1659156,0.043478261,0.326086957,0,0,0,0
20894,GGGTGGGGGGTGATTGCTGGAGG,0,0,0.001566307,0,0.040365105,290,135.5849959,0,-0.652173913,0,0,0,0
20895,GGCAGTGAGGATGGAGTTGGGGG,0,0,0.073125,0,0.321188687,455,187.5956683,0,-0.130434783,0,0,0,0
20896,GGCACTGCCCCTGGAGGAGAGGG,0,0,0.134615385,0,0.065803424,485,147.68755,0,-0.5,0,0,0,0
20897,GGTGTGTGTGTGTGTGTGTTTAG,0,0,0.018478114,0,0.155313909,485,155.8281887,0,-0.326086957,0,0,0,0
20898,CCTGTTAGGAGAGCTGAGGCCAG,0,0,0.010789501,0.146830007,0.146830007,522.5,198.7192141,0.02173913,0.043478261,0,0,0,0
20899,GCCTCTATCCCACACCCCTCTGG,0,0,0,0,0.010971803,387.5,150.7516087,0.169565217,-0.130434783,0,0,0,0
20900,GGGCCTGGGGCTGCAGGTGGAAG,0,0,0.012605042,0,0.210193223,522.5,203.0593984,0,-0.304347826,0,0,0,0
20901,GATGACCATGACATCCTCCAGAG,0,0,0.023467433,0.296474035,0.296474035,552.5,179.5004833,0.039130435,-0.347826087,0,0,0,0
20902,GACCCCCTCCACCCTCCCCGTGA,0,0,0,0,0.007901364,320,119.8189527,0,0.152173913,0,0,0,0
20903,AGTGAGTGTGTCTGTGTGTGGGG,0,0,0.133411765,0,0.183248065,455,186.5380081,0,-1.152173913,0,0,0,0
20904,GCCTGTTTCCTACCCACCACTGA,0,0,0.000333,0,0.115428206,387.5,143.7959964,0,0.173913043,0,0,0,0
20905,GCAACCCCTTCTGCAGGCCCAGG,0,0,0.007756949,0.121640837,0.119478333,485,171.2622357,0.747826087,-0.217391304,0,0,0,1
20906,ATCACCTAAGCAGAATTTTTGAG,0,0,0.091265597,0,0.275145253,522.5,202.3697976,0,0.086956522,0,0,0,0
20907,AACTACAGTGAGTAGAACAGTGG,0,0,0.242424242,0,0.19201875,485,165.303969,0,-0.02173913,0,0,0,0
20908,GTCACTGTAGCAGAGATTTTGAG,0,0,0.068214614,0.161883734,0.156419304,552.5,196.7857732,0,-0.217391304,0,0,0,0
20909,GAGTGGGGGGAGTGTGCTGGGAG,0,0,0,0,0.032734684,387.5,139.4352155,0,0.304347826,0,0,0,1
20910,GGTGTGTACGTGTGTGTGTGCAG,0,0,0.025140292,0.353596915,0.353596915,552.5,189.8659716,0,-0.108695652,0,0,0,1
20911,CACACACACCCAGAGACACAGAG,0,0,0.161616161,0.512410871,0.50455783,620,211.9259156,0.947826087,3.804347826,0,0,0,0
20912,TTGAACAGAAGTGAGGAGAGTAG,0,0,0.049450549,0,0.166395667,552.5,194.8519768,0,-0.239130435,0,0,0,0
20913,TGGATGGATGAATGATGGGTAGG,0,0,0,0,0.055043967,492.5,173.7284605,0.013043478,0.108695652,0,0,0,0
20914,AAAATAGAAGCAGAGGCATAGGG,0,0,0.026373626,0.27680625,0.27680625,455,180.0599964,0.17826087,-0.065217391,0,0,0,0
20915,AAATAAAATGAAGAGGCAAACAG,0,0,0.057777778,0.204499315,0.197596385,552.5,180.8207189,0,-0.391304348,0,0,0,0
20916,GGCGACAGAGTGAGTGCGTGAAG,0,0,0.045891608,0,0.225589813,522.5,205.0035147,0,-0.304347826,0,0,0,0
20917,GGTGAGTGGGTGGGTGGGTGTGG,0,0,0.010230179,0.243274677,0.243274677,462.5,185.954788,0,-0.130434783,0,0,0,0
20918,GCTTTGTTTTCATTGTTCGGTAG,0,0,0.002059504,0.216620121,0.216620121,485,150.5464001,0,0.391304348,0,0,0,0
20919,AAATGAGAAGACAAGGCAGGTGA,0,0,0.001612487,0,0.034137919,290,134.0989792,0.008695652,-0.260869565,0,0,0,0
20920,GCCTCTTTCCCTCCTCCCTTTGG,0,0,0,0.055032619,0.055032619,365,181.1884521,0,-0.456521739,0,0,0,0
20921,CACCCCCTCCTCCGTGCCTCGGG,0,0,0,0,0.033313524,327.5,187.1237101,0.065217391,-0.086956522,1,0,1,0
20922,AAAGGAGAAGTAGAGGAAGATGG,0,0,0.011217949,0,0.106570406,387.5,160.3622053,0.082608696,0.173913043,0,0,0,0
20923,AGGAGGGAGGAGAGAGGAGTGGG,0,0,0.32,0.286208544,0.286208544,425,200.696259,0.308695652,-0.326086957,0,0,0,0
20924,CCCTGTGTCTCCGGATGATTCGA,0,0,0.02452507,0,0.077261783,395,156.5125663,0.395652174,0.282608696,0,0,0,0
20925,TTTATGGAGGAATCAGGATTAAG,0,0,0.023569024,0,0.073273358,455,176.0448154,0.034782609,-0.108695652,0,0,0,0
20926,CACTTGTGTCCATTGATCTCTGG,0,0,0.253968254,0,0.250819,552.5,193.8200207,0,-0.347826087,0,0,0,0
20927,GTCTCGCTTTCACTGTTCTCGGA,0,0,0.027412281,0,0.378170105,522.5,205.7891787,0.07826087,-0.260869565,0,0,0,0
20928,AAATGAGACAAAGAGGAAAATGG,0,0,0.106666667,0,0.097639973,485,158.5143722,0.013043478,0,0,0,0,0
20929,GGAAGCCCTTCTGTAGCACATGA,0,0,0.016296296,0,0.195775622,462.5,170.3348954,0.008695652,-0.326086957,0,0,0,0
20930,GGGTGGAGGTGGTTTGCTCTTAG,0,0,0.041076389,0,0.218834554,455,168.4573991,0,-0.086956522,0,0,0,0
20931,GACTTGTTTTATTTGCTTTCTGG,0,0,0.107142857,0.012760402,0.01256484,290,162.5420567,0.330434783,0.02173913,0,0,0,0
20932,AAATTGTTTTCATTGTTCTATAG,0,0,0.101111111,1.522822222,1.47120113,560,182.7344001,0,-0.239130435,0,0,0,0
20933,CCAGGGAGTAAAGGGGAGACAGG,0,0,0,0.04052371,0.039155821,357.5,169.2944117,0,-0.173913043,0,0,0,0
20934,GGAGCGTGAGTGTGTGTGTGGAG,0,0,0.043209877,1.196117745,1.196117745,560,197.5975689,0,0,0,0,0,0
20935,GGCCAAGACTTAGAACCTGAAAG,0,0,0.004692475,0.047857114,0.047857114,357.5,179.0563006,0,0.152173913,0,1,0,0
20936,AGCTCTTTCCAATCCACCTTCGA,0,0,0.022826087,0,0.322857199,425,203.2305958,0.017391304,-0.413043478,0,0,0,0
20937,AGGATGGAGGGAGGAGGAGCAGG,0,0,0.01541502,0,0.149801193,357.5,166.3329958,0,-0.869565217,0,0,0,0
20938,GTCTCCCCAAACCCAGCCCAGGA,0,0,0.004552905,0,0.08037722,357.5,176.0507669,0.004347826,0.152173913,0,0,0,0
20939,GAAATGTTTTCATTGCTCCCAGA,0,0,0.005270733,0,0.08458401,485,169.7619742,0,0.086956522,0,0,0,0
20940,CCAGGGAGAAGAGGGGAGACCGG,0,0,0,0.044612589,0.043106678,455,171.5647151,0,-0.391304348,0,0,0,0
20941,GCCTCCCCATTGCCTGGGGATGG,0,0,0.004524887,0.045151768,0.045151768,387.5,151.8068467,0.069565217,0.282608696,0,0,0,0
20942,CCTGCCTCAGCCCCACTCCCCAG,0,0,0.012444905,0.020515964,0.02018639,357.5,165.1369346,0.017391304,-0.413043478,0,0,1,0
20943,GACCCCCTCGCCCCCACTTCCAG,0,0,0.025925926,0,0.023520768,387.5,165.2664207,0,0.130434783,0,0,0,0
20944,TGAGAGTGTGTGTGTGCGTGTGA,0,0,0.029761905,0,1.609911955,627.5,215.9122196,0,-0.195652174,0,0,0,0
20945,GAATAGAAAGAATAGACTGGGGA,0,0,0.00122549,0,0.221695444,455,173.1727324,0,0.217391304,0,0,0,0
20946,CATGACCACATCATCTTCAAGGA,0,0,0.004830334,0,0.139204545,455,190.689754,0,-0.065217391,0,0,0,0
20947,TGGACAGAGGACTGATGAGTGGG,0,0,0,0,0.073249464,455,191.1211697,0,4.804347826,0,0,0,0
20948,AATGACTGCTCCATCCTCTAGGG,0,0,0.128333333,0,0.179486078,455,176.7389186,0,-0.043478261,0,0,0,0
20949,TGGATAAATGAATGAGTAGTAGG,0,0,0.133333333,0,0.139070029,552.5,190.0849438,0,-0.130434783,0,0,0,0
20950,TCCTCCCTAGGGCCTGGCCAGAG,0,0,0.081918724,0.743261097,0.73132116,522.5,204.8783629,0,0,0,0,0,0
20951,AAGTAATAAGAAGAGGCAAAAGG,0,0,0.129705215,0,0.335877203,552.5,184.2524993,0,0,0,0,0,0
20952,GGTTAATGAGTGACTGCGTGAGA,0,0,0.007492507,0,0.049912363,425,195.4019108,0,-0.152173913,0,0,0,0
20953,AATGACTATTACTTCCACAATGA,0,0,0.007899306,0,0.088958845,455,182.3716072,0.004347826,0.065217391,0,0,0,0
20954,GTAATCTGAGTCATTTCCTGGGG,0,0,0,0,0.504264163,560,199.4837572,0.665217391,0.195652174,0,0,0,0
20955,TCCTCCCCAAACTCAGGCCAGGG,0,0,0.214551084,0,0.07670389,327.5,187.7775574,0.030434783,0.195652174,0,0,0,0
20956,GAGACCAAGAAAAAGAAGAAAGA,0,0,0.026748971,0,0.422434911,522.5,203.2353823,0.013043478,-0.086956522,0,0,0,0
20957,GGGCAAGACCCAGAATCTGCAGA,0,0,0.000501337,0,0.019281941,387.5,144.1262821,0.582608696,0.326086957,0,0,0,0
20958,AAATCTGAGCAGAAAAAGAAAGA,0,0,0.040966386,0,0.240310978,522.5,202.6789944,0,-0.108695652,0,0,0,0
20959,GGGGAGAGACTGTGTGGGTGGGA,0,0,0.000714869,0,0.358942188,552.5,190.3109717,0,-0.347826087,0,0,0,1
20960,ATTGACCAATACAGCCTTAATAG,0,0,0,0,0.028252436,455,177.9377017,0.02173913,0.130434783,0,0,0,0
20961,AAATGAGAAAAAAAGACACAGAG,0,0,0.223361823,0,0.155930848,462.5,188.6205172,0,-0.826086957,0,0,0,0
20962,TGTGAGTGTGTGTTTGTGTGTAG,0,0,0.019358025,0,0.055495857,455,182.6149239,0,0.152173913,0,0,0,0
20963,GGTGTATGAGTGTGTGAGTGTGG,0,0,0.16969697,0,0.692578247,560,196.3395849,0,0.739130435,0,0,0,0
20964,GGCAATGCGGGGGGAGGAGGGGA,0,0,0.003306878,0,0.080449006,357.5,178.5421626,0,0.043478261,0,0,0,0
20965,TAGATGGAGGAAAAAGGACTCAG,0,0,0.051061008,0,0.028759421,357.5,167.0734949,0,-0.108695652,0,0,0,0
20966,GACACATAAGCAGAGTTGTGAAG,0,0,0.008092126,0.052539701,0.050766209,485,152.469902,0,-0.434782609,0,0,0,0
20967,GAACAGAAATCATAGAATGGCAG,0,0,0.002891249,0,0.134467805,485,154.2985686,0.034782609,0.347826087,0,0,0,0
20968,GGTGGGGGTGTGTGTGGGTGGAG,0,0,0.003875432,0,0.241506693,552.5,190.5826078,0.952173913,3.239130435,0,0,0,0
20969,GGCTTGTTTTCATTGTAATCTAG,0,0,0.059563153,0,0.252864198,492.5,173.7505557,0,-0.413043478,0,0,0,0
20970,GGCCCTGGGGGTGGACGTGGCAG,0,0,0,0,0.143492089,455,191.7080734,0.230434783,-0.065217391,0,0,0,0
20971,GTCTCTTTCCCAAACTCCTTTAG,0,0,0,0.015429259,0.01490844,357.5,180.5330689,0.269565217,0,0,0,0,0
20972,GGTGTGGGAGTGGGTGTGTGTGA,0,0,0.001808365,0,0.152967414,455,185.0430676,0,-0.086956522,0,0,0,0
20973,GGTGTGTCTGTGTGTGTGTGTGA,0,0,0.004351204,0,0.353596915,552.5,189.8659716,0,-0.065217391,0,0,0,0
20974,CACCTTCTCCACCCTGCCTCAGG,0,0,0.028138528,0,0.243723101,522.5,201.9186744,0.2,0.260869565,0,0,0,0
20975,AAATGAAAAGAGGAGGGAAATAG,0,0,0.004720407,0,0.061258113,387.5,157.3666077,0,1.02173913,0,0,0,0
20976,TGTGCGTGTGTGTGTGCGTGTGG,0,0,0.3,1.632770745,1.632770745,627.5,215.1518996,0,-0.282608696,0,0,1,0
20977,TGTGCGTGTGTGTGTGCGTGTGA,0,0,0.020833333,0,1.632770745,627.5,215.1518996,0,-0.043478261,0,0,0,0
20978,AGGAACACAAGTGAGTACAAGGA,0,0,0.022321428,0,0.083523485,485,152.4392864,0,0.043478261,0,0,0,0
20979,ATGGACACCTGTGAGGAGAATGG,0,0,0.178962811,0.106484582,0.104591523,485,158.9086378,0.013043478,0.108695652,0,0,0,0
20980,GGCAGTGTGGCTGGGGATGGTGA,0,0,0.022118055,0,0.155096519,455,179.6187304,0,0.173913043,0,0,0,0
20981,TGTGTGTTAGTGTGTGGGTGTGG,0,0,0.013368984,0,0.609583333,552.5,193.825752,0.02173913,-0.260869565,0,0,0,0
20982,TGTGTGTTAGTGTGTGGGTGTGA,0,0,0.000928402,0,0.609583333,552.5,193.825752,0.134782609,0.108695652,0,0,0,0
20983,AATTTCCACAACTTCCTCAAGGA,0,0,0.002361275,0,0.509948268,522.5,202.547023,0.026086957,-0.304347826,0,0,0,0
20984,AGAAGGGAAGAAGAAGCACAGAG,0,0,0.066396929,0.247907189,0.243723101,522.5,202.0933944,0,-0.586956522,0,0,0,0
20985,GAGGAGTGAGTGAGTGAGTGAAG,0,0,0.035437212,0.232606028,0.232606028,455,187.9465684,0,-0.304347826,0,0,0,0
20986,GCCCCTGACTGAGAAAGTGAAGA,0,0,0.012019231,0,0.023306476,455,188.2464055,0,0.304347826,0,1,1,1
20987,GTTGAGTGTGTGTGTGTGTATGG,0,0,0.167045455,0,0.164063988,485,156.8765087,0,0.065217391,0,0,0,0
20988,GCCCCCCTGCACCCCACCACGGA,0,0,0.009650686,0,0.052414635,485,166.9637938,0,0,0,0,1,0
20989,AAATAAGAATAAGAAGAACAAGG,0,0,0.309281046,0,0.142843894,455,177.7268109,0,-0.173913043,0,0,0,0
20990,GGAATCTCATCTGTAGCACAAGA,0,0,0.019210896,0,0.038975416,455,164.0802543,0,0.065217391,0,0,0,0
20991,GGTGCGTGTGTATGTGTGTGTGA,0,0,0.009074074,0,0.173969682,455,185.2496881,0.969565217,0.195652174,0,0,0,0
20992,TGGACTGGGGCTGGAGCTGGTGG,0,0,0.075630252,0,0.601049167,552.5,194.586072,0,-0.086956522,0,0,0,0
20993,CCCTGTGTCTCTCGAGTAATGGA,0,0,0.001751791,0,0.006554634,345,146.0028092,0,-0.195652174,0,0,0,0
20994,AGACTCCCTGCTGCAGCACAGAG,0,0,0.020588235,0.654642614,0.642348856,552.5,176.1970637,0.965217391,-0.739130435,0,0,0,0
20995,CCTGGGTGAGTGTGTGAGTGAGG,0,0,0.166153846,0,0.609583333,552.5,196.6855689,0.508695652,1.413043478,0,0,0,0
20996,GCCTCATTCCCACACACCATGAG,0,0,0.022469136,0.086878877,0.084431585,462.5,176.2268314,0,-0.260869565,0,0,0,0
20997,GCTGAGTGAGTTTCTGGGTGGGA,0,0,0.000466163,0,0.044687335,357.5,178.6186038,0,-0.065217391,0,0,0,0
20998,GAACACATAGCATACAATGGTGG,0,0,0.003208556,0,0.064675248,387.5,143.7694505,0.734782609,0.152173913,0,0,0,0
20999,GGAGTGTGTGTGTGTGTGTGTGG,0,0,0.072727273,0.36082635,0.348646558,552.5,192.4377886,0.026086957,0.173913043,0,0,0,0
21000,CCCTGTGAATATGGATGGATGGG,0,0,0.514285714,0,0.786690476,530,207.110319,0,-0.108695652,0,0,0,0
21001,GGAGTGTGTGTGTGTGTGTGTGA,0,0,0.005050505,0,0.348646558,552.5,192.4377886,0,-0.434782609,0,0,0,0
21002,GATGTGTGAGTCTGTGTGTGGGG,0,0,0.0760181,0,0.299915,455,188.9694685,0.02173913,-0.130434783,0,0,0,0
21003,TGGATGGAGAAATGAACAGATGA,0,0,0.008578431,0,0.036386509,417.5,138.7961267,0.013043478,0,0,0,0,0
21004,GAAGACAAATGATAGTCTGCAAG,0,0,0,0,0.132156214,455,189.816154,0,-0.02173913,0,0,0,0
21005,CCCAGTGTCTCTCCACGGATGAG,0,0,0.014851945,0,0.01490844,357.5,179.8994689,0.008695652,0.065217391,0,0,0,0
21006,GTGTCAGAGCAGAGCAAGAATGA,0,0,0.005968779,0,0.036314742,425,191.3278098,0.104347826,-1.152173913,0,0,0,0
21007,TACTTTTTTTAATAGTTCTCAAG,0,0,0.080246914,0,0.075204037,425,199.5447476,0,-0.065217391,0,0,0,0
21008,GGTGAATGAGTGAGTGCATGGGA,0,0,0.033284023,0,0.136450507,462.5,183.6913622,0,0.326086957,0,0,0,0
21009,AGATAAAAAGAAGAGGCACTGGG,0,0,0.416,0,0.476356426,552.5,178.1508993,0.065217391,0.065217391,0,0,0,0
21010,CTGTCACCACAGGGCAGTGAAGA,0,0,0.004396645,0,0.297519338,552.5,185.2644161,0,-0.5,0,0,0,0
21011,TCTGTGTGTGTGTGTGCGTGTGA,0,0,0.01048951,0,0.833979885,620,213.7118996,0.086956522,-0.173913043,0,0,0,0
21012,GAGAAAGACACATCATCCATTGA,0,0,0.010912698,0,0.177767966,455,173.7209431,0,-0.086956522,0,0,0,0
21013,GGGTGGGGGGAGATGGTTTCGGG,0,0,0.007455621,0,0.017168463,290,143.7595469,0,0.108695652,0,0,0,0
21014,TTCATCTTGATCATTACCTAAGA,0,0,0.040509259,0,0.392475151,552.5,173.1108833,0,-0.5,0,0,0,0
21015,TCTGTGTGTGTGTGTGCGTGTGG,0,0,0.151048951,0,0.833979885,620,213.7118996,0.013043478,-0.369565217,0,0,0,0
21016,GATGACCATGACATACTCAAGGA,0,0,0.006751543,0,0.226695115,522.5,196.0414617,0.056521739,0.043478261,0,0,0,0
21017,TAGTCTGAGGAGAAGAAAAAAAG,0,0,0.064814815,0,0.172919285,552.5,186.9989463,0,-0.02173913,0,0,0,0
21018,GTCTCCTCAGTGCCTGGCCACAG,0,0,0.032734755,0,0.499492352,522.5,205.3549991,0,0.02173913,0,0,0,0
21019,GCCACCCCATACCCTGCCCAAAG,0,0,0.013569442,0.266737708,0.262235805,455,184.6324521,0.039130435,0.02173913,0,0,0,0
21020,GGCCCAAACTGTGGACGTGGGGA,0,0,0,0,0.03138446,357.5,160.3239342,0,-0.282608696,0,0,0,0
21021,CCCATCCACCCAGTGCCCCATGA,0,0,0,0,0.004391041,387.5,160.8892758,0,-0.304347826,0,0,0,0
21022,TGGATGAATGATTGAGTAGTTGA,0,0,0.00308642,0,0.113094965,455,184.1548273,0,-0.108695652,0,0,0,0
21023,GGTGTGTGTGTGTGAGCGTCTGG,0,0,0.054135338,0,0.108114617,455,162.6072781,0,0.847826087,0,0,1,0
21024,ACTGCCCCCGCTTTCCTCACTGG,0,0,0.13125,0,0.106481213,425,193.1104771,0.069565217,-0.347826087,0,0,0,0
21025,TGTAAGAGAGTGTGTGTGTGAGA,0,0,0.025520833,0,0.416345417,552.5,194.9571081,0,-0.413043478,0,0,0,0
21026,GACCTCTTCTCATTCTTCTCAAG,0,0,0.028794735,0.1464432,0.141738197,522.5,198.3736141,0,0.043478261,0,0,0,0
21027,GTCAACTCCAAGAACTATGGAAG,0,0,0.045584046,0,0.056096875,357.5,175.2729257,0.095652174,0.413043478,0,0,0,0
21028,GTCAACTTTTTCTTTACCTGAAG,0,0,0.018958333,0,0.297252948,522.5,199.4608427,0.013043478,0.195652174,0,0,0,0
21029,TGACTTCCTTCTGTAGCACCTGA,0,0,0.016690009,0,0.135502769,522.5,204.9012314,0,1.586956522,0,0,0,0
21030,GAACACAGAGCAGAGTCTGGGGG,0,0,0,0.041723621,0.041723621,387.5,152.1748367,0,-0.043478261,0,0,0,0
21031,GTCTCCTCAAATGCCTAGGAAAG,0,0,0.028409091,0.061196436,0.0601085,455,165.5898351,0,-0.630434783,0,0,0,0
21032,GAGAGAGAGAAGAAGAAGAAGAG,0,0,0.059611993,0,0.760552802,622.5,210.2603596,0,0.043478261,0,0,0,0
21033,GATTCGGAGCAGAAGATCAATGA,0,0,0.001102293,0,0.07127241,485,170.4765717,0.12173913,NA,0,0,0,0
21034,GGGCCTGACTGAGCACGAGCAGG,0,0,0.054112554,0.080042299,0.077196351,485,154.3250828,0,-0.130434783,0,0,0,0
21035,GGTGGGTGTGGGTGTGGGTGTGA,0,0,0.000705882,0,0.196246288,455,186.7357049,0.091304348,0,0,0,0,0
21036,GGTGGGTGTGGGTGTGGGTGTGG,0,0,0.010164706,0,0.196246288,455,186.7357049,0,NA,0,0,0,0
21037,ACGAGCCTCAGTGAGTAGAGCAG,0,0,0.06125,0,0.932255747,620,212.1886822,0.069565217,0.173913043,0,0,0,0
21038,TACTTGTTACTATTGTTCTCTGA,0,0,0.010582011,0,0.446837229,525,204.0183995,0.72173913,0.391304348,0,0,0,0
21039,GAACCCCTCCACCATGCTTCTAG,0,0,0.00337037,0,0.012218739,357.5,167.4024605,0,0.043478261,0,0,0,0
21040,AAATGGGAACAAGAGGGACAGAG,0,0,0.004357298,0,0.603845122,560,192.6361685,0.430434783,0.739130435,0,0,0,0
21041,TGTGAGTGTGGGTGTGAGTGTGA,0,0,0.007777778,0,0.206712756,455,188.0240249,0.030434783,0.217391304,0,0,0,0
21042,CTTGCCTCCAAGGCCAGTAAAGA,0,0,0.011975624,0,0.078166772,522.5,196.2261178,0,-0.195652174,0,0,0,1
21043,CCAGCCCCACCAGGCAGTAAGAG,0,0,0.059259259,0.391492809,0.385203768,425,204.4858158,0,-0.152173913,0,0,0,0
21044,AGTGTGAGAGTGTGTGCATGAGA,0,0,0.013767482,0,0.211957667,552.5,190.1051659,0,-0.065217391,0,0,1,0
21045,CGTGTGTGTGTGAGTGCGTGTGG,0,0,0.107892108,0,0.355433782,522.5,204.4525791,0.452173913,0.239130435,0,0,0,0
21046,AAAAGACAAGAGAAGGCACAAAG,0,0,0.056584362,0,0.186059692,425,198.7277982,0.008695652,-0.043478261,0,0,0,0
21047,CGTGAGAGAGTGTATGTGTGTGA,0,0,0.015190972,0,0.062035467,455,184.1915235,0,-0.043478261,0,0,0,0
21048,GCCTGTCTCCATCCCACCTTGGA,0,0,0.007161458,0,0.254561754,425,201.582315,0,-0.043478261,0,0,0,0
21049,GAGTTGTTTTGATTGTTCAGTGA,0,0,0.000145892,0,0.113812211,387.5,144.5563164,0,-0.239130435,0,0,0,0
21050,TGGAAGGAGGTATCAGGAGAAGG,0,0,0.037087912,0,0.054599374,357.5,162.9048117,0.469565217,0.5,0,0,0,0
21051,CCAGTGTGTAGAGGGCAGGAAGG,0,0,0,0,0.010971803,387.5,150.7516087,0,-0.195652174,0,0,1,0
21052,AAATACAATGCATAGACTGCTAG,0,0,0.112,0,1.632770745,627.5,215.5666196,0,0.065217391,0,0,0,0
21053,GAGTCAGAGGAGAAAAAAAAAAG,0,0,0.061002179,0,0.043995919,455,172.7919247,0,NA,0,0,0,0
21054,AAATGAGAAGAAGAAAAGCAGGG,0,0,0.175686275,0,0.004539126,370,141.2951082,0.013043478,-0.173913043,0,0,0,0
21055,TGGAGGTAGGAGTGAGGAATCGA,0,0,0.013101537,0,0.159111983,455,177.0643988,0,0.217391304,0,0,0,0
21056,AATGAACATTACATCCTCACAAG,0,0,0.047874579,0,0.485700923,560,177.5166357,0,-0.130434783,0,0,0,0
21057,AAATGAGAAGAGGAAGAAGAAGG,0,0,0.039651416,0,0.021826573,290,145.542767,0.213043478,-0.347826087,0,0,0,0
21058,ATCTTCTTAGCCATTGCCTGAGA,0,0,0.005099068,0,0.151145,455,194.8078904,0,0.282608696,0,0,0,0
21059,GCTCCATTCCCACCCACCTCTAG,0,0,0.009086783,0.408379077,0.393858933,552.5,178.8748161,0,-0.347826087,0,0,0,0
21060,GAGTCCCAGAAGGAGAGGAAAAG,0,0,0.017778488,0,0.134093447,455,181.3396512,0,0.02173913,0,0,0,0
21061,TGTATGGAGGAAAGTGGAGCCAG,0,0,0.001631702,0,0.06751979,357.5,157.828058,0,-0.086956522,0,0,0,0
21062,TGGATGGAGTAATTAGGTCTTGA,0,0,0.003372446,0,0.012121826,387.5,146.3977457,NA,0.282608696,0,0,0,0
21063,GCCGCCCCAGGACCTGGCCAGGG,0,0,0.210648148,0.354121315,0.343267022,460,199.3884794,0.530434783,0,0,0,1,0
21064,TCTGTGTGAGTGTGTGTGTGAGA,0,0,0.008158508,0,0.609583333,552.5,196.6855689,0.013043478,-0.043478261,0,0,0,0
21065,CTGTCTTTCCCTCCCACCTTTGG,0,0,0.108225108,0.717100207,0.694060843,525,210.7158996,0.026086957,-0.347826087,0,0,0,0
21066,GGCAGTGCAGCGGGAGCTGGAGG,0,0,0.045378151,0,0.173969682,455,185.2496881,0.02173913,0,0,0,0,0
21067,GGGTGGGGGGAGCTTCATACCAG,0,0,0,0.011018566,0.011018566,320,140.6781426,0.017391304,0.043478261,0,0,0,0
21068,TGTGTGTGTGTGTGTGCATGTAG,0,0,0.039160839,0,0.189613667,552.5,188.5285664,0,-0.195652174,0,0,0,0
21069,TGTGAGGGTGTGTGTGTGTGAGG,0,0,0.164705882,0,0.25438705,552.5,191.8709278,0,-0.173913043,0,0,0,0
21070,GAGCCCCCACACCCAGCCTCCAG,0,0,0.024691358,0,0.242694227,522.5,197.4053811,0,-0.239130435,0,0,0,0
21071,ACATGGGAAGCTGAGGCACAAGA,0,0,0.005196523,0,0.236357282,425,203.2278318,0.217391304,0.086956522,0,0,0,0
21072,GAGGACGAGAAGCAGAAGAAAAG,0,0,0.016894087,0.509948268,0.509948268,522.5,202.547023,0.013043478,-0.043478261,0,0,0,0
21073,CCCATCAATCCACAGAACCATGA,0,0,0.001949318,0,0.028536716,387.5,160.9080543,0,-0.130434783,0,0,0,0
21074,CCCTTTCATTAAGAGACACATGA,0,0,0.028966132,0,0.422106805,522.5,205.3185959,0.02173913,0.217391304,0,0,0,0
21075,CTTGCCCTGATGGGCAGTAATGG,0,0,0.155555556,0.407554835,0.407554835,527.5,200.9185826,0,0.152173913,0,0,1,0
21076,TAGTGAGAGGAAGAGGGACAGGA,0,0,0.001664246,0,0.367241041,552.5,193.7261086,0,0,0,0,0,0
21077,CAATTGTGTTCATTCTTCTCGAG,0,0,0.032098765,0,0.397208228,522.5,201.3651615,0,-0.130434783,0,0,0,0
21078,GAGCCCCTTCCCCCCGCCACTGA,0,0,0.003472222,0,0.166760818,455,177.734136,0,-0.739130435,0,0,0,0
21079,GGTGTGTGTGTGTGTGAGCGAGG,0,0,0.028087774,0,0.111383028,485,162.2177886,0.208695652,0.413043478,0,0,0,0
21080,CCCTTAATCTCTGGATAGATTGA,0,0,0.016851852,0,0.239135105,555,192.7564041,0,-0.391304348,0,0,0,0
21081,TCTAGGGAGGAAAGAGGAGTTGG,0,0,0.153372781,0,0.545938102,522.5,207.6443595,0.104347826,0.130434783,0,0,0,0
21082,TGGAAAGAGGAATGGGGAGGAGG,0,0,0.057352941,0.107052935,0.107052935,455,164.7810745,0.860869565,3.065217391,0,0,0,0
21083,GGTGAGTGGGTGGGTGGGAGCAG,0,0,0.000757791,0,0.041027871,387.5,154.0067881,0,-0.086956522,0,0,1,0
21084,GGGTGGGGGCAGTGGGCACCCAG,0,0,0,0.010150119,0.009839004,357.5,162.9387241,0,-0.304347826,0,0,0,1
21085,AGGAGAAAAGAAGAGGCACATAG,0,0,0.060356653,0.905329387,0.878799588,622.5,215.1752192,0,0.217391304,0,0,0,0
21086,AAATGAGAAGAAAAAGAAAAAAG,0,0,0.045047763,0,0.017168463,290,143.7595469,0,0.52173913,0,0,0,0
21087,CCTTGTGTCTTTTGAAGGATTGA,0,0,0.00400641,0,0.054753998,357.5,185.6541699,0,0.152173913,0,0,0,0
21088,GCCACCCCCCCACCCACCTTCAG,0,0,0.077160494,0,0.539222871,622.5,211.0574182,0.130434783,0.173913043,0,0,0,0
21089,GGCACTAAGGCTGGCGGCGGTGA,0,0,0.005275974,0,0.051329507,455,174.0866474,0.060869565,0.369565217,0,0,1,0
21090,AAACAAAAAGAAGAGCCACACGA,0,0,0,0,0.176585759,552.5,197.3664733,0,0.217391304,0,0,0,0
21091,GCCTCTTTCCCACCCAGGCCAGG,0,0,0.000196693,0.012934678,0.012934678,400,104.9049558,0.456521739,0.239130435,0,0,0,0
21092,TGGATGGATGAATGGGTAGATAG,0,0,0.012638889,0,0.037612163,387.5,142.9094871,0.060869565,0.413043478,0,0,0,0
21093,ATGAGCTCCAGTGAGCAGATGAG,0,0,0.038111111,0.077563529,0.077563529,485,161.1024734,0,-0.086956522,0,0,0,0
21094,AGATGAGAAGTAGAAGCAAAAAG,0,0,0.025741579,0,0.074184075,357.5,167.7748948,0,-0.282608696,0,0,0,0
21095,GGTGGGAGTGTGTGTGCTTGCAG,0,0,0.065333333,0,0.122948862,552.5,186.1453856,0,-0.434782609,0,0,0,0
21096,ACTGAGTGAGTGAGTGAGTGAGA,0,0,0.01397929,0,0.23590875,455,188.4745684,0,0.130434783,0,0,0,0
21097,CACCCCCCCCCCCCCGCCCCCGG,0,0,0.078817734,0,0.292400968,455,179.1220994,0,-0.869565217,0,1,0,1
21098,TTCCCCCTCCACACCTCCTCAAG,0,0,0,0,0.105393,455,192.1722536,0.004347826,0.891304348,0,0,0,0
21099,AAATGAGATGGGGAGGGACACAG,0,0,0.00429557,0,0.087674721,357.5,180.3079244,0.004347826,-0.282608696,0,0,0,0
21100,CACCCCCTCTGCCCAGCCTCGGG,0,0,0.097105509,0,0.205917821,425,193.7711583,0,-0.282608696,0,0,0,0
21101,TACTTGGTTAGATTGTTCTCAGG,0,0,0.12605042,0,0.499492352,522.5,205.5949991,0.691304348,3.565217391,0,0,0,0
21102,TGTGTGTGTGTGTGTGCGTCTGA,0,0,0.006493506,0,0.426140229,552.5,176.8142997,0,-0.782608696,0,0,1,0
21103,ATTCAAAGCAGTGAGTAGAGGGA,0,0,0.007315426,0,0.778438874,620,212.912599,0.082608696,0.195652174,0,0,1,0
21104,GAAACTGAGGCTGGAGGAGGCAG,0,0,0.082386831,0,0.305988667,552.5,189.9088498,0,-0.565217391,0,0,1,0
21105,ATGAAAATCAGTGGGGAGAGAAG,0,0,0.034027778,0.022545448,0.022183273,455,185.3865885,0,0.239130435,0,0,0,0
21106,GGCAGTGCGCGTGGACGTGGCGG,0,0,0,0,0.125787239,455,189.401434,0,-0.065217391,0,0,1,0
21107,GAGAGAGAGCAGAAGAACAAAGA,0,0,0.008773351,0,0.178245253,555,189.8287627,0,0.347826087,0,0,0,0
21108,CCCATCCCTCCAGGGTCAGAGAG,0,0,0,0.01193337,0.011549968,387.5,156.4245726,0.417391304,0.717391304,0,0,0,0
21109,CCACTGAGCAGAGAGGAGGCTGG,0,0,0.171040724,0.256257926,0.256257926,530,203.927435,0.243478261,0.434782609,0,0,0,0
21110,GGCAGTGCGACTGTAGGTGGCAG,0,0,0.038716049,0,0.366716034,530,202.4807589,0.139130435,0.434782609,0,0,0,0
21111,AACTTGTTTTAATTTTTTTCAAG,0,0,0.016071429,0.047860694,0.04615898,357.5,173.3395614,0,-0.239130435,0,0,0,0
21112,GGTCCAGACTGAGCAGCTGATGG,0,0,0.024886878,0.205732252,0.205732252,492.5,181.597463,0,-0.673913043,0,0,0,0
21113,GGCACTGCAGGTGGAGGGGTTGG,0,0,0.0375,0,0.039653529,387.5,146.4492027,0,0.369565217,0,0,0,0
21114,AAATGAAAAGCAGAGGAAAACAG,0,0,0.020740741,0,0.06910214,387.5,158.8526245,0,-0.347826087,0,0,0,0
21115,AGGAGGGAGGAATGAGTAGGAGG,0,0,0.028235294,0,0.268517165,485,159.787969,0.860869565,0.195652174,0,0,0,0
21116,GGCCCAGGCTCCGCACGGGATAG,0,0,0.007147498,0,0.076571946,357.5,176.7306656,0.02173913,0.043478261,0,0,1,1
21117,GAGTTGATTTGATGGTTCTCAGA,0,0,0,0,0.079676894,425,198.4195508,0,0.065217391,0,0,0,0
21118,GACTAGGAATCAGAGTTTTTCAG,0,0,0.038299663,0.760552802,0.760552802,622.5,210.2603596,0,-0.326086957,0,0,0,0
21119,CCTGCTCCACAGAGCAGTCAGGA,0,0,0.010555946,0,0.116774831,455,176.9266955,0.3,-0.804347826,0,0,0,0
21120,ATGAGCAGGAGTTAGTAGAGAAG,0,0,0.022285714,0,0.322750216,522.5,201.3527622,0,-0.195652174,0,0,0,0
21121,GGGGAGGACTCAGCATCCCTCAG,0,0,0.048831793,0.277905994,0.277905994,552.5,180.8006796,0,0.02173913,0,0,0,0
21122,CCTGCCCCCGCTCCACCCCCGGG,0,0,0.028687337,0.018551746,0.018551746,387.5,153.4435236,0.730434783,1.543478261,0,0,0,0
21123,AAATGTGATGAATAGGGACATAG,0,0,0.001960784,0,0.078799562,455,182.968804,0.030434783,-0.043478261,0,0,0,0
21124,AAATTGGATGAAGAGGCATAGAG,0,0,0.015384615,0.181145074,0.175030473,552.5,181.4179157,0,-0.586956522,0,0,0,0
21125,GGGTAGGGGAGGTTTGCTGCCAG,0,0,0.017039095,0.250485481,0.242030275,455,175.9418599,0,-0.173913043,0,0,0,0
21126,GGGAGGGAGGGATGAGGAGCAGG,0,0,0.036173913,0.394491477,0.387083187,455,174.5439964,0.186956522,-0.043478261,0,0,1,0
21127,GGTGTGAGGGTGTGTGTGTGGGG,0,0,0.098989899,0,0.241506693,552.5,190.5826078,0,0.304347826,0,0,0,0
21128,GTCATTTTAGACTTTATCTGGGA,0,0,0.006770833,0,0.071577344,357.5,180.6985007,0,0.043478261,0,0,0,0
21129,CCCTCTCTCCCTCCCTCCTTCAG,0,0,0,0,0.091513804,455,191.8122929,0.086956522,0.02173913,0,0,1,0
21130,CACATCCAACCAGAGATTCAAGA,0,0,0.010942761,0,0.073001262,485,168.5907753,0,-0.217391304,0,0,0,0
21131,AAATTGGAAAATGAGGCACAGAG,0,0,0.017283951,0,0.374191978,522.5,203.4178591,0,0.108695652,0,0,0,0
21132,TGGATGGATGAATGAAGGGATGA,0,0,0.008333333,0,0.012289022,417.5,135.3908606,0,-0.195652174,0,0,0,0
21133,GACACTTAAGCAGAGTTTCTAAG,0,0,0.037949279,0,0.387025317,560,185.4828353,0.113043478,-0.456521739,0,0,0,0
21134,TATGCCCACTTCATCTTCAAGGG,0,0,0.047337278,0.151145,0.151145,455,194.3931704,0.056521739,-0.586956522,0,0,0,0
21135,GGACCCACAGCAGAGACTGCTGG,0,0,0.044720497,0.572069502,0.553689759,522.5,205.0725425,0.543478261,0.413043478,0,0,0,0
21136,GGCACTGCTGTTGGATGTGGAAG,0,0,0,0,0.148352763,462.5,192.9217101,0,-0.282608696,0,0,0,0
21137,GGAGAATGAGTGTGGGGGTGTGG,0,0,0.00210084,0,0.092519726,455,181.6928834,0,-0.413043478,0,0,0,0
21138,TGAATCTCTTCTGCTGCTCCTGG,0,0,0.08125,0.058898835,0.056804655,455,177.1864643,0.008695652,0.217391304,0,0,0,0
21139,TGTGTGTGCGTGTGTGTGTGAAG,0,0,0.025140292,0,0.372455417,552.5,192.9657886,0,-0.173913043,0,0,0,0
21140,AGGAATAGCAGTGGGTAGAGGGA,0,0,0.01625,0,0.135502769,522.5,202.4350144,0,0.02173913,0,0,0,0
21141,TGTGAGAGGGTGTGTGAGTGTGA,0,0,0.018904321,0,0.25438705,552.5,191.8709278,0,0.5,0,0,0,0
21142,GACTCATGCCCACCCACATTTGA,0,0,0.01728395,0,0.187751667,552.5,188.6508658,0,-0.108695652,0,0,0,0
21143,AAAGGAGAAGTAGGGGCACCCAG,0,0,0.005287922,0,0.054599374,357.5,163.3195317,0,-0.217391304,0,0,0,0
21144,GACCACAAATCACAGACAGCAAG,0,0,0.04751462,0.109062622,0.109062622,455,178.7576098,0.008695652,0.065217391,0,0,0,0
21145,GAGGAGGAGAAGAAGAAGAAGAG,0,0,0.040123457,0,0.760552802,622.5,210.2603596,0,-1.608695652,0,0,0,0
21146,AGTGAGTGAGTGTGTGTGTCAGA,0,0,0.0125,0,0.574454802,492.5,162.276289,0,-0.043478261,0,0,0,0
21147,GGTGCGTGTGTGTGAGAGTGGGA,0,0,0.005628655,0,0.094763973,455,178.758767,0,-0.47826087,0,0,0,0
21148,ACCTGGCCAAGGCCTGGCCAGAG,0,0,0.0455,0.48824426,0.480400979,522.5,209.8956123,0,-0.130434783,0,0,0,0
21149,TTGATGGAGGAAGCAGGAGACAG,0,0,0.010375494,0,0.040216897,357.5,160.6838949,0,-0.065217391,0,0,0,0
21150,GGCTGGAGGGAGTTTGCTGAGGA,0,0,0.001669338,0,0.140060793,485,148.4032193,0,-0.52173913,0,0,0,0
21151,AAAAGGGAAGAAGAGGAACTAAG,0,0,0.024691358,0,0.153788731,485,158.416705,0,-0.043478261,0,0,0,0
21152,ATGGACTACAGTGAGCAGAGAGG,0,0,0.118489583,0.176585759,0.176585759,552.5,195.5549764,0.395652174,0.195652174,0,0,0,0
21153,TTCATCTTATTCTTTAGCTGTGG,0,0,0.014338235,0,0.217271959,455,183.722832,0,-0.043478261,0,0,0,0
21154,TAACACAAAGCATAGAATATTGA,0,0,0.006944444,0,0.084582907,417.5,130.3282891,0,0.217391304,0,0,0,0
21155,ATGAAAACCTTTGAGTAAAGCAG,0,0,0.056561086,0.091110952,0.091110952,455,180.7688626,0,0.260869565,0,0,0,0
21156,GGGTGGGGGCAGGCTTCTCCTGG,0,0,0,0.012468083,0.012468083,357.5,175.7813325,0,0.282608696,0,0,0,0
21157,GGGACTACGGCTGGATGTTGGAG,0,0,0,0,0.057770879,485,168.2523934,0.02173913,0.043478261,0,0,0,0
21158,GACGTGTTTTCATTTCACTCCGA,0,0,0.002204586,0,0.026676601,412.5,165.8448415,0.5,-0.152173913,0,0,0,0
21159,CCAGGGAGCTGAGCGCAGGCTGG,0,0,0,0,0.138479285,552.5,191.6717373,0,0.260869565,0,0,0,0
21160,GCCATCCTTCCTGAGCCACAAGA,0,0,0,0,0.133988,455,191.0956567,0.5,-0.239130435,0,0,1,0
21161,GAAGGAGAAGGAGAGGAACAGGA,0,0,0.013165509,0,0.33831875,455,191.1102052,0,0.326086957,0,0,0,0
21162,GGGGCATGAGTGTGTGCGTGTAG,0,0,0.064814815,0,1.383891331,627.5,216.797696,0,0.108695652,0,0,0,0
21163,GCCAACCATGCAGAGACCCAGGA,0,0,0.002348363,0,0.285817,552.5,187.4966103,0,0,0,0,0,0
21164,TGGATGGATGGATGAGCAGAGAG,0,0,0.011895425,0,0.077890861,387.5,150.8864249,0,0.673913043,0,0,0,0
21165,GGGCCTGCTGCTGGAGGTGAAGG,0,0,0.088235294,0,0.397764972,552.5,176.7010197,0.034782609,-0.02173913,0,0,0,0
21166,GACGTGTTTATAGTGTTCTCTGA,0,0,0.002986144,0,0.283021289,425,197.6052593,0,-0.239130435,0,0,0,0
21167,AGTGAGTGAGTGAGAGAGTGAGA,0,0,0.011690283,0,0.063223545,357.5,174.5075468,0,-0.586956522,0,0,0,0
21168,CCAATCTCTCCAGAGAGACAAGA,0,0,0.001232785,0,0.389730931,552.5,192.2028912,0,-0.434782609,0,0,0,0
21169,AAACGAGAAGAAAAACCACACAG,0,0,0,0,0.026815181,357.5,177.331632,0,-0.47826087,0,0,0,0
21170,GGTGAGTGAGGGTGTCAGGGTGA,0,0,0,0,0.015801819,320,143.9473794,0.113043478,0.108695652,0,0,0,0
21171,AGTGAGTGAGTGTGTTGGGGAGG,0,0,0,0,0.034887914,417.5,150.1774631,0,-0.02173913,0,0,0,0
21172,TGGATGGGTGAATGAGTAGATGG,0,0,0.055,0,0.147449913,485,154.0166917,0.02173913,0.043478261,0,0,0,0
21173,GAGGCTGAGCGGAAGAAGATTGA,0,0,0.015718006,0,0.221695444,455,173.1727324,0,-0.413043478,0,0,0,1
21174,GGGGAGTGTGTGTGTGAGTGTGA,0,0,0.009722222,0,0.730827942,560,194.9261086,0,-0.586956522,0,0,0,0
21175,TGTGTGTGACTGTGTGTGTGTGG,0,0,0.067878788,0,0.56142625,552.5,191.9338325,0,-0.326086957,0,0,0,1
21176,GCCCCTCCCCACCCTGCCTCTAG,0,0,0.012610229,0,0.243723101,522.5,199.8671775,0,-0.086956522,0,0,0,0
21177,TGTGTGTGACTGTGTGTGTGTGA,0,0,0.004713805,0,0.56142625,552.5,191.9338325,0,0.239130435,0,0,0,0
21178,CCTGCCCCACAGGGCAGCCAAGG,0,0,0.076002815,0.213672131,0.206888889,492.5,163.9886668,0.908695652,5.130434783,0,0,0,0
21179,GAATGAGAAGAAGGGGGAAAAGA,0,0,0.000816993,0,0.030222669,387.5,155.8267044,0,0.02173913,0,0,0,0
21180,GGTGAGTTGGCGTGTGCCTGTAG,0,0,0.034293553,0,0.095092396,455,180.4869857,0.069565217,-0.065217391,0,0,0,0
21181,GGAATCTGTGCTGTAGCACCTGA,0,0,0.013299851,0,0.127932524,522.5,197.0860812,0,0.130434783,0,0,0,0
21182,GAACCACTGCACCCAGCCTCAAG,0,0,0.028702071,0,0.146830007,522.5,198.7192141,0,-0.565217391,0,0,0,0
21183,GCCACTGCGACTGGAGGAGGGGG,0,0,0.430769231,0,0.604903704,560,189.7449303,0.008695652,0.152173913,0,0,0,0
21184,GGGAAGGACCCAGGAGCCCTCAG,0,0,0,0.007467575,0.00734154,387.5,157.7384055,0,0.152173913,0,0,0,0
21185,GGGTGGGGAGAGTATGTTCTAAG,0,0,0.014444444,0.021605389,0.02091124,387.5,145.477324,0,0.02173913,0,0,0,0
21186,TGGATGGAGGAGTGAGCATTGGA,0,0,0.007867344,0,0.151764217,395,160.9497885,0,0.217391304,0,0,0,0
21187,CTTGCCCCAGAGGCCTGTAGGGA,0,0,0,0,0.014082051,387.5,148.1430531,0,0.043478261,0,0,0,0
21188,AAATGAGAGGAAAAGGGACCCAG,0,0,0.002132943,0,0.054313087,387.5,147.6171881,0.073913043,-0.47826087,0,0,0,0
21189,CTTGTCCCACAAGTGAGTAAAGG,0,0,0.007919192,0,0.02810876,327.5,184.3493733,0.034782609,0.195652174,0,0,0,0
21190,TGGAGGGATGAATGAGAAGATGG,0,0,0.1792,0,0.155313909,485,155.8281887,0,0,0,0,0,0
21191,GAAGGAGAAGAAGAAGAACAGGA,0,0,0.019063181,0,0.163368333,455,183.1332674,0.195652174,-0.043478261,0,0,0,0
21192,GGTGTGTGAATGTGGGTGTGTGA,0,0,0.000549944,0,0.142843894,455,177.7268109,0,-0.108695652,0,0,0,0
21193,CCCATCAATCCAGGCACACAAGG,0,0,0.095454546,0.07288292,0.07288292,432.5,192.170613,0,0,0,0,0,0
21194,CCCAGGGTCTGTGGATGGGTGGG,0,0,0.025510204,0,0.167467781,455,179.5623324,0.152173913,0.304347826,0,0,0,0
21195,GGAGCTGAGGCTGGAGGAGGCAG,0,0,0.060853909,0,0.305988667,552.5,189.2752498,0,0.239130435,0,0,0,1
21196,GCTGTGTGTGTGTGTGTGTGTAG,0,0,0.018275058,0.372455417,0.372455417,552.5,192.7257886,0.013043478,0.239130435,0,0,0,0
21197,GGTGCATGTGTGTGTGTGTGGGG,0,0,0.14,0,0.213926133,552.5,191.1798046,0,0.173913043,0,0,0,0
21198,TGGATGGATGAAGGATGAGTGGG,0,0,0,0,0.103445981,462.5,189.6524732,0,0,0,0,0,0
21199,GTATCTGAGCAGAAGAAGAGAGA,0,0,0.026897122,0,0.416048168,552.5,179.5084161,0,-0.260869565,0,0,0,0
21200,GGTGTGTGTGGGTGTGAGTGTGG,0,0,0.040727273,0,0.196246288,455,186.7357049,0,-0.304347826,0,0,0,0
21201,GGGAGTGAGGCTGGAGGAGGGAG,0,0,0.033703704,0,0.305988667,552.5,188.8605298,0.360869565,0.086956522,0,0,0,0
21202,GGTGTGTGAATGTGGGTGTGTGG,0,0,0.007919192,0,0.142843894,455,177.7268109,0,-0.282608696,0,0,0,0
21203,TAATGACAAGAAGAAGAACAAGA,0,0,0.020969499,0,0.111580572,455,181.6236866,0,-0.130434783,0,0,0,0
21204,AAACAAGAAGAAGAGGAAGAAGA,0,0,0.002271696,0,0.19201875,485,165.303969,0.008695652,4.5,0,0,0,0
21205,ATTTACGACTAAATCCTCAAAAG,0,0,0.023046868,0,0.480774398,522.5,207.9871188,0.813043478,-0.065217391,0,0,0,0
21206,GGTGTGTGTGCGTGTGTGTGTAG,0,0,0.017598204,0,0.196246288,455,186.7357049,0,-0.02173913,0,0,0,0
21207,CACACCCATCCACACACACACAG,0,0,0.021651926,0,0.155902215,425,193.9653379,0,-0.086956522,0,0,0,0
21208,ACCTTGTTTTCATTGTCCTCAGA,0,0,0.034663865,0,1.290123457,560,199.1738889,0.026086957,0.065217391,0,0,0,0
21209,GGTGTGTGTGTGTGTTTGTGTAG,0,0,0,0,0.060818669,485,175.6773627,0,-1.02173913,0,0,0,0
21210,CACATCCCCCCAGGGACACACGG,0,0,0.134265734,0.136846598,0.136846598,522.5,200.261218,0.07826087,0.391304348,0,0,0,0
21211,CAGAGAGAAGAAGAAGCACATGG,0,0,0.234760571,0.411084498,0.397208228,522.5,203.5913784,0.656521739,0.434782609,0,0,0,0
21212,GTACACACAGCATCTACTGCAGG,0,0,0.009541479,0.061054828,0.060024367,425,190.0139768,0.004347826,-0.282608696,0,0,0,0
21213,ACTATGCTTCCAGAGACACAGAG,0,0,0.038194444,0.826901994,0.814229167,620,213.786199,0.02173913,0.152173913,0,0,0,0
21214,CCCAACCTCCCAGCGACACACAG,0,0,0.010989011,0.130251581,0.130251581,522.5,199.212898,0.02173913,-0.326086957,0,0,0,0
21215,AGGAAGGAGGAATGAGTTGTGGG,0,0,0.0625,0.123883065,0.119478333,485,171.5022357,0,-0.173913043,0,0,0,0
21216,ATCACCAACAGTGAGTATAGAAG,0,0,0.021604938,0,0.305988667,552.5,188.8605298,0,-0.5,0,0,0,0
21217,TGGATGGATGAATTAGCAGTAGA,0,0,0.002323893,0,0.093663894,462.5,183.8149239,0.02173913,-0.47826087,0,0,0,0
21218,ATTCCCCCATGGGGCAGTAAGAG,0,0,0.083967705,0.743261097,0.73132116,522.5,207.1045799,0.004347826,0,0,0,1,0
21219,GGCCCAGAACAAGCAGGTGAAGA,0,0,0.004884005,0,0.073322394,457.5,186.7299736,0,-0.391304348,0,0,0,0
21220,ATGAATACCAGTAAGTGGTGGAG,0,0,0.021116139,0,0.04268194,387.5,156.1805845,0,-0.304347826,0,0,0,0
21221,TTCAGCTTAGTCAATTCCTGAAG,0,0,0,0,0.040577667,455,188.9840695,0.004347826,-0.043478261,0,0,0,0
21222,AAAGCAGAAGAAAAGGAACATGA,0,0,0.014690171,0,0.223964003,455,186.5526484,NA,-0.086956522,0,0,0,0
21223,CCTGAATCTGCTCTTCTCACAAG,0,0,0.024074074,0.14405229,0.141738197,522.5,197.9588941,0,-0.52173913,0,0,0,0
21224,GAATTAGAAAAAGAGGCCCAGAG,0,0,0.01382716,0,0.285817,552.5,187.4966103,0.02173913,-0.108695652,0,0,0,0
21225,CCCTGGATGTCTGGAGGGATGAG,0,0,0.031746032,0.063144354,0.062129987,552.5,193.782629,0.965217391,-0.108695652,0,0,0,0
21226,AAAATTTTTTCATTGTTCTCTGA,0,0,0.017195767,0,0.778438874,620,216.012416,0,-0.47826087,0,0,0,0
21227,TGGATGGATGAAGGAGTAGGTGA,0,0,0.000426257,0,0.054313087,387.5,147.6171881,0.186956522,-0.586956522,0,0,0,1
21228,GGTGTGTGTGTGTGTGGGTGTGG,0,0,0.012834225,0,0.699446792,560,194.1657886,0,-0.152173913,0,0,0,0
21229,GCCTCCTTTCCAGCCTCCTTTAG,0,0,0,0.035778719,0.03520396,455,186.6664892,0.92173913,-0.02173913,0,0,0,0
21230,GGTGTGTGTGTGTGTGGGTGTGA,0,0,0.000891266,0,0.699446792,560,194.1657886,0.482608696,0.891304348,0,0,0,0
21231,GGCTCTTCAAAGCCTGCCCAAGG,0,0,0.123492876,0.251888977,0.251888977,552.5,193.8047241,0.226086957,-0.282608696,0,0,0,0
21232,AAAATACCTTCTGCAGTACCAGG,0,0,0.33,0.375472992,0.368797917,552.5,196.1879049,0.017391304,0.347826087,0,0,0,0
21233,TTGATGGAGAAATAAGGAGAAAG,0,0,0.064962121,0,0.095709979,455,165.191479,0.334782609,-0.108695652,0,0,0,0
21234,TGTGAGTGAGTCTCTGCCTGAGA,0,0,0.007503001,0,0.022749916,357.5,174.4213816,0,-0.804347826,0,0,0,0
21235,CCTCTGCATTCAGAGACACAGGG,0,0,0.114186851,0.761576737,0.749905063,620,211.0206796,0,-0.739130435,0,0,0,0
21236,GAACCACTGCACCCTGCCTCTGG,0,0,0.033212396,0,0.146830007,522.5,198.7192141,0,0,0,0,0,0
21237,TGGATGGATGGATGAGGAGGAGG,0,0,0.06117647,0,0.398033913,462.5,173.072536,0,0.086956522,0,0,0,0
21238,TGGATGGAGGAATGGGTGGATGG,0,0,0.0365625,0,0.011004742,320,121.4459342,0,-0.5,0,0,0,0
21239,TAATTGGTTTCATTGTTGTCCAG,0,0,0.017622852,0.216694969,0.208990259,552.5,190.8654859,0,0,0,0,0,0
21240,AAATTAGCAGAAGAAGCACATAG,0,0,0.031372549,0.75437037,0.75437037,530,201.8048415,0,0.043478261,0,0,0,0
21241,GACTTCATTTGATTTTTCTCAGA,0,0,0.00147964,0,0.087934517,425,194.5937299,0,-0.347826087,0,0,0,0
21242,GACCCCCTCCACCCCACTCCTGG,0,0,0.177339902,0,0.024635692,425,146.9402409,0,0.304347826,0,0,0,0
21243,CCTGCCACCTCTCTCCCCACAGA,0,0,0.009504512,0,0.092860578,455,176.6319501,0,0.065217391,0,0,0,0
21244,CTCTGTGTCTCTTGATGGTAAAG,0,0,0.021416084,0.085022299,0.085022299,387.5,141.5750796,0,-0.347826087,0,0,0,0
21245,AGAGGAGAAGAACAGGCACCAAG,0,0,0.012404749,0,0.26991206,455,171.4494795,0,1.304347826,0,0,0,0
21246,GGTGAGTGAATGAGTGAGTGGAG,0,0,0.078176638,0,0.349031259,462.5,184.922832,0,1.239130435,0,0,0,0
21247,TGGATAGAGGAATGATGACCAGA,0,0,0,0,0.020546458,417.5,132.2399902,0,-0.5,0,0,0,0
21248,GGGTAAGAGCCAGCATTCCTGGA,0,0,0.005722938,0,0.117323456,485,162.6325086,0,0.260869565,0,0,0,0
21249,GTACACAAAGCATAAAGTACAGA,0,0,0.001997234,0,0.051461025,387.5,153.0188674,0,-0.260869565,0,0,0,0
21250,AATTTGTTTTCATTTTTCCCAGG,0,0,0.024384236,0.139218687,0.139218687,455,173.7169785,0,0.173913043,0,0,0,0
21251,TGGATGGTGTAGTGAGGAGTGAG,0,0,0.065200617,0,1.099554023,530,204.5923462,0,-0.065217391,0,0,0,0
21252,CACAGACATACAGAGACACACAG,0,0,0.097113356,0,0.760552802,620,210.8939596,0,-0.260869565,0,0,0,0
21253,GGTGAGTGGGAGTGGGGGTGAAG,0,0,0.000381264,0,0.047757775,357.5,173.8170033,0.026086957,-1.304347826,0,0,0,0
21254,GAGTCCTTGCATTAGAAGAAAGA,0,0,0.001962323,0,0.177505223,425,196.5015813,0.056521739,0.304347826,0,0,0,0
21255,TGTGCGTGAGTGTGGGTGTGTGA,0,0,0.000810185,0,0.163368333,455,182.7185474,0,-0.152173913,0,0,0,0
21256,AAATGAAAAGTAGAGACACTAAG,0,0,0.047863248,0,0.040868125,387.5,156.1607097,0,-0.543478261,0,0,0,0
21257,AACCCCAGTGTGCAGAGCAGGAG,0,0,0.015876796,0.107124019,0.107124019,357.5,171.8489958,0.017391304,-0.195652174,0,0,0,0
21258,ATCATCCATCGAGAGACACTTAG,0,0,0.035353535,0,0.387083187,455,175.5923164,0.373913043,0.608695652,0,0,0,0
21259,TGTGTGTGAGAGTGTGTGTGTGG,0,0,0.127272727,0,0.33831875,455,190.6954852,0,-0.130434783,0,0,0,0
21260,CCCTGTGTCTCTTGTTTAATGAG,0,0,0.002692308,0.010521352,0.010213034,290,149.0842135,0,NA,0,0,1,0
21261,GCCTCCCCAACTCCTGGACCAGA,0,0,0.001307453,0,0.031930501,290,142.6928826,0,-0.130434783,0,0,0,0
21262,GGTGCATGTGGGTGTGCGTGGGG,0,0,0.12,0.280029596,0.280029596,522.5,205.9358319,0,0.195652174,0,0,0,0
21263,TGTGTGTGAGAGTGTGTGTGTGA,0,0,0.008838384,0,0.33831875,455,190.6954852,0.126086957,0.304347826,0,0,0,0
21264,GGAGAGCGAGTGTGTGCGTGTGA,0,0,0.034102182,0,4.049152532,635,218.6888192,0,-0.217391304,0,0,0,0
21265,GGGATGGAGGGATGAGTAGACAG,0,0,0.022667572,0,0.149027027,387.5,154.8462053,0,0.065217391,0,0,0,0
21266,GTCACTGTGGCTGGAGGGGAAGA,0,0,0.012083728,0,0.136699648,485,153.2992498,0.92173913,0.065217391,0,0,0,0
21267,ACCTCTCCTAAGCCAGGCCAAGG,0,0,0.290300752,0.154117079,0.148914815,522.5,199.2472141,0,-0.02173913,0,0,0,0
21268,AAATTAGAAGAAGAGAGAAAAGA,0,0,0.00052521,0,0.03135496,417.5,148.8891431,0,-0.608695652,0,0,0,0
21269,GAACTCAAGGAAGAGACTGCTGG,0,0,0.04743083,0.184790445,0.17912637,425,198.2224954,0,0,0,0,0,0
21270,CTGGTGTGGAGAGCGGAGGCTGG,0,0,0.150462963,0.570375127,0.561633746,620,212.0890388,0,-0.108695652,0,0,0,0
21271,AAATAATAAGAAAAGGCAGAAGA,0,0,0.003968254,0,0.125155157,455,175.2811787,0,-0.043478261,0,0,0,0
21272,GGCTCCCCACAGCCTTGCCAAGG,0,0,0,0,0.499142289,560,197.8798377,0,0.02173913,0,0,0,1
21273,GAAAAGAAAGCATAGAATGAAAG,0,0,0.025471085,0,0.153788731,485,158.416705,0.004347826,0,0,0,0,0
21274,TGCCCTGCAGCTGGGGGTGGGGG,0,0,0.147478991,0,0.24614019,522.5,200.1595981,0,-0.108695652,1,0,0,0
21275,GGCCCAGACTAAGAAACTGACAG,0,0,0.021350763,0,0.007474511,290,163.0561947,0.2,0.043478261,0,0,0,0
21276,GACCCCCCCACCCACGCCTCCAG,0,0,0.03145679,0,0.103956883,425,193.2391783,0,-0.586956522,0,0,0,0
21277,AAAAGAGAAAGAGAGGCAAAAGA,0,0,0.008597884,0,0.254938556,455,176.3565799,0.056521739,-0.152173913,0,0,0,0
21278,GGGATGGGGGTGTGTGCTCCCAG,0,0,0,0.120245281,0.11831363,425,199.1688116,0,-0.217391304,0,0,0,0
21279,GAACACAAAGGCTAGGCTGGGAG,0,0,0.000192947,0,0.028020644,290,150.82779,0.534782609,1.565217391,0,0,0,0
21280,AGTGAGTGAGTGAGTGAGTTCAG,0,0,0.052769231,0,0.103916143,387.5,151.5769685,0,0.065217391,0,0,0,0
21281,TGTGAGTGTGTGTGTGGGAGGGG,0,0,0.010084034,0,0.123933228,485,163.5061086,0.008695652,0.065217391,0,0,0,0
21282,AGCATCCATCCAGAGACTCCCGG,0,0,0.079051383,0.139315909,0.136699648,485,156.3990668,0.443478261,-0.108695652,0,0,0,0
21283,TGTGTGTGTGTGTCTGCGTGTGA,0,0,0.006493506,0,0.136846598,522.5,202.312715,0,0.108695652,0,0,0,0
21284,TGTGTGTGTGTGTCTGCGTGTGG,0,0,0.093506494,0,0.136846598,522.5,202.312715,0,-0.195652174,0,0,0,0
21285,GATCACAAAGCAAAGATTGAAGA,0,0,0.007918552,0,0.096996713,387.5,151.0489685,0.430434783,0,0,0,0,0
21286,GGCAGTGAGGCTGGAGGCAGCAG,0,0,0.030952381,0,0.09280538,485,158.6405298,0,-0.130434783,0,0,0,0
21287,GAAGACAAGCCACAGACTGCAAG,0,0,0.027290448,0,0.311578392,522.5,199.8755627,0,0.652173913,0,0,0,0
21288,GGCCAAGACTGAGCAGGAGGGAG,0,0,0.011619463,0,0.022258348,417.5,138.0623209,0,0.065217391,0,0,0,0
21289,CTTGCCCCACAGGGCTGTGTGGA,0,0,0,0,0.054823517,425,135.2259742,0.104347826,0,0,0,0,0
21290,CCCTGTGCATCTGGATGAAGGAG,0,0,0.027149321,0.07506541,0.07506541,485,149.5794695,0,-0.586956522,0,1,0,0
21291,CCCTCTTTCTCTCCCAGCTTGAG,0,0,0.003417489,0.281221203,0.276221715,455,185.5060521,0.056521739,0.086956522,0,0,0,0
21292,GGCGAGGCAGTGTGTGCCTGTAG,0,0,0.01915296,0,0.208990259,552.5,187.765669,0,-0.434782609,0,0,0,0
21293,AATACCAGTGATTAGAGAGTTAG,0,0,0.025839634,0.06509225,0.062777859,387.5,148.3949663,0,-0.434782609,0,0,0,0
21294,TACTTCCTTTCATTTTTCTCTAG,0,0,0.017361111,0,0.166462878,522.5,200.8238136,0,0,0,0,0,0
21295,AAAGGAAAGGCAGAGGCACAAGA,0,0,0.011574074,0,0.316132585,522.5,205.7533551,0.047826087,-0.239130435,0,0,0,0
21296,CTTGCCCTCCAGGGAAGTACTGG,0,0,0.025252525,0.102640459,0.102640459,455,160.7957812,0,0.02173913,0,0,1,0
21297,GCCTCCCCACCCCCTTGCCACAG,0,0,0,0.059041928,0.059041928,392.5,182.9736535,0.004347826,0.173913043,0,0,0,0
21298,TCCATCTCACTCATTACCTGAGG,0,0,0.342857143,0,1.317695783,620,210.8684466,0.030434783,-0.086956522,0,0,0,0
21299,GGGGCAGAGAGAGCACGTGACGG,0,0,0.132653061,0.769129564,0.757342138,620,208.8468832,0.052173913,0.195652174,0,0,0,0
21300,GAGCACGAGCAAGAGAAGAAGGG,0,0,0.225063939,0,0.272415361,425,199.822659,0.004347826,-0.02173913,0,0,0,0
21301,CCACCCTCCGCTGTACCCACAGG,0,0,0.036399586,0,0.220828507,455,187.3129684,0.126086957,-0.456521739,0,0,0,0
21302,CTTTCCTCCGCTCTGCTCAGAGG,0,0,0.012639767,0.186915845,0.186915845,455,166.7417785,0.026086957,0.913043478,1,0,0,0
21303,CCCTATGTTTCTTGATGTATCGA,0,0,0.010532407,0,0.069665021,455,179.0292458,0.004347826,3.5,0,0,0,0
21304,CTCTGTGTCTGTGGAGGGAAGGG,0,0,0.044252622,0.066578308,0.066578308,387.5,158.3038905,0.004347826,0.02173913,0,0,0,0
21305,GCCTTCCAATAGCCTGGCCTTGG,0,0,0.218983957,0,0.60809025,552.5,172.6825267,0,-0.108695652,0,0,0,0
21306,GCCATCCATCCTGAGTCCCAAAG,0,0,0,0.027229819,0.026261648,387.5,168.7721404,0,-0.369565217,0,0,0,0
21307,TCCATTCATCCACAGACACCTGG,0,0,0.08885851,0,0.163296796,455,170.7770955,0.986956522,2.434782609,0,0,0,0
21308,ATGAAGACAACTGAGAAGAGTGG,0,0,0.166975881,0.051310566,0.0504863,455,189.9357261,0,-0.326086957,0,0,0,0
21309,AAATGAGAATGGCAGGCACAGAG,0,0,0.041636885,0,0.127005026,397.5,190.7627589,0,-0.282608696,0,0,0,0
21310,CCCTTCCAGCCAGTGACACTGGG,0,0,0.126060606,0.061196436,0.0601085,455,165.5898351,0,-0.673913043,0,0,0,0
21311,GAGTCCCAGTAGGGGAAGAAAGA,0,0,0.01367576,0,0.049509887,425,190.6865776,0,0.434782609,0,0,0,0
21312,GAAGAGGAAGAAGAGGCACACGG,0,0,0.386904762,0.813325472,0.789491758,622.5,215.252096,0,-0.217391304,0,0,0,0
21313,CCCTGCCCTAAACCTGGCCACAG,0,0,0.062222222,0.444369398,0.43009247,522.5,206.2357992,0.026086957,0.043478261,0,0,0,0
21314,CAGGCTGAGAAGAAGAAGAAAAG,0,0,0.093143739,0.797205949,0.797205949,620,211.5486796,0,-0.239130435,0,0,0,0
21315,CAGTGTGAAGAAGACGCACAGAG,0,0,0.026455026,0,0.240310978,522.5,202.6789944,0.060869565,0.239130435,0,0,0,0
21316,AAATGAGAATATGAGTAACAGAG,0,0,0,0,0.040957013,387.5,168.2176262,0,0.195652174,0,0,0,0
21317,GCAGTGTGTGGGGCGGAGGCCGA,0,0,0.011130261,0,0.44279322,522.5,204.1089823,0.204347826,-0.130434783,0,0,0,0
21318,GGCCCTGGGGCTGGAGGGGCAGA,0,0,0.0022509,0,0.129409,485,152.6656498,0.017391304,-0.47826087,0,0,0,0
21319,CGTGTGTGAGTGCGTTCGTGTGA,0,0,0,0,0.105393,455,191.1239336,0,0.108695652,0,0,0,1
21320,GTCAAGTGAGTCAGTACCTGAGA,0,0,0,0,0.128972515,522.5,201.3866944,0.013043478,0.434782609,0,0,0,0
21321,GGGAAAGACCCAGGAACCCCTGA,0,0,0,0,0.004594896,320,122.3867896,0.004347826,-0.043478261,0,0,0,0
21322,TCCTCTTGCCCACCTACGTTTGG,0,0,0.006518519,0.086235484,0.083169333,455,176.4698282,0.017391304,0.217391304,0,0,0,0
21323,CCTGACTCCTCTCTGCTCTCTGG,0,0,0.1625,0,0.116872277,455,167.9649221,0,-0.760869565,0,0,0,0
21324,GCCACTCCAGCTGGTGGTGGGGA,0,0,0.004249657,0,0.16811375,522.5,198.4100173,0.008695652,-0.086956522,0,0,0,0
21325,AAATGTGATGCAGAGACACAGAG,0,0,0.044444444,0,0.0504863,455,189.9357261,0,0.173913043,0,0,0,0
21326,TGGTGGGGAGAGGGTGCTCCTGG,0,0,0,0,0.052959633,425,194.1017145,0.013043478,-0.108695652,0,0,0,0
21327,AGGATGGGGGAATGGGGATTAAG,0,0,0.082386831,0.141195423,0.141195423,455,171.1451615,0.347826087,0.260869565,0,0,0,0
21328,AAAACCAGTGGGTAGGGTGGGGA,0,0,0.004836309,0,0.029209678,387.5,169.7301571,0.02173913,-0.152173913,0,0,0,0
21329,TCCATCCATCCAGAGATGAAGGG,0,0,0.08,0,0.039755995,442.5,142.0425557,0,-0.260869565,0,0,0,0
21330,GTCACCACCAATGACCAAGCAGG,0,0,0.173076923,0.014680479,0.014432707,417.5,136.9674601,0.030434783,3.065217391,0,0,0,0
21331,GCCTCTCTCCCACCCACAGCAGA,0,0,0.000584268,0,0.026431993,442.5,123.5078861,0,-0.108695652,0,0,0,0
21332,GGTGAGTGAGTGTGTGTTGCGGG,0,0,0.033333333,0,0.012934678,400,104.9049558,NA,-0.195652174,0,0,0,0
21333,TTTGAGTGTGTGTGTGCATGTAG,0,0,0.068531468,0,0.189613667,552.5,189.5768864,0,-0.304347826,0,0,0,0
21334,GACATCAAAGCAAGGTTTTTTGG,0,0,0.274125874,0.056347346,0.056347346,425,194.389994,0,1.108695652,0,0,0,0
21335,GAGGCCGGGCAGCACAAGAAAGG,0,0,0.02631579,0.153314627,0.148388855,425,191.5202409,0,-0.326086957,0,0,0,0
21336,AATTCATAAAAAGAGGCACAAAG,0,0,0.076688453,0,0.846587038,620,210.0087628,0,-0.608695652,0,0,0,0
21337,GTCATCATTGTCAATCCCTGTGG,0,0,0,0,0.015301435,455,183.9294283,0.017391304,-0.02173913,0,0,0,0
21338,GGTGTGAGAGTGTGGGAGTGTGG,0,0,0.007424242,0,0.105930922,455,180.3353666,0,-0.195652174,0,0,1,0
21339,GATTCAGAGCAGAACAAGAGAAG,0,0,0.025103981,0,0.105554194,455,165.5413945,0.308695652,0.413043478,0,0,0,0
21340,GGTGTGTGTGAGTGTGTGTGTGG,0,0,0.076363636,0,0.196246288,455,186.7357049,0,-0.391304348,0,0,0,0
21341,GGTGTGTGTGAGTGTGTGTGTGA,0,0,0.00530303,0,0.196246288,455,186.7357049,0.339130435,0.413043478,0,0,0,0
21342,GACTTCATTTTCTTGTTCTCAGG,0,0,0.048306956,0.154009861,0.154009861,425,201.084651,0,-0.434782609,0,0,0,0
21343,GCCTTCCCCGCGCCTGGCCAGAG,0,0,0.020950243,0.426292988,0.426292988,525,202.7300795,0,0.152173913,0,0,0,0
21344,GGTGAGTGAATGTGAGGGTCTAG,0,0,0.003531705,0,0.056695258,387.5,141.877531,0.708695652,0.869565217,0,0,0,0
21345,ATGAATAAGAGTGAGAAGAGCAG,0,0,0.088063171,0,0.090966306,552.5,193.0659928,0.008695652,0.086956522,0,0,0,0
21346,AGGGAGTGAGTGTGTAAGTGTGG,0,0,0.21,0,0.103380457,485,180.397463,0,-0.130434783,0,0,0,0
21347,AAAAGCAGTGAGTATAGCAGCAG,0,0,0.013756614,0.134179096,0.13179369,455,172.4286585,0,-0.260869565,0,0,0,0
21348,AAGAATACCACTGGGTAGAGTAG,0,0,0.040740741,0.075204037,0.075204037,425,199.3047476,0.07826087,0.347826087,0,0,0,0
21349,GTGAACACCATTGATTACAGAGG,0,0,0.026164312,0.047860694,0.04615898,357.5,173.3395614,0,-0.130434783,0,0,0,0
21350,CCTGCCTTCACCCTGCTCACTGG,0,0,0.502894737,0.168337656,0.165757769,425,189.1853246,0.013043478,-0.065217391,0,0,1,0
21351,GAATCAGAACAAGAGGCAGACGG,0,0,0.039285714,0,0.485227553,552.5,182.1719436,0.017391304,-0.086956522,0,0,0,0
21352,GGGATGGGAGAATGGGGAGTTAG,0,0,0.075990338,0,0.24614019,522.5,197.9333811,0,0.630434783,0,0,0,0
21353,GGCAATGAGGCTGGGGGTTGTGG,0,0,0.160952381,0,0.126897152,455,169.8568415,0.052173913,0.195652174,0,0,0,0
21354,CACATCCATGTCCTCACTATAGA,0,0,0.021922831,0,0.036456719,485,174.10506,0.72173913,-0.108695652,0,0,0,0
21355,AGGAAACACACAGCATCCGCCAG,0,0,0.012638889,0.447120905,0.438724268,552.5,174.6874829,0,-0.347826087,0,0,0,0
21356,GGTGAGTGAGTTGGTGAGTGAGG,0,0,0.046822743,0,0.177880621,365,182.1984679,0.004347826,-0.130434783,0,0,0,0
21357,CACTCTTTTTCAATGTTCTCTGG,0,0,0.32967033,0,0.351943434,522.5,206.6263755,0,-0.043478261,0,0,0,0
21358,TGTGAGTGTGTGTGTGTGTGCAG,0,0,0.072592593,0,0.788265432,560,195.4541086,0,-0.195652174,0,0,0,0
21359,CTTCCCTCCTCTGTACTCACAGA,0,0,0.003703057,0,0.509948268,522.5,203.595343,0.034782609,-0.043478261,0,0,0,0
21360,CAGCCCCTCCACGCAGCCTCGGG,0,0,0.010822511,0,0.153719584,425,194.9656579,0,0.239130435,0,0,1,0
21361,GGTCAGTGAGTGTGTGGTGGAGG,0,0,0.005190311,0,0.037635675,442.5,141.1689557,0,-0.195652174,0,0,0,0
21362,AACTGAGAAGAAGATGAAAACAG,0,0,0.003174603,0,0.050740571,387.5,152.7308674,0,0.108695652,0,0,0,0
21363,AAAGGAGAAGAAGATGAAAAAAG,0,0,0.00462963,0,0.051461025,387.5,152.3852674,0.295652174,0.065217391,0,0,0,0
21364,GATGTGTGTGTGTGTGAGTGTGG,0,0,0.086153846,0,0.372455417,552.5,192.7257886,0.043478261,0.02173913,0,0,0,0
21365,GACTCCCCCAACCCTGGTCACGG,0,0,0.141438393,0.094978429,0.093289924,455,181.8607859,0.995652174,3.02173913,0,1,0,0
21366,CTTGCCCCACAGGGTGGTTGTGG,0,0,0.005279035,0,0.007901364,320,119.8189527,0.030434783,-0.195652174,0,0,0,0
21367,GTCATGTTAGTAATTATCGGGGA,0,0,0.002893519,0,0.054262311,387.5,157.9638045,0.034782609,-0.065217391,0,0,1,0
21368,AAGGGGGAAGAAGGGGCACAAAG,0,0,0.033007545,0,0.1271669,522.5,204.3732314,0,-0.043478261,0,0,0,0
21369,TAGGCTGAGCAGAAGAAAAAGGA,0,0,0.027901786,0,0.187751667,552.5,191.1170827,0.217391304,0.652173913,0,0,0,0
21370,GGGTGGGGTTAATTTGGTCCTGA,0,0,0.001652142,0,0.145492645,455,181.5462717,0,-0.304347826,0,0,0,0
21371,GACACTGAGGCTGGAGGTCTGGG,0,0,0.172586207,0,0.219695863,485,147.9745832,0.02173913,-0.043478261,0,0,1,0
21372,GCCCCCCACCCCCCCGCCACAGG,0,0,0.071836735,0,0.27680625,455,178.8820994,0,0.304347826,0,0,0,0
21373,AAATGGGAGGAGGAGGCTCAAGG,0,0,0.171957672,0,0.053582662,455,180.3148019,0,-0.391304348,0,0,0,0
21374,ATAAACTCCAGTGGGTACAGCAG,0,0,0.018904321,0.031139549,0.031139549,455,179.2263013,0,-0.326086957,0,0,0,0
21375,GGAGCTGGGGCTGGAGGTGGGGA,0,0,0.024181547,0,2.392592593,627.5,215.898583,0,-0.282608696,0,1,0,0
21376,CCCACTCATCCACACACACAGAG,0,0,0.02764487,0.091240976,0.089775258,425,192.4193539,0.030434783,0.043478261,0,0,0,0
21377,TGGATTGATGAATGAAGGGTAGG,0,0,0.142222222,0,0.01873215,485,170.7424765,0.004347826,-0.086956522,0,0,0,0
21378,CATCTGTTTTCTTTGTTCTCTGG,0,0,0.105917367,0.717100207,0.694060843,522.5,210.0822996,NA,-0.217391304,0,0,0,0
21379,GGTGAGTGGGTGGGGCCGTGTGG,0,0,0,0,0.014877494,357.5,174.2454516,0,-0.434782609,0,0,0,0
21380,GGAAGTGCGGCAGGAGGTGGAAG,0,0,0.107851852,0,1.296361181,530,210.8675796,0.008695652,-0.02173913,0,0,0,0
21381,TGGAAGGAGGAGTGAGGAAGAGA,0,0,0.003160987,0,0.102325545,387.5,142.3099797,0,-0.239130435,0,0,0,0
21382,CCCAGAATCTCTGGATGGACTGA,0,0,0.002605419,0,0.272825204,552.5,177.0196353,0,0,0,0,1,0
21383,TGGATGGATGGAAGTGGAGTAGA,0,0,0.003333333,0,0.048005867,327.5,185.3037938,0,0.239130435,0,0,0,0
21384,GACATGTTTTTATTGTCCTCTAG,0,0,0.026814144,0.653756039,0.635340376,462.5,192.3102052,0,-0.543478261,0,0,0,0
21385,AAATGAGAATAAGAGGGAAAGAG,0,0,0.005310457,0.3062325,0.298479778,492.5,163.6741526,0,0.47826087,0,0,0,0
21386,CCAGTGAGAATAGAGAAGGCAGA,0,0,0.008680556,0,0.011862146,357.5,180.0825254,0.008695652,-0.065217391,0,0,0,0
21387,GACTCTTTCCCACAGAACTTTGG,0,0,0.005939394,0.024341882,0.024341882,357.5,172.1276827,0.056521739,1.326086957,0,0,1,0
21388,AAAAGAAAAGACGAGGCAAACGA,0,0,0.003729562,0,0.167597955,455,177.4791188,0,-0.02173913,0,0,0,1
21389,GGCAGTGGTGCTGGAGGAGGGAG,0,0,0.035555556,0,0.180012975,552.5,185.4287494,0.373913043,0.47826087,0,0,0,0
21390,TGTGAGTGGGTGTGTGTGTGTGG,0,0,0.311111111,0,0.788265432,560,195.4541086,0,-0.043478261,0,0,0,0
21391,CCATGTGGCTCTGCATGGAATGG,0,0,0.153214286,0,0.096999969,455,166.7953985,0.230434783,1,0,0,0,0
21392,GGAATCCCTTCTTCCTCCCCCAG,0,0,0,0.004700448,0.004562706,290,152.7818987,0.960869565,0.47826087,0,0,0,0
21393,ACAGTGAGTGGACCTGAGGCAAG,0,0,0.008663634,0.148602043,0.14358594,425,190.5019215,0,0.108695652,0,0,0,0
21394,CCCTGTGTCTCTGCAGGGTTCAG,0,0,0.020710059,0,0.019589218,395,160.7243895,0.034782609,-0.130434783,0,0,0,0
21395,AACAACAGTGAGTAAAGCTGGGA,0,0,0.024898848,0,0.266,462.5,174.1566585,0,0.086956522,0,0,0,1
21396,GTCCTCCACCACCCCGCCTCTGG,0,0,0.370247934,0,2.543507363,627.5,215.771863,0,-0.217391304,0,0,0,0
21397,GAATGAGAATCAGAGGGACAGAG,0,0,0.004956427,0.317231235,0.311591569,455,186.9920688,0,-0.152173913,0,0,0,0
21398,CCCTCCCCAAATCGTGGCGATAG,0,0,0,0.038622217,0.038622217,357.5,169.096715,0,0.173913043,0,0,0,0
21399,AGAATGAAGGAAGGAGGAGTTGG,0,0,0.195652174,0,0.391755507,522.5,206.7894987,0.043478261,0.260869565,0,0,0,0
21400,GGCATCTCTGCTGCTGCACCAAG,0,0,0.009027778,0.249861055,0.249861055,522.5,197.0900612,0.013043478,0.152173913,0,0,0,0
21401,CACAGCGAAGTCCACCCCATGGG,0,0,0.262779397,0.139195896,0.136846598,522.5,202.312715,0,0.195652174,0,0,0,0
21402,TGGAAGGGGGCATGAGGAGAGGG,0,0,0.0825,0.36643875,0.36643875,455,171.4441794,0,-0.086956522,0,0,0,0
21403,TGTGTCTGAGTGTGTGTGTGGGG,0,0,0.11570248,0.375472992,0.368797917,552.5,195.1395849,0.013043478,0.173913043,0,0,0,0
21404,GGGTTGGGCGAGTTTCCTGCAGG,0,0,0,0.051499096,0.049760729,485,165.9154738,0,-0.02173913,0,0,0,0
21405,AAAGACCACTGCAGCCTCAGGAG,0,0,0,0.055819682,0.053834983,357.5,163.6651317,0,-0.304347826,0,0,0,0
21406,GGATCCCCAAGGCCCGGCCATGG,0,0,0.106877471,0,0.220450566,425,197.9948947,0.847826087,-0.239130435,0,0,0,0
21407,GGGAACACCAGAGAGAAGAGTGG,0,0,0.610909091,0.133988,0.133988,455,193.9554737,1,1.891304348,0,0,0,0
21408,GTGACTGTGGCGGGAGGTGGGAG,0,0,0.036090067,0,0.694060843,522.5,207.6160826,0.060869565,0.130434783,0,0,0,0
21409,CACCCTCTACACCCCGGCTCCGG,0,0,0.033441948,0,0.225335527,552.5,192.4681246,0,0.195652174,1,0,0,0
21410,GGGAAGGAGGAAGGAGGAGGAGG,0,0,0.022017124,0,0.26991206,455,171.2747595,0.043478261,-0.173913043,0,0,0,0
21411,GACCCCCACCACCCCGCCGTGGG,0,0,0.06,0,0.390570423,492.5,149.4145832,0,-0.282608696,0,0,0,0
21412,GGCACTGGGGTGGGAGGAGGAAG,0,0,0.017094017,0,0.076571946,357.5,176.7306656,0,0.065217391,0,0,0,0
21413,GAGTCAGGGGAGAAGAAAAAAAG,0,0,0.047530864,0,0.164163878,552.5,183.8991293,0.004347826,-0.065217391,0,0,0,0
21414,GAATAGTTTTAATTGTTCTTTGA,0,0,0.006770833,0,0.361308608,455,174.0159964,0,-0.413043478,0,0,0,0
21415,CACACACATCCACAGACACACAG,0,0,0.073719653,0,0.334982304,522.5,206.3863755,0.017391304,-0.717391304,0,0,0,0
21416,TGTGGGTGAGGGTGTGGGTGGGG,0,0,0.016941176,0,0.33831875,455,190.6954852,0,-0.195652174,0,0,0,0
21417,GCACACAGAACATGGACTGCTGG,0,0,0.250962963,0,0.206277769,522.5,199.229262,0.043478261,0.043478261,0,0,0,0
21418,GGGGAGGGTGTGTGTGTGTGGGA,0,0,0.005718954,0,0.238125599,552.5,191.3429278,0.008695652,0.217391304,0,0,0,0
21419,TACTAGCTTTCTTTGTTCTCCAG,0,0,0.02970679,0,0.480774398,522.5,207.8123988,0,-0.326086957,0,0,0,0
21420,CCCTGATTCCCACCCAGCTTAGG,0,0,0.021848739,0.375472992,0.368797917,552.5,195.1395849,0,-0.152173913,0,0,0,0
21421,TGGAGGGAGGAATTAAGAGTTGG,0,0,0.170666667,0,0.072138074,462.5,190.1840695,0.1,-0.065217391,0,0,0,0
21422,CCCATGCATGCACACACACAGAG,0,0,0.005788883,0,0.082683012,425,188.7159375,0.160869565,-0.5,0,0,0,0
21423,TGGAGGGAGGAATCATGAATGGG,0,0,0,0,0.012134777,387.5,158.2360695,0,-0.739130435,0,0,0,0
21424,GGTGAGTGAGTGAATGTGTATGA,0,0,0.01577524,0,0.012635964,290,139.9377838,0,-0.152173913,0,0,0,0
21425,GTCATGTTCTTTATTACCTGCAG,0,0,0.032407407,0,0.228631299,522.5,200.7463988,0,-0.152173913,0,0,0,0
21426,GCCATCCAAACAAAGACACACAG,0,0,0.175845411,0,0.327354513,522.5,200.7491627,0.086956522,0,0,0,0,0
21427,GACCCACTCCATCCCACCTGGGA,0,0,0.002042484,0,0.03209161,387.5,155.2718897,0.304347826,-0.304347826,0,0,0,0
21428,AATGACCACTACTGCCTACAGGA,0,0,0,0,0.00485935,290,141.8901616,0,-0.217391304,0,0,0,0
21429,GGTGTTGGAGTGTGTGTGTGTGA,0,0,0.004621377,0,0.239135105,555,192.7564041,0,-0.869565217,0,0,0,0
21430,GACTTGTTTTCTTTATTTTTAGA,0,0,0.004201681,0,0.014709787,290,134.7159448,0,-0.043478261,0,0,0,0
21431,GGTGTGTGCGAGTGTGTGTGGGG,0,0,0.072727273,0,0.196246288,455,186.7357049,0,-0.152173913,0,0,1,0
21432,GACGCCCCAAAGCCTGGTGATAG,0,0,0.009469697,0.101358871,0.097755,485,161.9150668,0.539130435,0.5,0,0,0,0
21433,GAGACCGAGGAGCAGCAGAAGAG,0,0,0,0.092152171,0.092152171,455,186.5469172,0,-0.239130435,0,0,0,0
21434,GAACAAAAGGCATAGTCTCCAGA,0,0,0,0,0.030105241,485,165.4178098,0,-0.173913043,0,0,0,0
21435,GGCACTGTGTCTGGAGGCTGTGA,0,0,0.014105903,0,0.081354538,485,154.9371134,0.204347826,0.239130435,0,0,0,0
21436,GCCTCCCCAAATCCAGGTAAGAG,0,0,0.015905147,0,0.01111171,290,141.1055448,0.008695652,0.391304348,0,0,0,0
21437,GTCACTGGGGCTGGGGCTGGTGG,0,0,0.062566845,0,0.163368333,455,180.6670504,0.891304348,-0.086956522,0,0,0,0
21438,CCTTTGTTTTCATTTTTCTCCAG,0,0,0.014290438,0.411084498,0.397208228,525,204.2249784,0.1,0.195652174,0,0,0,0
21439,ATAAACCCCAGTGCCTAGAGCAG,0,0,0.004971591,0,0.04042269,425,190.442613,0,-0.347826087,0,0,0,0
21440,AGGGAGGGAGTGTGTGCATGCAG,0,0,0.047511312,0,0.208990259,552.5,190.8654859,0,-0.086956522,0,0,0,0
21441,TGGAGGGAGGCAGGAGGACTTGG,0,0,0.029937031,0,0.101700018,357.5,171.4342758,0,0.130434783,0,0,0,0
21442,TTCATCTGGGTCATAACCTGGGA,0,0,0.01965562,0,0.24614019,522.5,197.9333811,0,-0.260869565,0,0,0,0
21443,GAGTCCCAGGGGAGGAAGAAAAG,0,0,0.021025806,0,0.071002551,425,193.9558144,0,0.043478261,0,0,0,0
21444,GGGTGGGGGAAGTGTGGTCAAGG,0,0,0,0.032035497,0.031520871,387.5,144.4453679,0,-0.108695652,0,0,0,0
21445,TGAATGAATGAATGAGGTGTTGG,0,0,0.2,0,0.127693048,552.5,186.9057056,0,-0.065217391,0,0,0,0
21446,GGGAAGGACCTAGTATCCTTTGA,0,0,0.007461674,0,0.023689272,357.5,168.7967477,0.234782609,0.239130435,0,0,0,0
21447,GTCTCCTTCCCTCCCTCCTTCAG,0,0,0,0.079646797,0.076958297,455,192.1694897,1,0,0,0,0,0
21448,AAATGTGAAGAAGAATCAGAAAG,0,0,0,0,0.013204918,387.5,155.1705686,0,0.543478261,0,1,0,1
21449,GGAACTACAGCTGGAGGGGGAAG,0,0,0.048148148,0,0.127693048,552.5,186.9057056,0.039130435,-0.130434783,0,0,0,0
21450,GACACGGAAGAAGAATGTTTGGG,0,0,0.041522491,0,0.049567773,357.5,175.9907997,0.052173913,0.260869565,0,0,0,0
21451,GTGCTCTGAATCATTACCTGTGG,0,0,0.120784313,0,1.2395125,620,209.7068466,0,0.565217391,0,0,0,0
21452,GCTTCCCCACAGCCTGGCCAAGA,0,0,0.015914352,0,6.438064925,635,216.0802636,0,0,0,0,0,0
21453,AGATGATATGAAGAGGCACAGGG,0,0,0.274285714,0,1.061438688,627.5,213.8170388,0,0,0,0,0,0
21454,TGGATGGATGGATGAGGAGATGA,0,0,0.013541667,0,0.398033913,462.5,173.072536,1,1.565217391,0,0,0,0
21455,ATGTACACCAGTGAGCTCAGGGA,0,0,0.001870557,0,0.019509753,442.5,154.6285298,0.004347826,-0.217391304,0,0,0,0
21456,GTGAAAGACCCTGGATCTGTCAG,0,0,0,0.023161679,0.022749916,357.5,174.1813816,0,0.652173913,0,0,0,0
21457,CCCTGTGGATGTGGATGGAGTGA,0,0,0.00192577,0,0.212557667,455,168.7727191,0.156521739,-0.065217391,0,0,0,0
21458,TAGTACAATCAGAAGAAGAAAAG,0,0,0.079012345,0,0.569608261,620,211.5687188,0.334782609,0.108695652,0,0,0,0
21459,AAATGTGGTGAAGAGACACAAGA,0,0,0.021825397,0,0.090966306,552.5,193.0659928,0,-0.043478261,0,0,0,0
21460,AACTCCAGTGGGTAGACAGGGAG,0,0,0.013586849,0.065152213,0.062952983,387.5,165.6868719,0.065217391,-0.173913043,0,0,0,0
21461,TGCATGGAGGAATGATGGATGGA,0,0,0,0,0.016578466,417.5,145.2122409,0,-0.913043478,0,0,0,0
21462,ACAGGAGAAGAAGAGAAACAAGG,0,0,0.229166667,0,0.104848333,485,179.811863,0,0.043478261,0,0,0,0
21463,TGGATGGATGGATGAGGGATAGA,0,0,0.006878307,0,0.029954105,387.5,152.8388027,0.52173913,-0.47826087,0,0,0,0
21464,CCCTGAGTCACTGGTTGGAGGAG,0,0,0.006797386,0,0.093603563,455,161.0776581,0,-1.108695652,0,0,0,0
21465,GAGGTGCTCTCATTGTTCTCTGA,0,0,0.013772035,0,0.561633746,620,211.4554388,0,-0.326086957,0,0,0,0
21466,TGGGTTGAGGAAAGAGGAGTAAG,0,0,0.074786325,0,0.625677215,530,208.2410955,0.004347826,-0.108695652,0,0,0,0
21467,GTCTTTTTTTCATTGTTAGCTGA,0,0,0.004532505,0,0.059141775,485,161.0026828,0.839130435,-0.02173913,0,0,0,0
21468,GGTGAGTGGGTGAGTGGGTGAGG,0,0,0.027149321,0,0.243274677,462.5,185.954788,0.873913043,0.282608696,0,0,0,0
21469,AAGAACATCAGTGAATAGACAGA,0,0,0.020739065,0,0.186915845,455,164.5155615,0,-0.391304348,0,0,0,0
21470,CTTGCATCTGCTCTACTCCCAGG,0,0,0.152821317,0.191162314,0.184365431,552.5,182.4662357,0.682608696,3.52173913,0,0,0,1
21471,ATGTACACTAGGGCGTAGAGGGA,0,0,0.004142992,0,0.064083778,425,195.0113346,0,0.217391304,0,0,0,0
21472,AACACCCTCCACTCCCCCTCTGG,0,0,0,0,0.105393,455,191.5386536,0,1.152173913,0,0,0,0
21473,GGGCCAGAGTGAGGACGTGACAG,0,0,0,0.259592789,0.252670315,530,204.273035,0,-0.391304348,0,0,0,0
21474,GGATGGGGAGAGTTTGCATCTGG,0,0,0.148351649,0.059958029,0.058892109,485,158.5408864,0,-0.413043478,0,0,0,0
21475,AGATGTGACGAAGAGGCACAGGG,0,0,0.326530612,0,0.940220214,627.5,214.4142356,0,0.152173913,0,0,1,0
21476,CCCTCTTTCCCACCCACTTCTGA,0,0,0.002898887,0,0.292449718,492.5,157.8390668,0,-0.043478261,0,0,0,0
21477,GGTGAGTGTGAGTGTGAGAGCGA,0,0,0.004166667,0,0.05883842,387.5,157.2760249,0,-0.130434783,0,0,0,0
21478,GGTGGTTGTGTGTGTGTGTGTGG,0,0,0.1344,0,0.213926133,552.5,191.1798046,0.004347826,0.195652174,0,0,0,0
21479,CGTGAGTGCGAGTGTGCGTGCGG,0,0,0.306122449,0,0.954517778,530,210.2101359,0.026086957,-0.02173913,0,0,0,0
21480,AACACCACTGAGAAGAGATGAGG,0,0,0.152935821,0.035319571,0.034184806,387.5,150.4295293,0,0.934782609,0,0,0,0
21481,GGGAATGAGGAATGAGGAATAAG,0,0,0.059044552,0.318743398,0.318743398,552.5,185.3776961,0,0.065217391,0,0,0,0
21482,GATTTGTTTTCATTGTCTTTTGG,0,0,0.093592437,0,0.04912495,417.5,135.1249557,0.052173913,-0.413043478,0,0,0,0
21483,TCCTCCACAAAGCCTGGCTTGGG,0,0,0.207692308,0.152924088,0.150052274,485,148.9312193,0.013043478,-0.130434783,0,0,0,0
21484,GAATCTGAGCAGAATAAGGAAAG,0,0,0.009672619,0.081178353,0.079735182,455,171.9309945,0,0.434782609,0,0,1,0
21485,TGGATGGAAGAATGGGCAGATAG,0,0,0.014338235,0,0.037612163,387.5,142.9094871,0,0.108695652,0,0,0,0
21486,CCTGCATCAACTCTACCCACTGG,0,0,0.524369748,0.193755828,0.187530741,552.5,187.4763882,0,0,0,0,0,0
21487,CAAACAGAAGCAGATTTTTTAAG,0,0,0.021289997,0,0.240310978,522.5,202.6789944,0,-0.326086957,0,0,0,0
21488,GCTGATTGAGTGTGGGCATGAGA,0,0,0.001109467,0,0.050317447,455,177.5436611,0,0.826086957,0,0,0,0
21489,TGTGAGGGTGTGTGTGCCTGTAG,0,0,0.043572985,0,0.129506134,552.5,187.4337056,0.247826087,0.391304348,0,0,0,0
21490,CCCTTCCAACCAGAGAGAGAGAG,0,0,0.001126461,0.117323456,0.117323456,485,162.6325086,0,0.065217391,0,0,0,0
21491,GCCACTGAGGCAGGAGGTTGAGA,0,0,0.016666667,0,0.245385,455,177.3960827,0,-0.282608696,0,0,0,0
21492,CGAGAGTGAGTGTGTCAGTGCAG,0,0,0,0,0.103380457,485,180.397463,1,-0.391304348,0,0,0,0
21493,CCCATGCATACAGAGAGAGAGAG,0,0,0.000826071,0.1033202,0.1015764,485,160.6881686,0.886956522,1.52173913,0,0,0,0
21494,AGAGAGTGAGTGCGTGCGAGAGA,0,0,0.010069817,0,0.201035939,455,178.4246795,0,-0.130434783,0,0,0,0
21495,TGTGCGTGTGGGTGTGCGTGTGA,0,0,0.008333333,0,0.485165286,522.5,207.7218159,0,-0.02173913,0,0,0,0
21496,CACAGCAGAGAGCAGAGCGGGGA,0,0,0.026181525,0,0.355433782,522.5,204.4525791,0.086956522,0.217391304,0,0,0,1
21497,GCCGGCCCAAACCCTGGCAAAAG,0,0,0.022058824,0.245385,0.245385,455,178.5739796,0,-0.52173913,0,0,0,0
21498,CCCTGGGTTTCTGTATGGAGTGG,0,0,0.023529412,0.035730435,0.034524344,455,164.6774511,0.769565217,1.543478261,0,0,0,0
21499,GGCACTGGTGCTGGTGGTAGCAG,0,0,0.012698413,0,0.073797574,455,167.1853812,0,0.173913043,0,0,0,0
21500,CCCTGCCTCCCTGCATGGATGAG,0,0,0.037037037,0.079846582,0.077399177,522.5,198.3999141,0,-0.456521739,0,0,0,0
21501,TGTGAGTGCGTGAGTGCATGGAG,0,0,0.071005917,0,0.073380489,455,180.3175658,0,-0.217391304,0,0,0,0
21502,TGCACTGAGGGTGGAGGTGAAGG,0,0,0.15234375,0,0.387083187,455,172.7324994,0,0.652173913,0,0,0,0
21503,AACACCAGTGCCTAGAGCATAGA,0,0,0.007352941,0,0.051316877,290,137.368216,0,0.152173913,0,0,0,0
21504,GACTTGCTTTCAGTATTCACAAG,0,0,0.012503552,0.033541582,0.033541582,357.5,162.3624772,0.495652174,-0.52173913,0,0,0,0
21505,GGTGGGTGGGTGGGTGGGTGTGA,0,0,0.000511509,0,0.136842006,455,183.466468,0,-0.260869565,0,0,0,0
21506,GGTGGGTGGGTGGGTGGGTGTGG,0,0,0.007365729,0,0.136842006,455,183.466468,0.07826087,0.347826087,0,0,0,0
21507,GACCCCCTCCAGCCAGCCCGCAG,0,0,0.000415511,0,0.023640729,290,129.3912781,0.034782609,0.065217391,0,0,0,0
21508,GAGTTGTTTACAATATTCTCTGA,0,0,0.019392372,0,0.141575737,425,189.9739215,0.004347826,-0.152173913,0,0,0,0
21509,GACCCCATCCACCCCTCACCAGA,0,0,0,0,0.010902405,417.5,143.3570601,0,-0.195652174,0,0,0,0
21510,ATGCACACCACTGGGGAGAGAAG,0,0,0.006334842,0,0.021380321,357.5,183.1687058,0.152173913,0.47826087,0,0,0,0
21511,GAGTGTGAGCAGAGGAGGAAGAG,0,0,0.011895425,0.052168566,0.052168566,455,183.5004003,0,0.043478261,0,0,0,0
21512,TGTGAGTGAATATGTGTGTGTAG,0,0,0.10539369,0,0.276221715,455,185.5060521,0.72173913,2.739130435,0,0,0,0
21513,CCCAGTGTCTGTGGAAGGATAGG,0,0,0.108225108,0,0.283840376,462.5,196.0078904,0,0.413043478,0,0,0,0
21514,GGCGCTGCGGCTGGAGGTCACGA,0,0,0.018240391,0,0.440166667,492.5,151.6408001,0.152173913,0,0,0,0,0
21515,GCTGCCTACACTTTACTCACTAG,0,0,0.10052496,0.535768434,0.535768434,522.5,201.6091261,0,-0.260869565,0,0,0,0
21516,GAAGACAAAGAATATTCTGCAGA,0,0,0,0,0.03845588,357.5,180.6008688,0.013043478,0.326086957,0,0,0,1
21517,GGGTGGGTGGAGTTAGATCGGGA,0,0,0.000689786,0,0.064675248,387.5,143.7694505,0.056521739,-0.043478261,0,0,0,0
21518,GGCACTGGTGCTAGATGTGGGGG,0,0,0,0,0.055513037,455,185.3526563,0,-0.260869565,0,0,1,0
21519,GTCATCTTGGTGATAACCAGTGA,0,0,0.003403571,0,0.036308406,357.5,162.5690977,0,-0.304347826,0,0,0,0
21520,AGCACTGCGGCTGGGCATGGTGG,0,0,0,0,0.028099353,412.5,166.7184415,0.217391304,0.456521739,0,0,0,0
21521,GGGAAGGACCCAGCAGCTGGTGG,0,0,0.028049681,0.013231081,0.012784463,417.5,137.5646569,0,0.195652174,0,0,0,0
21522,GGCAGTGCAGGTTGAGGTGGGGA,0,0,0.002008929,0,0.17912637,425,198.2224954,0,-0.52173913,0,0,0,0
21523,AAATGATAATATGTGGCACATGA,0,0,0.005731922,0,0.062942802,425,192.4697977,0,-0.304347826,0,0,0,0
21524,CCCTTCCCAGAACCTGGCCATGG,0,0,0.235690236,0.669826867,0.648306325,522.5,205.2038431,0,-0.239130435,0,0,0,0
21525,GGACTACCTTATGCAGCAGCTAG,0,0,0.007965686,0.167467781,0.167467781,455,179.5623324,0.130434783,0.065217391,0,0,0,0
21526,TGGAAGAAGGCATGAGGAGAGGG,0,0,0.1125,0.250277666,0.250277666,455,172.1608156,0,-0.304347826,0,0,0,0
21527,AGAGTCAGTAGAGCGGAGGTAGA,0,0,0.009881423,0,0.421955546,552.5,180.0364161,0.326086957,0.152173913,0,0,0,0
21528,GAACACAAAACATTGACAGAGAG,0,0,0.043017833,0.016308981,0.016046989,387.5,140.0081457,0,-0.195652174,0,0,0,0
21529,TAACACAAAGAAGAGATTGCAGG,0,0,0.091304348,0,0.130929356,357.5,182.4844847,0.656521739,0.869565217,0,0,0,0
21530,ACCAGCCATGCAGAGATACACAG,0,0,0.030112483,0,0.56142625,552.5,191.9338325,0.02173913,-0.326086957,0,0,0,0
21531,GCAGTGAGCCGAGAGGAGGCCGA,0,0,0.006828317,0,0.126035717,522.5,198.6092986,0.117391304,0.326086957,0,0,1,0
21532,AAATGAAAACAGGAGGGACAGGA,0,0,0.001180102,0,0.17047539,455,183.1228713,0,-0.282608696,0,0,0,0
21533,GAAAGGGAAGAAGAGGCAAAGAG,0,0,0.037792895,0.318743398,0.318743398,552.5,185.7924161,0,0.195652174,0,0,0,0
21534,TGTGAGTGAGTGTGTTAGTGAGA,0,0,0,0,0.221901235,492.5,182.125463,0,-0.217391304,0,0,0,0
21535,TGGATGGAGGGAGAAGGGGTAGG,0,0,0.050869565,0,0.008561713,260,166.4080778,0.104347826,-0.173913043,0,0,0,0
21536,AGGCTGGAGGAAGGAGGTGTCAG,0,0,0.011935209,0.124526613,0.120099,455,183.4037462,0,-0.130434783,0,0,0,0
21537,AAAGGATGAGAAGAGGCAAATGA,0,0,0.007794785,0,0.34064625,552.5,182.0954023,0,0,0,0,0,0
21538,AAATGAGAAGAAAAATCTCAGAG,0,0,0,0,0.004562706,290,152.7818987,0.173913043,0.173913043,0,0,0,0
21539,CCTGCTTCCACACTACTCAGGAG,0,0,0.010573711,0,0.171839377,455,167.5685792,0,-0.391304348,0,0,0,0
21540,AAATGGGAAAAAAAAGCACAAAG,0,0,0.150159209,0,0.082683012,425,188.7159375,0.843478261,0,0,0,0,0
21541,CCTTGCTCCCCTCTACTGACTGA,0,0,0.000808081,0,0.271345253,552.5,186.6230103,0,0,0,0,0,0
21542,GGATTGGAGGAATGAGGAGATAG,0,0,0.066576087,0.700844318,0.687682923,552.5,180.6608001,0.156521739,-0.086956522,0,0,0,0
21543,AAATGATAGCAAGAGACACAAGA,0,0,0.010582011,0,0.094581352,552.5,190.5768765,0.630434783,1.586956522,0,0,0,0
21544,AAATGAAAAAAAGAGCCAAAAGA,0,0,0,0,0.051230178,485,163.788657,0.060869565,0.456521739,0,0,1,0
21545,TATAACACCACTGAGTAGAGAAG,0,0,0.047008547,0,0.782934488,525,212.2019163,0,0.02173913,0,0,0,0
21546,GCCTCCCCCCAGTCTGGCCTTGA,0,0,0.005555556,0,0.129928189,455,163.6115628,0.047826087,0.173913043,0,0,0,0
21547,GACTTATTTTCATAGTTGACTGA,0,0,0.001637692,0,0.008365941,387.5,149.6034981,0,-0.086956522,0,0,0,0
21548,GGTGTGGGATTGTGTGTGTGTGG,0,0,0.081105169,0,0.36403873,552.5,189.5506517,0,-0.086956522,0,0,0,0
21549,AAATGAGGGGAAGAGACAGAAAG,0,0,0.015843621,0,0.047362622,485,164.1039769,0,-0.673913043,0,0,0,0
21550,GGAATGCCTGCTTCAGCTCCAGG,0,0,0.0375,0.063531421,0.063531421,455,177.4996258,0,-0.347826087,0,0,0,0
21551,AGGGAGTGAGAGTGTGTGTGTGA,0,0,0.0109375,0,0.333582288,455,191.4558052,0,-0.652173913,0,0,0,0
21552,AGGATGGAGGAAAGGGGAGATAG,0,0,0.065625,0,0.072336432,357.5,158.356058,0,-0.195652174,0,0,0,0
21553,AACTGAGAAGCAGAGAGACAAGG,0,0,0.010084034,0,0.054471032,387.5,174.1673793,0,-0.456521739,0,0,0,0
21554,CACCTCCTCCACCCCAGCTCTGA,0,0,0.001856803,0,0.104848333,485,179.637143,0.995652174,-0.195652174,0,0,0,0
21555,ATATTGAGTAGAGTGGAGGCAGA,0,0,0.016835017,0,0.223971519,522.5,206.4472154,0.173913043,0.152173913,0,0,0,1
21556,GAAAGAGAAAAAGAGGCAGAAGA,0,0,0.003858025,0,0.485227553,552.5,182.5866636,0.008695652,0.152173913,0,0,0,0
21557,GAGCCCCTGCACTCGGCCTCAGA,0,0,0.000752315,0,0.093922666,425,191.0058775,0.008695652,-0.108695652,0,0,0,0
21558,TGGGTGGAGGATGGACGAGTGAG,0,0,0,0,0.04922787,357.5,183.8225531,0.034782609,-0.130434783,0,0,0,0
21559,ATGAACACCTGTGAGTGGCTGAG,0,0,0.005846558,0.067726052,0.066638083,417.5,125.3365526,0.008695652,-0.173913043,0,0,0,0
21560,AAATGAAAAGACAAGCCACACAG,0,0,0,0,0.032002267,357.5,182.3129723,0.026086957,-0.065217391,0,0,0,0
21561,GATATCCCTGTCCTGCCCATAAG,0,0,0.002625868,0.27129322,0.27129322,522.5,198.9819807,0,-0.02173913,0,0,0,0
21562,GGTGGGGGTGTGTGTGTGTGCAG,0,0,0.030745098,0.241506693,0.241506693,552.5,190.5826078,0,0.369565217,0,0,0,0
21563,TTCACCTCCAATGACGAGCCTGG,0,0,0.066502463,0.038510898,0.037787688,417.5,134.0259742,0.526086957,-0.173913043,0,0,0,0
21564,GGCCCTGCAGGTGGAGGCGGCAG,0,0,0.006302521,0,0.099907201,455,182.7132027,0,-0.608695652,0,0,0,0
21565,TGGGTGGAGGAGTCAGGAATGGG,0,0,0.138180272,0,0.036562365,357.5,168.223115,0.030434783,0.239130435,0,0,0,0
21566,AATGACTAATACATTCTCTAGAG,0,0,0.006481482,0.052955831,0.052955831,455,167.9020173,0.017391304,-0.065217391,0,0,0,0
21567,TGTGAGTGTGTGTGTGTGTTTGA,0,0,0.013611111,0,0.164063988,485,157.1165087,0,0.065217391,0,0,0,0
21568,TGTGAGTGTGTGTGTGTGTTTGG,0,0,0.196,0,0.164063988,485,157.1165087,0,0.043478261,0,0,0,0
21569,GAACTCATAGCATAGACAGTAGA,0,0,0.002164502,0,0.129409,485,152.2509298,0,-0.434782609,0,0,0,0
21570,AAAAGCAAAGCATAGATTGCAAG,0,0,0.066021053,0,0.609583333,552.5,196.0519689,0.02173913,0.043478261,0,0,0,0
21571,GATATCATTTCATTGTTCTCTGA,0,0,0.013563368,0,0.531673751,620,213.6292352,0,-0.043478261,0,0,0,0
21572,CCCTGGGACTCTGGATAGGTGGA,0,0,0.011111111,0,0.11028925,485,162.580088,0,0,0,0,0,0
21573,GCTTCCTCATCTCTACTCACCAG,0,0,0.059947299,0.805112123,0.805112123,620,209.3748832,0,-0.217391304,0,0,0,0
21574,GCTATGGAGGAAAGAGGAGTGAG,0,0,0.059428865,0.573580538,0.573580538,525,208.9326795,0,-0.065217391,0,0,0,0
21575,CAAACCAGAGAGTAGAACGGTGG,0,0,0.643809524,0,0.367241041,552.5,193.7261086,0,-0.086956522,0,0,0,0
21576,GGAATGCATCCTGCAGGACCAGG,0,0,0.010196078,0.317112648,0.30692429,552.5,188.3363516,0,-0.173913043,0,0,0,0
21577,AGATGGGAACAAGAGGCACTGGG,0,0,0.137142857,0,0.388621058,552.5,175.0446797,0,-0.326086957,0,0,0,0
21578,CCTCCCTCCCCCCGACTCACCAG,0,0,0,0,0.096597642,425,193.9793785,0.07826087,0.239130435,0,0,0,0
21579,CCCAACCGTCCTGAGACATATGA,0,0,0.003917379,0,0.232960443,455,176.3477627,0.013043478,0.260869565,0,0,0,0
21580,AAAGGAGGAGATGAGGCAGATAG,0,0,0.004951132,0,0.245385,455,176.7624827,0,0.173913043,0,0,0,0
21581,TGGAAGGAGGAGGGAAGAGTGGG,0,0,0.094202898,0,0.046855442,357.5,183.4078331,0.065217391,-0.02173913,0,0,0,0
21582,GGAGAGTGAGCGGGTGCGTGCAG,0,0,0.032206119,0,0.59611588,432.5,204.1425958,0,-0.086956522,0,0,0,0
21583,TGTATAGAGGACTGAGGAGTGAG,0,0,0.03411306,0.804669905,0.784298515,530,210.3699156,0.017391304,-0.02173913,0,0,0,0
21584,AAAAGAGAAGAACAGCCAAAAGG,0,0,0,0,0.033198795,387.5,160.7906536,0,0.413043478,0,0,1,0
21585,CTCTGTGTATCTGGCTGGTTGGG,0,0,0.114431024,0,0.081669315,455,170.0451981,0.073913043,0.326086957,0,0,0,0
21586,AAAGGAGAAGCTGAGGCTCAGAG,0,0,0.010802469,0,0.080449006,357.5,178.9568826,0,-0.173913043,0,0,0,1
21587,GGGAAGGAGGAAAGGGGAGTTAG,0,0,0.055797101,0,0.155902215,425,194.2053379,0,3.195652174,0,0,0,0
21588,GGGAAGGAAGAACGAGGAGTTGA,0,0,0.016855999,0,0.355433782,522.5,204.4525791,0,0.239130435,0,0,0,0
21589,ATTTGAGAAGAAGAGACAAAGGG,0,0,0.220015279,0,0.08458401,485,170.3955742,0,-0.152173913,0,0,0,0
21590,GGAGGAGGGGAGTCTGCTCCAGG,1,0.005241753,0.133928572,0,0.1271669,522.5,204.3732314,0.004347826,-0.260869565,0,0,0,0
21591,TGTGTGTGTATGTGTGCGTGTGA,0,0,0.014141414,0,0.805112123,620,208.9601632,0,0.108695652,0,0,0,0
21592,TGTGTGTGTATGTGTGCGTGTGG,0,0,0.203636364,0,0.805112123,620,208.9601632,0,0.130434783,0,0,0,0
21593,TTATGAGAAGAAGAGACACCAGA,0,0,0.01147842,0,0.119960915,485,164.5339742,0.004347826,0,0,0,0,0
21594,AAATGAGGAGCTGAGGCATAAAG,0,0,0.011699905,0,0.123062056,357.5,171.4059989,0.008695652,-0.260869565,0,0,0,0
21595,AACACCGGAGAGAAGAGCAGGGG,0,0,0.324129652,0.076469801,0.076469801,455,172.6097184,0.191304348,0.043478261,0,0,0,0
21596,GGTGAGTGTGAATGTGTGTGCGA,0,0,0.013611111,0,0.087674721,357.5,180.3079244,0,0,0,0,0,0
21597,TGTGCGTGGGTGTGTGTGTGGGG,0,0,0.155555556,0.379196691,0.372455417,552.5,192.9657886,0,-0.260869565,0,1,0,0
21598,GGGATGGGGGAATGAGGAAATGG,0,0,0.281832298,0,0.219695863,485,148.2145832,0.408695652,0,0,0,0,0
21599,GGTGTGTGAGGGAGTGTGTGAGA,0,0,0.003263403,0,0.124300022,357.5,181.1961647,0.039130435,0.086956522,0,0,0,0
21600,TTATGAGAAGAAGAGACACCAGG,0,0,0.165289256,0,0.119960915,485,164.5339742,0,0.043478261,0,0,0,0
21601,GGCAGTGCGGCTGAGCGTGGTGG,0,0,0,0,0.00982664,392.5,174.7770479,0.034782609,-0.152173913,0,0,0,1
21602,GCCTCCTCCCCACCCACTCTGAG,0,0,0.041797283,0.057111156,0.056147255,485,158.1428658,0.365217391,-0.391304348,0,0,0,0
21603,AATTTTGAAGAAGAGGAACAAGA,0,0,0.004901961,0,0.34522286,552.5,194.6115849,0.995652174,1.326086957,0,0,0,0
21604,AAATGGGAACAACAGACACAAGG,0,0,0.120300752,0,0.053065217,455,185.6345332,0,-0.02173913,0,0,0,0
21605,GCCCTCCCAAAGCGTGGCCTAGA,0,0,0,0,0.09837725,455,168.2612954,0,-0.152173913,0,0,0,0
21606,ACAGTGAGTGGACCTGAGGCTGA,0,0,0.002320616,0,0.14358594,425,190.5019215,0,-0.065217391,0,0,0,0
21607,GTTACAGAGGCTGGAGGTGGGGA,0,0,0.017115162,0,0.814229167,620,213.546199,0,0.043478261,0,0,0,0
21608,GGAAATGATCCAGGATCCGTGGA,0,0,0,0,0.077698976,522.5,201.287051,0,0.456521739,0,0,0,0
21609,GAACACTAACCAGAGCCTGCAGA,0,0,0,0,0.059906683,455,185.0373364,0,0.173913043,0,0,0,0
21610,CCCTGTGCCTCTGGATGAGGAGA,0,0,0.003181561,0,0.038699843,442.5,122.7912499,0.008695652,-0.304347826,0,0,0,0
21611,GACCCGCCCCACCCTCCCTCCGG,0,0,0,0,0.039900114,455,182.8187516,0,-0.086956522,0,0,0,0
21612,GGCCCTGAGGCAGGAAGTGGGGG,0,0,0.183529412,0,0.127203797,455,190.2220567,0.026086957,0.239130435,0,0,0,0
21613,TAACACAAAGCATAGAAAGAGAG,0,0,0.040329218,0.053636625,0.052629364,417.5,135.6529557,0,0.413043478,0,0,0,0
21614,ATAGGAGAAGAAGAGGCAGCAGA,0,0,0.000896752,0,0.219695863,485,150.2008001,0.369565217,-0.260869565,0,0,0,1
21615,AAAGGAGAAGAAGAGAGAAAAGG,0,0,0.015756302,0,0.033027225,417.5,149.3038631,0.013043478,-0.195652174,0,0,0,0
21616,GGCTCCCCAGTGCCTGGCCCTGA,0,0,0.001876813,0,0.356503615,455,170.6005799,0,-0.304347826,0,0,0,0
21617,GACTTCTTTTCATTACTCCCTGA,0,0,0.008195546,0,0.013204918,387.5,155.1705686,0,-0.086956522,0,0,0,0
21618,TGGATGAAGGAATGAAGGCTGGA,0,0,0.012452107,0,0.010902405,417.5,143.3570601,0.37826087,0.260869565,0,0,0,0
21619,GATTTGCTTTCATTGTTCTTGAG,0,0,0.036762153,0.971885114,0.941031618,560,180.3512193,0,0.586956522,0,0,0,0
21620,GGCAATGCAGCTGGAACTGGAGG,0,0,0.086434574,0,0.060818669,485,175.6773627,0,-0.391304348,0,0,0,0
21621,AACTGAGATGAAGAGGCTAAGAG,0,0,0.014285714,0,0.058892109,485,158.5408864,0,0.086956522,0,0,0,0
21622,GGCCATGAGGCTGGAGGAGGGGG,0,0,0.087394958,0,0.294620253,552.5,188.5149298,0,-0.108695652,0,0,0,0
21623,TGGATGGTTGGAAGAGGAGTGGA,0,0,0.007142857,0,0.171252683,425,196.4109984,0,-0.673913043,0,0,0,1
21624,TGGATGAACTAATGAAGAGTTGG,0,0,0.4375,0,0.094581352,552.5,190.5768765,0.07826087,-0.043478261,0,0,0,0
21625,ATTGCTCCACAGGACATTAATGA,0,0,0.012090774,0,0.05495089,455,184.7887203,0.004347826,0.173913043,0,0,0,0
21626,TACCCCCTGCCCCCCGCCACGGA,0,0,0.004913076,0,0.178656992,455,178.262136,0,0.108695652,0,0,0,0
21627,ATTTCCACCAGTGAGGAGAGAAG,0,0,0.014277389,0.259301073,0.254924684,555,199.2216541,0,0.239130435,0,0,0,0
21628,GCACACAAAGCATAGTTTGTGGA,0,0,0,0,0.046184952,417.5,143.5478631,0,0.065217391,0,0,0,0
21629,AGGATGGAGGAAGGAGGAAGGAG,0,0,0.008525149,0,0.085022299,387.5,141.8150796,0,0.065217391,0,0,0,1
21630,AAATAAGAAAAAGAAACACACAG,0,0,0.197375938,0,0.060740505,455,181.4244961,0,0.086956522,0,0,0,0
21631,TTCTGTGTCTCAGCATGGATGAG,0,0,0.080808081,0,0.110193987,425,199.6047149,0,-0.456521739,0,0,0,0
21632,GGAGAGTGAGTATGTGGGGGTGA,0,0,0.000680828,0,0.0931506,387.5,159.2217885,0,-0.02173913,0,0,0,0
21633,GGCGAGTTAGTGGGTGCCTGTAG,0,0,0.008626639,0,0.118417614,455,180.6495292,0,0.086956522,0,0,0,0
21634,GGGCAAGACCAAAGATCCGTAGG,0,0,0,0.046534924,0.045787375,327.5,190.9578111,0,-0.043478261,0,0,0,0
21635,TTAAACACTAGTGAGTAGCGGGG,0,0,0.135775862,0.317397827,0.317397827,552.5,183.9642197,0.413043478,-0.304347826,0,0,0,0
21636,TGCATGGAAGGATGAGGAGTTGA,0,0,0.011160714,0,0.893501135,530,209.6821359,0,0,0,0,0,0
21637,TGGATGGTGGATTGATCAGTGGA,0,0,0,0,0.046613295,387.5,170.1095456,0,-0.152173913,0,0,0,0
21638,GAATGAGAAGAAGATGAAAAAGG,0,0,0.028571429,0,0.054360238,387.5,153.2588674,0,0.065217391,0,0,0,0
21639,TCCTGTGTCTCTGTCTGAATGGA,0,0,0.003496503,0,0.012392231,357.5,167.9304605,0,0,0,0,0,0
21640,TGGATGGATGAATGAACAGGTGG,0,0,0.022145329,0,0.02413915,417.5,139.8280828,0.260869565,-0.043478261,0,0,1,0
21641,AACTCAGAAGAAGAGGGAGAAAG,0,0,0.000641923,0.192757284,0.189330488,485,165.649569,0.082608696,-0.195652174,0,0,0,0
21642,GCATTGTTTTCAATGTTCTCTGA,0,0,0.032738095,0,1.074082667,530,210.1326795,0.056521739,0.52173913,0,0,0,0
21643,GAAGCAGAAGCAGAGTTTATTGA,0,0,0.009979686,0,0.297519338,552.5,185.2644161,0.708695652,-0.239130435,0,0,0,0
21644,AAATTAAAAAAATAGGCACATAG,0,0,0.021777778,0,0.332281119,522.5,201.0374422,0.32173913,0.956521739,0,0,0,0
21645,CTTGCCTGTCTGGGCAGTAACAG,0,0,0.025,0,0.302236647,525,203.5271382,0.004347826,0.47826087,0,0,0,0
21646,AAATAAAAAGAAAAGGCAGATGG,0,0,0.1,0,0.125155157,455,175.2811787,0.004347826,-0.086956522,0,0,0,0
21647,CCCCTTGTTTCTGGAAGGATGGG,0,0,0.154411765,0.15797057,0.15797057,552.5,195.7898738,0.02173913,0.326086957,0,0,0,0
21648,CCCTGTGTGTCTGGATTTTTCGG,0,0,0.055555556,0,0.020778974,442.5,138.0827754,0,-0.239130435,0,0,0,0
21649,GGTGTGTGTGTGTGTGTGTCAGA,0,0,0.003030303,0,0.155313909,485,155.8281887,0.017391304,-0.108695652,0,0,0,0
21650,GGTGTGTGTGTGTGTGTGTCAGG,0,0,0.043636364,0,0.155313909,485,155.8281887,0,-0.173913043,0,0,0,0
21651,GACTTACATTCATTGCTCTCAGA,0,0,0.025462963,0,0.101685739,555,194.6425924,0.730434783,2.608695652,0,0,0,0
21652,GTCACTGCTAATCACTAGGGAAG,0,0,0.052172916,0.135440954,0.13336523,522.5,201.5717343,0.07826087,0.282608696,0,0,0,0
21653,TCCATACATCCAGAAAAACATGA,0,0,0.02832244,0,0.098837842,455,182.2208834,0,0.043478261,0,0,1,0
21654,TGGATGGAGGATGGATGGGTGGA,0,0,0,0,0.008761429,290,159.2728198,0,0.130434783,0,0,0,0
21655,TGGATGGATGAGTGATGGGTGGG,0,0,0,0,0.014499277,387.5,164.81236,0.782608696,0.456521739,0,0,0,0
21656,AGGGACACCAGGGAGCAGAGGGG,0,0,0.175,0.131647598,0.127203797,455,193.0818737,0.130434783,-0.239130435,0,0,1,0
21657,AGGATGGAGGATGGAGGAGAGAG,0,0,0.012681159,0.135338298,0.132796733,357.5,164.8469791,0,-1.043478261,0,0,0,0
21658,TGGATGGAGTAATGATGGATGGA,0,0,0,0,0.01399298,417.5,140.7485045,0.004347826,-0.02173913,0,0,0,0
21659,TAGATGGTGGCATGAGTAGTAGA,0,0,0.002518315,0,0.33831875,455,188.6439883,0,-0.413043478,0,0,0,0
21660,GGCATCTTTGTCATTAGCAGTGG,0,0,0.008470588,0,0.117323456,485,163.2661086,0,0,0,0,0,0
21661,GAGTTCAAGAAGAAGAAGAGAGA,0,0,0.029287978,0,0.415325641,552.5,173.3991629,0.852173913,0.065217391,0,0,0,0
21662,AAGTGGGAAGCAGAGGCACACAG,0,0,0.04526749,0.884726983,0.884726983,530,211.8559323,0.22173913,-1.5,0,0,0,0
21663,TGGATGGGGGTGGGAGGAGTGAG,0,0,0.01102165,0.142062041,0.137899051,362.5,192.6546783,0,0.043478261,0,0,1,0
21664,GGAATCCCTCCTTCACCAACAGG,0,0,0,0,0.027628997,387.5,156.6725172,0,0.391304348,0,0,0,0
21665,GGGTCCCAGGAGAAGGAGAAGGG,0,0,0.041132479,0,0.162635484,552.5,194.2966569,0,-0.239130435,0,0,0,0
21666,GGCACTGAGGCTTGAGCTTGCAG,0,0,0.007930283,0,0.067148726,387.5,154.8667515,0,-0.043478261,0,0,0,0
21667,GGGATGGAGGGATGAGGAGTGGG,1,0.0646,0.62173913,4.793181818,4.793181818,537.5,215.3699163,0,-0.413043478,0,0,0,0
21668,GGCTGTGCCTCTGGATGTATCAG,0,0,0.109780858,0.321774194,0.310333333,552.5,190.4368498,0,-0.347826087,0,0,0,0
21669,GTCTGGTTTTCTTTGATCTCTAG,0,0,0.036567697,0.131647598,0.127203797,455,192.6671537,0,-0.47826087,0,0,0,0
21670,GGCACAGAGAGAGCACGAGACAG,0,0,0.077230112,0.171583808,0.16579195,552.5,183.9515499,0,0.608695652,0,0,0,0
21671,CACCTCCTCCCCCTCGCCTCTGA,0,0,0.009259259,0,0.124304193,425,200.0424116,0.069565217,0.195652174,0,0,0,0
21672,ACCTCACCAAAGCCTGGTCCAGG,0,0,0.122101113,0,0.082703287,485,154.8530828,0.017391304,-0.152173913,0,0,0,0
21673,CCAGTGAGTAGTGGGGAGGAGAG,0,0,0,0.081690476,0.081690476,365,163.907115,0,-0.02173913,0,0,0,0
21674,TGTACTGAGGCTGGAGGTGGTGA,0,0,0.031032986,0,2.50789826,627.5,216.772183,0,-0.02173913,0,0,0,0
21675,GGCACAATGGCTGGAGGTGAAGG,0,0,0.7109375,0,0.259011269,555,174.7934183,0,0,0,0,0,0
21676,AAATTAGATGAGGAGGCAGATGG,0,0,0.01625,0,0.142338831,455,175.4877993,0,-0.413043478,0,0,1,0
21677,GGGAAAGACCCTGAATATGTGGA,0,0,0.002430556,0,0.007550619,290,153.4352706,0.052173913,-0.086956522,0,0,0,0
21678,CCCTGTGACTCTGAAATGATTGA,0,0,0.009469697,0,0.014116628,387.5,166.1864614,0,-0.434782609,0,0,0,0
21679,AAATGCTAAGTAGAGGTACATGG,0,0,0.037296037,0,0.126323839,455,187.8146404,0.008695652,NA,0,0,0,0
21680,GACTCAGAAGAGAAGAAGAAAGA,0,0,0.006200397,0,0.458191993,620,207.9344992,0.030434783,0.282608696,0,0,0,0
21681,AAACAGAAAGCATGGACTGCGGA,0,0,0.014583333,0,0.268036776,530,206.9748314,0,-0.108695652,0,0,0,0
21682,GTCTCTTTCCCTTCCTCCTTTGA,0,0,0,0,0.04922787,357.5,184.4561531,0.008695652,0.02173913,0,0,0,0
21683,GCCTCCTTCCCGCCCACCAGTGA,0,0,0.002298899,0,0.058772425,387.5,141.8123157,0.095652174,-0.02173913,0,0,0,1
21684,CTTGGCCTGCAGGGCAGTTATGG,0,0,0.188461538,0.299413346,0.289306566,552.5,180.1040828,0,0.717391304,0,0,0,0
21685,CTCTGTGTCTCTGGATTTCTGGG,0,0,0.031347962,0.039023165,0.037635675,442.5,141.8025557,0,0.543478261,0,0,0,0
21686,CCTGCCTCCTCTCATCTTACTGA,0,0,0.004490859,0,0.009839004,357.5,162.9387241,0,0.152173913,0,0,0,0
21687,AGTGAGTGTGTGTGTGTGTGAGA,0,0,0.0175,0,0.788265432,560,195.4541086,0.130434783,0.152173913,0,0,0,0
21688,TGGATGGATGGATGAGGGGAAGA,0,0,0.005416667,0,0.039653529,387.5,146.4492027,0.343478261,1.826086957,0,0,0,0
21689,AAATGAGAAGAGGTGGTTCAAGG,0,0,0.089876543,0,0.007550619,290,153.4352706,0,-0.065217391,0,0,0,0
21690,GATCACAAAGCATTCTCTGCAAG,0,0,0,0.01035441,0.010179652,392.5,175.5373679,0.030434783,0.152173913,0,0,0,0
21691,GACATTGATTTCCTCCCATTGGA,0,0,0.015190972,0,0.051711622,485,156.2509464,0.27826087,0.456521739,0,0,0,0
21692,AAATGAGAAGTAGAAGAAAAAGG,0,0,0.057918552,0,0.024621439,290,147.0287837,0.226086957,-0.173913043,0,0,0,0
21693,ACCACCCCAGAGCCTGCCCAGGA,0,0,0.003890445,0,0.56142625,552.5,192.3485525,0.12173913,0.565217391,0,0,0,0
21694,TGGATGGAGTGATGAGGTGGAAG,0,0,0.012081291,0,0.059772341,387.5,145.4172467,0,-0.260869565,0,0,0,0
21695,AAGAAAACCAGTAAGTTGAGAGA,0,0,0.006715507,0,0.142724794,455,186.6885844,0.104347826,0.282608696,0,0,0,0
21696,AGTGAGTGAGTGGGTGAGAGGGG,0,0,0.031304348,0,0.078497806,387.5,157.9665685,0,-0.086956522,0,0,0,0
21697,GGCTCTGACGCAGGAGGTGGGAG,0,0,0.046195286,0,0.410318103,522.5,203.5507022,0,-0.195652174,0,0,0,0
21698,GGTGAGTGTGGGGGTGTGTGTGA,0,0,0.002028985,0,0.068963652,357.5,178.5247043,0,0.217391304,0,0,0,0
21699,GTCATCGTAGTCTTTTTCTGGGG,0,0,0,0,0.025042424,387.5,169.0429617,0.030434783,-0.413043478,0,0,0,0
21700,GAGTTGTTTACAGTGTTCTCTGA,0,0,0.007763975,0,0.989230136,530,205.380943,0,-0.217391304,0,0,0,0
21701,GCTGTGTGAGTTTGTGTGTGTGG,0,0,0.045185584,0,0.299915,455,188.9694685,0.043478261,0.282608696,0,0,0,0
21702,AGGGTAGAGGACTGAGGAGTTGA,0,0,0.011421784,0,0.425868976,522.5,208.8243156,0,-0.413043478,0,0,0,0
21703,GGAACTGAGGCGGGAGGAGGGGG,0,0,0.187777778,0,0.150546424,455,182.4327493,0.008695652,0.260869565,0,0,1,0
21704,CCTGGCCCAGCTCTGCTCACCAG,0,0,0.059583333,0.162624321,0.160011882,522.5,197.3616973,0,0.02173913,0,0,1,0
21705,AGGAGGGAGGAGTGAGCAGTAAG,0,0,0.028196563,0.305343326,0.299915,455,189.2094685,0,-0.5,0,0,0,0
21706,TGTGTGTGAGTGTGTGTATGGGG,0,0,0.117482518,0,0.119478333,485,171.5022357,0,0.239130435,0,0,0,0
21707,GAATCCCCAAGGCCTGGGCACAG,0,0,0.014162364,0.172897442,0.16982371,455,186.778583,0.186956522,-0.869565217,0,0,0,0
21708,TGTGTGTGAGTGTGTGTATGGGA,0,0,0.008158508,0,0.119478333,485,171.5022357,0,-0.130434783,1,0,1,0
21709,CCCTGTGTCTCTGCAGGGTGCAG,0,0,0.003654716,0,0.004594896,320,122.3867896,0.065217391,0,0,0,0,0
21710,GTAATTTTAGATATTACCTGGAG,0,0,0.084259259,0,0.23304828,425,202.9398318,0,-0.173913043,0,0,0,0
21711,GATATAGAAGCAGAATTTTTTGA,0,0,0.026552287,0,0.240310978,522.5,201.3906744,0.039130435,0.02173913,0,0,0,0
21712,TGTGTGTGAGTGTGTGTATGTAG,0,0,0.03045843,0,0.119478333,485,171.5022357,0.313043478,-0.152173913,0,0,0,0
21713,TGAACCAGTGAGTAGAGCGTAGG,0,0,0.485333334,0.700844318,0.687682923,555,181.2944001,0,0.065217391,0,0,0,0
21714,AACTAAAAAGAAGAGCCACATGA,0,0,0,0,0.174113559,552.5,197.7120733,0,-0.130434783,0,0,0,0
21715,GGAATCCCCGCTGCTGCTCCGGG,0,0,0.046153846,0.04229093,0.04229093,455,170.6181284,0,-0.586956522,0,0,0,0
21716,GGAGAGTGTGTGTGTGAGAGAGG,0,0,0.057142857,0,0.115680928,485,162.9781086,0.165217391,0.565217391,0,0,0,0
21717,AAATGAGACCAAGAAGCAAATGA,0,0,0.006402561,0,0.067967565,455,165.2934617,0.373913043,-0.630434783,0,0,0,0
21718,GAGAATGAGGAGAAGAAGAAGGA,0,0,0.006823717,0,0.760552802,622.5,210.2603596,0,-0.52173913,0,0,0,0
21719,CCAGCAAGTATAGCCGAGGCGGG,0,0,0.104895105,0,0.128747462,425,195.6885907,0.017391304,0,0,0,0,0
21720,AAAATAAAAGAAGAGGAACACAG,0,0,0.017283951,0.402050295,0.395264636,552.5,193.6687881,0,-0.130434783,0,0,0,0
21721,AAATGAAAGGAAGATGCAAATGG,0,0,0.040816327,0,0.052955831,455,167.9020173,0.260869565,0.47826087,0,0,0,0
21722,GATTTGTTTTCAGTGTTATAGGG,0,0,0.048285953,0,0.049380145,387.5,146.6117463,0.039130435,0.347826087,0,0,0,0
21723,GAGTCTAAGCAGGAGAATAAAGG,0,0,0.403726708,0.047113964,0.047113964,455,180.1081814,0,-0.195652174,0,0,0,0
21724,GGTGTGTGAGGGGGTGCGGGTGG,0,0,0.009486166,0,0.101700018,357.5,171.4342758,0,0.217391304,0,0,1,0
21725,AAATGAGAAGAAAGGGCATCAGA,0,0,0.003137888,0,0.010338516,290,130.175895,0,0.217391304,0,0,0,0
21726,GAAGGGGAAAAAGAGGCACACGG,0,0,0.416666666,0,0.797205949,620,211.5486796,0.004347826,0.02173913,0,0,0,0
21727,CATGCCACCGCTCTGCTCACAGA,0,0,0.028724747,0,0.544262285,530,203.5697976,0,-0.347826087,0,0,0,0
21728,CCTCTCCCACAGGGCAGTCATGA,0,0,0.004148995,0,0.49875,552.5,186.0500801,0.691304348,-0.52173913,0,0,0,0
21729,GATGTGTGTGTGTGCGCGTGTGA,0,0,0.003496503,0,0.24614019,522.5,199.5048781,0.013043478,0.326086957,0,0,0,0
21730,GGCATTGCAGGTAGAGGTGGGAG,0,0,0.024475524,0,0.17912637,425,198.2224954,0.004347826,-0.543478261,0,0,0,0
21731,ACCTCCTCAAAACCTGGCAATGA,0,0,0.0203125,0,0.177040093,455,178.3527188,0,-0.260869565,0,0,1,0
21732,CCCAGTGTCTGTGGAAGAATAGA,0,0,0.00520313,0,0.028124449,387.5,169.3845571,0.004347826,0.086956522,0,0,0,0
21733,TATTTGTGGTCATTGTTCTCTGG,0,0,0.312103174,0.848305879,0.822304167,620,211.6124027,0.22173913,-0.086956522,0,0,0,0
21734,GACACAGAATCAGAGTTTCCTGA,0,0,0.00131394,0,0.110019113,485,144.5366797,0,-0.413043478,0,0,0,0
21735,GAACAAAAAGCATAGAGAGGAGA,0,0,0.000148752,0,0.028616384,417.5,133.8669717,0,-0.130434783,0,0,0,0
21736,CATGTCCTCTACATCATCAAAAG,0,0,0.034632035,0.272333333,0.272333333,552.5,197.5234372,0.008695652,-0.108695652,0,0,0,0
21737,AAGTTGGAGGACTGAGGAGTCAG,0,0,0.036737142,0.727282158,0.703915663,522.5,210.3702996,0,-0.239130435,0,0,0,0
21738,GAAACTGAGGCTGGAGGAGGGGA,0,0,0.022067901,0,0.305988667,552.5,189.9088498,0,0.108695652,0,0,0,0
21739,AACACCAGTGAGATGAGAGGGAG,0,0,0.051545036,0,0.027424906,365,173.8381615,0.07826087,0.304347826,0,0,0,0
21740,GGAGCTGGGACTGGAGGTGGGGA,0,0,0.022569444,0,1.2395125,620,209.7068466,0.982608696,1.543478261,0,0,0,0
21741,GGTGTGTGTGTGGGTGTGTGTGG,0,0,0.026561265,0,0.136842006,455,183.466468,0,-0.326086957,0,0,0,0
21742,GGGATGGAGGAGCGAGGACTGAG,0,0,0.063384487,0,0.100314079,357.5,171.2365791,0,-0.217391304,0,0,0,0
21743,TGTATGGAGGAAAGAAGAGAGAG,0,0,0.050480769,0,0.043333597,387.5,154.7466536,0,-0.434782609,0,0,0,0
21744,TAAGAAGAGGAAGAGGCACAAGG,0,0,0.361111111,0,0.833979885,620,213.0782996,0,0.02173913,0,0,1,0
21745,AAAGAAGAAGAAGAGGAAGAGGA,0,0,0.002194252,0,0.19201875,485,165.303969,0.369565217,-0.130434783,0,0,0,0
21746,GGTGAGTGAGGGAGTGGTTGGAG,0,0,0.002815485,0,0.022122546,290,157.0611514,0.008695652,0.304347826,0,0,0,0
21747,AAAGAAGAAGAAGAGGAAGAGGG,0,0,0.031597222,0,0.19201875,485,165.303969,0,0.173913043,0,0,0,0
21748,GGTGTGTGCATGTGTGTGTGAGA,0,0,0.006285073,0,0.325662758,552.5,187.9740522,0.060869565,-0.043478261,0,0,0,0
21749,GAAAGAGAATAAGAGGCACTGGG,0,0,0.232142857,0.654642614,0.642348856,552.5,176.1970637,0,0.02173913,0,0,0,1
21750,GATTTGTTTTCTCTGTTCTCAGA,0,0,0.012563962,0,0.528448672,432.5,202.656579,0,0.217391304,0,0,0,0
21751,GAATGAGAAGGGGAGGAACAAAG,0,0,0.056796982,0.169465546,0.166452825,357.5,184.2677048,0,-0.130434783,0,0,0,0
21752,GGTGTGTGAGTGTGCATGTGAGA,0,0,0.003213958,0,0.026676601,412.5,165.4301215,0,2.739130435,0,0,0,0
21753,GACTTGTTTTCATATCTTTCAAG,0,0,0.009826153,0.001782823,0.001756701,325,150.6420346,0,-0.173913043,0,0,0,0
21754,GGTGAGTGAATGTGTGACTCCAG,0,0,0.023045267,0,0.041463696,417.5,130.6612193,0.108695652,0.652173913,0,0,0,0
21755,GGTGTGTGTGTTTGTGTGTGTGG,0,0,0.039160839,0,0.173969682,455,185.2496881,0.173913043,-0.043478261,0,0,0,0
21756,GGTGTGTGTGTTTGTGTGTGTGA,0,0,0.002719503,0,0.173969682,455,185.2496881,0,0.195652174,0,0,0,0
21757,GTTCTCATAGTCAGTACCTGAGA,0,0,0,0,0.143561971,522.5,203.7760346,0,-0.130434783,0,0,0,0
21758,AGATGAGGAGATGAGGCAGAGAG,0,0,0.006337449,0,0.245385,455,177.3960827,0.004347826,0.130434783,0,0,0,0
21759,CCCTGAGTGTCTGAATTGATTAG,0,0,0.026080247,0.031345948,0.03033885,455,180.8289399,0.017391304,0.630434783,0,0,0,0
21760,CCCTGTCTCTCAGGATGTACAAG,0,0,0.008641975,0,0.041284256,387.5,146.5397855,0,-0.5,0,0,0,0
21761,TGTGAGTGTGTGTGTGCATGCAG,0,0,0.107692308,0.414456102,0.401298765,560,191.0168864,0,-0.282608696,0,0,0,0
21762,GCCACTGCGGCTGGCTGTGATAG,0,0,0,0,0.032149525,387.5,150.3269526,0,0.043478261,0,0,0,0
21763,TGGAGGGTGGTAGGAGGAGTGGA,0,0,0.001528906,0,0.293169181,425,199.0824588,0,-0.239130435,0,0,1,0
21764,AAAAGAAAAGAAAAGGGACATAG,0,0,0.006703536,0,0.152967414,455,185.4577876,0,-0.47826087,0,0,0,0
21765,TAATGAGAAGAAGAGAACCAGAG,0,0,0.023045267,0,0.020550273,442.5,155.5021298,0,-0.239130435,0,0,0,0
21766,CGAATCCCTTCTCTGGCACCGGA,0,0,0.009955444,0,0.02322943,362.5,183.8544732,0,-0.173913043,0,0,0,0
21767,CACTGTGTCACTGAATGGAATGA,0,0,0.018262987,0,0.095709979,455,165.191479,0,-0.391304348,0,0,0,0
21768,TGAGTGTGAGTGTGTGCATGGGG,0,0,0.17982018,0.317269355,0.305988667,552.5,191.9603467,0,0.065217391,0,0,0,0
21769,AAACACACAGCAGGGACTGCTGA,0,0,0.00326087,0,0.086676978,425,194.9616779,0.191304348,0.434782609,0,0,0,0
21770,GGTTCAGGGGCTGGAGGTGGAGG,0,0,0.24375,0,0.778438874,620,212.912599,0.013043478,-0.413043478,0,0,0,0
21771,TGGATAGATGAATGAGTAGGTGG,0,0,0.023529412,0,0.089207198,485,155.3305247,0,-0.5,0,0,0,0
21772,AAAGACCACCACCTCCTCAAAGA,0,0,0.005569479,0,0.989230136,530,205.380943,0,-0.456521739,0,0,0,0
21773,TGGATGGATGAGCAAGGAGTGGA,0,0,0.015838207,0,0.022620165,362.5,186.385614,0.039130435,0.02173913,0,0,0,0
21774,ACCCCTTTCCCACCCACCCCAAG,0,0,0.003786342,0.223900568,0.219695863,485,150.4408001,0.195652174,-0.543478261,0,0,0,0
21775,CCCATAGATCCAGAGGCTCACAG,0,0,0.010893246,0.020939539,0.020939539,485,172.319076,0.060869565,-0.108695652,0,0,0,0
21776,AAATGGGAAGAATAGACAGAAGA,0,0,0.001860119,0,0.019068295,387.5,159.8782696,0,-0.47826087,0,0,0,0
21777,TGTGTGTGTGTGTGTGCGCGTAG,0,0,0.015604319,0,0.321904489,552.5,183.2038997,0.069565217,-0.108695652,0,0,0,0
21778,GAAGAAAAAGCAGAGATTGCTAG,0,0,0.014653784,0.137824372,0.135498222,455,186.0549844,0,-0.065217391,0,0,0,0
21779,CACACCAGCGAGCAGAGAGGAGG,0,0,0.336343818,0.07608576,0.073380489,455,180.3175658,0.013043478,0.086956522,0,0,1,0
21780,GGTGTGAGCGTGTGTGAGTGTGG,0,0,0.084848485,0.241506693,0.241506693,552.5,190.5826078,0,-0.130434783,0,0,0,0
21781,AAATGAGAAGACAATGCAAAGAG,0,0,0.003855793,0,0.021939957,260,157.0295575,0,0.282608696,0,0,0,0
21782,AAAAGAAAAGAAAATGCACAAGG,0,0,0.062794349,0,0.101349588,425,192.2368771,0,0.173913043,0,0,0,0
21783,GGTGTGTGTGTGTGTGGGTGGGG,0,0,0.012834225,0.699446792,0.699446792,560,194.1657886,0,-0.760869565,0,0,0,0
21784,GCCTCTAGCCCACCCTCCTCCAG,0,0,0,0.074900404,0.073636262,485,159.2909764,0.77826087,0.913043478,0,0,0,0
21785,GCCTGCGCAGTGCCTGGCCAGGA,0,0,0.003351768,0,0.476527186,522.5,204.3066791,0,-0.130434783,0,0,0,0
21786,GGAACTGAGGCAGGAGTTGGGAG,0,0,0.029209877,0,0.280743218,455,186.8699715,0.67826087,-0.02173913,0,0,0,0
21787,GACTTGTTTTCTTAATTTTCAGG,0,0,0.12484994,0.005256015,0.005256015,260,160.2143601,0,-0.304347826,0,0,0,0
21788,GATTTCCAGCAGAAGAAAAAAGA,0,0,0.010516827,0,0.208990259,552.5,189.5771659,0.030434783,-0.891304348,0,0,0,0
21789,TGGATGGATGGATGAGGAGGTGA,0,0,0.004248366,0,0.398033913,462.5,173.072536,0,-0.391304348,0,0,0,0
21790,GGGGAGTGAGAGTGGGGGTGAGA,0,0,7.66E-05,0,0.084873468,357.5,177.2487837,0,-0.239130435,0,0,0,0
21791,AATGACCTCTACACCCTCAGCAG,0,0,0.024276377,0,0.184746009,462.5,168.5233985,0.060869565,0.130434783,0,0,0,0
21792,GGCCCCACCCACCCCGCCGCAGG,0,0,0.15,0,0.34064625,552.5,182.7290023,0,-0.043478261,0,0,0,0
21793,CCTTCTGGCTTTGGATGGATTGA,0,0,0.008464337,0,0.7469375,522.5,208.0537793,0.004347826,0.173913043,0,0,0,0
21794,GCCTCCCCCCACCATGGCCATGA,0,0,0.00245098,0,0.053832486,425,190.8931981,0.013043478,-0.108695652,0,0,0,0
21795,CCCTCCCCACAGTGTGGCCAGGA,0,0,0,0,0.079829497,425,193.0697584,0,-0.195652174,0,0,0,0
21796,GAGTCCCCAAAGCCTTCCCAGGG,0,0,0,0.103380457,0.103380457,485,180.157463,0.060869565,0.47826087,0,0,0,0
21797,AGTAAGTGTGTGTGTGTGTGTGA,0,0,0.01575,0,0.372455417,552.5,193.3805086,0,0.043478261,0,0,1,0
21798,GCCTGTGTCTGTGAATGGTTAAG,0,0,0.023899108,0.043567744,0.043567744,357.5,170.5827317,0,-0.02173913,0,0,0,0
21799,GGGAGGGAGGGATGAGGAGACAG,0,0,0.058028985,0,0.387083187,455,174.5439964,0,-0.130434783,0,0,0,0
21800,GAATTGTTTTCATTTTTTTATAG,0,0,0.01031746,0,0.034196069,387.5,141.9040452,0,-0.760869565,0,0,0,0
21801,AAATGAGTATAATTGGCACAGAG,0,0,0.014444444,0,0.072488853,425,189.9699414,0.756521739,2.97826087,0,0,0,0
21802,AGTGTGGTAGTGTGTGCGTGTAG,0,0,0.031194296,0,0.932255747,620,212.4286822,0.365217391,0.630434783,0,0,0,0
21803,CATGCTCCACAGAGCAGCAAAGG,0,0,0.310832025,0,0.072659895,455,182.2513622,0,-0.47826087,0,0,0,0
21804,TGGATGGAGGAATGGAGGGATGA,0,0,0.01015625,0,0.004916404,320,125.1436193,0,-0.043478261,0,0,0,0
21805,TGGATGGAGGACTTTGGAGTCAG,0,0,0.003638726,0,0.045578063,335,186.8376933,0.069565217,0.152173913,0,0,0,0
21806,GGGTGGGGGTAGTTTGATGGCAG,0,0,0.000722812,0,0.066638083,417.5,125.3365526,0.1,-0.652173913,0,0,0,0
21807,CAGTCAGAGCAGAAGCAGACAGA,0,0,0,0,0.072576354,485,162.9879902,0,-0.065217391,0,0,0,0
21808,GGCTCTTTCCCCCCAACCATGGA,0,0,0.000807171,0,0.06576318,357.5,166.288878,0,-0.043478261,0,0,0,0
21809,GCCTCTCTCAGACCCATCTTGGA,0,0,0.004827353,0,0.192304556,455,184.608888,0,0.043478261,0,0,0,0
21810,GAACCACTGCACCCGGCCTCAAG,0,0,0.006457966,0,0.146830007,522.5,198.7192141,0,-0.02173913,0,0,0,0
21811,TGTGAATGAGTGTGGGTGTGTGA,0,0,0.00162037,0,0.098837842,455,182.2208834,0,-0.52173913,0,0,0,0
21812,CGTGAGTGTGTTTGTGTGTGCGA,0,0,0.00534188,0,0.183248065,455,186.5380081,0.017391304,0.02173913,0,0,0,0
21813,CCTCCCTCCTCTCTGCTCCCAGG,0,0,0.057847363,0.123105465,0.123105465,455,168.3796421,0,-0.217391304,0,0,0,0
21814,TTGATGGAGGGAGGAGGCGTTGG,0,0,0.02055336,0,0.066654945,357.5,177.8072625,0,-0.630434783,0,0,0,0
21815,TGGTGTTGGGAGTCTGCTCCAGG,0,0,0.108843537,0.094137205,0.092548391,522.5,203.3916506,0,0.217391304,0,0,0,1
21816,CTCATCTTAGTAATTACATCTGA,0,0,0.008176347,0,0.067256227,387.5,148.9229663,0,-0.282608696,0,0,0,0
21817,TGGATGGCTGAATGAGCAGATGG,0,0,0.030252101,0,0.147449913,485,154.0166917,0,-0.326086957,0,0,0,0
21818,GGCACTAGTGCTGGGGGTGGGGA,0,0,0.01547619,0,0.152655014,525,195.5502003,0.013043478,4.782608696,0,0,0,0
21819,CCCTCCCATCCAGACACACATGA,0,0,0.012052342,0,0.75437037,530,204.0310584,0.02173913,0.02173913,0,0,0,0
21820,GAATGAGACAAAGAGGCAGAAAG,0,0,0.017283951,0,0.296474035,552.5,179.5004833,0,-0.456521739,0,0,0,0
21821,GACCTCCACCTCCCCGCCGCAGG,0,0,0.039160839,0,0.262790744,455,177.8337794,0,-0.260869565,0,0,1,0
21822,GACATCAAAGCTGACTTTTTGGA,0,0,0.004017447,0,0.128847539,425,193.6053772,0.104347826,0.173913043,0,0,0,0
21823,AGTGTGTGGGTGTGTGGGTGTGG,0,0,0.012834225,0,0.372455417,552.5,192.9657886,0,-0.195652174,0,0,0,0
21824,AAATGACAGGAAGGGGCAAAGGA,0,0,0.006365741,0,0.029441861,455,170.4698543,0.07826087,0.130434783,0,0,0,0
21825,GGTGTGAGTGTGTGTGAGTGTGG,0,0,0.089090909,0,0.241506693,552.5,190.5826078,0.02173913,0.282608696,0,0,0,0
21826,GGAAAACACCCAGCACCTGTCAG,0,0,0.057291667,0,0.035946325,485,173.57706,0.043478261,-0.173913043,0,0,0,0
21827,TGAGTGAAGGAATGAGTAGTGAG,0,0,0.030381944,0,0.389730931,552.5,194.4291081,0,-0.173913043,0,0,0,0
21828,AAAATGGATGTCTTCCCCATTAG,0,0,0.070777778,0.347016225,0.347016225,522.5,207.3866955,0,-0.195652174,0,0,0,0
21829,ACATGAGCAGAAGAGGCATGAAG,0,0,0.030812325,0,0.219695863,485,147.9745832,0,0,0,0,0,0
21830,AAATGAAAAGACTAGGCTCAGAG,0,0,0.010233918,0,0.0364677,357.5,174.1780649,0,0,0,0,0,0
21831,GGTGAGCATGTGTGTGTGTGTGA,0,0,0.013368055,0,0.229867816,555,188.7711108,0.143478261,-0.130434783,0,0,0,0
21832,AGGAATGAGGAATGGGGAGTTGG,0,0,0.216666667,0,0.243723101,522.5,201.9186744,0.213043478,0.326086957,0,0,0,0
21833,AGGAAGAACCAAGCATCCGTAGA,0,0,0.033482143,0,0.328113869,522.5,208.8007515,0,-0.217391304,0,0,0,0
21834,CCCATCTGTCCACAGACCCAGGA,0,0,0.003318481,0,0.074121341,455,178.7943484,0.686956522,0,0,0,0,0
21835,CAACAGAAGGCAGAGACTGCAAG,0,0,0.01610306,0.215037438,0.215037438,522.5,203.9549151,0.313043478,-0.173913043,0,0,0,1
21836,AAAAGAGAAGGAAAGGCAAAAAG,0,0,0.031746032,0,0.107124019,357.5,171.8489958,0,0.282608696,0,0,0,0
21837,AATCCCCTCCAGCCCCCCTCGGA,0,0,0,0,0.132112168,455,193.6674737,0,-0.891304348,0,0,0,0
21838,ACCACCTCCAATGAACAGGGAAG,0,0,0.02962963,0.072985333,0.072985333,455,187.4645525,0.017391304,0.173913043,0,0,0,0
21839,GACACAGAAGCACAGGATTTGAG,0,0,0.01871345,0.022918878,0.022182528,387.5,169.6401585,0,0.043478261,0,0,0,0
21840,TGGATGCAGGAATGAGGAACAGA,0,0,0.003100198,0,0.266759599,492.5,150.1312193,0,-0.326086957,0,0,0,0
21841,GGCCCAGGATGCGCACATGAGGG,0,0,0.154385965,0.165585601,0.165585601,455,183.4381912,0.143478261,0.217391304,0,0,1,0
21842,AGGAGCGGGGAATGAGGAGTTAG,0,0,0.082962963,0,0.82579023,620,213.025879,0,-0.173913043,0,0,0,0
21843,CGTGTGTGGGTGTGTGCGTGAGA,0,0,0.012025012,0,1.632770745,627.5,215.1518996,0.034782609,-0.065217391,0,0,0,0
21844,GGAAGCCCTTCTTCAGTACTGAG,0,0,0.006968889,0.098373949,0.098373949,387.5,150.2886485,0.965217391,-0.195652174,0,0,0,0
21845,GGGTTGGGGGACATTGATCCCAG,0,0,0.013303167,0,0.11019029,357.5,179.7101479,0,-0.52173913,0,0,0,0
21846,TAAATGGAGGAACAAGGAGTGGG,0,0,0.375759109,0,0.0854635,425,197.2934948,0,0.02173913,0,0,0,0
21847,TCATCCAAGCAGAAGAAGAAGAG,0,0,0.152777778,0.919204167,0.919204167,622.5,216.0488192,0,0.130434783,0,0,0,0
21848,GGTGAGTGGGGGTGGGGGTGGGG,0,0,0.000784314,0,0.047757775,357.5,173.8170033,0,-0.347826087,0,0,0,0
21849,AGAGAGAGAGTGTGTGTGTGAGG,0,0,0.2625,0.417946745,0.410516581,552.5,195.3027081,0,-0.130434783,0,0,0,0
21850,TGTGATTGTGTGTGTGTGTGTGA,0,0,0.012962963,0,0.225335527,552.5,192.4681246,0.039130435,0.043478261,0,0,0,0
21851,TAGATGGAGGAAGGAAGAGATAG,0,0,0.032190635,0,0.046424874,387.5,155.0346536,0.352173913,0.326086957,0,0,0,0
21852,AGAGAGAGAGTGTGTGTGTGAGA,0,0,0.018229167,0,0.410516581,552.5,195.3027081,0.013043478,-0.782608696,0,0,0,0
21853,GAGCCCAAGGAGAAGAAGAGAGA,0,0,0.013362916,0,0.415325641,552.5,173.8138829,0,-0.195652174,0,0,0,0
21854,CCCTCTTTCCCCCAAACCTTGGG,0,0,0.014619883,0.030563674,0.029531989,327.5,185.6376933,0.004347826,-0.086956522,0,0,0,0
21855,GGGAAAGCAGCAGCTTCCGTGAG,0,0,0.007407407,0.209053472,0.205849587,525,192.9416447,0,-0.565217391,0,0,0,0
21856,AATGAGCACTCCAACCTCTAGGG,0,0,0.066666667,0.024095954,0.023689272,357.5,168.7967477,0.008695652,0.543478261,0,0,0,0
21857,AACACCAGGGAGAAGGGAGGGGG,0,0,0.044378698,0.011404919,0.011404919,387.5,163.0291399,0.069565217,-0.173913043,1,0,1,0
21858,CGTGTGTGTGTGTGTGTGTGAGA,0,0,0.005050505,0,0.372455417,552.5,192.9657886,0,-0.586956522,0,0,0,0
21859,TGTGTGTGAGTGTGAGGGTGAGG,0,0,0.012383901,0,0.163368333,455,182.7185474,0,-0.456521739,0,0,0,0
21860,CCTCCCTCCACACTCCTCACAGG,0,0,0.107807487,0.1795136,0.173746095,425,191.4115416,0,0.260869565,0,0,0,0
21861,ATGAGCACCAGTAAGAAGACGGG,0,0,0.258941059,0.043948881,0.043948881,387.5,153.9863336,0,-0.391304348,0,0,1,0
21862,TGGATGGATGAATGAGTTGATAG,0,0,0.009722222,0,0.027507403,417.5,131.6931754,0,-0.108695652,0,0,0,0
21863,GGAAACCCACCTGCAGCACTTGG,0,0,0.074285714,0.371543143,0.371543143,552.5,171.8225633,0.095652174,0.086956522,0,0,0,0
21864,GCAATCGATGTCCTCTACATGAG,0,0,0.025349794,0.103380457,0.103380457,485,180.157463,0,-0.586956522,0,0,0,0
21865,TGTGAGTGAGTGTGTGTGAGAGA,0,0,0.009259259,0,0.433940678,492.5,168.665889,0,-0.565217391,0,0,0,0
21866,TGGATGGATGAATGAGTGCTGGA,0,0,0.001660281,0,0.020778974,442.5,138.0827754,0.447826087,2.239130435,0,0,0,0
21867,CCCTGTGGCCATGGAGGGATGGG,0,0,0.101538461,0.123798508,0.120003918,455,187.589937,0,0.652173913,0,0,0,0
21868,GGGACTGGGGCTTGAGGTGGGGA,0,0,0.006696429,0,1.074082667,530,207.2728625,0,-0.673913043,0,0,0,0
21869,AGTGTGTGAGTGTGTAAGTGAGA,0,0,0.010606061,0,0.104848333,485,179.637143,1,3.391304348,0,0,0,0
21870,ATGAACACCACTGTGTTAAGTGG,0,0,0.021098901,0.008650034,0.008517466,290,154.9212873,0.013043478,-0.282608696,0,0,0,0
21871,AAATGATAACAATAGGAACAGGA,0,0,0.002222222,0,0.134093447,455,181.3396512,0.026086957,0.239130435,0,0,0,0
21872,GAACAGAAGGCATAGACTGTCAG,0,0,0.025925926,0.485700923,0.485700923,560,177.5166357,0,-0.217391304,0,0,0,0
21873,GACATCGATGCACCCCTCATGGG,0,0,0.063492064,0.021380578,0.021380578,260,172.6285201,0.026086957,-0.065217391,0,0,0,0
21874,GAGTCCGTGTAGAAGCAGAGGGG,0,0,0,0.09929575,0.09929575,485,156.6824208,0,0.130434783,0,0,0,0
21875,AAAGGAAAAGAACAGGAACAAAG,0,0,0.031838856,0,0.152967414,455,185.4577876,0,-0.326086957,0,0,0,0
21876,CCCATCACTCCAGAGAGATAAGG,0,0,0.008726568,0.12450836,0.12450836,485,161.9828912,0,0.804347826,0,0,0,0
21877,ACACCCCTCCACCCCTCCTCAAG,0,0,0,0,0.268520667,555,201.1435741,0,-0.326086957,0,0,0,0
21878,GAGTCCGAGAAAGAGAAGATGGA,0,0,0.021980676,0,0.104623026,357.5,159.8552427,0.304347826,-0.086956522,0,0,0,0
21879,GCCATCAAAGACATTACCTGAGA,0,0,0.03125,0,0.542336973,522.5,207.2469185,0,-0.369565217,0,0,0,0
21880,AGGATAGAGGTTTGAGGAGTAAG,0,0,0.026590693,0,0.236357282,425,203.4678318,0.004347826,-0.173913043,0,0,0,0
21881,AAATGAGAAGAGGATGTAAATGA,0,0,0.001432981,0,0.021826573,290,145.542767,0.004347826,-0.130434783,0,0,0,0
21882,GAGGTGTTTACATTATTCTCTGA,0,0,0.017507003,0,0.365828778,522.5,198.599642,0,-0.02173913,0,0,0,0
21883,TAATAAAAAGGATAGACTGCTGG,0,0,0.185714286,0,0.480400979,522.5,210.3103323,0,-0.565217391,0,0,0,0
21884,AACACCAGTGGGGAGATCAGAGA,0,0,0.002102743,0,0.035554092,290,151.7364848,0,-0.043478261,0,0,0,0
21885,TGGATGGATGGATGAGTAGGTAG,0,0,0.003965142,0,0.077890861,387.5,150.8864249,0.008695652,0,0,0,0,0
21886,GCATGAGAAGAGGAGGTACAGGG,0,0,0.264814815,0.305343326,0.299915,455,190.2577885,0.113043478,0.413043478,0,0,0,0
21887,AAATAAGAAAAAGAAGCAAAAAG,0,0,0.084589688,0,0.116872277,455,167.9649221,0.008695652,-0.804347826,0,0,0,0
21888,GGGTGCTGGGACTTTGATCCAGG,0,0,0.096256685,0,0.111984377,455,186.3286237,0,-0.369565217,0,0,0,0
21889,AAAGGAGAAATAGAGGGACAAAG,0,0,0.002737277,0.300893146,0.29581478,455,186.1184688,0.039130435,-0.108695652,0,0,0,0
21890,GGTCCAGACTGAGGACGGGACAG,0,0,0,0.09352269,0.090730968,462.5,182.8094821,0,-0.260869565,0,0,0,0
21891,TGTGAGTGTGTTTGTGTGTGTGG,0,0,0.107692308,0,0.183248065,455,186.5380081,0,-0.217391304,0,0,0,0
21892,CCTGCCTGCATTCTACTTACAAG,0,0,0.030769231,0.145679175,0.143338947,455,179.4550296,0,0.108695652,0,0,0,0
21893,AGTGCGGGAGTGCGTGCGTGCGG,0,0,0.208978328,0.397317959,0.397317959,522.5,206.0291787,0,-0.108695652,0,0,0,0
21894,GGTGCGAGTGTGTGCGCGTGGGG,0,0,0.071590909,0,0.160011882,522.5,197.3616973,0,0.304347826,0,0,0,1
21895,GACACCAGTGTGTGGAGCAGGGG,0,0,0.102564103,0.043567744,0.043567744,357.5,170.5827317,0.352173913,0.152173913,0,0,0,0
21896,TGGATGGATGGATGATGTGTGGA,0,0,0,0,0.016355892,387.5,166.2983768,0.156521739,0.260869565,0,0,0,0
21897,GGGGATTGATTGTGTGTGTGTGG,0,0,0.126388889,0.329057686,0.317950254,552.5,190.9081685,0,-0.239130435,0,0,0,0
21898,GCCTCTTCCAGGCCTGGCCATAG,0,0,0.072652116,0,0.182853172,522.5,204.8409711,0.013043478,0.304347826,0,0,0,0
21899,CTCAACTTTGTCATTCCCTGGGG,0,0,0,0,0.166395667,552.5,196.6634738,0,-0.173913043,0,0,0,0
21900,AAGAACACAAGAGAGTAGAGAGG,0,0,0.58021978,0.846167111,0.846167111,530,208.4841192,0.356521739,0.347826087,0,0,0,0
21901,GGTGAGTGTGAGTGTGTGTGGGG,0,0,0.21,0.348882289,0.348882289,462.5,189.2240249,0,-0.673913043,0,0,0,0
21902,GAGGAGGAGCAGAAGAAAAAAGG,0,0,0.123626373,0,0.178245253,555,189.8287627,0,0.043478261,0,0,0,0
21903,CCCTCTGTCTCTGTACGGGTGAG,0,0,0.013580247,0,0.012134777,387.5,158.2360695,0.004347826,-0.108695652,0,0,0,0
21904,ATGAAGACCAGTGTGAAAAGAGA,0,0,0.011655012,0,0.004568069,387.5,163.0630722,0.260869565,0.543478261,0,0,0,0
21905,TGGATGGATGGATGAACAGTAGA,0,0,0.005664488,0,0.030650512,387.5,170.735599,0.869565217,2.739130435,0,0,0,0
21906,AAATGAAAACCACAGGCACAGAG,0,0,0.017465887,0.184416021,0.184416021,425,196.0956785,0.017391304,0.043478261,0,0,0,0
21907,ATGATGGATGAATGATGAGTAGA,0,0,0,0,0.166395667,552.5,197.7117938,0,-0.152173913,0,0,0,0
21908,GAGTCAGAGAAGAAACAGAATGA,0,0,0,0,0.036748005,455,180.9268321,0,0.086956522,0,0,0,0
21909,GATTGGGAAGAAGAGGCACCAGA,0,0,0.007957728,0,0.416048168,552.5,179.7484161,0,-0.152173913,0,0,0,0
21910,GACTCCGAACAGAAGAACCAAAG,0,0,0.006315524,0.059958029,0.058892109,485,158.5408864,0,-0.347826087,0,0,0,0
21911,CACATGCATCCTGACACACACAG,0,0,0.008570554,0,0.119911766,425,195.250894,0.030434783,0.282608696,0,0,0,0
21912,AAAAATGAAGAAGAGCCACATAG,0,0,0,0,0.156419304,555,197.9636701,0,0.304347826,0,0,0,0
21913,CCCTTTGTCTCTGGCTGGAAAGA,0,0,0.003196023,0,0.352133333,462.5,167.7670585,0,-0.217391304,0,0,0,0
21914,GCCTCCCCAAATCCTGGAACAGG,0,0,0.020172136,0,0.017289489,345,118.1749664,0.62173913,1.239130435,0,0,0,0
21915,GACATTCATGACCTCCACATTGA,0,0,0.015516493,0,0.126323839,455,187.8146404,0,-0.369565217,0,0,0,0
21916,GCCTTTTTCTCTCCCAACTTTGA,0,0,0.006469928,0,0.262235805,455,184.2177321,0,-0.826086957,0,0,0,0
21917,GCCTGCACAAAGCCTCGCCCAGG,0,0,0,0.077563529,0.077563529,485,161.1024734,0,-0.282608696,0,0,0,0
21918,CCCATTTTTCCAGAGTCACAGAG,0,0,0,0.103345915,0.101685739,555,194.6425924,0,-0.043478261,0,0,0,0
21919,TATGAGTGTGTGTGTGTGTGTGG,0,0,0.236923077,0,0.372455417,552.5,194.0141086,0,0.304347826,0,0,0,0
21920,TACCCCCTTCCCCCAGCCTCTGG,0,0,0.077777778,0,0.136607805,425,194.8031144,0,-0.108695652,0,0,0,0
21921,TATGAGTGTGTGTGTGTGTGTGA,0,0,0.016452991,0,0.372455417,552.5,194.0141086,0.360869565,0.369565217,0,0,0,0
21922,GGTGTGTGCCTGTGTGCGTGTGG,0,0,0.083116883,0,1.365503065,627.5,210.1601632,0,-0.043478261,0,0,0,0
21923,CCCTCTTTCCCTCTTACCTTGGG,0,0,0.011640212,0.030563674,0.029531989,327.5,185.6376933,0.508695652,-0.456521739,0,0,0,0
21924,CCCTGTGGCTGTGGCTGCATGGG,0,0,0.023809524,0.0423909,0.041709922,357.5,170.2397445,0,0.108695652,0,0,0,0
21925,AAATGAGAAAAAGAGAGAGAGAG,0,0,0.00177923,0,0.027486212,417.5,145.1857267,0.17826087,0.152173913,0,0,0,0
21926,GAACAGAAGACATAGTCTGCTGA,0,0,0,0,0.083779968,552.5,191.1740733,0,-0.217391304,0,0,0,0
21927,GCCACTTTCCCACCGATTTTGGA,0,0,0.000496032,0,0.030398918,387.5,157.7099341,0,0.434782609,0,0,0,0
21928,TGAATGGAGGAAGCAGGGGTCAG,0,0,0.008695652,0,0.017644224,357.5,172.1101615,0,-0.565217391,0,0,0,0
21929,AATGAACAATAGATCCACAATGA,0,0,0.013101537,0,0.100179289,455,184.7520241,0.017391304,0.065217391,0,0,0,0
21930,GGGAGTGAAGAATGAGGAGTCAG,0,0,0.068019324,0,0.50455783,620,212.1659156,0.013043478,0.108695652,0,0,0,0
21931,GAGACCTAGAAGAAGAGGAAGAG,0,0,0.010789501,0.370288322,0.36403873,552.5,189.9653717,0.565217391,0,0,0,0,0
21932,GAGCCACTACACCCAGCCTCAGA,0,0,0.006141345,0,0.146830007,522.5,198.7192141,0,0.108695652,0,0,0,0
21933,GGCCCAGAATGAACACATGTGGA,0,0,0.030769231,0,0.054313087,387.5,147.6171881,0,0.434782609,0,0,0,0
21934,GGACCTGGGGCTGGAGCTGGCGG,0,0,0.046267919,0,0.570616297,552.5,193.712472,0,-0.173913043,0,0,0,0
21935,CCCGCCACCCCTCTACTCAGTGG,0,0,0.008823529,0.424608265,0.409511082,552.5,174.1594829,0,-0.152173913,0,0,0,0
21936,TGTGTGTGTGTGTGTGCTTGTGA,0,0,0.01010101,0,0.189613667,552.5,188.5285664,0,-0.065217391,0,0,0,0
21937,GGTGAGTGAATGGGTGAGTGGGG,0,0,0.113623188,0,0.349031259,462.5,184.922832,0,0.152173913,0,0,0,0
21938,ATCATCTTACTTTTTACCTGGGA,0,0,0.004038462,0,0.263598069,425,196.9928426,0,-0.282608696,0,0,0,0
21939,TGTGAGAGAGAGTGTGTGTGAGA,0,0,0.021267361,0,0.231071706,455,189.6006244,0,0,0,0,0,0
21940,CTCTTCCATCTGGAGACACAGAG,0,0,0.033329932,0.397051531,0.390673193,425,204.1402158,0,-0.173913043,0,0,0,0
21941,CAGTGAAAAGAAGAGACACATGG,0,0,0.523809524,0,0.183399615,552.5,199.0003933,0.547826087,-0.02173913,0,0,0,0
21942,CGAGTCTCTTCTGCAGCTCCAAG,0,0,0.047019676,0.219771774,0.211957667,552.5,190.5198859,0,-0.086956522,0,0,0,0
21943,GGTGTGTGGGTGAGTGAGTGCAG,0,0,0.02030562,0,0.136842006,455,183.466468,0.343478261,0.239130435,0,0,0,0
21944,AAATGAGAAAATGGGACACATGA,0,0,0.010082304,0,0.015850896,357.5,177.5645526,0,0.239130435,0,0,0,0
21945,AACAACGAAGCAGAGTTATCAGG,0,0,0.031168831,0,0.136699648,485,155.3507468,0,0.152173913,0,0,0,0
21946,GGGCTAGAGTGAGCGCGTGATGG,0,0,0.128030303,0.242694227,0.242694227,522.5,199.2168781,0.282608696,-0.434782609,0,0,0,0
21947,GCCTCTCTCCCACACACATCTGA,0,0,0.000817975,0,0.012502752,387.5,142.6167013,0.030434783,0.239130435,0,0,0,0
21948,TGGAAGGAGGAATAAGGCATTGA,0,0,0.003543084,0,0.013828002,387.5,150.1011621,0,-0.47826087,0,0,0,0
21949,TGCTCTTTCACACCCACCTAGGG,0,0,0.339130435,0.654642614,0.642348856,552.5,176.8306637,0,-0.152173913,0,0,0,0
21950,AAATGAGAAGCAGAGGAAGAAAG,0,0,0.006049383,0,0.179865665,395,162.4358053,0.143478261,0.304347826,0,0,0,0
21951,GCCATTTTCCTACTCACCTTCGA,0,0,0.004748338,0,0.11831363,425,199.1688116,0.004347826,-0.02173913,0,0,0,0
21952,AAATGAGGAAACGAGGCACAGAG,0,0,0.046696989,0,1.099554023,530,204.5923462,0.452173913,-0.217391304,0,0,0,0
21953,GGTGAGCTAGTGTGTGCCAGTGG,0,0,0.058460884,0,0.063386074,485,157.545669,0.004347826,-0.108695652,0,0,0,0
21954,TGGGTGGAGGATTCAGGAATGGG,0,0,0.06377551,0,0.036562365,357.5,168.223115,0,-0.195652174,0,0,0,0
21955,AATACCAGTGTGCAGAGCTGAAG,0,0,0.028864897,0.107536034,0.105624282,357.5,172.1945958,0.030434783,0.065217391,0,0,0,0
21956,GGGTCTGCGGAGGTTGCTCCCGA,0,0,0.005839571,0,0.319580819,522.5,203.5265585,0.017391304,-0.152173913,0,0,0,0
21957,AACACCAGTGAGTCAAGCAGGAG,0,0,0.037348273,0.031240918,0.030522736,365,163.8057938,0,0.065217391,0,0,0,0
21958,GGACATAAATCATAAACTGCTGG,0,0,0.568067227,0,0.224468976,522.5,197.975258,0,-0.173913043,0,0,0,0
21959,GGTGTGCGCGTGTGTGCGAGAGA,0,0,0.002834467,0,0.197596385,552.5,180.8207189,0.143478261,0.434782609,0,0,0,0
21960,GGGATGGAGGAATGACGAGTGGG,0,0,0,2.334285714,2.334285714,567.5,204.3115741,0,0.217391304,0,0,0,0
21961,AAATGAAAACAAGAGTGACAGAG,0,0,0,0,0.059597087,485,173.5505458,0,0.065217391,0,0,0,0
21962,GGTGTGTGTGGGTGTGTGTGTGG,0,0,0.040727273,0,0.196246288,455,186.7357049,0,-0.326086957,0,0,0,0
21963,GACCCACCCCACCCTGCCACCAG,0,0,0.004585538,0,0.076772777,455,169.3591775,0,-0.086956522,0,0,0,0
21964,GACATCTTTGTCCTTCCCTTCAG,0,0,0.002279202,0.086670755,0.086670755,455,168.7619807,0,-0.5,0,0,0,0
21965,GGGTGGGGGTGGTTGGCCCCAAG,0,0,0.002934028,0.037807489,0.036648638,357.5,168.347825,0.008695652,-0.956521739,0,0,0,0
21966,AAATGATAAAAAGAGGCTGATGA,0,0,0.002314815,0,0.058378574,485,155.6537496,0,0.065217391,0,0,0,0
21967,GGTGAGGGAGTGGGAGAGTGAGA,0,0,0.002879107,0,0.039019591,357.5,172.124366,0,-0.02173913,0,0,0,0
21968,AGAAGAGGAGAAGAGACACAAGG,0,0,0.279365079,0,0.258544304,552.5,197.6981572,0.126086957,0.217391304,0,0,0,0
21969,TGTGAGTGTGTGTGTGCAGGCAG,0,0,0.026923077,0,0.06309328,485,159.0688864,0.017391304,0.195652174,0,0,0,0
21970,GATTTATTTTCATTGTTTTAAAG,0,0,0.057291667,0.080042299,0.077196351,485,154.3250828,0,0,0,0,0,0
21971,ATAAACAGTGAGTAGAGAGGTGA,0,0,0.013468013,0,0.305988667,552.5,191.7203467,0,-0.086956522,0,0,0,0
21972,CTTGCAGCACAGAGCAGTAGTGG,0,0,0.308452793,0.103739103,0.100237361,455,168.3939147,0,0.304347826,0,0,0,0
21973,GTCACTGCTGCTGGACATGGAGA,0,0,0,0,0.064062332,485,176.7256827,0.095652174,0.608695652,0,0,0,0
21974,GTCACTGGGGCTGGATGTGAGGA,0,0,0,0,0.119960915,485,161.4341572,0,-0.086956522,0,0,0,0
21975,AGATTAGAAGGCGAGGCACAGAG,0,0,0.010643275,0.397051531,0.390673193,425,203.7254958,0,-0.086956522,0,0,0,0
21976,GCCTCCCCCTGGCCTGGGCAGGA,0,0,0.003034547,0,0.087580097,457.5,178.5950662,0,-0.282608696,0,0,0,0
21977,CCCTGTGGCTCTGCATGGCATAG,0,0,0.009482759,0,0.029419779,387.5,136.5753985,0,-0.565217391,0,0,0,0
21978,AAATGGGAAAAAGCTGCACATGG,0,0,0.020408163,0,0.031834028,425,186.5760734,0,0.065217391,0,0,0,0
21979,GGAATCTCTTCAGCTACACCAAG,0,0,0.033703704,0.022161777,0.022161777,357.5,177.6052713,0,-0.02173913,0,0,0,0
21980,CCCATTGTCTTTGGATGGCTTGG,0,0,0.009094354,0.27680625,0.27680625,455,180.0599964,0,0.217391304,0,0,0,1
21981,AGTATGTGAGTGTGTGTGTGGAG,0,0,0.035636364,0.620616516,0.609583333,552.5,196.0519689,0,0.369565217,0,0,0,0
21982,GGCAGGGAGGAATGGGGAGTTAG,0,0,0.039677939,0,0.397208228,522.5,203.1766584,0.5,0.260869565,0,0,0,0
21983,AGAAGAGGAGAAGAGCCACAGAG,0,0,0,0,0.258544304,552.5,197.6981572,0,-0.391304348,0,0,0,0
21984,ATGAACAGGACTGAGTAGGGAGA,0,0,0.004441509,0,0.152827065,455,175.162319,0,-0.043478261,0,0,0,0
21985,GGCTTGTTATGTTTGTTCTCAGG,0,0,0.061904762,0.242598485,0.238701321,425,201.0540355,0.047826087,-0.260869565,0,0,0,0
21986,ATAAGCACCACTGAGTGGAGCAG,0,0,0.010588235,0.327755523,0.316692045,455,190.1674852,0.091304348,0.347826087,0,0,0,0
21987,GAGTGAGAAAGAGAGGCACAAGA,0,0,0.025745885,0,0.721082663,522.5,207.4501799,0.004347826,0.065217391,0,0,0,0
21988,GGTATGTGAGTGTGCACGTGTGG,0,0,0.089256199,0,0.069289873,455,185.5426325,0.360869565,0.347826087,0,0,0,0
21989,AAGGAGGAAGAAGAGGCACAAAG,0,0,0.061299726,0,0.778438874,625,214.724096,0.143478261,0.239130435,0,0,0,0
21990,GCCTCTTTCCTGCCCTCCTCCAG,0,0,0,0.028020644,0.028020644,290,150.82779,0,-0.739130435,0,0,0,0
21991,GAATGAAAAGAAGATGTACAAAG,0,0,0.017283951,0,0.111580572,455,181.6236866,0.008695652,-0.065217391,0,0,0,0
21992,TTGATGGAGGCAGGAGGAGGAGG,0,0,0.011718205,0,0.149801193,357.5,166.0929958,0,-0.347826087,0,0,0,0
21993,GGTGAATGAAGGTGTGCGTGCAG,0,0,0.096790123,0.768068853,0.750412098,530,207.3921959,0.017391304,0.173913043,0,0,0,0
21994,TGTGAATGTGTGTGTGTGTGTGA,0,0,0.019444444,0,0.225335527,552.5,192.4681246,0,0.173913043,0,0,0,0
21995,AAAGGAGAAGTAGAGGGAAAAGA,0,0,0.000336673,0,0.106570406,387.5,160.3622053,0.013043478,-0.043478261,0,0,0,0
21996,GTTTCTATCCTACCCACCTTGAG,0,0,0.043625356,0.534744255,0.534744255,522.5,209.8187355,0.008695652,0,0,0,0,0
21997,TGTGAATGTGTGTGTGTGTGTGG,0,0,0.28,0.229413998,0.225335527,552.5,192.4681246,0,0.282608696,0,0,0,0
21998,GGAGGGGGGGCTTTTGCTCCAGG,0,0,0.072115385,0.385203768,0.385203768,425,203.8522158,0,-0.47826087,0,0,1,0
21999,CTCCCCCCCCTCCCCGCCTCGGG,0,0,0.15984016,0,0.794051205,522.5,209.6300993,0,-0.304347826,0,0,1,0
22000,GGTACTGTGGCTGGGCGTGGTGG,0,0,0,0,0.068319815,455,184.0767356,0,-0.826086957,0,0,0,0
22001,GCAGAGTGAGGGTGTGCATGTGA,0,0,0.009509721,0,0.16982371,455,186.778583,0.117391304,-0.065217391,0,0,0,0
22002,AAATAAGAAAAAGTGGCAGAAAG,0,0,0.013980796,0,0.064977497,455,170.532759,0,-0.608695652,0,0,0,0
22003,TGGATGGATGACTGGGGAGGTAG,0,0,0.004173833,0,0.048065414,357.5,156.1794977,0,0.782608696,0,0,0,0
22004,GACCACCCCCCCCCCGCCCCCGA,0,0,0.004378763,0,0.262790744,455,177.8337794,0,-0.152173913,0,0,0,0
22005,GGACCAGACTGAGCAGGTTGGGG,0,0,0.067973856,0.036571865,0.035271532,417.5,133.4979742,0,-0.065217391,0,0,0,0
22006,ACCATTGCGGGTGGAGGTGGAGA,0,0,0.006883741,0,0.794051205,522.5,211.4415963,0,-0.304347826,0,0,0,0
22007,GGTGCTGCGGCGGGTGGTGGTGA,0,0,0.002983941,0,0.195426448,425,195.875278,0.07826087,0.5,0,0,0,0
22008,TGGAGGCAGGAATCAAGAGTAAG,0,0,0.048888889,0,0.025043265,455,186.6008887,0,-0.130434783,0,0,0,0
22009,GATGTGTGAGTGAGTGAGTGCAG,0,0,0.025772518,0,0.23590875,455,187.1862484,0,-0.02173913,0,0,0,0
22010,CTCATATTTGTCACTACCTGGAG,0,0,0.029478458,0,0.082792192,522.5,201.815051,0.039130435,0.043478261,0,0,1,0
22011,GGGACCGGGCAGAAGCAGAATGG,0,0,0,0.267576419,0.258544304,552.5,197.6981572,0.434782609,0.652173913,0,0,0,0
22012,GAGTATCAGCAGAAGAAAAAGGA,0,0,0.017538265,0,0.121741508,555,188.3191819,0,-0.304347826,0,0,0,0
22013,TAAATGTAGGAATGAGGAGGAAG,0,0,0.016591252,0.469687436,0.469687436,552.5,178.9112193,0.226086957,0.043478261,0,0,0,0
22014,GAGCCCAAAGGATTGACTGCAGG,0,0,0.040740741,0.120529678,0.116657239,425,199.5144116,0,-0.02173913,0,0,1,0
22015,ATGTAAAGCAGTGTGTAGAGTGA,0,0,0.014069264,0,0.128972515,522.5,201.8014144,0,-0.282608696,0,0,0,0
22016,AAATGAGAAACCGAGGCTCAGAG,0,0,0.012735543,0,0.067280336,392.5,174.8387461,0.560869565,0.195652174,0,0,0,0
22017,GGAACTGAGGCGGGCGGTGGTGG,0,0,0.076818182,0,0.195426448,425,193.649061,0.017391304,0.065217391,0,0,0,0
22018,GGGAGAGTCCCAGCATCCCAGGG,0,0,0.077807882,0.20797875,0.20797875,485,146.9262632,0,-0.086956522,0,0,0,0
22019,GGCACTGGGGCCTGGGGTGGGGA,0,0,0.00824718,0,0.069650659,327.5,184.6777405,0.082608696,-0.130434783,0,0,0,0
22020,GGTGTGTATGTGTGTGAGTGTGA,0,0,0.007070707,0,0.353596915,552.5,189.8659716,0,-0.282608696,0,0,0,0
22021,GACTTGTTTTCTCCTTTCTCCAG,0,0,0.00278474,0.009921775,0.009921775,300,176.1383728,1,3.804347826,0,0,0,0
22022,AGCACTGTGGATGGAGTTGGAGG,0,0,0.14765625,0,0.33831875,455,188.8839883,0,-0.282608696,0,0,0,0
22023,GCCCCTCTCCCACCACCCTTGGG,0,0,0,0.047324984,0.047324984,455,184.4477717,0,-0.456521739,0,0,0,1
22024,GGAAGCACTTGTGAAGCACCCAG,0,0,0.010888889,0.080808209,0.080808209,425,197.6592308,0,-0.130434783,0,0,0,0
22025,AGTGAGTGAGTGTCTGTCTGTGA,0,0,0.005952381,0,0.017802272,387.5,161.151371,0.052173913,-0.304347826,0,0,0,0
22026,AAGTGAGAGGGAGAGACACAGAG,0,0,0.068655693,0,0.086446235,455,191.1937101,0.043478261,0.02173913,0,0,0,0
22027,CCTGCCTCCATTCCATTCACAGA,0,0,0.001753233,0,0.017880584,357.5,179.0505693,0,0.369565217,0,0,0,0
22028,GGCGGGTGAGTGTGTGTGCGGAG,0,0,0.010298851,0,0.189330488,485,165.649569,0.047826087,-0.02173913,1,0,1,0
22029,GTCATCTTAGTCATTGGTTAAGG,0,0,0.006817631,0,0.007062745,375,118.3645298,0,-0.239130435,0,0,0,0
22030,AAAAACCACTACATTCTCTACAG,0,0,0.005982906,0.134179096,0.13179369,455,172.8433785,0.004347826,0.173913043,0,0,0,0
22031,CCCAGTCAACAAGAGACACAGGA,0,0,0.028741496,0,0.280029596,522.5,205.9358319,0,2.282608696,0,0,0,0
22032,AAAAAAAAAGCATAGACTGTTAG,0,0,0.054736842,0,0.421955546,552.5,179.4028161,0.117391304,0.304347826,0,0,0,1
22033,GAGTCTGAGCAGGACAAGGAGGG,0,0,0.061935347,0.030221126,0.029711065,357.5,162.959674,0,0.195652174,0,0,0,0
22034,TTTGTGTGCGTGTGTGCGTGTGA,0,0,0.009182736,0,0.833979885,620,213.7118996,0,0.108695652,0,0,0,0
22035,TAACTTAAATCATAGACTGCCAG,0,0,0.071127946,0.797205949,0.797205949,620,211.1339596,0.37826087,0.369565217,0,0,0,0
22036,GCTGCCTCCCTTCTACTTACAGA,0,0,0.005016722,0,0.158628435,455,182.5548466,0.108695652,-0.152173913,0,0,0,0
22037,GGGAAGGAGGAATTGGGAGTTGA,0,0,0.005756844,0,0.060024367,425,192.0654738,0,2.47826087,0,0,0,0
22038,GGCCCAGAGTGAGTAAGTGGCAG,0,0,0.090002421,0,0.009342164,387.5,149.1750092,0,-0.065217391,0,0,0,0
22039,GGTGAGAGAGTGTGTGCTGGAGA,0,0,0.010127315,0,0.125383408,492.5,161.845486,0,-0.152173913,1,0,0,0
22040,GTCACCTCCAATCTATATGGAAG,0,0,0.008625129,0.0040719,0.003952577,295,158.43114,0,0.02173913,0,0,0,0
22041,CCCCTCCACCCACAGTCACATGG,0,0,0,0.06113461,0.06113461,455,187.5788732,0.026086957,0.065217391,0,0,0,0
22042,GTCATGTTTTCATTGCTTTCAGA,0,0,0.010307153,0,0.053377333,485,175.3746408,0.234782609,0.630434783,0,0,0,0
22043,AAAAGAGCAAAAGAAGCACAAAG,0,0,0.04647785,0,0.35314247,522.5,196.027825,0,-0.282608696,0,0,0,0
22044,GGCTCTGTGGCTGGGTGTGGTAG,0,0,0,0,0.069289873,455,183.7311356,0,0.065217391,0,0,0,0
22045,TAGTCTGTCCAGAAGAAGAAAGG,0,0,0.214285714,0,0.50455783,620,210.3544187,0,-0.326086957,0,0,0,0
22046,AAATAACAAGATGAGGAACATGA,0,0,0.006436471,0,0.194470201,455,186.8262877,0.986956522,1.717391304,0,0,0,0
22047,GACTCTTTAGCAGAGTTTTTTGA,0,0,0.010049474,0,0.539222871,622.5,211.0574182,0.991304348,-0.043478261,0,0,0,0
22048,CCATGTGTCTCAGGACGGACCAG,0,0,0.010894126,0,0.055090774,387.5,156.5298737,0.02173913,0.239130435,0,0,0,0
22049,CTTGCCACACTGTGCAGTCAAGG,0,0,0.014323607,0,0.069461112,357.5,170.339415,0,-0.804347826,0,0,0,0
22050,GGGCAGGGAGTGTGTGCATGGGG,0,0,0.107798776,0,0.208990259,552.5,189.9918859,0,-0.369565217,0,0,0,0
22051,CACTCTGCCTTTGGATGGATGGA,0,0,0.012210012,0,0.794051205,522.5,208.3417793,0.047826087,-0.304347826,0,0,0,0
22052,GATTCCGTCCACCCCGCCCCCAG,0,0,0.018511006,0,0.335877203,552.5,184.6672193,0,0.152173913,0,0,0,0
22053,AGCACTCCAGCTGGAGGTCGCAG,0,0,0.046228448,0,0.219860766,552.5,182.1090389,0,-0.043478261,0,0,0,0
22054,AAATGGAAATAAGAGGCAGAAAG,0,0,0.01880787,0.183292719,0.180199171,552.5,179.2910988,0.02173913,-0.782608696,0,0,0,0
22055,AAATGAGCATAACAGGCAAAGAG,0,0,0.016290727,0.165965944,0.160633704,455,170.8611261,0.682608696,-0.434782609,0,0,0,0
22056,GACTCCCCAAAGCCACGCCAGGG,0,0,0,0.145244444,0.145244444,462.5,188.6645525,0.12173913,-0.065217391,0,0,0,0
22057,TGTGAGTGATTTTGTGTGTGTGA,0,0,0.010127315,0,0.276221715,455,185.5060521,0.086956522,0.217391304,0,0,0,0
22058,AATTTGTTTTCATTTTTCTTTGA,0,0,0.001841518,0,0.184299023,455,167.3273785,0.017391304,-0.108695652,0,0,0,0
22059,GCCTCTTTTCCACCTACTGTCAG,0,0,0.002430556,0,0.014464324,387.5,144.8618649,0,-0.565217391,0,0,0,0
22060,GACCCACTGCACCCGGCCACAGA,0,0,0.000570268,0,0.046908167,455,168.4992141,0.113043478,0.326086957,0,0,0,0
22061,TGGATGGATGAAACAGCAGTGGA,0,0,0.00258565,0,0.018514566,357.5,173.1156034,0,-0.065217391,0,0,0,0
22062,GGTCAGTGACTGTGTCTGTGTGA,0,0,0,0,0.091675932,485,175.0601266,0.008695652,0.304347826,0,0,0,0
22063,ATTAATGACTACATCCTCAAAAG,0,0,0.074153298,0,0.539222871,620,213.9172352,0,0.152173913,0,0,0,0
22064,GCCTTGTTCTCATTGTTGGCTGA,0,0,0.001678877,0,0.059728305,485,158.8288864,0.243478261,-0.630434783,0,0,0,0
22065,GTTCCCCCACAGGGCAGGACAGA,0,0,0.002543013,0,0.136699648,485,155.7654668,0,0.043478261,0,0,0,0
22066,GACCCCCCCGCCCCCGCATCCAG,0,0,0.021715733,0,0.143338947,455,179.4550296,0.339130435,-0.260869565,0,0,1,0
22067,AATGACAACTATTTCCTTAAAGA,0,0,0.005408654,0,0.0364677,357.5,174.1780649,0.017391304,-0.065217391,0,0,0,0
22068,GAAGACAAAGCATGTTCTGCCAG,0,0,0,0.010324191,0.010324191,392.5,175.1917679,0,-0.652173913,0,0,0,0
22069,AGTGAGCAAGTGTGTGTGTGTGA,0,0,0.020052083,0,0.416345417,552.5,192.7308912,0,-0.260869565,0,0,0,0
22070,TGGTTGAAGGAATGAGTAATGAG,0,0,0.029461279,0,0.131148806,485,164.2091082,0,-0.239130435,0,0,0,0
22071,CCTGCCTCCTCCCTCCTCAGTGA,0,0,0.00085755,0,0.072452122,357.5,155.1475416,0.517391304,0.391304348,0,0,0,0
22072,GTTGAGGGAGTGGGTGGGTGCGG,0,0,0.005744218,0,0.161125676,455,186.0913876,0,-0.413043478,0,0,0,0
22073,AGAAGAGAAGAAGAGTGACAAAG,0,0,0,0,0.104848333,485,179.811863,0.160869565,-0.5,0,0,0,0
22074,TTTGGATGAGTGTGTGCGTGTAG,0,0,0.118787879,0.813325472,0.789491758,620,215.885696,0,-0.239130435,0,0,0,0
22075,GATGACCGCTACATCATCACCAG,0,0,0.043209876,0.122256818,0.119960915,485,161.6741572,0,-0.608695652,0,0,1,0
22076,AAATGAGAAACTGAGGCACAAAG,0,0,0.032263374,0,0.583428198,467.5,201.4620794,0.843478261,-0.152173913,0,0,0,0
22077,TAATGAGAAGAATATGAACACAG,0,0,0.005185185,0,0.063223545,357.5,174.5075468,0,1,0,0,0,0
22078,ATGAAAAGCAGTGAGCAGAATGG,0,0,0.373086735,0,0.06522685,485,159.8881732,0.113043478,0.260869565,0,0,0,0
22079,GGTGAGTGTGGGTGTGTGTGTGA,0,0,0.007777778,0,0.348882289,462.5,189.2240249,0,-0.152173913,0,0,0,0
22080,CCCTGTGGCTCTAGCAGGATGGA,0,0,0.011655012,0,0.024349417,357.5,175.105415,0.256521739,-0.130434783,0,0,0,0
22081,GACACAGAAGAAGAGTGATTTAG,0,0,0.01416122,0.038086554,0.038086554,387.5,164.7744879,0.186956522,0.586956522,0,0,0,0
22082,TGGATGGAGGTGGGAGGAGGGAG,0,0,0.002652269,0,0.063046449,295,158.6168954,0.026086957,-0.391304348,0,0,0,0
22083,CACTGTGGCTCTTGAAGGATGGA,0,0,0.01010101,0,0.100056646,455,189.0724366,0,-1.065217391,0,0,0,0
22084,AGTGAGGCAGTGTGTGTGTGCAG,0,0,0.039416792,0.42388108,0.416345417,552.5,192.7308912,0.1,0.065217391,0,0,0,0
22085,CCTTCCTCCCCTCTAACCACCAG,0,0,0.026619133,0,0.091675932,485,175.0601266,0,0.065217391,0,0,0,0
22086,GGCGTGTGAGTGTGTATGTGTGG,0,0,0.072727273,0,0.098146003,485,179.109143,0.026086957,0.239130435,0,0,0,0
22087,TAGAACACCAGTGAGAAGAGAGA,0,0,0.053418803,0,0.541956882,560,202.8715741,0,1.282608696,0,0,0,0
22088,GCCCCACTCCACCCCACCCCAGA,0,0,0.013976855,0,0.051899925,485,169.1375902,0,-0.47826087,0,0,0,0
22089,AATAACCACTGCATTATCAAAAG,0,0,0.010111111,0,0.03845588,357.5,180.6008688,0,-0.217391304,0,0,0,0
22090,ATGAACACCAGCGGGAAGATGAG,0,0,0.072939926,0.007403724,0.00717679,290,145.4186891,0.226086957,0.065217391,0,0,0,0
22091,GGTGTGCGTGTGTGTGTGTGTAG,0,0,0.018148148,0.241506693,0.241506693,552.5,190.5826078,0.186956522,-0.347826087,0,0,0,0
22092,CTCACCTTTGTCATTTCCTGAGG,0,0,0,0,0.166395667,552.5,196.6634738,0.413043478,-0.130434783,0,0,0,0
22093,TGGAAGGGCAAATGAGGAGTCAG,0,0,0.047774612,0.75650158,0.734333036,622.5,205.8603463,0,-0.02173913,0,1,0,0
22094,GGAGAGCCTTCTGCAGCACTGGG,0,0,0.046875,0.406681137,0.39945125,555,178.1144961,0,0.152173913,0,0,0,0
22095,AATTGAGAGGAAGAGTAACAAAG,0,0,0,0,0.059967208,485,176.4376827,0,-0.043478261,0,0,0,0
22096,GAGTTTGAGCAGGACAAGAATGG,0,0,0.105102408,0,0.089775258,425,192.4193539,0,-0.02173913,0,0,0,0
22097,AATGTTCACTACTTGCTCAAGAG,0,0,0.001313131,0.091240976,0.089775258,425,192.4193539,0,-0.652173913,0,0,0,0
22098,GAATCCAAAGCATAGGCAGCAGG,0,0,0.051282051,0.052444978,0.050674684,485,174.3263208,0,-0.282608696,0,0,0,0
22099,TGGAGGGAGGAAGGAGGAGGGAG,0,0,0.007638534,0.524136923,0.508491045,462.5,172.4747595,0,-0.195652174,0,0,0,0
22100,TGTAGGGAGGTATGAGGAGATGG,0,0,0.055384615,0,0.361308608,455,174.0159964,0,-0.695652174,0,0,0,0
22101,AGAATGGAGGAAGGGGGAGTGGG,0,0,0.127173913,0.159089701,0.153719584,425,194.9656579,0.017391304,0.130434783,0,0,0,0
22102,GGCACTGAGACTGTAGGTAGCAG,0,0,0.029958848,0,0.061846052,455,168.721262,0,0.065217391,0,0,0,0
22103,GAAAACCAAGCACAGCCTGCTGG,0,0,0,0,0.068338689,455,189.1554728,0.356521739,0.282608696,0,0,0,0
22104,AACTGTTTTCCATTGTTCTCTGA,0,0,0.014222222,0,0.797205949,620,211.1339596,0,-1.47826087,0,0,0,0
22105,CCCTCTTTCCTGCCCTCCTTGGA,0,0,0,0,0.07436334,357.5,187.96539,0.204347826,0,0,0,0,0
22106,GCCTCCTAAAACCCTGGCTATGA,0,0,0.008961397,0,0.159111983,455,175.2529019,0,-0.043478261,0,0,0,0
22107,GACTTTTTTTCAGTTTTCTCTGG,0,0,0.024844721,0.172036857,0.167681494,432.5,194.9076739,0,-0.086956522,0,0,0,0
22108,TGGATTTAGGAATGAGGGTTGGG,0,0,0.101587302,0,0.038348575,485,158.859502,0,-1.239130435,0,0,0,0
22109,GCAGTCCCTGCTGCAGCCCCAGG,0,0,0.041208791,0.290990158,0.285817,552.5,187.6713303,0,0.043478261,0,0,0,1
22110,AACTTCTGTTCAATGTTCTCAGG,0,0,0.311538461,0.351943434,0.351943434,522.5,204.8148785,0,-0.239130435,0,0,0,0
22111,GGTGTGTGAGCGAGTGTGTGTGG,0,0,0.078321678,0,0.124300022,357.5,181.1961647,0,0.217391304,0,0,0,0
22112,AACTGAGAAGAAGAGACAGTGGG,0,0,0.032142857,0,0.035271532,417.5,133.4979742,0,0.391304348,0,0,0,0
22113,TGCATCCCCTCTGCAGCAGCAGG,0,0,0.049450549,0.317397827,0.317397827,552.5,183.9642197,0,-0.065217391,0,0,0,0
22114,AAAAGAGGAGAAGAGGGAGAGGA,0,0,0.000178312,0,0.19201875,485,163.492472,0.052173913,-0.108695652,0,0,0,0
22115,AAAGGAGTAGAAGTGGCACAAGA,0,0,0.009920635,0,0.419407407,530,204.7873984,0,-0.456521739,0,0,0,0
22116,CACAACCATCAAGACACACACAG,0,0,0.019283747,0.227418991,0.223580696,425,197.2345747,0,-0.5,0,0,0,0
22117,AAATGAGGACATGAGGCTCATGA,0,0,0.003395062,0,0.12706804,455,177.9690129,0.052173913,0.043478261,0,0,0,0
22118,GGGGAGAGAGTGTGTGTTTGAGG,0,0,0.136111111,0,0.08046125,485,169.8793749,0.004347826,-0.586956522,0,0,0,0
22119,CTTGCCCTCCAGGGAAGCAAAGG,0,0,0.047619048,0.04666818,0.04591849,455,172.5100478,0.608695652,0.413043478,0,0,0,0
22120,AAGTGAGAATAAAAGGCAGAGGA,0,0,0.003978588,0,0.175279215,455,173.4329431,0.443478261,0,0,0,0,0
22121,AATTGAGTGGAAGAGGCTCAAAG,0,0,0.026143791,0.186959075,0.186959075,552.5,186.1890694,0,0,0,0,0,0
22122,GACCCCCAGCAGAAGAAGGAAAG,0,0,0.016634458,0.341956428,0.335877203,552.5,184.6672193,0.030434783,0.326086957,0,0,0,1
22123,AAATGAGATGAAGATGAACAAGA,0,0,0.002777778,0,0.168469286,462.5,181.247087,0,0.02173913,0,0,0,0
22124,AAAGGAGAAGAAAATGGACATGA,0,0,0.000336673,0,0.060022353,357.5,173.6339468,0.056521739,-0.152173913,0,0,0,0
22125,CCCCCTTGCCCACCCACCTGCAG,0,0,0.015506856,0.710795455,0.697447183,552.5,178.0889831,0,0.217391304,0,0,0,0
22126,GCCTGCCCACAGCCTGGTGATGA,0,0,0.001116071,0,0.085473755,485,156.7486104,0.004347826,-0.782608696,0,0,0,0
22127,AAGTGAGAAAAGGAGGCAGATGA,0,0,0.003575817,0,0.222835591,455,175.2161632,0,0.173913043,0,0,0,0
22128,AGTGAGTGAGTGAATGAGTGAGA,0,0,0.015144231,0,0.035150404,357.5,177.0753837,0.604347826,-0.260869565,0,0,0,0
22129,AAATGAGGACAAGAGGCAGAGGG,0,0,0.036666667,0.838993151,0.81662,560,181.5604467,0,0.108695652,0,1,0,1
22130,GCACACAAACCACAGAATGCAGA,0,0,0.008040936,0,0.217271959,455,183.482832,0.195652174,0.130434783,0,0,0,0
22131,AGTGAGTGAGTGAATGAGTGAGG,0,0,0.218076923,0,0.035150404,357.5,177.0753837,0,-0.065217391,0,0,0,0
22132,GGTATGTGAGTGTGAGTGTGTGG,0,0,0.088421053,0,0.155096519,455,181.8449474,0.152173913,-0.260869565,0,0,0,0
22133,AAATAATAATAAAAGGCACAGAG,0,0,0.096296296,0,0.332281119,522.5,201.0374422,0,-0.043478261,0,0,0,0
22134,GAATTGTTCTCATGGTTCTGTGG,0,0,0,0,0.059266981,455,165.9354351,0,-0.47826087,0,0,0,0
22135,GACCCCGAAGTAGAGTTGCTAGA,0,0,0.000693469,0,0.054254025,387.5,155.9249831,0,-0.847826087,0,0,0,0
22136,TGTGTGTGAGTGTGTGCATGAGG,0,0,0.251748252,0,0.656790123,560,193.6883467,0.304347826,0.173913043,0,0,0,0
22137,AGGAACAGCAGTAAGAAGAGGAG,0,0,0.117482517,0.103552074,0.100056646,455,189.0724366,0,-0.5,0,0,0,0
22138,GGTGATTGGGTGTTTGTGTGTGG,0,0,0.055308642,0,0.03033885,455,180.8289399,0,-0.260869565,0,0,0,0
22139,CCTGCCTCACCTCTCCTGACGGA,0,0,0.000865801,0,0.04229093,455,170.6181284,0,-0.108695652,0,0,0,0
22140,AAAAGAGAAAGAGAGACACAGAG,0,0,0.074897119,0,0.132156214,455,189.816154,0,NA,0,0,0,0
22141,AAATGAAAAGAACAGTCATAAAG,0,0,0,0,0.021526687,387.5,159.2810728,0.091304348,-0.391304348,0,0,0,0
22142,TAATCAGAAGAAGAGGGACACAG,0,0,0.011982571,0,1.290123457,560,198.1255689,0,-0.043478261,0,0,0,0
22143,GGTGTGTGTGTGTGTGTGTGTGA,0,0,0.007070707,0,0.699446792,560,194.1657886,0,-0.152173913,0,0,0,0
22144,ACACGAGAAGACGAGCCACAGAG,0,0,0,0,0.127203797,455,193.0818737,0,0.108695652,0,0,0,0
22145,GGTGTGTGTGTGTGTGTGTGTGG,0,0,0.101818182,0,0.699446792,560,194.1657886,0,-0.391304348,0,0,0,0
22146,GGACTCCTTTCTCCAGGACCGGA,0,0,0.000531172,0,0.223964003,455,184.7411514,0,0.086956522,0,0,0,0
22147,TGTGTGTGAATGTGTGGGTGTGA,0,0,0.001386413,0,0.56142625,552.5,191.9338325,0.07826087,0.260869565,0,0,0,0
22148,GGCACTCGGGCTGGGCGTGGGAG,0,0,0,0,0.045044261,455,182.2215548,0,-0.543478261,0,0,0,0
22149,TGTGTGTGAGTGCGTGTGTGTGG,0,0,0.133971292,0,0.23590875,455,187.4262484,0,0.5,0,0,0,0
22150,AAAAGAAAAGAAGAAGAACAGGA,0,0,0.014524328,0,0.105930922,455,180.7500866,0,-0.369565217,0,0,0,0
22151,GTAACCCCCAATCACTAGAGGGA,0,0,0.012444305,0,0.129984477,455,176.0414987,0.265217391,-0.413043478,0,0,0,0
22152,GGGGTGTGGGTGTGTGGGTGTGG,0,0,0.007130125,0,0.348646558,552.5,192.4377886,0.143478261,0.304347826,0,0,0,0
22153,TGTGGGTGTGGGTGTGCGTGGGA,0,0,0.012,0,0.485165286,522.5,207.7218159,0,0.304347826,0,0,0,1
22154,TGGACTGCAGCGGGAGGTGGAAG,0,0,0.041666667,0,0.424071175,522.5,206.9961192,0,-0.260869565,0,1,0,0
22155,ATGCACACCAGTGGGTGGGGTGG,0,0,0.010899654,0.028610794,0.028610794,387.5,154.9531044,0,-0.065217391,0,0,0,0
22156,CCCTCCCCAATCCCTGACCACAG,0,0,0.028154852,0,0.166452825,357.5,184.2677048,0,-0.326086957,0,0,0,0
22157,CTGTTGGGGGAGTGTGCTCCGAG,0,0,0,0.227816524,0.223971519,522.5,206.0324954,0,0.043478261,0,0,0,0
22158,TGGATGGAGGAATATGGGATGAG,0,0,0.011111111,0,0.003217214,290,137.1824606,0,-0.434782609,0,0,0,0
22159,CACCCCCGCCACCCCGCTTTGAG,0,0,0.026190476,0,0.136699648,485,153.5392498,0,-0.369565217,0,0,0,0
22160,GGAGAGAGTGTGTGTGTGTGAGA,0,0,0.012152778,0,0.238125599,552.5,191.3429278,0,-0.173913043,0,0,0,0
22161,TGCCCTGAGGCTGGAGGAGGGAG,0,0,0.039651416,0,0.310333333,552.5,189.8032498,0.008695652,0.326086957,0,0,1,0
22162,TCAGTGAGGAGAGAGGAGCCCAG,0,0,0.025180928,0.047963769,0.047963769,455,172.8530351,0.317391304,0.173913043,0,0,0,0
22163,AGTGAGTGTGTGTGTGGGGGGAG,0,0,0.002058824,0,0.123933228,485,163.5061086,0,0.282608696,0,0,0,0
22164,AGGAAGGAGGAAGGAGGAGAAGG,0,0,0.073369565,0,0.26991206,455,171.2747595,0,-0.152173913,0,0,0,0
22165,GTGACCAAGCTGAAGAAGAAGAG,0,0,0.027626694,0,0.542336973,522.5,209.4731355,0,-0.130434783,0,0,0,0
22166,CAATGAGAAAAAGAGGAAAAAGG,0,0,0.16,0.186812608,0.186812608,485,162.4741526,0,0.108695652,0,0,0,0
22167,ATAAGAGAAGAAGACGGACATGG,0,0,0.005555941,0.163368333,0.163368333,455,182.8932674,0,0.152173913,0,0,0,0
22168,GGCACGGCTGCAGGAGGTGCGGG,0,0,0.104489796,0,0.113999847,455,168.6005353,0,-0.130434783,0,0,0,0
22169,GACCCCCTCCAGCCTCCCTGTGA,0,0,0,0,0.012908589,290,142.8508522,0,0.02173913,0,0,0,0
22170,TACTAAGAAAAAGAGGCACAAAG,0,0,0.089876543,0,1.299248042,620,212.3919436,0.017391304,-0.02173913,0,0,0,0
22171,TGGAAGGAGGAATGAGCAGAGAG,0,0,0.017156863,0.521428205,0.505863184,492.5,160.987969,0.291304348,0,0,0,0,0
22172,GGTGTGTGAGTGTGTGAGCGAGA,0,0,0.0032509,0,0.382126866,492.5,167.377569,0,-0.326086957,0,0,0,0
22173,GCCTGGCCATAGCCTGGCCATAG,0,0,0.068627451,1.383907843,1.35209387,627.5,212.3339596,0,-0.152173913,0,0,0,0
22174,ACCTGTGTCTCTGAAAAGATTGA,0,0,0.044191919,0,0.015622402,387.5,169.2862784,0,0.02173913,0,0,0,0
22175,GCCTCCCCAGTGCCTGGCACTGG,0,0,0.016650017,0,0.096062691,387.5,140.09258,NA,-0.173913043,0,0,0,0
22176,GGGTGGGGGAATTTGGGTCCAAG,0,0,0.000273728,0.064809998,0.063816741,357.5,171.2990305,0.2,-0.543478261,0,0,0,0
22177,GAAAGCAAAGCATAGACTAGGAG,0,0,0.006604747,0.211743071,0.20797875,485,149.1524801,0,-0.413043478,0,0,0,0
22178,AAATGAGGGGAAGGGTCACAAGG,0,0,0,0,0.021373236,455,183.2127922,0,0,0,0,0,0
22179,AACTGAGAAAAAGAGGAAAAAAG,0,0,0.020740741,0.177529458,0.174373379,485,161.9461526,0.773913043,0.97826087,0,0,0,0
22180,GACTTGTTATAATTTTTCTCGGA,0,0,0.006909014,0,0.231154305,432.5,196.0031144,0,-0.456521739,0,0,0,0
22181,GCCCCCCCCCCCCCCGCCGCGGA,0,0,0.005456349,0,0.27680625,455,178.8820994,0.013043478,-0.108695652,0,0,0,0
22182,AAAGGAGAAGAGGAAGCACCAGA,0,0,0.006705123,0,0.087057924,357.5,159.2656781,0,-0.065217391,0,0,0,0
22183,GGGAAAGACAAAGCTTTCGTAAG,0,0,0.015728395,0,0.071988397,357.5,172.7850472,0.017391304,0.369565217,0,0,0,0
22184,GGGGAGCGTGTGTGTGTGTGGGA,0,0,0.006684028,0,0.238125599,552.5,191.3429278,0,-0.02173913,0,0,0,0
22185,TTCCCCCTCCACCCCGCTTTGGA,0,0,0.00974026,0,0.136699648,485,156.3990668,0,0.195652174,0,0,0,0
22186,AAGTGGGAAGGAGAGGCAAAGGA,0,0,0.00844435,0,0.165123232,455,179.9079324,0.213043478,0.065217391,0,0,0,0
22187,GCCTCCCGAGCGCCTGGCCGTGA,0,0,0.007586368,0,0.320401983,455,167.740763,0,-0.369565217,0,0,0,0
22188,TTGATGGAGGAATGGTGAGGTGG,0,0,0,0,0.032149525,387.5,150.3269526,0,-0.217391304,0,0,0,0
22189,TGAATGAAAGAATGATGAGTGGG,0,0,0,0.108209709,0.106383384,552.5,195.040613,0.030434783,-0.130434783,0,0,0,0
22190,GCCCCATCCCCACCCTCCTTGGG,0,0,0,0.156419304,0.156419304,552.5,196.1521732,0.017391304,0.217391304,0,0,0,0
22191,TGAATGAAGAAATGAGGTGTGAG,0,0,0.090740741,0.192480029,0.192480029,552.5,185.8737495,0,-0.434782609,0,0,0,0
22192,GGTGAGAGAGTGTGTGAATGAGA,0,0,0.01963141,0,0.145073247,492.5,171.6073749,0.069565217,0,0,0,0,0
22193,TAGTTCGAGGAGAGGAAGAAAGG,0,0,0.115488216,0.209819018,0.206277769,522.5,201.2807589,0,0.02173913,0,0,0,0
22194,GGAGAGAGGGTGTGTGTGTGTGG,0,0,0.194444445,0.246444397,0.238125599,552.5,191.3429278,0.073913043,-0.152173913,0,0,0,0
22195,GGTGTGTGGGTGTGGGTGTGTGG,0,0,0.005656566,0,0.094763973,455,178.758767,0,-0.52173913,0,0,0,0
22196,TTCAGGGAGGAATGAGGACTTAG,0,0,0.018205039,0,0.4917675,552.5,186.3956801,0.013043478,-0.173913043,0,0,0,0
22197,TCTGCCTCCTCTCTGCTCACCAG,0,0,0.136921296,0.777733333,0.777733333,530,201.201242,0,-0.173913043,0,0,0,0
22198,CGCCGCCCCCACCCCGCCTCGGA,0,0,0.023809524,0,1.364942529,620,214.571863,0,-0.413043478,0,0,0,0
22199,TGCACTGGGGCTGCACGTGGCAG,0,0,0,0,0.040577667,455,187.1725725,0,0.586956522,0,0,0,0
22200,GTAATCCCTCCCCCAGCACCGAG,0,0,0.035098912,0,0.250894548,425,196.7528426,0,-0.282608696,0,0,0,0
22201,TGAACGGAGGAAGGAGGAGTTAG,0,0,0.050724638,0,1.074082667,530,209.0843595,0,0.152173913,0,0,0,0
22202,GGTGTATGAGAGTGTGCATGAGG,0,0,0.188811189,0,0.098926116,455,184.472279,0,-0.086956522,0,0,0,0
22203,TTGATGCAGGAATGAGAAGGCAG,0,0,0.018681917,0,0.183397224,485,158.4531082,0,-0.369565217,0,0,0,0
22204,GGTGAGTGAGTGTGTGATATGGA,0,0,0.004320988,0,0.012934678,400,104.9049558,0.995652174,2.326086957,0,0,0,0
22205,AAATGAGAAGCAGCAGAACAGGG,0,0,0.037647059,0,0.011646331,260,166.137599,0.039130435,-0.173913043,0,0,0,0
22206,GGCCCAGACTGTGCAGCTGCAGA,0,0,0.000190441,0,0.018544055,320,136.0717627,0.043478261,0.347826087,0,0,0,0
22207,GGTGAGTGAGTGTTTCCTTAGGA,0,0,0,0,0.002859046,320,127.7114563,0,-0.586956522,0,0,0,0
22208,CTTGTCTCACAGGGTTGTAATGA,0,0,0,0,0.045044261,455,184.0330517,0,-0.130434783,0,0,0,0
22209,GAAGGTGAAGAGGAGGCACAGGA,0,0,0.022390322,0,0.425868976,522.5,208.8243156,0.013043478,-0.217391304,0,0,0,0
22210,ATCATTTTAATCATTTCCTGAAG,0,0,0,0,0.151745495,552.5,195.1338537,0,0.02173913,0,0,0,0
22211,AAATGAGGAACAGAGGAACAAAG,0,0,0.033123731,0,0.281558646,455,183.8922518,0,-0.413043478,0,0,0,0
22212,GGCCCACAATGAGCACTTGTTAG,0,0,0.022916667,0.102437189,0.100708291,485,154.7333279,0,-0.304347826,0,0,0,0
22213,AAATGAGAAAAATATGGACAAGG,0,0,0.002352941,0,0.050197315,357.5,169.5158104,0.008695652,0.586956522,0,0,0,0
22214,TGAGAGTGAGTGTGGGGGTGTAG,0,0,0.000544662,0,0.161081177,455,183.4788674,0,-0.413043478,0,0,0,0
22215,GCCAGTGCGGCTGGAGCTGGAGG,0,0,0.097737557,0,1.213101161,560,197.8855689,0,0.717391304,0,0,0,0
22216,TGGATGGAGCAAGCAGGAGGAGG,0,0,0.007891852,0,0.031684616,357.5,155.9321585,0.782608696,-0.586956522,0,0,0,0
22217,GAGCCCCTCCTCCCCTCCGCAGG,0,0,0,0,0.046944126,387.5,164.4054905,0.173913043,-0.108695652,0,0,0,0
22218,ACGACCACCAGGGAGAAGAGAAG,0,0,0.05050505,0.131647598,0.127203797,455,192.6671537,0,-0.347826087,0,0,0,0
22219,GGGTGAGGGGAGGTGACTCCGGG,0,0,0.013043478,0.015693448,0.015441344,357.5,176.419248,0,0.02173913,0,0,1,0
22220,GGGGGTGGGGAGCATGCTCCAGG,0,0,0.203634085,0.050727259,0.049912363,425,195.4019108,0,-0.869565217,0,0,0,1
22221,GGCACTGCAGCCTGAGATGGGGA,0,0,0.011842105,0,0.061135346,357.5,177.0386876,0.052173913,0.108695652,0,0,0,0
22222,GGGTGGGGGGACTTTCCTGTTGG,0,0,0,0,0.015172408,320,126.3098738,0,-0.086956522,0,0,0,0
22223,CACATATATACAGAGACACACAG,0,0,0.12328844,0.535883099,0.519457564,620,209.7990988,0.413043478,0.391304348,0,0,0,0
22224,ATGACCTGCAGTGAGCAGAGCAG,0,0,0.024305556,0.173654876,0.168075602,552.5,195.1402564,0,-0.413043478,0,0,0,0
22225,GCTCCCTCCTCTCTACACACAGG,0,0,0.209462916,0.571587811,0.56142625,552.5,192.3485525,0,0.130434783,0,0,0,0
22226,GCAGTGAGTAGAGCTGATGGTGG,0,0,0.005115089,0.037336664,0.036635506,387.5,142.4320452,0,-0.086956522,0,0,0,0
22227,AGGATGAAGGAATAAGGACTGAG,0,0,0.087164751,0,0.053615801,455,174.4296346,0.026086957,-0.065217391,0,0,0,0
22228,GGGTGGGGGGTGTGAGCTGCAGG,0,0,0,0.009830123,0.009528817,260,156.3757101,0,-0.043478261,0,0,0,0
22229,GAGGCCAAGCAGAACAAAAATAG,0,0,0.030594406,0,0.05392847,455,176.3128643,0,-0.173913043,0,0,0,0
22230,GGTGTGTGTGTGTGTGTGTTGGA,0,0,0.004949495,0,0.155313909,485,155.8281887,0.02173913,0.369565217,0,0,0,0
22231,GCCTCTTTGGTACCCACATTGGG,0,0,0.03988604,0,0.087580097,457.5,178.5950662,0,0.043478261,0,0,0,0
22232,GGTGTGTGTGTGTGTGTGTTGGG,0,0,0.071272727,0,0.155313909,485,155.8281887,0,-0.369565217,0,0,0,0
22233,CCCACCACAAAGCCAGGCCAGGA,0,0,0.010256295,0,0.275145253,522.5,201.7361976,0,-0.304347826,0,0,0,0
22234,GACAAGTTTTCTTTCTTCTCAAG,0,0,0.005611672,0.194911618,0.188649398,425,195.114958,0.008695652,-0.695652174,0,0,0,0
22235,CGCTGCTTCTCTGGATGGATAGA,0,0,0.025095677,0,1.002692848,627.5,215.9908352,0.517391304,5.47826087,0,0,0,1
22236,TGGAGGGGGGAATAAGTAGTCAG,0,0,0.022814815,0,0.086229035,455,182.1865673,0,-0.369565217,0,0,0,0
22237,GAACACAAAGCACAGAGTCAAAG,0,0,0.002698599,0,0.026713615,320,120.8289685,0,0.043478261,0,0,0,0
22238,AAAGGAGAATAAAAGGAACAGGG,0,0,0.21875,0.209811977,0.206270847,455,182.849232,0.317391304,-0.152173913,0,0,0,0
22239,GGGTAGGGGTATTTTGCTCAAGG,0,0,0.135416667,0.299180403,0.299180403,455,168.0662432,0,-0.086956522,0,0,0,0
22240,AAAGACAAACCATAGACTGGAAG,0,0,0.002745098,0,0.642348856,552.5,176.1970637,0.043478261,0.260869565,0,0,0,0
22241,TGGGAGTGTGTGTGTGCGCGCGA,0,0,0.005747126,0,0.317397827,552.5,183.9642197,0,0,0,0,1,0
22242,TGTGTGTGAGTATGTGTGTGGAG,0,0,0.041062477,0.305343326,0.299915,455,189.2094685,0,-0.173913043,0,0,0,0
22243,GTCATCTCAGTCATGTGCTGTGG,0,0,0,0,0.025390982,412.5,163.6186245,0.008695652,0.130434783,0,0,0,0
22244,CCTGGCTCCTCTCTCCTCACTGG,0,0,0.132954546,0.694775111,0.694775111,530,199.912922,0,-0.043478261,0,0,0,0
22245,AGTGTGTGAGTGGGTGGGTGAGA,0,0,0.000348756,0,0.23590875,455,187.4262484,0,-0.173913043,0,0,0,0
22246,GGTGTGTGAGTGAGTGAGCGCGG,0,0,0.03240897,0,0.070548661,387.5,156.6782485,0,-0.630434783,0,0,0,0
22247,TGAGTCCTTTCTGCAGCTCCAGG,0,0,0.2734375,0.321774194,0.310333333,552.5,189.8032498,0,0,0,0,0,0
22248,GGTGAGTGTGTGGGTGTGTGTAG,0,0,0.018937198,0,0.243274677,462.5,185.954788,0,0.217391304,0,0,0,0
22249,GACTCTGTCACACCCACCTACAG,0,0,0.054070113,0.438724268,0.438724268,552.5,174.4474829,0.195652174,0.217391304,0,0,1,0
22250,AGTGAGTGAGAGAGTGAGTGAGA,0,0,0.015144231,0,0.130929356,357.5,182.4844847,0,0.043478261,0,0,0,0
22251,TAACAAAACGGATAGACTGCTAG,0,0,0.034391534,0,0.293524998,522.5,207.2241519,0,0.282608696,0,0,0,0
22252,GGCACTGAGGTAGCAGGTGGAAG,0,0,0.017777778,0,0.05553397,327.5,190.5148142,0.160869565,-0.239130435,0,0,0,0
22253,GGCCCAGAGGGTGCAGGTGAAGA,0,0,0.001102293,0,0.064999311,455,185.2439569,0,-0.086956522,0,0,0,0
22254,AGGATGGTGGAAGGTGGAGTGGG,0,0,0.022360248,0.161348581,0.155902215,425,192.3938409,0.026086957,-0.217391304,0,0,0,0
22255,GCCTCCACCCAGCCTGGCCCTAG,0,0,0.008417508,0.245051041,0.240915158,552.5,170.7277025,0,-0.347826087,0,0,0,0
22256,CCTGCCCACTCTCAACTCACTAG,0,0,0.058273052,0.129923692,0.127932524,522.5,197.0860812,0.056521739,0.239130435,0,0,0,0
22257,TGTGTGTGAGTATGTGGGTGTGA,0,0,0.001386413,0,0.299915,455,189.2094685,0,0.282608696,0,0,1,0
22258,TAACACAAAGGATAGCCTGAAGG,0,0,0,0,0.066578308,387.5,158.5438905,0.039130435,0.195652174,0,0,0,0
22259,GAGGGCGAGCAGAAGCAGCAGGA,0,0,0,0,0.085785,485,169.0016542,0.008695652,-0.086956522,0,0,0,0
22260,GGTGTGTGAGTGTGTGTGCATGG,0,0,0.043887147,0,0.080071819,417.5,129.0399691,0,-0.673913043,0,0,0,0
22261,GAGATGCCTTCTGTAGCACCTGG,0,0,0.189601139,0.13360573,0.13360573,522.5,205.0068314,0,0.347826087,0,0,0,0
22262,GAACACAGAGCACATACTGTGAG,0,0,0.006432749,0.065011224,0.065011224,357.5,155.256241,0,-0.239130435,0,0,0,0
22263,TGTACTGGGGCTGGAGTTGGGGG,0,0,0.110491071,0,0.601049167,552.5,194.586072,0,-0.434782609,0,0,0,0
22264,GAAACCGAAGCAGAGTCACTTGA,0,0,0.007813087,0,0.037108776,442.5,141.5145557,0.026086957,3.891304348,0,0,0,0
22265,AGTGAGTGAGTATGTGTGTATGG,0,0,0.3675,0,0.132110445,387.5,153.3601886,0.117391304,0,0,0,0,0
22266,GCCTCTCTCCTACCTACCTCTGA,0,0,8.90E-05,0,0.063678242,357.5,159.242114,0,-0.869565217,0,0,0,0
22267,ATGTTCTCCAGTGAGGAGAGGGA,0,0,0.002433646,0,0.176585759,552.5,197.3664733,0.004347826,0,0,0,0,0
22268,GGGGGGGGGGTCCTTGCTCCCAG,0,0,0.020838295,0,0.151190526,362.5,194.8808953,0.352173913,-0.217391304,0,0,0,0
22269,GGTGCGTGAGCGGGTGCGTGAGG,0,0,0.086956522,0.573968354,0.573968354,432.5,203.3822758,0.026086957,-0.260869565,0,0,0,0
22270,AATGAGTGAGTGTGTGTGTAAGA,0,0,0.023137019,0,0.268517165,485,160.836289,0,-0.217391304,0,0,0,0
22271,CCAGAGAGTAGATAGGAGGTTGG,0,0,0.01575,0.038071996,0.038071996,357.5,159.6355749,0,-0.347826087,0,0,0,0
22272,GAGTCCCAGCAGAGGAAGCAGAG,0,0,0.017209451,0,0.095316979,462.5,175.6296346,0,-0.260869565,0,0,0,0
22273,GGTGTGTGAATGTGAGTGTGTGG,0,0,0.091695906,0,0.142843894,455,177.7268109,0.004347826,-0.5,0,0,0,0
22274,GGTGCTGCGGCTGCAGGAGGTGA,0,0,0.008525546,0,0.045592311,455,180.7358821,0.9,0.043478261,0,0,1,1
22275,TACCCCCTCCCCTCAGCCTCTGA,0,0,0.004320988,0,0.086525729,327.5,189.2635742,0.013043478,0.065217391,0,0,0,0
22276,GAATCATAGCAGAAGATGAAGGG,0,0,0.053061224,0,0.235787213,552.5,193.5167241,0.013043478,0.195652174,0,0,0,0
22277,TGTATGTAGGGATGGGGAGTTAG,0,0,0.031296296,0,0.150567737,425,195.8517139,0,-0.260869565,0,1,1,0
22278,GACATGGGTTTCCTCACCATAGG,0,0,0.297916667,0,0.137119423,552.5,192.0340367,0,0,0,0,0,0
22279,TGGATGGATGGATGATGGGTAGA,0,0,0,0,0.016355892,387.5,166.2983768,0,-0.217391304,0,0,0,0
22280,TGAATGAATGAATGAGGAGAGGG,0,0,0.225,0.281689088,0.271673476,552.5,175.1914389,NA,-0.630434783,0,0,0,0
22281,GGCACACACAGACCACGTGAAGA,0,0,0.014509959,0,0.348294667,522.5,201.4521622,0.013043478,0.130434783,0,0,0,0
22282,GCATGCCCAAAGCCTGGTCTTGG,0,0,0.200571429,0,0.127597274,485,154.8227468,0,0.217391304,0,0,0,0
22283,GTGGAGTGTGTGTGTGGGTGGGG,0,0,0.011229946,0,0.367241041,552.5,193.4861086,0,-0.347826087,0,0,0,0
22284,GACATGTTTGTATTATTCTCTGA,0,0,0.00478824,0,0.195994071,425,192.8975583,0.017391304,-0.108695652,0,0,0,1
22285,TGGATGGAAAAAGGAGCAGTCGG,0,0,0.036828645,0.118061117,0.114442385,455,179.7630516,0,-0.304347826,0,0,0,0
22286,GGTGTGTGAGAGTGTGTGAGTGA,0,0,0.002525253,0,0.101174436,387.5,159.9474853,0,0.086956522,0,0,0,0
22287,GGGTGGTAGGTGTTGGCTCCAGG,0,0,0.008791209,0,0.13866372,425,193.279897,0,0.195652174,0,0,0,0
22288,AATGACCACTACATTCTCTTGGG,0,0,0.021538462,0.087432635,0.08542269,395,138.3073786,0,-0.413043478,0,0,0,0
22289,GAGTCACAGCAGCAGAAGACTGA,0,0,0.002121188,0,0.100237361,455,168.3939147,0,-0.239130435,0,0,0,0
22290,GCCCATTCCCCACCCACCATCAG,0,0,0.027388733,0.49875,0.49875,552.5,183.1902631,0.008695652,-0.043478261,0,0,0,0
22291,CCTATGAGCAGAGCTGAGGCTGG,0,0,0.083775049,0.242694227,0.242694227,522.5,199.6315981,0,0.282608696,0,0,0,0
22292,GAACACAAAGCAGGGACTCCAGA,0,0,0.003789772,0,0.046199873,365,168.5134949,0.2,-0.5,0,0,0,0
22293,ACATGAGAAACAAAGGCACAAGG,0,0,0.270769231,0,0.283021289,425,198.2388593,0.3,-0.108695652,0,0,0,0
22294,GGCAATGGTGCTGGAGGTGTGGG,0,0,0.137142857,0,0.40341275,552.5,173.7144828,0.004347826,-0.717391304,0,0,0,0
22295,ATGAACCCCAAAGAGTGGAGGAG,0,0,0.016013072,0.104406685,0.102729469,357.5,181.884524,0.239130435,0.891304348,0,0,0,0
22296,TGGATGCAGGAAAGAGCAATGGG,0,0,0.079993536,0,0.048184735,387.5,155.5833877,0,0.043478261,0,0,0,0
22297,GCCTCCCCCGAGCTTGGCGAGGG,0,0,0.029100529,0.038404883,0.037787938,455,167.8612986,0,-0.065217391,0,0,0,1
22298,GGTGTGTGTGTGTGTGTGAGAGA,0,0,0.002020202,0,0.111383028,485,162.2177886,0.230434783,-0.239130435,0,0,0,0
22299,GACACACCCAAAGACTAGGGAGG,0,0,0.432142857,0.295617384,0.290868511,522.5,207.0747348,0,0.173913043,0,0,0,0
22300,TGGATGGGAGAATTGGGAGTAAG,0,0,0.021185185,0,0.033302485,425,186.2941965,0,-0.152173913,0,0,0,0
22301,TGTGCATGTGTGTGTGCGTGTAG,0,0,0.077777778,0,0.50455783,620,212.1659156,0.039130435,0.065217391,0,0,0,0
22302,GGTGTGTGTGTGTGTGTGAGAGG,0,0,0.029090909,0,0.111383028,485,162.2177886,0,-0.195652174,0,0,0,0
22303,CGTGTGAGTGTGTGTGCGTGAGG,0,0,0.136363636,0.58761959,0.569608261,620,211.5687188,0,0.217391304,0,0,0,0
22304,GAGATCAATGTCCACCCCATGGA,0,0,0.021494709,0,0.282444886,530,205.8496346,0.017391304,-0.434782609,0,0,0,0
22305,CTTGCCACACAGGGGTTTAAAAG,0,0,0,0.017625176,0.017342041,412.5,164.3352607,0,-0.391304348,0,0,0,0
22306,CCCTGAATCACTGGATGGAGGAG,0,0,0.033986928,0,0.238549379,552.5,172.9014989,0,-0.652173913,0,0,0,0
22307,TTCATGGAGGAATGAAGATTTGA,0,0,0.011331261,0,0.08458401,485,170.3955742,0,-0.413043478,0,0,0,0
22308,GAGCCTGAGCAGAGGAAGACAGG,0,0,0.06372549,0,0.059518236,455,167.7636314,0,0,0,0,0,0
22309,GCGTCCCCAAAGCCAGGCTGTAG,0,0,0.026487788,0.056984069,0.054957969,387.5,136.5793786,0.213043478,0.195652174,0,0,0,0
22310,GCCTCCCCAGAGCTGGGCAAGGA,0,0,0.000606261,0,0.016574742,357.5,157.6140574,0,0.043478261,0,0,0,0
22311,GAATGTGGAGAAGAGGCCCAGGA,0,0,0.006928697,0,0.187751667,552.5,188.8908658,0.008695652,0.304347826,0,0,0,0
22312,GGTGTGTGAGTGAGTGAGTGTGG,0,0,0.117482518,0,0.443021127,462.5,188.6262484,0.834782609,1.47826087,0,0,0,0
22313,GATTTTTTTTTATTGTTGTCAAG,0,0,0.00487496,0.102743345,0.102743345,455,185.232599,0.030434783,0.043478261,0,0,0,0
22314,GAGGCTGAGCAGCAGGAGAACGG,0,0,0.023496241,0,0.060534271,455,189.7526696,0.208695652,0.52173913,0,0,1,0
22315,TGAATGAAAGAGTGAGGAGTGAG,0,0,0.090277778,0,0.289640613,522.5,204.6129384,0,-0.217391304,0,0,0,0
22316,AGGATGCAGGACTGAGGAGTGGG,0,0,0.180921053,0,0.945879111,530,210.3007188,0.12173913,0.391304348,0,0,0,0
22317,GGTCCCCCCCACCCCACCTCCAG,0,0,0.142592592,0,0.254924684,552.5,198.0437572,0.369565217,-0.195652174,0,0,0,0
22318,TGTGTATGAGTGTGTGAGTGCGA,0,0,0.011784512,0,0.368797917,552.5,195.1395849,0,-0.347826087,0,0,0,0
22319,GGCCCTGGGGCTGGAGGTGTTGG,0,0,0.158823529,0,1.397354497,560,179.2889831,0.017391304,-0.347826087,0,0,0,1
22320,TGTGAGTGAGTGGGTGTGTGTGA,0,0,0.008454106,0,0.499277778,462.5,189.9145684,0,0.130434783,0,0,0,0
22321,CCCAGCCCTGCAGAAACACATGG,0,0,0.100392157,0.358908061,0.35314247,522.5,195.613105,0,0.304347826,0,0,0,0
22322,TAGATGGAGGAATGAGTCATAGA,0,0,0.001998663,0,0.037635675,442.5,141.8025557,0,-0.173913043,0,0,0,0
22323,TCTATGGGGGAAGGAGGAGTAAG,0,0,0.017168339,0.564060529,0.545938102,522.5,205.8328625,0,0.02173913,0,0,0,0
22324,TTCTCCTCCAATGACTGGTGTGG,0,0,0.07486631,0.202836708,0.202836708,485,166.592289,0,-0.02173913,0,0,0,0
22325,CAGATGGGGCAATGAGGAGTTAG,0,0,0.055156695,0,1.317695783,620,210.8684466,0.004347826,-0.130434783,0,0,0,0
22326,GCAAGCCTTTCTGCAGCACCTAG,0,0,0.10051282,2.543507363,2.543507363,627.5,215.771863,0,0.02173913,0,0,0,0
22327,GACACAGCAGCTGAAGGTGGGAG,0,0,0.091666667,0,0.082792192,522.5,201.575051,0,-0.108695652,0,0,0,0
22328,GACAACCAAGAAGTGTTTTTGGG,0,0,0.157142857,0,0.080808209,425,197.6592308,0.32173913,0.456521739,0,0,0,0
22329,GTAGAGTGAGTGTGTGTGTGTGG,1,0.003581099,0.212121212,1.232921368,1.196117745,560,198.6458889,0.013043478,-1.130434783,0,0,0,0
22330,AAAGGAGAGGAAGAGTGACAAGA,0,0,0,0,0.060818669,485,176.0920827,0,0.108695652,0,0,0,0
22331,CAGATGGAGGAACTAGGAGTTGG,0,0,0.152689416,0,0.086676978,425,197.8214948,0.026086957,0.260869565,0,0,0,0
22332,TGCCCAGGCTGGGCACTTGAGAG,0,0,0.034327846,0,0.299915,455,187.3979715,0.169565217,-0.239130435,0,0,0,0
22333,AATGACCCCCACCCCCTCAACAG,0,0,0.003564467,0.072488853,0.072488853,425,189.9699414,0.026086957,-0.065217391,0,0,0,0
22334,GGGATGGAGGGATGCGGAGGTGA,0,0,0.002078005,0,0.103738294,357.5,161.6252948,0,0.108695652,0,0,0,0
22335,AGTGCGAGTGTGTGTGCGTGTGA,0,0,0.01640625,0,0.569608261,620,211.5687188,0,-0.565217391,0,0,0,0
22336,TCCTCTTTGCAACCCACATTTGG,0,0,0.25,0.109115238,0.105235585,455,183.5868027,0.056521739,0.391304348,0,0,0,0
22337,GTTGAGGGAGTGAGTGGGTGGAG,0,0,0.003952218,0,0.161125676,455,186.0913876,0.004347826,-0.608695652,0,0,1,0
22338,AAATGAGAAGAATATCCGCAGGG,0,0,0,0,0.004562706,290,152.7818987,0.034782609,1.065217391,0,0,0,0
22339,AAATGTGATACAGAGGCACAAAG,0,0,0.041481481,0,0.246570675,525,202.2324155,0.865217391,0.108695652,0,0,0,0
22340,TGGAGGGAGGAGTGGGTAGTAGA,0,0,0.005216049,0,0.076307487,357.5,175.0024469,0,-0.217391304,0,0,0,0
22341,TACTGAGAAGATGAGACACAGGA,0,0,0.009920635,0,0.132112168,455,193.6674737,0.182608696,0.108695652,0,0,0,0
22342,GGGTGGGTGGAGTTTTCGGCAGG,0,0,0,0.015697587,0.015193247,417.5,142.6404239,0.286956522,0.369565217,0,0,0,0
22343,TGGATGAAGGAAGGAAGAATAGG,0,0,0.186335403,0,0.021526687,387.5,159.2810728,NA,NA,0,0,0,0
22344,GGAGAGAGAGTGTGAGCATGTGA,0,0,0.017396255,0,0.05600939,455,176.6584643,0.382608696,1,0,0,0,0
22345,ATGTGAGAGGAAGAGCCACAGGG,0,0,0,0,0.155758982,552.5,197.1837938,0.013043478,0.260869565,0,0,1,0
22346,AATTGAGAAAAAGAAGGACAAGG,0,0,0.036474659,0,0.140844079,455,178.4871309,0.534782609,-0.304347826,0,0,0,0
22347,TGGAAGGGGGAAGGGGGAGTGGG,0,0,0.062173913,0,0.148388855,425,191.1055209,0.052173913,0.130434783,0,0,0,0
22348,TGTGTGTGAGTGTGTGTGTTTGA,0,0,0.008249158,0,0.268517165,485,159.787969,0,0.086956522,0,0,0,0
22349,GAAAACAAAGCATGGATTGAGGA,0,0,0.006367771,0,0.037875241,387.5,148.5635044,0.165217391,-0.304347826,0,0,0,0
22350,CCCCTCCACCCAGAGGCTCAAGA,0,0,0.002175426,0,0.030962232,485,171.6548605,0,0.108695652,0,0,0,0
22351,CAAGGAAAAGAAAAGGCACACAG,0,0,0.128205128,0,0.397317959,522.5,206.4438987,0,NA,0,0,0,0
22352,GGGGAAGACCGGGCATCCGCGGG,0,0,0.010258838,0,0.180287865,357.5,167.2426159,0,-0.065217391,0,0,1,0
22353,AGGATGGAGGAATGGGTGGTGGG,0,0,0.065,0,0.032020193,387.5,158.5835341,0.152173913,0.413043478,0,0,0,0
22354,AAATGAGACAAAGGTGCACAGGA,0,0,0.002469136,0,0.030671588,425,184.402277,0,-0.108695652,0,0,0,0
22355,GCCTCCCCAACGTCTGGGCAGAG,0,0,0.009679012,0.109720074,0.107076217,365,179.2472625,0,-0.086956522,0,0,0,0
22356,CCCTGCGGCTCTGGCTGGATTGA,0,0,0.012626263,0,0.433285513,530,201.3071775,0,-0.630434783,0,0,0,0
22357,GGTGAGTAGGTGTGTGTGTGGGG,0,0,0.311111111,0,0.628616737,560,192.3542916,0,-0.195652174,0,0,0,0
22358,GGCTGTGGGGCATTTGCTCCCAG,0,0,0.02481798,0.23304828,0.23304828,425,202.9398318,0,-0.108695652,0,0,0,0
22359,GTCTTCTTGATCACTACCTGAGA,0,0,0.007856341,0,0.119961706,522.5,197.7356986,0.269565217,0.152173913,0,0,0,0
22360,GAGCCCCTCCTGCCCACCTCAGG,0,0,0.068376068,0,0.069609734,357.5,187.43739,0,-0.52173913,0,0,0,0
22361,TGTGTGTGTGTGTGTGCGCGGAG,0,0,0.015604319,0,0.321904489,552.5,183.2038997,0.026086957,-0.02173913,0,0,0,0
22362,GCCTCCCCAAATTCTGTACATGA,0,0,0.002516847,0,0.019611338,290,155.5751347,0.565217391,0.608695652,0,0,0,0
22363,GGCTCGCCAGAGCCTGCCCAGAG,0,0,0.011787861,0.339662881,0.339662881,552.5,191.1961685,0.095652174,0.586956522,0,0,0,0
22364,AGGATGGAGGTATAGGGAGTGAG,0,0,0.038888889,0,0.033313524,327.5,187.1237101,0,-0.086956522,0,0,0,0
22365,GGCACAGAGGCTGGGTGTGGTGG,0,0,0,0,0.039900114,455,182.8187516,0,-0.304347826,0,0,0,0
22366,AACACCACTAAGCAGAGCTGTGG,0,0,0.302294197,0.165965944,0.160633704,455,170.8611261,0,-0.391304348,0,0,0,0
22367,AAATGTGATGAAGAGACACAAAG,0,0,0.111111111,0,0.178967784,560,197.3658098,0,0.260869565,0,0,0,0
22368,AACTTTTTTTCATTGTTATAGGA,0,0,0.011217949,0,0.082703287,485,154.8530828,0,-0.434782609,0,0,0,0
22369,GTTGAGTGAGAGTGTGAGTTAAG,0,0,0.040420875,0,0.149027027,387.5,154.6062053,0,-0.456521739,0,0,0,0
22370,TGGATGGATGAATGAATAGACGA,0,0,0.005208333,0,0.02413915,417.5,139.8280828,0.069565217,0.217391304,0,0,0,0
22371,AGCCCAGTCTCTGCACGTGACAG,0,0,0.014285714,0.403641598,0.390673193,425,202.1539989,0,-0.347826087,0,0,0,0
22372,TGGAGGGAGGAATGGGGTGGGGA,0,0,0.00254902,0,0.034681612,387.5,141.1437252,0,0.217391304,0,0,0,0
22373,AGTGACAACTAAATCCTCGACGA,0,0,0.011160714,0,0.167597955,455,178.1127188,0,-0.217391304,0,0,0,0
22374,GCCTCCCAAAATGCTGGGCATGA,0,0,0.000315657,0,0.053393411,357.5,173.4614288,0,0.065217391,0,0,1,0
22375,GGAGCTGCGGCTGGAGGAGGTGA,0,0,0.02507716,0,0.60893267,560,193.5750667,0,-0.282608696,0,0,0,0
22376,TGGATGGATGGATGAGAAGATGA,0,0,0.012638889,0,0.077890861,387.5,150.8864249,0.008695652,-0.173913043,0,0,0,0
22377,TGAATTGAGGAAGGAGGAGAGAG,0,0,0.019021739,0.158042703,0.152423407,455,170.2490955,0.830434783,0,0,0,0,0
22378,GAGTCAGAGCAGAACTAGAAGGG,0,0,0,0,0.078499781,462.5,187.1185685,0,-0.086956522,0,0,0,0
22379,ATATGAGAAAAAGAAGCAGAGGG,0,0,0.079857397,0,0.123105465,455,169.0132421,0.147826087,-0.47826087,0,0,0,0
22380,CTTTCCTCACAGGGCAGCAGGAG,0,0,0.025103981,0,0.088386347,485,153.382286,0,-0.695652174,0,0,0,0
22381,TGTGTGTGAGTGTGTGTGTAAGG,0,0,0.159090909,0,0.268517165,485,159.787969,0.27826087,-0.195652174,0,0,0,0
22382,TGTGTGTGAGTGTGTGTGTAAGA,0,0,0.01104798,0,0.268517165,485,159.787969,0.004347826,-0.086956522,0,0,0,0
22383,AAATAAGAAGAAAAGGAAAATAG,0,0,0.041481482,0,0.070548661,387.5,156.6782485,0,0.173913043,0,0,0,0
22384,TGGAAGGGGGAAGGAGGAGGCAG,0,0,0.004376243,0.25551675,0.25551675,455,168.1749426,0.043478261,0.391304348,0,0,0,0
22385,GCCTCCCCAAGGACAGGACATGG,0,0,0.077935223,0,0.015399591,260,163.8402409,0,0.02173913,0,0,1,0
22386,GAAACCACGGCTGGAGGTGGGGA,0,0,0.046296296,0,0.531673751,620,214.2628352,0,-0.065217391,0,0,0,0
22387,ATGAAGAGCAGTGAGGAAAGGAG,0,0,0.019970414,0.030658184,0.030658184,485,171.6024399,0.208695652,0.760869565,0,0,0,0
22388,GACACTGCCTCTGGGGGTGGGGG,0,0,0.240625,0,0.226695115,522.5,195.8014617,0.013043478,1.847826087,0,0,0,1
22389,GGATTCCCTGCTGCTGCCCCAGA,0,0,0.000841751,0,0.072720528,455,173.7043087,0,-0.043478261,0,0,0,0
22390,TGTGTGTGAGGGTGTGTGTGAGG,0,0,0.067878788,0,0.33831875,455,190.6954852,0.608695652,0.673913043,0,0,0,0
22391,TGTGTGTGAGGGTGTGTGTGAGA,0,0,0.004713805,0,0.33831875,455,190.6954852,0.234782609,0.391304348,0,0,0,0
22392,ATCACCTCCAGGGACTGGGGAGA,0,0,0.003584559,0,0.166452825,357.5,184.2677048,0,-0.239130435,0,0,0,0
22393,GAAGAAAAAGCAAAGACTGAAGA,0,0,0.011160714,0,0.154587634,455,169.9034955,0.004347826,-0.173913043,0,0,0,0
22394,GAGCCACTGCACCCGGCCTCTGG,0,0,0.014370748,0,0.146830007,522.5,198.7192141,0,-0.130434783,0,0,0,0
22395,GAGCCACTGCACCCGGCCTCTGA,0,0,0.000997969,0,0.146830007,522.5,198.7192141,0.056521739,-0.086956522,0,0,0,0
22396,AAGTGAGAAGATAAGGCCCAAGA,0,0,0.002487225,0,0.058261466,357.5,176.0332457,0,0.02173913,0,0,0,1
22397,GGCAGTGGGGCAGGAGGAGGTGA,0,0,0.014285714,0,0.144953165,455,181.6724293,0.02173913,0,0,0,0,0
22398,TGTGTGTGTGTGTGTGGGTGGAG,0,0,0.003327392,0.379196691,0.372455417,552.5,192.9657886,0,-0.217391304,0,0,1,0
22399,GGTAAAGAAGCAGCATCGGTCAG,0,0,0.005761317,0.172189308,0.172189308,552.5,184.2971499,0,0.173913043,0,0,0,0
22400,GGGTAGGGGAAGTTTTCCCCAAG,0,0,0,0,0.046671384,485,170.2081844,0.026086957,-0.173913043,0,0,0,0
22401,GGAGTGTGACTGTGTGTGTGTGG,0,0,0.048484849,0.543897002,0.52553761,552.5,191.4058325,0.008695652,-0.152173913,0,0,0,0
22402,AAATGAGAAAATGATGCAGACAG,0,0,0.001440329,0,0.05473002,357.5,161.5371416,0,0.369565217,0,0,0,0
22403,CCCATTCATATAGAGACCCACAG,0,0,0.012228101,0,0.091110952,455,180.7688626,0,-0.347826087,0,0,0,0
22404,TGGATAGATGAATGGAGAGTTGG,0,0,0.346666666,0,0.02437897,455,181.9587882,0.265217391,0.630434783,0,0,0,0
22405,AGTTGAGAATAAGAGGCAAAGGG,0,0,0.196638656,0.4696153,0.452917868,552.5,182.6922636,0,0.152173913,0,0,0,0
22406,TGAATGAAGGAATGAAGTGTCAG,0,0,0.097222222,0,0.035946325,485,173.57706,0,-0.108695652,0,0,0,0
22407,CTCATACATACAGAGAGACAAGA,0,0,0.002988569,0,0.339662881,552.5,191.1961685,0,-0.130434783,0,0,0,0
22408,CTCATCCTTCCAGAGACTTAGGA,0,0,0.006243756,0,0.097755,485,159.6888498,0.004347826,-0.391304348,0,0,0,0
22409,CCTTGCCCAAAGTCTGGCCATGA,0,0,0.014322917,0,0.573580538,522.5,207.8843595,0,0.086956522,0,0,0,0
22410,GGCCCTGAGTGAGCCGGTGACAG,0,0,0.004810005,0.024776994,0.02437897,455,181.9587882,NA,-0.543478261,0,0,0,0
22411,GGCTCTGCCGCTGGAATTGGAGA,0,0,0.005948912,0,0.060818669,485,176.0920827,0.086956522,0.195652174,0,0,0,0
22412,GACACCTCCAATTACTACGTCAG,0,0,0.021937322,0.052902764,0.052902764,387.5,146.8997463,0,-0.391304348,0,0,0,0
22413,GGTGTGTGTGTGTGTGAGGGAGA,0,0,0.001767677,0,0.111383028,485,162.2177886,0,0.152173913,0,0,0,0
22414,TTTATGGAGGGATAAGGAGTGGG,0,0,0.155113636,0.122563934,0.122563934,425,200.5627316,0.117391304,0.391304348,0,0,0,0
22415,GGAGCTGGGGCTGGGGGTGGAGG,0,0,0.226339286,0,0.397208228,522.5,200.4915615,0.026086957,-0.282608696,0,0,0,1
22416,GGTGAGTGAGTGTCCACGAGTGG,0,0,0.033395176,0,0.002823269,325,145.317368,0,-0.565217391,0,0,0,0
22417,GAGTTGTTTTCACTGTTATTGGA,0,0,0.004428138,0,0.049380145,387.5,146.6117463,0.647826087,0.456521739,0,0,0,0
22418,GCCACGTTCCCACCCACCCCGAG,0,0,0.001769197,0.128104558,0.125827144,485,148.6548161,0,0.260869565,0,0,0,0
22419,CACTGTGTCTTTTGATTGATGAG,0,0,0.004351204,0,0.130929356,357.5,182.2444847,0,-0.282608696,0,0,0,0
22420,ATGAAAACAAGTCAGTAAAGAGA,0,0,0.016111708,0,0.042147338,455,178.5315818,0.047826087,0.630434783,0,0,0,0
22421,GAAGACCCCTACATCCACAAGAG,0,0,0.042328042,0.611927885,0.601049167,552.5,194.586072,0.117391304,NA,0,0,0,0
22422,CCCATCCGTCCTGGGACAGAAAG,0,0,0.003696845,0.034134988,0.033038282,357.5,165.996898,0.104347826,0.282608696,0,0,0,0
22423,CCACTGCATCCAGAGTCACACAG,0,0,0,0.156877149,0.154229434,552.5,198.7239901,0,0.130434783,0,0,0,0
22424,AGGAAAGACACAGAATCCATAGA,0,0,0.013541667,0,0.072298905,455,171.821079,0,0.217391304,0,0,0,0
22425,GAAGGAGAAGAAGAGGGAGAAGA,0,0,0.000319138,0,0.202836708,485,166.592289,0,-0.326086957,0,0,0,0
22426,GCCTTTTTTTCATTTTTCTAAGG,0,0,0.037414966,0.113084086,0.113084086,455,165.8293945,1,0.195652174,0,0,0,0
22427,GGGAGGGAGGAGTGAGGAGTGAG,0,0,0.114625156,0,1.384888889,530,211.3955796,0,0.065217391,0,0,0,0
22428,AATTAAGTAGAAGAGTCACATAG,0,0,0,0,0.254924684,552.5,196.9954372,0.604347826,-0.130434783,0,0,0,0
22429,AAAAGAAAAAAAGAGACACAGAG,0,0,0.115226337,0.162635484,0.162635484,552.5,193.6630569,NA,-0.456521739,0,0,0,0
22430,GAAAGCCCTTCAGCAGCATCTGA,0,0,0.013885602,0,0.245385,455,179.2075796,0,0.130434783,0,0,0,0
22431,GTCATCTCTGTCATTACATTCAG,0,0,0.058632479,0,0.07506541,485,149.5794695,0,-0.065217391,0,0,0,0
22432,GGTGGGTGTGTGTGTGTGGGTGA,0,0,0.0035,0,0.111383028,485,162.2177886,0,0.282608696,0,0,1,0
22433,AAACATGAAGCATAGACAGCAAG,0,0,0.101960784,0.132961923,0.128234388,552.5,189.6075019,0,-0.065217391,0,0,0,0
22434,GTCCCCTCCAATGTCTTGAGGGG,0,0,0.017927171,0,0.028610794,387.5,154.9531044,0,0.043478261,0,0,0,0
22435,CATGAGTGTGTGTGTGCGTGAGA,0,0,0.02518315,0,1.632770745,627.5,216.2002196,0.152173913,0,0,0,0,0
22436,GGCCCTGCAGCTGGAGGCGCAGA,0,0,0.002894015,0,0.079068899,485,151.8056864,0.004347826,-0.652173913,0,0,0,0
22437,CTTGGGCCTCAGGGCAGTACTGG,0,0,0.040909091,0.244064714,0.244064714,552.5,175.0283157,0.043478261,0.347826087,0,0,0,0
22438,GGTGTGTGTATGTGTGTGTGAGA,0,0,0.006599327,0,0.325662758,552.5,187.9740522,0.026086957,-0.217391304,0,0,0,0
22439,AAATGGGAGGAAGAGACAGAAGG,0,0,0.05952381,0,0.030105241,485,165.4178098,0,-0.391304348,0,0,0,0
22440,ACCTCCCCATCCCCTGGCCAAAG,0,0,0.043598616,0,0.359810011,460,200.2620794,1,0.652173913,0,0,0,0
22441,GCCTCCTCCCCAGCCACTTTGGA,0,0,0.005534238,0,0.068980913,455,179.3915452,0.013043478,0.282608696,0,0,0,0
22442,GGTGTGTGCGTGGGTGTGTGCAG,0,0,0.006558337,0,0.136842006,455,183.466468,0.004347826,-0.434782609,0,0,0,0
22443,AAATAAGAATAAAAAGCACATGG,0,0,0.611764706,0,0.136666136,425,189.2136015,0,0.086956522,0,0,0,0
22444,GCCCCCCCCAACTCCGCCTCTGA,0,0,0.033101852,0,0.509948268,522.5,201.3691261,0.97826087,3.739130435,0,0,1,0
22445,GCCCCCCTCAACCCTGCCTGGAG,0,0,0.000692326,0,0.172149493,455,162.6236421,0,-0.347826087,0,0,1,0
22446,AGTGAGTGAGTGTATGTGTGTGA,0,0,0.021875,0,0.192228395,462.5,187.7747043,0,0.239130435,0,0,0,0
22447,CCCTACCCTCCAGAGACACACGA,0,0,0.009469697,0,2.426564496,627.5,215.138263,0,-0.239130435,0,0,0,0
22448,GATGACAAAGTATAAACTGCAAG,0,0,0.026498684,0.220450566,0.220450566,425,197.3612947,0,0.130434783,0,0,0,0
22449,AAGTGAGAAAGAGAAGCACAGGA,0,0,0.024231421,0,0.203034972,425,193.2431583,0.3,-0.413043478,0,0,0,0
22450,GAGGTGTTTGCATTATTCTCTGA,0,0,0.010212418,0,0.365828778,522.5,198.599642,0.913043478,1.108695652,0,0,0,0
22451,GGGAGGGAGGGAGGAGGAGTCGG,0,0,0.103803403,0,0.322857199,425,202.1822758,0.1,0.282608696,1,0,1,0
22452,GAGTCTGAGGGGAAGGAGAATGG,0,0,0.045138889,0,0.07610128,455,188.90377,0.02173913,0.434782609,0,0,0,0
22453,GGGAAAGTCTCAGCATCTCTTGA,0,0,0.008072194,0,0.081354538,485,154.9371134,0,-0.543478261,0,0,0,0
22454,GGGTAGGGGGAGGCTGCTGCAAG,0,0,0.002093398,0.028257073,0.027303248,357.5,166.0251749,0.043478261,-0.173913043,0,0,0,0
22455,GGTGTGTTGGTGGGTGCGTGTAG,0,0,0.010247402,0,0.322750216,522.5,201.3527622,0.286956522,-0.130434783,0,0,0,0
22456,GAATGAGAAGAAAAAGCAAAAGG,0,0,0.372333549,0,0.054642629,357.5,164.745658,0.282608696,0.260869565,0,0,0,0
22457,TGCACTGGGGTTTGAGGTGGAGA,0,0,0.004120879,0,0.322857199,425,200.3707788,0.026086957,0.52173913,0,0,0,0
22458,AATGATCATTACAACTTCAATGG,0,0,0.154761905,0.013775269,0.01355398,455,184.5266251,0,NA,0,0,0,0
22459,CCAGCGAGTTGTGAGGAGGCTGA,0,0,0.007148693,0,0.096597642,425,193.5646585,0,0.326086957,0,0,0,0
22460,ATGAGCCCCAGTGACTAGCGAGA,0,0,0.001234326,0,0.086670755,455,170.5734777,0,0.282608696,0,0,0,0
22461,AGATGAGAAGAATAGACACTTGG,0,0,0.144,0,0.046424874,387.5,155.0346536,0.026086957,-0.739130435,0,0,0,0
22462,AAATGAGAAGACATGGCAAAAGA,0,0,0.003855793,0,0.012197961,295,159.5973944,0.6,0.043478261,0,0,0,0
22463,AAGTCTGAGGACAAGAAGAATGG,0,0,0.172058824,0.405245255,0.392225327,522.5,204.7061791,0.139130435,-0.173913043,0,0,0,0
22464,CTTGAGAGAGTGTGTGTGTGAGA,0,0,0.01288931,0,0.416345417,552.5,195.5907081,0,0.173913043,0,0,0,0
22465,CCCATCCAAACTGGGACACATGA,0,0,0.008693416,0,0.053832486,425,190.8931981,0,0.02173913,0,0,0,0
22466,AAACATGAGGAAGAGGCACAGGG,0,0,0.26704015,0,0.482379464,622.5,211.2923156,0,-0.347826087,0,0,0,0
22467,CCTGCCACCGGCCAACTCACTGA,0,0,0.008908991,0,0.037929701,327.5,191.2314504,0,-0.217391304,0,0,0,0
22468,AAAAAAGGAGAAGAGGCACAGAG,0,0,0.078463649,0,2.426564496,627.5,215.138263,0,-0.086956522,0,0,0,0
22469,AAAATCCAAGTCCTCCCCATCAG,0,0,0.129097222,0.579392916,0.561633746,620,212.3290388,0.017391304,-0.217391304,0,0,0,0
22470,GGGGCTGAGGCTGGAGGGGGAGA,0,0,0.004701968,0,0.305988667,552.5,189.2752498,0,-0.326086957,0,0,0,0
22471,ATAAACACCAGTGGGTTGTGAAG,0,0,0.00651472,0.028720835,0.028210243,387.5,155.2987044,0.026086957,-0.086956522,0,0,0,0
22472,ACCACTGCAGCTGGAGCTGGGGA,0,0,0.006544926,0,0.372455417,552.5,194.0141086,0,0.673913043,0,1,1,0
22473,GAGTGCCAGGAGAAGCAGAAAAG,0,0,0,0.15993614,0.15479763,552.5,193.2483369,0.260869565,0.326086957,0,0,0,0
22474,GAGGCAGGGAAGAAGAAGAAGGG,0,0,0.368849206,0,0.760552802,620,208.4488626,0.356521739,0.739130435,0,0,0,0
22475,AGGAAGGAGGAAAGAAGAGTAGG,0,0,0.346153846,0.105393,0.105393,455,191.1239336,0,-0.152173913,0,0,0,0
22476,GAGTCCGAGAAAAAAGAGAAAGG,0,0,0.146405229,0.028510336,0.028510336,357.5,174.9967157,0,-0.543478261,0,0,0,0
22477,AAATAAGAACTATAGGCACATGG,0,0,0.032,0.278546644,0.270008816,425,197.1905393,0,0.217391304,0,0,0,0
22478,AAAAGAGAGGAAGAGGTAGAGGA,0,0,0.001286008,0,0.117323456,485,162.6325086,0,0.739130435,0,0,0,1
22479,GGTGAATGGGTGGGTGGGTGGGA,0,0,0.000710429,0,0.078799562,455,182.968804,0,-0.304347826,0,0,0,0
22480,CCCAGCCAATCAGAGCCACAAGA,0,0,0,0,0.138479285,552.5,191.6717373,0.42173913,1.217391304,0,0,0,0
22481,AATTTCCAAGACATCCTCAAAAG,0,0,0.014692378,0.768095474,0.768095474,620,208.0865632,0.008695652,0.347826087,0,0,0,0
22482,ACCTCACCCATGCCTGGCCACAG,0,0,0.038095238,0,0.293524998,522.5,207.2241519,0.008695652,-0.52173913,0,0,0,0
22483,TGGATGGGTGAATGAAGAGATGG,0,0,0.22,0,0.065873728,485,157.7143769,0.008695652,-0.652173913,0,0,0,0
22484,AGTGCGTGTGTGTGTGTGTGCGA,0,0,0.00875,0,0.372455417,552.5,192.9657886,0.056521739,0.152173913,0,0,0,0
22485,TCAGTGAGAAGAGTGGATGCTAG,0,0,0.117695473,0.029294001,0.028252436,455,178.1777017,0.004347826,-0.239130435,0,0,0,0
22486,GGTATCCCATCTGCAGCTACCAG,0,0,0.036414566,0.059958029,0.058892109,485,158.5408864,0,0.065217391,0,0,0,0
22487,CCCTGTCGCCCAGGATGGATTGG,0,0,0.215111111,0,0.403866344,522.5,201.0091654,0,-0.304347826,0,0,0,0
22488,GATTTGTTTTCATTAATCCCAGA,0,0,0.011268875,0,0.022668515,387.5,156.4285526,0,-0.195652174,0,0,0,0
22489,CCCCTCCATGCAGAGAGCCAGGG,0,0,0.00153787,0.108117457,0.104467922,485,166.9252192,0,-0.173913043,0,0,0,0
22490,GAATGAGAAGGAGAGGGAGAAAG,0,0,0.001239107,0,0.112574373,387.5,161.2358053,0.02173913,-0.260869565,0,0,0,0
22491,GTCTCCACAAAGCCTGGTCCTAG,0,0,0.025826446,0.09336586,0.09336586,485,154.015886,0.139130435,0,0,0,0,0
22492,CCAGTTAGTGGAGGGCAGGCCGG,0,0,0,0,0.020430794,455,183.494669,0,-0.239130435,0,0,0,0
22493,TGGATGGAGGAGAGAGAAGGAGG,0,0,0.082352941,0,0.041724123,290,143.860868,0,-0.456521739,0,0,0,0
22494,CAAGACAAAGCAAAGACTGGAGA,0,0,0.001010019,0,0.26991206,455,171.6894795,0,-0.782608696,0,0,0,0
22495,ACCAGTGCAGCTGGAGGTGGGGA,0,0,0.01668956,0,0.833979885,620,213.7118996,0.565217391,0,0,0,0,0
22496,GGTGTGTGTGTGTGTGTGTAAGG,0,0,0.095454546,0,0.155313909,485,155.8281887,0.008695652,-0.282608696,0,0,0,0
22497,CCCTATTCAAAGCCTGGCCATGG,0,0,0.307944606,0.564014727,0.564014727,622.5,213.7425152,0.026086957,-0.043478261,0,0,0,0
22498,CCTGCCTCCTCTTTCCTCCCTGA,0,0,0.002228644,0,0.043049833,357.5,159.7539215,0,NA,0,0,0,0
22499,AACTCCACTCAGTAGAGCAGGGA,0,0,0.007770008,0,0.45934875,552.5,179.4868467,0,-0.52173913,0,0,0,0
22500,GTACTGAGTAGAGCTGAGGCTGG,0,0,0.062776099,0.416921397,0.402848101,522.5,203.8793784,0.008695652,-0.239130435,0,0,0,0
22501,TGGATGGAGGGAAGATGGGTGGG,0,0,0,0,0.009883319,290,160.7588366,0,-0.043478261,0,0,0,0
22502,AAAAGAGAAGAAGACTCAAATAG,0,0,0,0,0.02299038,387.5,156.0829526,0,-0.239130435,0,0,0,0
22503,CACTTAGAAGAAGGGGCACAGAG,0,0,0.013333333,0.224627092,0.220835918,522.5,205.7444954,0,0,0,0,0,0
22504,AAAGGTGAAGCAGAGGGACACGA,0,0,0.000729458,0,0.194319155,455,189.3242212,0,-0.02173913,0,0,0,0
22505,CCCATCCAAGCAGAGTCACGGGA,0,0,0,0,0.057745862,485,155.8224574,0.004347826,0.152173913,0,0,0,0
22506,TGTGTGTGAGTGTGTGAGGGGAG,0,0,0.010998878,0,0.202836708,485,166.177569,0.02173913,-0.086956522,0,0,0,0
22507,GGGTCCCCTGAGCCTGGCCACAG,0,0,0.030059045,0.781289715,0.757342138,620,209.4804832,0,-0.02173913,0,0,0,0
22508,AATGGCCTCTACATGTTCAAGGG,0,0,0.004747253,0,0.065950602,455,183.3164156,0,-0.152173913,0,0,0,0
22509,CATTTGTTTTCATTGTTCTCTGG,1,0.114413258,0.491071428,5.383333333,5.383333333,635,221.072,0,-0.260869565,0,0,0,0
22510,TAATGAGAAGAGCTGGCACAGGA,0,0,0.011262725,0,0.042645073,362.5,190.3453944,0.047826087,-0.173913043,0,0,0,0
22511,GCCTTTTTCCCCCCACCCTTGAG,0,0,0,0,0.032447696,357.5,178.7001321,0,-0.152173913,0,0,0,0
22512,GCCTCATCTAAGCCTGGCCAGGG,0,0,0.452678572,0.598878019,0.585715865,627.5,212.2710548,0.617391304,1.043478261,0,0,0,1
22513,GGTGTATTTGTGTGTGCGTGTGA,0,0,0.009469697,0,0.482379464,620,209.0660987,0,-0.130434783,0,0,0,0
22514,TGGTTGGAGTATTGGGGAGTGAG,0,0,0.029043911,0,0.173746095,425,191.4115416,0,-0.02173913,0,0,0,0
22515,GGAGTGTGAGAGTGTGTGTGTGA,0,0,0.006313131,0,0.316692045,455,190.1674852,0.969565217,-0.97826087,0,0,0,0
22516,CCCTCTGCCCCACCCACCTCCAG,0,0,0.009902951,0.485473295,0.476356426,552.5,176.5794023,0,-0.456521739,0,0,0,0
22517,GGCACTGCTGGTGGAGGCAGCAG,0,0,0.010582011,0,0.029954105,387.5,152.8388027,0,-0.543478261,0,0,0,0
22518,AAAGGAGGAGAAGAAGCAAAGGA,0,0,0.012838469,0,0.133665,455,170.2715615,0,-0.608695652,0,0,0,0
22519,TCCATCCATCCTGAGACAACAAG,0,0,0.008417508,0,0.108090364,387.5,143.5982997,0,-0.043478261,0,0,0,0
22520,GTCATCCAAGTCATTACCAATGA,0,0,0.010230655,0,0.134857107,485,145.8314024,0,-0.239130435,0,0,0,0
22521,AATGACCAATAAATACTGAAGGA,0,0,0.001259763,0,0.022591897,357.5,167.8937643,0,-0.652173913,0,0,0,0
22522,TGGTTGGAGGAGTCAGGGGTTGG,0,0,0.078787879,0,0.021598022,357.5,173.5477816,0,-0.195652174,0,0,0,0
22523,GAGCCCCTGCGCCCAGCCTCAAG,0,0,0.011591221,0,0.134695296,425,194.2751144,0.12173913,2.195652174,0,0,0,0
22524,TGTAGGGAGGAATAAGGAATTAG,0,0,0.044444444,0,0.073273358,455,174.9964954,0.004347826,0.347826087,0,0,0,0
22525,TGGTTGGGGGAAGGAGGAGGAGG,0,0,0.021483376,0,0.25551675,455,168.5896626,0,-0.456521739,0,0,0,0
22526,AGGATGGAGGGATGGGGAGGTGG,0,0,0.074558823,0,0.103738294,357.5,161.6252948,0.013043478,0.065217391,0,0,0,0
22527,GCCTGGCCACAGCCAGGCCAAGG,0,0,0.057894737,0.217139377,0.213651194,522.5,196.926938,0,-0.456521739,0,0,0,0
22528,TTCCACCCCCACCCCGCCTCAGA,0,0,0.028860029,0,1.364942529,620,214.571863,0.473913043,1.108695652,0,0,0,0
22529,CTGAGGAAGGAATGAGGAGTGAG,0,0,0.09050505,0,0.932255747,620,215.2884992,0,-0.847826087,0,0,0,0
22530,ATTGCCTATGCTCTACTCACCAG,0,0,0.134048821,0.860350791,0.833979885,620,211.9004027,0,0.02173913,0,0,0,0
22531,GCCAGTGCGGCTGTAGGTGCTGG,0,0,0.047472528,0,0.10391963,455,168.8948954,0.004347826,0.065217391,0,0,0,0
22532,TACTTGTTTTTGTTGTTGTCGGG,0,0,0.02962963,0,0.08473962,357.5,179.8304826,0,-0.304347826,0,0,0,0
22533,GCCTCTTTCCATCCCACTTCTGG,0,0,0.01461039,0.031930501,0.031930501,290,142.6928826,0,0.260869565,0,0,0,0
22534,GGACAGTGAGTGTGAACGTGGGG,0,0,0.218929677,0,0.068319815,455,186.3029525,0,-0.434782609,0,0,0,0
22535,TGGATGGATTAACTAGGAGTGGA,0,0,0.006335283,0,0.042343846,425,189.109978,0.126086957,-0.369565217,0,0,0,0
22536,GCCTCTCTCCCAGTCATCTTCAG,0,0,0.008317901,0.022047911,0.021693728,357.5,174.6922029,0,-0.108695652,0,0,0,0
22537,GAACAACAAGGATAAACTGCCGG,0,0,0.095588235,0.087934517,0.087934517,425,194.5937299,0,0,0,0,0,0
22538,GGGTGGGGGCAGGGTGCTCCAGA,0,0,0,0,0.128869072,432.5,194.2697584,0,-0.456521739,0,0,0,0
22539,GGTGAGTATGGGTGTGTGTGGGG,0,0,0.112,0,0.186788635,455,184.9242079,0.060869565,0.239130435,0,0,0,0
22540,CAATGAGAAAAAAAGGCATAAAG,0,0,0.088362919,0,0.187783063,455,173.9609431,0.126086957,-0.086956522,0,0,0,0
22541,TGGATGGATGAATGATGGGAGGA,0,0,0,0,0.012289022,417.5,135.3908606,0,0.043478261,0,0,0,0
22542,CACTTTGTTTCATGGTTCTCTAG,0,0,0,0.094137205,0.092548391,522.5,203.3916506,0,-0.130434783,0,0,0,0
22543,GAGTCTGCACAGAATAAGAATGG,0,0,0.036547272,0.141738197,0.141738197,522.5,196.1473971,0.67826087,2.239130435,0,0,0,0
22544,TGGAAGGAGGAAGGAGGATGGGA,0,0,0.001065644,0,0.080487776,387.5,140.5267596,0.82173913,1.52173913,0,0,0,0
22545,TGGATCTTGGAATGAGGACTTGG,0,0,0.074851257,0,0.195655995,555,181.1830183,0,0.043478261,0,0,0,0
22546,CAGTGTGTTCCTGGATGGATGGA,0,0,0.011784512,0,0.757342138,620,209.4804832,0.117391304,1.695652174,0,0,0,0
22547,AATGGAGAAGAAGAGGGAGATGG,0,0,0.003243945,0,0.189330488,485,166.064289,0,-0.217391304,0,0,0,0
22548,CCAGTTAGGAGGGCGGAGGTGGG,0,0,0.089417989,0.117982375,0.113999847,455,168.6005353,0.486956522,0.47826087,0,0,0,0
22549,GGGAAAGTCCCTGCTTCCTTCAG,0,0,0.004938272,0.06139716,0.05942456,357.5,163.4290611,0,0.02173913,0,0,0,0
22550,TGTGAGTGTGTGAGTGGGTGTGA,0,0,0.001696833,0,0.144140246,455,184.754788,0.669565217,0.434782609,0,0,0,0
22551,TATGAGCACGACTTCCTCAAGGA,0,0,0.005208333,0,0.324139902,522.5,202.922959,0,-0.043478261,0,0,0,0
22552,GAATGAAAAGAAGTGGCCCAAAG,0,0,0.026337448,0,0.031581692,455,179.7543013,0.191304348,-0.065217391,0,0,0,0
22553,TGAGAGTGGGTGTGTGAGTGAGG,0,0,0.222222222,0,0.367241041,552.5,193.7261086,0,-0.369565217,0,0,0,0
22554,GGGTGGGGGTGGTTAGCCCCTGA,0,0,0.009099898,0,0.036648638,357.5,168.347825,0,0.065217391,0,0,0,0
22555,GGTGTGGTGGTGTGTGCGTGTGG,0,0,0.08912656,0,0.544570536,622.5,208.4689019,0,0.130434783,0,0,0,0
22556,AAAATAGAAGATGAGGAACATGA,0,0,0.00154321,0,0.28472943,455,188.3358685,0,-0.173913043,0,0,0,0
22557,TGTGTGTGTGTGTGCGCGTGTGA,0,0,0.004132231,0,0.24614019,522.5,199.7448781,0,-0.217391304,0,0,0,0
22558,TGTGTGTGTGTGTGCGCGTGTGG,0,0,0.059504132,0,0.24614019,522.5,199.7448781,0,0.086956522,0,0,0,0
22559,TTCTCCCCGAAGGCTGGCCATAG,0,0,0.021426385,0,0.355433782,522.5,205.5008991,0,0.173913043,0,0,0,0
22560,AATGAAAACAACCTCCTCAATAG,0,0,0.032581454,0,0.201030077,522.5,200.5397782,0,0.043478261,0,0,0,0
22561,TGGAAGAAGCAATGAGGAGGGAG,0,0,0.009150327,0,0.415325641,552.5,173.3991629,0,-0.065217391,0,0,0,0
22562,CCTTGTGTTAATGGATGGATAGA,0,0,0.026855469,0,0.420324886,525,203.4903995,0,-0.02173913,0,0,0,0
22563,GTGTTCCAGAAGAAGAAGAAAAG,0,0,0.071492705,0,0.858607543,620,210.2967628,0,-0.434782609,0,0,0,0
22564,GGCACTGAGCTAGGAGGTGGCAG,0,0,0.016592593,0,0.328178361,460,197.1622625,0.434782609,0.630434783,0,0,1,0
22565,GAGTGAGAGCAGAGGAAAAATAG,0,0,0.046666667,0,0.026558543,455,179.0631781,0,-0.173913043,0,0,0,0
22566,AAAGTGAGAAGAGAGGAGGCAAG,0,0,0.061279461,0,0.136846598,522.5,203.361035,0,-0.108695652,0,0,0,0
22567,GGTGTGTGTCTGTGTGAGTGTGA,0,0,0.002828283,0,0.325662758,552.5,187.9740522,0,-0.934782609,0,0,0,0
22568,AAACACAAAGAAAAGACTGAGGG,0,0,0.233653846,0,0.149801193,357.5,166.3329958,1,3.47826087,0,0,0,0
22569,TGTGAGTAAGTGTGGGCCTGGAG,0,0,0.006172839,0,0.083169333,455,176.4698282,0,-0.130434783,0,0,0,0
22570,TGGATGGTGGGATGAGGAAGAGG,0,0,0.035114046,0,0.10958374,387.5,141.9844995,0,-0.586956522,0,0,0,0
22571,GAGCCACTGCACCCAGCCTCCGA,0,0,0.004435416,0,0.146830007,522.5,198.7192141,0.552173913,0.913043478,0,0,0,0
22572,GCATGTTTCCCTCCCACCTCTAG,0,0,0.004085297,0.332103316,0.320295198,455,172.5299796,0,-0.608695652,0,0,0,0
22573,TGCACTGCGACTGGAGGGAGAGG,0,0,0.222222222,0,0.0951046,485,158.0369304,0,-0.47826087,0,0,0,0
22574,GCGAAAGACCCACCCTCGGTGAG,0,0,0.002748129,0.032769094,0.032186532,357.5,169.8303246,0,-0.086956522,1,0,1,0
22575,TGTGAGTGTGTGTGTGCTGGGGA,0,0,0.006944444,0,0.06309328,485,159.0688864,0,0.130434783,0,0,0,0
22576,CCAAGTGTCTGTGGATGGACAGA,0,0,0.000651355,0,0.361308608,455,174.4307164,0,0.02173913,0,0,0,0
22577,GCCTCTTTCCTACCTTCTTTTGG,0,0,0,0,0.006844263,290,156.0511355,0,-0.173913043,0,0,0,0
22578,AATGGCCTCTACATGTTCAAGAG,0,0,0.001230769,0,0.065950602,455,183.3164156,0.069565217,0.173913043,0,0,0,0
22579,ACAGTGGGTCAAGCGGAGGCTGG,0,0,0.235294117,0.507647329,0.499492352,522.5,205.5949991,0.073913043,0.391304348,0,0,0,0
22580,GACACTGGGTCTGGGGGTGGTAG,0,0,0.074479167,0,0.371023101,522.5,196.661425,0.017391304,-0.326086957,0,0,1,0
22581,CCTTCCTCACAAGGCAGTAAGAG,0,0,0.061279461,0,0.480774398,522.5,207.9871188,0.017391304,-0.565217391,0,0,0,0
22582,GGTGGGTGAATGGGTGGGTGTGG,0,0,0.01031202,0,0.206270847,455,182.434512,0.1,-0.52173913,0,0,0,0
22583,AGACGGGAGGAATGAGGAGTAGG,0,0,0.169411764,1.30580855,1.286675824,622.5,216.51008,0,-0.239130435,0,0,0,0
22584,GGGTGGGGCTTGTTTGCTCTTGG,0,0,0.040384615,0,0.186331124,457.5,166.8807996,0,-0.47826087,0,0,0,0
22585,GGAGAGTGTGTCTGTGTGTGTGA,0,0,0.007352941,0,0.171534106,455,186.0100081,0,0,0,0,0,0
22586,AAAAGGCAAAAAGAGGCACAAAG,0,0,0.056584362,0.519457564,0.519457564,620,209.1654988,0,0.369565217,0,0,0,0
22587,ACTGTGTGAGTGTGTGCATGTGA,0,0,0.010892953,0,0.310333333,552.5,192.2483467,0.008695652,-0.086956522,0,0,0,0
22588,CACTCCGCCTCTGGATGGATAGA,0,0,0.036075036,0,0.82579023,620,212.785879,0,0.260869565,0,0,0,0
22589,GGCAGTGCAGCTGTAGGTGGCAG,0,0,0.026666667,0,0.243282841,530,203.512715,0.065217391,-0.217391304,0,0,0,0
22590,GGTCCAGAGTGAGCATGAGAGGG,0,0,0.087301587,0.032156961,0.032156961,485,172.0004605,0,0.239130435,0,0,0,0
22591,GGGTGAGGGGGGTTTGTTTCTGG,0,0,0.14,0.062261359,0.061210534,387.5,159.4498213,0.008695652,0,0,0,0,0
22592,GCCTGGGCAAAGCCTGGCCGCGA,0,0,0.007497116,0,0.272825204,555,176.6049153,0.047826087,-0.065217391,0,0,0,0
22593,AGGTGTGGGGAGTTGGTTCCGGG,0,0,0.014,0.100626762,0.098837842,455,182.2208834,0,0,0,0,0,0
22594,GGGTGGGAGGACATTGCTCTGGG,0,0,0.109954751,0.119348963,0.119348963,357.5,161.7471621,0.073913043,0.260869565,0,0,0,0
22595,GAAATGTTTTCATTGTCCTGTAG,0,0,0.004442736,0,0.250637503,485,159.674689,0,-0.130434783,0,0,0,0
22596,GAATTAGAGCAGAAGAAGCAAGA,0,0,0.006367555,0,0.297519338,552.5,184.8496961,0,-0.282608696,0,0,0,0
22597,AAATAAGAAGAGGAGGGACCAGG,0,0,0.008367994,0,0.125064555,387.5,152.0718686,0.013043478,0.086956522,0,0,0,0
22598,CATTCCTGGGCTCTACTCACCGG,0,0,0.105245404,0,0.833979885,620,211.0268027,0,-0.086956522,0,0,0,0
22599,GGCCTAGACTGAGCTCTTGGAGA,0,0,0.001689691,0,0.068124595,387.5,145.5809474,0.595652174,0.608695652,0,0,0,0
22600,GAGTTCTTTTCATTTTTCTTTGA,0,0,0.00101461,0,0.105554194,455,165.5413945,0.139130435,-0.02173913,0,0,0,0
22601,GGGTACCACCCAGCATCCGCCGG,0,0,0.018078512,0.277763216,0.272825204,552.5,177.0196353,0.052173913,NA,1,0,0,0
22602,ATCAGACAAGAAGAGGCACACAG,0,0,0.026455026,0,0.878799588,622.5,215.1752192,0,2.195652174,0,0,0,0
22603,TACACTGCTGCTGGTGGTGGTGA,0,0,0.006267806,0,0.24614019,522.5,200.7931981,0,-0.108695652,0,0,0,0
22604,AGGAACAGCACTGAGTAGACAAG,0,0,0.025714286,0.387083187,0.387083187,455,172.4924994,0.108695652,0.239130435,0,0,0,0
22605,AGTGGGTGAGTGGGTGAGTGGGA,0,0,0.005478261,0,0.23590875,455,187.4262484,0,-0.152173913,1,0,0,0
22606,TGGTTGGAGGAATAAGGTGTGGA,0,0,0.01657197,0,0.092019237,462.5,182.4638821,0.008695652,-0.108695652,0,0,0,0
22607,GCCTCCACAAAGGCTGGGCATGG,0,0,0.013636364,0.149822132,0.145826875,462.5,183.0941654,0.086956522,0.065217391,0,0,0,0
22608,CCTGAGTTAGTGTGTGTGTGAGA,0,0,0.010016026,0,0.609583333,552.5,194.874072,0.017391304,-0.108695652,0,0,0,0
22609,CCCTGAGCCTCTGGCTGGAGTGG,0,0,0.04171123,0,0.101632533,455,162.9695775,0.195652174,0.347826087,0,0,0,0
22610,GGCACTGCGGCCAGAGGGAGCGG,0,0,0.208212839,0,0.016045641,290,145.8132458,0,-0.5,0,0,0,0
22611,GGAATCTCTTCTGAAGCTGCAAG,0,0,0.004607928,0,0.009444525,387.5,149.0063013,0,0.108695652,0,0,0,0
22612,GGAATCCCATCTCCACCAGCTGG,0,0,0,0.018628589,0.018329335,387.5,157.7044733,0.004347826,1.608695652,0,0,0,0
22613,CCTATCCACACAAAGACACAAGG,0,0,0.507692308,0.312232071,0.307216294,522.5,200.2211627,0,-0.434782609,0,1,0,1
22614,AAAAGAGAGGAAGAGGAAGAGAG,0,0,0.004801097,0,0.117323456,485,162.6325086,0,-0.195652174,0,0,0,0
22615,GGCGTGTCAGTGTGTGCCTGTAG,0,0,0.011840012,0,0.305988667,552.5,188.8605298,0,-0.5,0,0,0,0
22616,TGCATGCAGGAATGAATAGTTGA,0,0,0.004590678,0,0.06703372,485,178.0142822,0.695652174,0.413043478,0,0,0,0
22617,CGTGTGTGAGTCTGTGTGTGTAG,0,0,0.016636958,0,0.299915,455,189.2094685,NA,-0.02173913,0,0,0,0
22618,AGTGAGTGAGTGTGAGTGCGGGG,0,0,0.06707804,0,0.054360238,387.5,153.2588674,0,-0.065217391,1,0,1,0
22619,AAATAAGAGGCAGAGGCACAGGA,0,0,0.016049383,0,0.862516064,530,208.9218159,0,0,0,0,0,0
22620,CCCTCTCCAAAGCCTTTCCAGGA,0,0,0,0,0.063433242,485,179.139479,0,0.02173913,0,0,0,0
22621,GAGGAGTGAGTGTGGGTGTGTGA,0,0,0.000685541,0,0.161081177,455,183.2388674,0.030434783,-0.195652174,0,0,0,0
22622,CCTGACCCACAGGGCATTCAGGG,0,0,0.025334272,0.199097782,0.19201875,485,165.937569,0.191304348,0.086956522,0,0,0,0
22623,AAACACAAAGCACAGTCTTCTGG,0,0,0,0.03506915,0.03506915,387.5,161.6642536,0,0.369565217,0,0,0,0
22624,GCCTCCCCAAACCCTGGAGGAGA,0,0,0.001892301,0,0.017289489,345,118.1749664,0,0.108695652,0,0,0,0
22625,AACACTCATGCAGAGTTTTTGGA,0,0,0.023939732,0,0.344612998,620,211.0710548,0.056521739,-0.130434783,0,0,0,0
22626,GCCTCCTTAAAACCTGGCTAGAG,0,0,0.079398148,0.159111983,0.159111983,455,175.2529019,0.308695652,0.239130435,0,0,0,0
22627,CCTACCCAGCCAGAGCCACACGG,0,0,0,0,0.155758982,552.5,196.1354738,0.004347826,0.217391304,0,0,0,0
22628,AAAAGCGAAGAAGACGCTCAGGA,0,0,0.002049718,0,0.047769728,455,176.9100611,0.026086957,-0.260869565,1,0,1,0
22629,GGCTCTGCGGCTGGAGCCTGGGG,0,0,0.042780749,0,0.037635675,442.5,141.1689557,0,0.47826087,0,1,0,1
22630,CTGGACCCCACTGAGTAGAGAGG,0,0,0.100446429,0.551191454,0.542336973,522.5,209.7131355,0,-0.282608696,0,0,0,0
22631,CCAGTGTCTAGAGCAGAGCCTGA,0,0,0.007888213,0,0.086670755,455,168.7619807,0,0.130434783,0,0,0,0
22632,AAATGATGTGAAGAGACACAGGG,0,0,0.251428571,0,0.102694193,555,192.468796,0,-0.391304348,0,0,0,0
22633,GGGTGGGGGGAGATTTGTGCAGG,0,0,0,0,0.011018566,320,140.6781426,0,-0.260869565,0,0,0,0
22634,GTCACCTGATTGATTACCTGCAG,0,0,0.068655693,0,0.618499138,522.5,202.1040262,0.343478261,0.043478261,0,0,0,0
22635,AAATGAGGAGAAGAGAGGCACAG,0,0,0.004473493,0,0.018569524,442.5,152.4023128,0,-0.02173913,0,0,0,0
22636,GGCAAAGACCCAGCAGACCTTAG,0,0,0.007220749,0.033154253,0.032564844,417.5,149.6494631,0.073913043,0.260869565,0,0,0,0
22637,AAATTAAAAGAAAAGACACATAG,0,0,0.071794872,0,0.065045258,455,188.7407528,0,-0.173913043,0,0,0,0
22638,AGTGAATGTGTGTGTGAGTGTGA,0,0,0.0175,0,0.225335527,552.5,192.4681246,0,0.043478261,0,0,0,0
22639,GGGACAGACCCAGATTGCGTGGG,0,0,0.002058824,0,0.023109381,357.5,171.0793627,0,-0.456521739,0,0,0,0
22640,GGAGAGGGAATGTGTGGGTGGGG,0,0,0.023068051,0.371481653,0.358942188,552.5,190.3109717,0,-0.869565217,0,0,0,0
22641,GGGGGGGGTGGGTTTGCTCTGGG,0,0,0.065,0.227946458,0.223894076,455,170.998936,0,-0.152173913,0,0,0,0
22642,GAGTTCCAGAAGGAGAAGAAAGA,0,0,0.017172403,0,0.332281119,522.5,201.0374422,0,-0.239130435,0,0,0,0
22643,GATGCCTCAGCTCTACTCCCAGG,0,0,0.117759302,0.321904489,0.321904489,552.5,184.2522197,0.004347826,-0.217391304,0,0,0,0
22644,TCTACCTCCACTCTACTGACAAG,0,0,0.029037037,0.296354032,0.285817,552.5,187.9113303,0,-0.260869565,0,0,0,0
22645,GAAGCCAAGCAGAAGAAAAACAG,0,0,0.084134615,0.208990259,0.208990259,552.5,189.9918859,0,0.130434783,0,0,0,0
22646,GCCTCCACAGAGCCTGACCTGAG,0,0,0.060493827,0.15441023,0.15180415,485,153.7013718,0.004347826,0.043478261,0,0,0,1
22647,CTTGCACCACAGAGCACTAAGGG,0,0,0.201680673,0.260684555,0.253732967,462.5,188.1285844,0.456521739,0,0,0,0,0
22648,ATGATGATCAGTCAGTAGAGGAG,0,0,0.017366649,0.329686141,0.319580819,522.5,203.5265585,0,-0.717391304,0,0,0,0
22649,TGTGAGTGGGTGTGTGCATGTGG,0,0,0.461538462,0,0.401298765,560,191.0168864,0,-0.195652174,0,0,0,0
22650,AGGAAGGGGGAATGAGGAGTTAG,0,0,0.095061728,0,2.543507363,627.5,216.011863,0,-0.5,0,0,0,0
22651,GAATGAGAAGAAGAGTGGCAGGA,0,0,0,0,0.020550273,442.5,155.5021298,0,-0.065217391,0,0,0,0
22652,GGTACACAGGCTGGAGGTGGGAG,0,0,0.069031154,0,0.531673751,622.5,211.4030182,0.02173913,0.434782609,0,0,1,0
22653,GGTGGGTGAGTGTGAGTGGGCAG,0,0,0.012608187,0,0.048855403,387.5,151.9705474,0.02173913,-0.391304348,0,0,0,0
22654,GACCCCCTCCCCCCAGGGTCAGG,0,0,0.000697168,0,0.015320006,290,152.3534504,0.004347826,-0.695652174,0,0,0,0
22655,AAAAAAAAAAAAGAGGCACATGG,0,0,0.385185185,0,0.858607543,620,209.6631628,0,-0.195652174,0,0,0,0
22656,GCCGCTGCTGCTGGTGGTGGTGG,0,0,0.046153846,0,0.24614019,522.5,199.9195981,0,0.326086957,0,0,0,0
22657,AAAACCCAAGCAGGGTTTTTAAG,0,0,0.06487963,0,0.150830932,522.5,204.6496346,0,-0.195652174,0,0,0,0
22658,CCTCTCCATCCAAAGACACTTAG,0,0,0.034841629,0.261227608,0.251939516,455,171.1614795,0.013043478,-0.239130435,0,0,0,0
22659,AAAGACAAGGCATAGACTGAGAG,0,0,0.038888889,0,0.426140229,552.5,177.2290197,0,0.826086957,0,0,0,0
22660,GACTTTTTGTCATTATTTTCTGA,0,0,0.017340269,0,0.029187304,455,173.8238808,0,0.195652174,0,0,0,0
22661,CCCCTATATCCAGAGACCCAAAG,0,0,0.013149704,0,0.121741508,552.5,188.7339019,0,-0.239130435,0,0,0,0
22662,TGTGCGTGTGTGTGTGAGTGAGG,0,0,0.14,0,0.372455417,552.5,192.9657886,0,0.02173913,0,0,0,0
22663,GACTCCTAGCAGAACAAGCAGGG,0,0,0.012401392,0.091644323,0.09001509,455,171.3337977,0,-0.108695652,0,0,0,0
22664,ATCACCAGTGAGTAGACCTAAAG,0,0,0.027728263,0.084582907,0.084582907,417.5,130.0882891,0.026086957,0,0,0,0,0
22665,CTTGCCCCAAAGGTGAGGAAGGG,0,0,0.003851852,0.010150119,0.009839004,357.5,162.9387241,0.004347826,-0.152173913,0,0,0,0
22666,AAGTGAGAAGCAGAGGGAAAGGG,0,0,0.006162465,0,0.105078421,387.5,160.7078053,0,-0.108695652,0,0,0,0
22667,GGCCCCCTCCACCACGCCTAAAG,0,0,0.036296296,0,0.222321469,462.5,171.3832154,0,0.065217391,0,0,1,0
22668,AAGGACCACTAATCCCTCAAGAG,0,0,0.007936508,0,0.04002163,362.5,189.8173944,0,-0.217391304,0,0,0,0
22669,TGTGAGTGTGTGTGTGTGTTCAG,0,0,0.050814815,0,0.164063988,485,157.1165087,0,0.5,0,0,0,0
22670,GACATCTAAGCAGACTTCTTGGG,0,0,0.042502952,0.05485428,0.05392847,455,175.8981443,0.034782609,-0.108695652,0,0,0,0
22671,CACCTTGTCTCTGGATGGATCAG,0,0,0.036601307,2.372034956,2.31990232,627.5,217.99808,0,-0.326086957,0,0,0,0
22672,GGGGCTGGGGCGGGAGGTGGGGA,0,0,0.006975446,0,0.694060843,522.5,206.9824826,0.004347826,0.065217391,0,0,0,0
22673,GAATGAGAATGAGAGGCTCAGGG,0,0,0.2640625,0.164476488,0.158628435,455,182.5548466,0.004347826,0.304347826,0,0,0,0
22674,GGGTGGGGGGAGATGGATGCGGA,0,0,0.000140224,0,0.017168463,290,143.7595469,0,1.434782609,0,0,0,0
22675,CCAGGGAGCTGAGCGGTGGCCGG,0,0,0.069502262,0.325662758,0.325662758,552.5,187.9740522,0.026086957,-0.065217391,0,0,1,0
22676,GCCACACCAAAGTCTTGCCAAGA,0,0,0,0,0.060534271,455,189.7526696,0,-0.347826087,0,0,0,0
22677,AAATGAGAATCAGAAGAACAGAG,0,0,0.037007988,0,0.071988397,357.5,172.7850472,1,2.043478261,0,0,0,0
22678,AACACCCCCCACCCCGCCCCCAG,0,0,0.054204477,0,0.526848592,552.5,184.4785831,0.147826087,0.02173913,0,0,0,0
22679,GACCACGATGTCTTCCCCAGGGG,0,0,0.021799308,0,0.25551675,455,170.4011595,0,-0.152173913,0,0,1,0
22680,AAATGGGTGGAAGAGACACATGA,0,0,0.014172336,0,0.090966306,552.5,193.0659928,0,-0.260869565,0,0,0,0
22681,TAATGAGAAGAAAAGTAACATGA,0,0,0,0,0.040576305,387.5,171.4261425,0,-0.47826087,0,0,0,0
22682,ATGAAGAACAATGAGGAGAGAAG,0,0,0.029166667,0.083978013,0.082628968,455,190.7956894,0,-0.130434783,0,0,0,0
22683,TGTGCATGAGTGTGTGCATGTGG,0,0,0.346153846,0,0.187751667,552.5,190.7023627,0,-0.130434783,0,0,0,0
22684,AGTGAGAGAGTGTGGGCGGGGGG,0,0,0.00984375,0,0.096436474,455,171.8617977,0,-0.130434783,0,0,1,0
22685,GTCACCACCAATGGCCAGGTTGG,0,0,0.190555556,0.01116016,0.010971803,387.5,150.7516087,0,0.02173913,0,0,0,0
22686,TGGATGGAGGAAGGAGGTCCTGA,0,0,0.000369134,0,0.013599659,345,116.3917463,0,-0.217391304,0,0,0,0
22687,TCCTCTTTCCCACCCACTTCTAG,0,0,0.015151515,0.302711111,0.292449718,492.5,157.8390668,0,0,0,0,0,0
22688,TGTGAATGAGTGTGTGTGTGTGA,0,0,0.032407407,0,0.780524691,560,197.6279049,0.147826087,0,0,0,0,0
22689,GGTGAGTGAATGATTGAGTGAAG,0,0,0.020847104,0,0.027908208,357.5,172.0836473,0,-0.239130435,0,0,0,0
22690,AAATCAGAAAATGAGGAACACAG,0,0,0.02957476,0.262235805,0.262235805,455,184.2177321,0,-0.043478261,0,0,0,0
22691,CCTGCCTTCAGTTTACTCACTGG,0,0,0.142916667,0.265933211,0.258140296,425,195.3790424,0,0,0,0,0,0
22692,GGGAAGAGAGTGTGTGTGTGAGG,0,0,0.18375,0.403345986,0.389730931,552.5,194.4291081,0.195652174,0.956521739,0,0,0,0
22693,GAAAGCAAAGGATAGACTGGAAG,0,0,0.002311661,0,0.36643875,455,173.6703964,0.056521739,-0.043478261,0,0,0,0
22694,GGGAGGTGGGAGTTGGGTCCAGG,0,0,0.00080032,0,0.105930922,455,180.7500866,0.72173913,0.673913043,0,0,0,0
22695,GTCACCTCAAATCAGTAGGTGAG,0,0,0.003274854,0.039062574,0.037807551,357.5,154.3962776,0.004347826,-0.130434783,0,0,0,0
22696,CTCCCCCGCCACCCCGCCCCAGG,0,0,0.105090312,0,0.526848592,552.5,185.1121831,0.091304348,-0.369565217,0,0,0,0
22697,CCAGAGAGCAGAGAGGAGTCAGG,0,0,0.107692308,0,0.043106678,455,171.5647151,0.026086957,-0.347826087,0,0,0,0
22698,TGTGCGTGCGTGTGTGTGTGTGG,0,0,0.133333333,0,0.372455417,552.5,192.9657886,0,-0.130434783,0,0,0,0
22699,CGAATCCCATCTGCAGCCCTGAG,0,0,0.009826153,0.08512202,0.083523485,485,152.6792864,0.004347826,-0.02173913,0,0,0,0
22700,GACACTAAAGCAGACCTTTTGGA,0,0,0.011724387,0,0.027251778,455,183.5353877,0,0.02173913,0,0,0,0
22701,GCCGCCCCTAATCCTGCCCAAAG,0,0,0.008798391,0,0.173969682,455,185.6644081,0,-0.043478261,0,0,0,1
22702,TAATGATAAGAGGAGTCACAGAG,0,0,0,0,0.091513804,455,191.8122929,0,0.108695652,0,0,0,0
22703,GTCAGCTCCAGTGAAAAGGGCAG,0,0,0.020426487,0.037817608,0.036602584,357.5,180.1861488,0.37826087,0.717391304,0,0,0,0
22704,AGAATCCATTCTGCAGCCCATGG,0,0,0.055714286,0,0.136699648,485,153.5392498,0.004347826,5.260869565,0,0,0,0
22705,GGTGGGTGTGTGTGGGTGTGTGG,0,0,0.01008,0,0.094763973,455,178.758767,0,-0.02173913,0,0,1,0
22706,GGGGAATGAGTGTATGCATGAGA,0,0,0.018028846,0,0.027583348,455,179.8234981,0,-0.086956522,0,0,0,0
22707,CCAGTGTCTAGAGAGGAGGAAAG,0,0,0.0122151,0.064884652,0.063789552,455,164.9402177,0.92173913,4.173913043,0,0,0,0
22708,GACCCCTTCCCACCCACATTGGA,0,0,0.015997075,0,0.187751667,552.5,190.8770827,0,-0.152173913,0,0,1,0
22709,TAGATGAAGGAATGAGGAGAAGG,0,0,0.475961538,1.01909774,1.01909774,560,180.6392193,0.052173913,0.630434783,0,0,0,0
22710,TGTCCTGCTGCTGGAGGTGGGGG,0,0,0.129411764,0,0.822304167,620,213.8386196,0.065217391,0.086956522,0,0,0,0
22711,AAAGGAGAAGAAGAAGGAGAGGA,0,0,0.000300365,0,0.051461025,387.5,152.3852674,0,0.02173913,0,0,0,0
22712,AAATAAGAAACAGAGGCAGAGAG,0,0,0.010485597,0,0.242030275,455,175.9418599,0,-0.369565217,0,0,0,0
22713,GGAGGGTGTGTGTGTGTGTGAGA,0,0,0.01,0,0.348646558,552.5,192.4377886,0,-1,0,0,0,0
22714,GGTGTGTGTGTGTGTGCACGTGG,0,0,0.041668676,0,0.056704087,485,157.7805664,0,-0.652173913,0,0,0,0
22715,TGGAAGGAGGAAGGAGAAGGAAG,0,0,0.005569764,0,0.098373949,387.5,150.2886485,0,NA,0,0,0,0
22716,AGGTGAGAAGCTGAGGCACAGGA,0,0,0.004526749,0,0.385203768,425,204.4858158,0,0.043478261,0,0,1,0
22717,GGAATGCTTTCTGCAGCCTCCAG,0,0,0.00997151,0,0.056147255,485,158.1428658,0,-0.47826087,0,0,0,1
22718,GAGACAGAGCAGAAGCAGATGGG,0,0,0,0.069949156,0.068705615,485,162.1143902,0,-0.739130435,0,0,0,0
22719,ACCTCGTTCCCACCCTCCGTGGG,0,0,0,0.054823864,0.054823864,485,169.3775902,0,-0.086956522,0,0,0,0
22720,TGTGAGTGTGTGGGTGTGTGGGG,0,0,0.073043478,0,0.144140246,455,184.754788,0.8,0,0,0,0,0
22721,GCCATGTTTTCATTTTTCTTAAG,0,0,0.004157218,0,0.186915845,455,166.7417785,0.043478261,0.260869565,0,0,0,0
22722,GAGCCACCCCACCCGGCCTCTAG,0,0,0.006018519,0,0.240310978,522.5,199.5791775,0.017391304,0.065217391,0,0,0,0
22723,TTTTCTTTCCCACCCACTTTTGA,0,0,0.027901786,0,0.305988667,555,193.0086667,0.182608696,0.065217391,0,0,0,0
22724,GGCCCAGACAGAGAAAGGGACAG,0,0,0.025925926,0,0.006314585,387.5,159.8573198,0,-0.239130435,0,0,0,0
22725,CCCTGCGTCTCTGGATGCAGAGA,0,0,0.005305152,0,0.155805861,492.5,156.0530828,0.113043478,0.043478261,0,0,0,0
22726,GGTGTGTGGGTGTGTGTGTGAGG,0,0,0.113131313,0.699446792,0.699446792,560,194.1657886,0.047826087,-0.630434783,0,0,0,0
22727,CCCACACTCCACCCCGCCTCTGA,0,0,0.030475849,0,0.789491758,620,216.300416,0,-0.130434783,0,0,0,0
22728,AACTTGATTTTATTGTTCTTCAG,0,0,0.018846154,0.269437679,0.264377816,455,173.4491356,0.091304348,0.260869565,0,0,0,0
22729,AGAAGAGAAGAGAAGGCACAAAG,0,0,0.065843621,0,0.272415361,425,200.870979,0.147826087,-0.108695652,0,0,0,0
22730,AAAAGAGAAAAACAGACACAGGG,0,0,0.187134503,0,0.092152171,455,186.5469172,0.108695652,0.282608696,0,0,0,0
22731,GACCCTCTTTCCCCCGCCTCAAG,0,0,0.079302832,0,0.246570675,525,202.2324155,0,-0.130434783,0,0,0,0
22732,AAATGGGGAAAAGGGGCACATGG,0,0,0.228148148,0,0.113322367,522.5,197.683278,0,0.108695652,0,0,0,0
22733,AGCTCAGACTGAGCAAGTGAGGG,1,0.047635727,0.72,0.558632479,0.541956882,560,202.2379741,0,-0.173913043,0,0,0,0
22734,CCCTCTGGTTCTGGATGGGTGAG,0,0,0.049016204,0.299413346,0.289306566,552.5,180.1040828,0,-0.130434783,0,0,1,0
22735,CGTGGGTGAGTGGGTGGGTGGGG,0,0,0.007891852,0,0.23590875,455,187.4262484,0.052173913,-1.586956522,0,0,0,0
22736,TGGATAAATGAATGACGAGTGAG,0,0,0,0,0.062129987,552.5,193.782629,0.1,0.130434783,0,0,0,0
22737,CACAGCCATCCAGTAACACAAGG,0,0,0.233639929,0.061054828,0.060024367,425,191.8254738,0,-0.195652174,0,0,0,0
22738,GCCAGCCATCCAGAGCCAGAGGG,0,0,0,0.090617958,0.090617958,485,169.8752542,0,0.130434783,0,0,0,0
22739,AATGACCAATAAATACACAAAAG,0,0,0.018812463,0,0.042336622,357.5,172.3309866,0.008695652,0.043478261,0,0,0,0
22740,GCCATCCCAAAGCCAGACCACGG,0,0,0.16374269,0,0.155096519,455,181.8449474,0.02173913,0,0,0,0,0
22741,CTCTCGTTCCCAGCCACCTTAGG,0,0,0.050598752,0.351943434,0.351943434,522.5,207.6746955,0,0.173913043,0,0,0,0
22742,TGGAAGAAGGAAGGAGGAGGGGA,0,0,0.001598465,0,0.17451794,455,168.8915787,0,-0.347826087,0,0,0,0
22743,AAATGAGAAGAAAAAGCAGCTGA,0,0,0.001713972,0,0.018595452,290,127.608058,0,-0.217391304,0,0,0,0
22744,CCCAACCACACAGACACACACAG,0,0,0.028282828,0.219292825,0.215770049,522.5,194.7531417,0.143478261,0.282608696,0,0,0,0
22745,TTCCCCTTCCACCCAGCCTCTGG,0,0,0.131313131,0,0.275145253,522.5,202.3697976,0,0.369565217,0,0,0,0
22746,GGCTCCGGGGCGGGAGGTGGCAG,0,0,0.048209366,0,0.406288793,522.5,205.7244986,0,0.304347826,0,0,1,0
22747,GATTTGTTGTCATTGATGTCTGG,0,0,0.051587301,0,0.032156961,485,172.0004605,0,1.673913043,0,0,0,0
22748,GGGGTGGAGGAAGGAGGTGTTGG,0,0,0.077977316,0.124526613,0.120099,455,183.4037462,1,0,0,0,0,0
22749,GACCCCCTGCGCCCCAGCTCAGG,0,0,0.023669468,0,0.030650512,387.5,170.735599,0,-0.173913043,0,0,0,0
22750,GTCAAGGATGTCTTCCCCATGGG,0,0,0.127272727,0,0.334982304,522.5,206.3863755,0,0.326086957,0,0,0,1
22751,GGTGAGTGTGAGTGCGCGCGGGG,0,0,0.033855799,0,0.040957653,357.5,164.0551144,1,-0.173913043,0,0,0,0
22752,GGAATTCCTTTTGCAGCAGTTGG,0,0,0.010714286,0.068614256,0.066298163,387.5,143.2983324,0.947826087,4.02173913,0,0,0,0
22753,GGCATCATAGTCCTTAACTGTGG,0,0,0.072210526,0,0.161125676,455,186.0913876,0,-0.282608696,0,0,0,0
22754,GACTTCTTTTCATTGTAATTTGG,0,0,0.058741259,0.029616083,0.028616384,417.5,133.8669717,0.130434783,0.173913043,0,0,0,0
22755,ACCCCTTTCCCACGGACCTTTGG,0,0,0,0.062121288,0.060024367,425,192.4801938,0,-0.304347826,0,0,0,0
22756,AACACCAGTTATTAGAGCACAAG,0,0,0.024801587,0.086548617,0.085158277,387.5,138.6065633,0,0.02173913,0,0,0,0
22757,GAATACAAAGGATAGCCTGTGGG,0,0,0,0.064168234,0.063027465,387.5,157.6702905,0,0.282608696,0,0,0,0
22758,AGGGAATGAGTGTGTGTGTGTGG,0,0,0.21,0.37021637,0.363634746,552.5,195.8999049,0.043478261,-0.173913043,0,0,0,0
22759,TGTGTGTGAATGTGTGCATGGAG,0,0,0.060916861,0,0.285817,552.5,187.4966103,0,-0.260869565,0,0,1,0
22760,GACTAAGAGGAGAAGAAGAAAGA,0,0,0.005511464,0,0.749905063,620,210.6059596,0,0.108695652,0,0,0,0
22761,GAGTCCGATTAGAAGAAATAGGA,0,0,0.012994547,0,0.049707623,485,154.07715,0,1.543478261,0,0,0,0
22762,AAGTGAGAAGAAGAGCAAAAAGA,0,0,0,0,0.032564844,417.5,149.6494631,0.017391304,-0.260869565,0,0,0,0
22763,TGGAGGGAGGGATGGGGAGAAGA,0,0,0.0105625,0,0.098205585,357.5,160.3369748,0,-0.326086957,0,0,0,0
22764,GGTCAGTGAATGTGGGGGTGAAG,0,0,0.000376778,0,0.142843894,455,178.1415309,0.047826087,-0.304347826,0,0,0,0
22765,TGTGAGTGTGTGTGTGCGTACAG,0,0,0.145833333,0,0.911667232,560,179.3026197,0,0.326086957,0,1,0,1
22766,GAATACCAGAAGAAGAAGAAAGA,0,0,0.017733135,0,0.846587038,620,210.0087628,0,-0.108695652,0,0,0,0
22767,GCTTCTGTCCTACCCAGCTTCAG,0,0,0.001897692,0.223857022,0.216300667,455,189.0726244,0,1.086956522,0,0,0,0
22768,GGGATGGAGGTAAGAGGAGGGAG,0,0,0.009322175,0,0.149801193,357.5,166.3329958,0,-0.739130435,0,0,0,0
22769,GGCTCCCCAAAGCCTGAAGATGG,0,0,0.043701226,0.039023165,0.037635675,442.5,141.8025557,0,-0.695652174,0,0,0,0
22770,TGGATGGATGAATGAATAATTGG,0,0,0.095238095,0,0.018234609,417.5,146.2176828,0,-1,0,0,0,0
22771,AAATGAAAAACAGAAGCACAGAG,0,0,0.091096587,0,0.127709286,425,191.3879775,0,-0.065217391,0,0,0,0
22772,GGAACCCCTTATTCAGCAGCAGA,0,0,0.001953125,0,0.101700018,357.5,171.4342758,0,0.108695652,0,0,0,0
22773,TGTGTGTATGTGTGTGCGTGGAG,0,0,0.056565657,0,0.833979885,620,210.8520827,0.004347826,0.043478261,0,0,0,0
22774,GCCTCCCCAAACCCAACCCAGAG,0,0,0.018697262,0,0.011394133,315,159.002341,0.017391304,0.260869565,0,0,0,0
22775,CAACACAAAGCATGGTCTGTAGA,0,0,0,0,0.017874176,387.5,153.1347895,0.226086957,1.326086957,0,0,0,0
22776,AAAGGAGATGAAAAGGCAGAAGG,0,0,0.043269231,0,0.117932929,455,174.1192992,0,-0.195652174,0,0,0,0
22777,TAGATGTAGGGATGAGGAGAAGG,0,0,0.176785714,0.264377816,0.264377816,455,173.2091356,0.030434783,0.108695652,0,0,0,0
22778,TGGATGGAGGAATGATCTGGGGG,0,0,0,0,0.007062745,375,118.3645298,0,-0.043478261,0,0,0,0
22779,AAAAGAGAAAAAGAGGAAGAAGG,0,0,0.025925926,0.176849269,0.176849269,485,161.6005526,0,-0.369565217,0,0,0,0
22780,GAGGGCGAGCAGAAGCAGCATGG,0,0,0,0,0.085785,485,169.0016542,0,-0.217391304,0,0,0,0
22781,AAAAACACCAGTGAGCAGTGGGA,0,0,0.015820184,0,0.08458401,485,170.3955742,0.165217391,-0.434782609,0,0,0,0
22782,GGCGGATGAGTGTGTGTGTGTGG,0,0,0.144,0,0.34522286,552.5,194.6115849,0,-0.782608696,0,0,0,0
22783,ATCCCCTCCATTGACTATGGGGA,0,0,0.004524887,0,0.172235,455,186.672983,0,-0.630434783,0,0,0,0
22784,AGATGGGAAGAAGGGGCAAATGA,0,0,0.007936508,0,0.044959819,455,174.7868314,0,0.108695652,0,0,0,0
22785,TGTGGGTGTGTGTGTGTGTGGAG,0,0,0.052266667,0.379196691,0.372455417,552.5,192.9657886,0,0.043478261,0,0,0,0
22786,AAATTAAAAGAAGTGGTACACAG,0,0,0.019358025,0,0.058894431,455,182.9032035,0.017391304,0.065217391,0,0,0,0
22787,GGAATCTGTTCTGCGCCACCCGG,0,0,0,0.045044261,0.045044261,455,182.2215548,0.008695652,-0.152173913,0,0,0,0
22788,CCCACCCCAATTCCTGGCCAGGA,0,0,0.002795332,0,0.390673193,425,204.3802158,NA,0,0,0,0,0
22789,GGGATGAAGGCACGAGGAGTCAG,0,0,0.078311721,0.220511467,0.220511467,425,201.087415,0,-0.065217391,0,0,0,0
22790,TAATGAGAAACAGAGGTACACAG,0,0,0.045168724,0.317231235,0.311591569,455,186.9920688,0.013043478,-0.347826087,0,0,0,0
22791,AAAGACCACTATTTCCTCTAGGG,0,0,0.062130177,0.095329241,0.093634499,357.5,170.7085791,0,-0.543478261,0,0,0,0
22792,GACTTGTTTCAGTTGTTCACAGG,0,0,0.082539683,0,0.113340153,392.5,169.5140795,0,-0.717391304,0,0,0,0
22793,TGCATGGAGGAAGGAGGAAGGGA,0,0,0.000878278,0,0.079360947,387.5,141.2870796,0,-0.97826087,0,0,0,0
22794,ACATGAGTAGAAGATGCACTTGA,0,0,0.002004373,0,0.186915845,455,164.5155615,0.117391304,0.130434783,0,0,0,0
22795,TGGAACACCAGTGAGTTTAGGAG,0,0,0.019358025,0,0.119478333,485,172.5505557,0.556521739,-0.152173913,0,0,0,0
22796,AAAAGAGCAGAGGAGACACAGAG,0,0,0.038212816,0,0.127203797,455,190.2220567,1,0.043478261,0,0,0,0
22797,AACACCAGTGGGCACAGCAGGAG,0,0,0.025917065,0,0.024749342,260,158.5155742,0,0.173913043,0,0,0,0
22798,CCTGCCCCACTGGGTAATAATGA,0,0,0.001139601,0,0.090669425,357.5,177.5367837,0.126086957,0.413043478,0,0,1,0
22799,GGTGAGTGTGTGAGAGTGTGTGA,0,0,0.007793522,0,0.033301367,357.5,170.5477665,0.073913043,0.260869565,0,0,0,0
22800,TGGATGGAGGAAGCTGCAGTGAG,0,0,0.001364024,0,0.00776399,295,162.8683622,0.043478261,0.282608696,0,0,0,0
22801,GGTGAGTCATTGAGTGAGTGTGA,0,0,0.011217949,0,0.196330083,455,180.623015,0,-0.260869565,0,0,0,0
22802,GGCCAGTGAGTGTGAGAGTGAGA,0,0,0.004256966,0,0.152925168,455,182.6052674,0,-0.260869565,0,0,0,0
22803,AAGACAAGTGAGTAGAGCATTGA,0,0,0.016121032,0,0.124065564,485,149.0004161,0,-0.086956522,0,0,0,0
22804,ATGAACAGCAGTGGGTGGAAGGA,0,0,0.003446691,0,0.035957508,387.5,146.3372874,0,-0.543478261,0,0,0,0
22805,TACCCCCCCAACCCCGCCCCCAG,0,0,0.061983823,0,0.485227553,552.5,180.3604467,0.02173913,-0.130434783,0,0,0,0
22806,CCAGAGAGAAGGGAGGAGGCAGG,0,0,0.117361111,0,0.064083778,425,194.5966146,0.704347826,0.97826087,0,0,0,0
22807,GGTGAATGGGTGGGTGAGTGGGA,0,0,0.005636071,0,0.078799562,455,182.968804,0.834782609,1.086956522,0,0,0,0
22808,TGTGGGTGTGTGTGTGCATGGGG,0,0,0.299076923,0,0.189613667,552.5,188.5285664,0.130434783,-0.391304348,0,0,0,0
22809,GGCACTGTGTTTGGAGATGGTAG,0,0,0.052932099,0,0.281558646,455,183.8922518,0,-0.260869565,0,0,0,0
22810,GACAGTGCTGCTGGAGGTGGTGG,0,0,0.270769231,0,1.554082999,627.5,214.9118996,0,-0.217391304,0,0,0,0
22811,CCTGTGAGGAAAGAGGAGGCTGA,0,0,0.010620915,0,0.071277573,425,196.8429513,0,0.086956522,0,0,1,0
22812,AAATGCTAAGATGAGGCCCAGGA,0,0,0.001145239,0,0.059896822,455,181.8914015,0,-0.586956522,0,0,1,1
22813,AAATGAGAAGAGGAGTAAAAGAG,0,0,0,0,0.014008099,320,142.4613627,0,-0.043478261,0,0,0,0
22814,AATTACCACTACATTTTCAGTGA,0,0,0.000396118,0,0.030434884,387.5,149.6933526,0.026086957,-0.804347826,0,0,0,1
22815,CCCAGTGTGCCTGGATGGTTCAG,0,0,0.021947874,0,0.280662086,552.5,178.6268833,0,-0.108695652,0,0,0,0
22816,TGTGTGTGTGTGTGTGCCTGCAG,0,0,0.026936027,0,0.189613667,552.5,188.5285664,0,-0.130434783,0,0,0,0
22817,GACAGCCTCCAGCCCACCTCCAG,0,0,0.058219623,0,0.127203797,455,192.0335537,0,-0.173913043,0,0,0,0
22818,ACAGGGGAAGAAGAGACACAGAG,0,0,0.090939153,0,0.156419304,552.5,199.0119901,0,-0.239130435,0,0,0,0
22819,TACACCAGTGAGTAGGGTGCTAG,0,0,0.013736264,0.023962336,0.023512339,417.5,139.3506409,0.004347826,0.195652174,0,0,0,0
22820,TGGATGAACGAATGAGGAAATGA,0,0,0.015024038,0,0.082397692,485,144.971439,0.156521739,0.456521739,0,0,0,0
22821,GAGTCCCAGGAGGAGAGGAAGAG,0,0,0.007977527,0,0.134093447,455,181.3396512,0.27826087,-0.369565217,0,0,0,0
22822,GACTTGTATTAATTGTTCTCAAG,0,0,0.155555555,3.176204819,3.176204819,537.5,212.2700993,0,-0.347826087,0,0,0,0
22823,GGCACTGGGACAGGAGATGGAGA,0,0,0.031111111,0,0.249597935,455,182.4062351,0,-0.413043478,0,0,0,0
22824,GGGACTGGAGGTGGAGGTGGGGG,0,0,0.051658163,0,0.456378813,522.5,205.382319,0,0.217391304,0,0,0,0
22825,GAGTTCGAAGCAGAGTTTTTGGA,0,0,0.014061065,0,2.287423687,630,217.71008,0.926086957,2.97826087,0,0,0,0
22826,ATGCCCACCAGTAAGTACAGCAG,0,0,0.020110608,0,0.114018038,455,182.1154262,0,-0.434782609,0,0,0,0
22827,AATGATCTCTACTACCTCAAAGG,0,0,0.073906706,0.049123235,0.047617542,425,193.1756939,0,-0.217391304,0,0,0,0
22828,AAATGAGAAAGAAAGGAACAAAG,0,0,0.067753086,0,0.103953394,357.5,177.4927483,0,0,0,0,0,0
22829,AAATAAAAGGAAAAGGCACATGG,0,0,0.533333334,0.227408781,0.220438397,522.5,202.0693983,0.469565217,-0.195652174,0,0,0,0
22830,GGTGAGGGGGTGGGTGGGTGCGA,0,0,0.000417899,0,0.088958845,455,182.3716072,0.191304348,0.391304348,0,0,0,0
22831,CACAGCTTAGTCATCACCTGGGG,0,0,0.105494506,0,0.402848101,522.5,203.4646584,0.465217391,0.956521739,0,0,0,0
22832,GATGTGTGAGGGTGTGCATGTGA,0,0,0.00591716,0,0.172235,455,186.018263,0,0.086956522,0,0,0,0
22833,GGATACCCTGCTCCAGCACCTGG,0,0,0.066985646,0,0.509948268,522.5,202.547023,0.043478261,-0.347826087,0,0,0,0
22834,GACCCCCAAGCTGAATTTTTGAG,0,0,0.019735999,0.133124635,0.128847539,425,194.0200972,0,-0.260869565,0,0,0,0
22835,GGGATGGAGGAAGTAGGATTTAG,0,0,0.011500852,0,0.03037967,357.5,167.3134949,0,0.847826087,0,0,0,0
22836,GGGAGGGGGGAATGGGGAGTTAG,0,0,0.075652603,0,0.402848101,522.5,200.6048415,0,-0.413043478,0,0,0,0
22837,GGCTGGGTGGAGTTGGCTGCTGA,0,0,0.000104334,0,0.13179369,455,170.6171615,0,0,0,0,0,1
22838,CATGACCCACAGGGCTGTGAGGA,0,0,0,0,0.085785,485,169.6352542,0,-0.086956522,0,0,0,0
22839,AAGTACTAGAAGAAGAAGAAAGG,0,0,0.254693877,0,0.89998622,620,210.5367628,0,-0.326086957,0,0,0,0
22840,GTCCCCCTCACCCCCACCTCAAG,0,0,0.065364759,0,0.132156214,455,190.449754,0,-0.065217391,0,0,1,0
22841,TGGATGGAAGCATCAGGATTTGA,0,0,0.005102041,0,0.022771233,357.5,166.6229514,0,-0.5,0,0,0,0
22842,ACACCCTCAAAGCCTGGCCAGAG,0,0,0.106315359,0.919204167,0.919204167,620,215.4152192,0.908695652,1.413043478,0,0,0,0
22843,AGATGAGAACAGGAGACACACAG,0,0,0.059917695,0,0.117154697,455,188.9637372,0,0.108695652,0,0,0,0
22844,CCTTCCTCAGCTCTCCTCAGAGG,0,0,0.005000347,0.110071443,0.108114617,455,163.0219981,0,0.043478261,0,0,0,0
22845,AAATGAGAAGCTGAGGCTCAGGG,0,0,0.066666667,0,0.136127904,365,181.0304826,0,0.239130435,0,0,0,0
22846,TGAATGAATGAATGATGAGTAAG,0,0,0,0,0.106383384,552.5,195.040613,0.065217391,0.152173913,0,0,0,0
22847,TGGGTGGTGGAGTCAGGAGTGAG,0,0,0.021494709,0.106595816,0.104883434,425,195.8712979,0.069565217,-0.173913043,0,0,0,0
22848,AGAAGAGGGGAAGAGGCACAGAG,0,0,0.048285322,0,0.833979885,620,211.0268027,0,-0.086956522,0,0,0,0
22849,AAATCATAAGCAGAGGCACTTGG,0,0,0.107755102,0.250277666,0.250277666,455,172.1608156,0,-0.02173913,0,0,0,0
22850,TAGTCCTAGCAAAAGCAGAAGGG,0,0,0,0,0.091513804,455,191.8122929,0,-0.086956522,0,0,0,0
22851,AGCACTGGGGCTGGAGCTAGAGG,0,0,0.097238896,0,0.202836708,485,164.366072,0,1.02173913,0,0,0,0
22852,AAATAAGGAAAAGAGGCTCAAGA,0,0,0.020596708,0,0.271345253,552.5,184.3967933,0.030434783,-0.130434783,0,0,0,0
22853,AGAACTGGGGCTGGAGGTTGGAG,0,0,0.086666667,0,0.519472711,552.5,184.8241831,0,0.434782609,0,0,0,0
22854,TGCACTGAGGCTGGGCGTGGTGG,0,0,0,0,0.072985333,455,184.6047356,0,-0.152173913,0,0,0,0
22855,AAATGAGAAGATGATAAACATGA,0,0,0.00154321,0,0.011394133,315,159.002341,0.108695652,-0.130434783,0,0,0,0
22856,TGGATGGATGGAAGATGAGTGGA,0,0,0,0,0.030809736,357.5,182.2223895,0.104347826,-0.195652174,0,0,0,0
22857,CACCCCGAAGCAGGGTTCTTCAG,0,0,0.013071895,0.047944355,0.046239667,455,181.2638821,0,-0.347826087,0,0,0,0
22858,CCTGTGAGTGGAGTGGAGGCTGG,0,0,0.287581699,0.391301079,0.380866383,530,203.2410789,0.07826087,0.043478261,0,0,0,1
22859,CAGGACCACTAAATCCACAAAGG,0,0,0.163265306,0,0.29571619,455,189.9697885,0,-0.217391304,0,0,0,0
22860,AAACAAGAAGAAGAGGAAGAGGA,0,0,0.002271696,0,0.19201875,485,165.303969,0,-0.52173913,0,0,0,0
22861,GGCACGGAGGCTGGAGGGGACAG,0,0,0.030092593,0,0.074328271,485,151.7532658,0.434782609,-0.152173913,0,0,0,0
22862,GACTCCGAGCAGGAGAGGACAGA,0,0,0.00069863,0,0.096996713,387.5,151.0489685,0.108695652,-0.717391304,0,0,0,0
22863,GGTTTGTGTGTGTGTGTGTGTGA,0,0,0.002571166,0,0.353596915,552.5,192.0921886,0.091304348,-0.065217391,0,0,0,0
22864,GAGGGTGGGGAGTTTACTCCTGG,1,0.004025449,0.352564103,0.161883734,0.156419304,552.5,199.0119901,0.043478261,-0.086956522,0,0,0,0
22865,GGGAGGGAGGAATGAATAGTGGA,0,0,0.010628019,0,0.104848333,485,179.637143,0,0.195652174,0,0,0,0
22866,TGGAGAGAGGAAGGAGGGGTTGG,0,0,0.066782609,0,0.068980913,455,181.2030422,0.1,-0.130434783,0,0,0,0
22867,GTCACTGCTGCGGGAGGGGGCAG,0,0,0.01466517,0,0.093289924,455,181.8607859,0,-0.326086957,0,0,0,0
22868,CCAGTGCGCAGGACGGAGGCCAG,0,0,0.06980057,0.108455691,0.108455691,425,195.6416179,0.091304348,-0.717391304,0,0,0,0
22869,AAAATAGTAGAAGTGGCACAGAG,0,0,0.008465608,0.216658163,0.213177711,522.5,202.2990784,0,-0.956521739,0,0,0,0
22870,GACCCCCCCCACCTCCCCGCCGA,0,0,0,0,0.011549968,387.5,156.4245726,0.086956522,0.347826087,0,0,0,0
22871,ATTGACCCCTGCATCTTCAAAGA,0,0,0.004329004,0,0.143492089,455,192.3416734,0,-0.347826087,0,0,0,0
22872,AAGAGAGAGGAAGAGACACAGAG,0,0,0.050297211,0,0.155758982,552.5,196.5501938,0,0.282608696,0,0,0,0
22873,GTCCCCCTCCACCCCATCCCCAG,0,0,0.024273385,0,0.033027225,417.5,149.9374631,0,-0.217391304,0,0,0,0
22874,AAAAGAGCAGAACAAGCACACAG,0,0,0.020967451,0,0.148388855,425,191.5202409,0,0.847826087,0,0,0,0
22875,GGGGTGGAGGAAACAGGAGTAAG,0,0,0.045986622,0,0.086676978,425,197.1878948,0,-0.608695652,0,0,0,0
22876,GAGAGGGAGGAATGAGGAATTAG,0,0,0.095924687,0,0.526848592,552.5,186.9236801,0,-0.326086957,0,0,0,0
22877,ACATGAGAAGATGAGGCAGTGAG,0,0,0.005092593,0,0.108090364,387.5,143.3582997,0.013043478,-0.130434783,0,0,0,0
22878,TGAATGGAGGAATGAATTGTTGA,0,0,0.006510417,0,0.02026257,442.5,154.9741298,0.013043478,-0.239130435,0,0,0,0
22879,GAGAGAGAAGAAGAGGCACTGAG,0,0,0.04526749,0,0.687682923,552.5,180.6608001,0.060869565,0.47826087,0,0,0,0
22880,AAAGGAAAAGAAGGGGCAGATGG,0,0,0.036458333,0,0.050756291,455,173.5560346,0,-0.739130435,0,0,0,0
22881,GACCCCCTCAACCTGGCCTCTGG,0,0,0.031777778,0,0.089242665,432.5,189.5620574,0.143478261,0.130434783,0,0,0,0
22882,GGTGGGTGTGTTTGTGTGTGTGG,0,0,0.077538462,0,0.173969682,455,185.2496881,0.169565217,-0.130434783,0,0,0,0
22883,GGTGGGTGTGTTTGTGTGTGTGA,0,0,0.005384615,0,0.173969682,455,185.2496881,0.182608696,-0.086956522,0,0,0,0
22884,ATGTACAGCAGTGTGTAGAGGGA,0,0,0.015151515,0,0.419407407,530,204.7873984,0,-0.108695652,0,0,0,0
22885,GGTGTATGAGTGTGTAGGTGTGG,0,0,0.021390374,0,0.060221432,485,177.851159,0,-0.195652174,0,0,0,0
22886,GGTGTGTGAGTGTGAGTGTGGGG,0,0,0.098245614,0,0.306794992,462.5,183.9185474,0,-0.304347826,0,0,0,0
22887,AAATAAGAAGCAGAAGCAAAGAG,0,0,0.036252723,0,0.070427919,357.5,166.7265748,0,0.326086957,0,0,0,0
22888,GGCACAGGTGCTGGTGGTGGTGA,0,0,0.004126984,0,0.141738197,522.5,196.1473971,0,-0.130434783,0,0,0,0
22889,AAATGAGAACAAAATGCACAAGA,0,0,0.003663004,0,0.231791352,432.5,191.7019215,0,0,0,0,0,0
22890,GAGTCAGAGCAGTTGAAGGAGAG,0,0,0.014444444,0,0.016518465,357.5,165.5275109,0.2,0.173913043,0,0,0,0
22891,TGAAAGCAGGAATGAGCAGTTGG,0,0,0.060661765,0,0.389730931,552.5,194.0143881,0.282608696,-0.456521739,0,0,0,0
22892,CAGTGTGTCTATGGATGGAGAGA,0,0,0.003342246,0,0.381664022,455,175.0643164,0.008695652,-0.086956522,0,0,0,0
22893,AAATGAGAAGATGAGAAAGAAAG,0,0,0.005041152,0,0.014008099,320,142.4613627,0.004347826,0.043478261,0,0,0,0
22894,CCATTGAGTGAAGGGGAGGCCAG,0,0,0,0,0.108966853,425,195.4653952,0.165217391,0.152173913,0,0,0,0
22895,GAGTGCAAACACAAGAAGAAAGA,0,0,0.014180672,0,0.280247265,522.5,203.8526184,0.156521739,-0.043478261,0,0,0,0
22896,AGGGTGTGTGTGTGTGCGTGTAG,0,0,0.025454545,0,0.822304167,620,213.4238996,1,2.260869565,0,0,0,0
22897,GAGTCAGAGAAGAGGAGGAAGGG,0,0,0.06627451,0.047249785,0.045731719,455,179.7969839,0,-0.282608696,0,0,0,0
22898,TGTGTGTGTGTGTGTGAGTGTAG,0,0,0.026397306,0,0.372455417,552.5,192.9657886,0.056521739,-0.434782609,0,0,0,0
22899,GATGTGTGAGTCTGTGTGTGTAG,0,0,0.019708396,0,0.299915,455,188.9694685,0.008695652,0.369565217,0,0,0,0
22900,GGTTATTGTGTGTGTGTGTGTAG,0,0,0.017598204,0,0.213926133,552.5,191.5945246,0.991304348,3.5,0,0,0,0
22901,AGTATGTAGGAATGAGGGGTGGG,0,0,0.114285714,0.216694969,0.208990259,552.5,190.8654859,0.026086957,0.152173913,0,0,0,0
22902,GGGCAGGAGCCAGCAGCCGTTGG,0,0,0.054021609,0.095572195,0.095572195,552.5,195.2922098,0,-0.52173913,0,0,0,0
22903,GGGAAGGGCCCAGCTTCGGTTGG,0,0,0.013968254,0.047769728,0.047769728,455,174.6838442,0,-0.065217391,0,0,0,0
22904,GGTGTGTGAGTGAGGGTGTGTGG,0,0,0.005874126,0,0.060022353,357.5,173.2192268,0,-0.065217391,0,0,0,0
22905,TGTGTGTGTGTGTGTGAGTGAGG,0,0,0.101818182,0.379196691,0.372455417,552.5,192.9657886,0,0.086956522,0,0,0,0
22906,GACACAGATGCATAGTTGTTCAG,0,0,0.014444444,0.042147338,0.042147338,455,178.5315818,0.056521739,0.173913043,0,0,0,0
22907,TGTGTGTGTGTGTGTGAGTGAGA,0,0,0.007070707,0,0.372455417,552.5,192.9657886,0.030434783,-0.326086957,0,0,0,0
22908,AAAGTAGAAGAAGAGGCAGAAGA,0,0,0.001627604,0,0.992537313,560,187.4900801,0.217391304,0.065217391,0,0,0,0
22909,GCTTCTTTCCCACACACCTGAAG,0,0,0.011008987,0,0.205290939,462.5,171.0952154,NA,0.456521739,0,0,0,0
22910,ATAAATAACAGTGATTAGAGCAG,0,0,0.016765873,0,0.240310978,522.5,199.5791775,0.008695652,-0.02173913,0,0,0,0
22911,CCCTGAGTCTCTGAGTGGATCAG,0,0,0.109537037,0,0.064559541,432.5,192.7678098,NA,0.130434783,0,0,0,0
22912,AATGACCAGTACCTTCTCAAGGA,0,0,0.00060336,0,0.161183272,432.5,192.7338775,0,-0.065217391,0,0,0,0
22913,CTCATCCCTCAAAAGACACACGA,0,0,0.018731269,0,0.307297816,425,200.1307788,0,-0.065217391,0,0,0,0
22914,GGGGCTGCGGCTGGAGGGAGGGG,0,0,0.074404762,0,0.09638643,485,161.6270668,0,0,0,0,0,0
22915,AAATGAGAAGGAGTGGCAGATGG,0,0,0.043333333,0,0.069610348,365,171.7827317,0.260869565,0.630434783,0,0,0,0
22916,GAGTCCGAGCAGAAATAACAAAG,0,0,0,0.003769055,0.003713831,320,131.5332193,0.243478261,0.608695652,0,0,0,1
22917,AAGAACACCAGTGATTGGATTAG,0,0,0.003871292,0,0.0719626,387.5,146.6292674,0,0.108695652,0,0,0,0
22918,GATGAGTGAGGATGTGTGTGAGG,0,0,0.147418803,0,0.166452825,357.5,184.0277048,0.056521739,0.47826087,0,0,0,0
22919,CCCTGTGTGGCTGGGTGAATGGA,0,0,0.009672619,0,0.04229093,455,170.6181284,0,-0.282608696,0,0,0,0
22920,GCTTCCACACAGCCTGACCAGGG,0,0,0.160416666,0.371481653,0.358942188,552.5,190.3109717,0,0.239130435,0,0,0,0
22921,AGTGTGTGTGTGCGTGCGTGTGA,0,0,0.01076555,0,0.355433782,522.5,204.4525791,0,-0.02173913,0,0,0,0
22922,AGTGAGTGAGTGTGTGTGTGAGA,0,0,0.029166667,0,5.899193548,567.5,200.6138889,0,-0.413043478,0,0,0,0
22923,CCTCCCTCTGCTCTACAGACCAG,0,0,0.008540305,0.07172613,0.069304995,485,167.9571753,0.047826087,0.173913043,0,0,0,0
22924,CTCCCCCTCCTCCCCGTCTCGGG,0,0,0.074592075,0,0.33831875,455,191.7438052,0.252173913,0.456521739,0,0,1,0
22925,GAGCCCTAGAAAAAGAAGAAAGA,0,0,0.020769789,0,0.422434911,522.5,203.2353823,0,-0.673913043,0,0,0,0
22926,GCCACCTGTCCAGAGACACACAG,0,0,0.141042673,0,0.932255747,620,212.4286822,0,-0.02173913,0,0,0,0
22927,AAATGAGTAGAAAATGAACAAAG,0,0,0.006837607,0,0.057129709,357.5,171.4077299,0.086956522,0.282608696,0,0,0,0
22928,GAGTTTTTTTCATTGCTTTCTGA,0,0,0.009920635,0,0.031841181,485,174.1742568,0.186956522,-0.108695652,0,0,0,0
22929,GCCTCTTTCCCACTTTCCTCTGA,0,0,0,0,0.003909308,325,138.927768,0,-0.282608696,0,0,0,0
22930,GACCCCCTTCTCCTCCCCTCTGG,0,0,0,0,0.011862146,357.5,180.0825254,0,0.282608696,0,0,0,0
22931,CCTGCCTCACTTCTACTCTCAGA,0,0,0.003944773,0,0.140753727,457.5,173.2703996,0.152173913,0.434782609,0,0,0,0
22932,GCCTGCTCAGGGCCTGGCCAGGG,0,0,0.176041667,0,0.476527186,522.5,204.3066791,0.008695652,-0.608695652,0,0,0,0
22933,AGAATGCCTGCTGCAGAACCTAG,0,0,0.027222222,0.345810626,0.339662881,552.5,191.4361685,0,0.065217391,0,0,0,0
22934,CACCCCCTCCAGCCCCACTCGGA,0,0,0,0,0.05158538,387.5,173.2093626,0.091304348,-0.260869565,0,0,0,0
22935,AATGACCCCTCCAGCCTTAATGA,0,0,0,0,0.023189471,357.5,172.8075814,0,0.608695652,0,0,0,0
22936,CCAGTGAGTAGTACGGAGGTCAG,0,0,0.023931624,0.212175934,0.212175934,365,166.0469791,0.004347826,-0.673913043,0,0,0,0
22937,CCCTGTGGCTTTGCATGGTTCAG,0,0,0.01349989,0,0.037268793,357.5,167.4829148,0,-0.217391304,0,0,0,0
22938,GGAGAGTGTGAGTGTGTGTGGAG,0,0,0.038888889,0,0.19349884,455,187.4960249,0,-0.369565217,0,0,0,0
22939,CCCTGTGTCTGTGCATGGGATAG,0,0,0.005859375,0,0.015541087,290,133.4451318,0,0.347826087,0,0,1,0
22940,GGTGAGGGAGGGTGTGCTTTGGA,0,0,0.007625272,0,0.046570654,387.5,148.0258023,0,-0.108695652,0,0,0,0
22941,TTATAAGAAGAAGAGACACAAGG,0,0,0.63030303,0,0.272333333,552.5,200.3832541,0,-0.282608696,0,0,0,0
22942,ATAATCTTAGTCATGATCTGCAG,0,0,0.004718519,0,0.161081177,455,183.4788674,0,-0.217391304,0,0,0,0
22943,AAGAGAGAAGAAGAGGGAGAGGA,0,0,0.000148593,0,0.189330488,485,166.064289,0.139130435,-0.456521739,0,0,0,0
22944,TGCAGTGTGGCTGGGGGTGGAGG,0,0,0.34125,0,0.402848101,522.5,200.6048415,0,0.173913043,0,0,0,0
22945,CCCTGGGTCTCTGTATGGGGGAG,0,0,0.002614379,0,0.017798966,387.5,137.8892315,0.008695652,-0.086956522,0,0,0,0
22946,GAGCCCCTCCCCACCGCCCCAGG,0,0,0.021220159,0,0.105624282,357.5,172.1945958,0,-0.02173913,0,0,0,0
22947,TGAATCCCTTCTGCGGGAGCCAG,0,0,0.001239107,0,0.054360238,387.5,153.2588674,0,-0.282608696,0,0,0,0
22948,GGGCAGAGAGTGTGTGCTTGCGA,0,0,0.010723039,0,0.208990259,552.5,189.9918859,0.3,0.630434783,0,0,0,0
22949,TGGATATAGGAAGGAGGTGTCGG,0,0,0.074534161,0,0.047113964,455,180.1081814,0,-0.260869565,0,0,0,0
22950,TGTGAGTGAGTGTGTGTTGGGGG,0,0,0.077777778,0,0.039755995,442.5,142.0425557,0.243478261,0.152173913,0,0,0,1
22951,GACTTATTTTCATTATTGTCCAG,0,0,0.032534495,0,0.094492858,462.5,178.9836611,0,0.239130435,0,0,0,0
22952,AAAAGAGAGAAAGAGGCTCAAAG,0,0,0.038408779,0.171583808,0.16579195,552.5,183.9515499,0.195652174,0.434782609,0,0,0,0
22953,TGAGAGTGGGTGTGTGTGTGTGA,0,0,0.015432099,0,0.367241041,552.5,193.7261086,0.065217391,0.173913043,0,0,0,0
22954,GCCTGCCCGCAGCCTGGCCTCGG,0,0,0.08,0.371543143,0.371543143,552.5,171.8225633,0,-0.391304348,0,0,0,0
22955,TGTAAGTGTATGTGTGCGTGTGA,0,0,0.035,0,0.805112123,620,209.3748832,0.004347826,0.02173913,0,0,0,0
22956,GGTGAGTGAGAAAGTGTGTGGGG,0,0,0.226153846,0,0.055532106,295,174.7683842,0,-1.108695652,0,0,0,0
22957,GAGGGAGAGGAGAAGAAGAAGGA,0,0,0.009403935,0,0.760552802,622.5,210.2603596,0,-0.152173913,0,0,0,0
22958,GCCACTCAGGCTGGAGGAGGCGG,0,0,0.20625,0,0.211957667,552.5,188.053669,0,-0.369565217,0,0,0,1
22959,GATTTCAAGCAGAAGTAGAAAGA,0,0,0,0,0.174113559,552.5,197.7120733,0,-0.02173913,0,0,0,0
22960,AAGTCAGAAGAAGAGGAAGACAG,0,0,0.00726166,0.192757284,0.189330488,485,165.649569,0,-0.391304348,0,0,0,0
22961,AACTTGTTTTCATTAATTTCAAG,0,0,0.128342246,0.014832503,0.014305125,387.5,162.2812193,0.173913043,-0.369565217,0,0,0,0
22962,AAATGTGAAGCTGAGGCTCAGAG,0,0,0.012345679,0,0.048671649,357.5,178.0444986,0.039130435,0.043478261,0,0,0,0
22963,TTGAAAAGCAGTGAGTAGTGTAG,0,0,0.083333333,0,0.318743398,552.5,183.5661991,0.247826087,-0.869565217,0,0,0,0
22964,GACTCGGATGTCCTCCTCATGGG,0,0,0.148484849,0.356135327,0.350124604,555,194.2659849,0.073913043,-0.304347826,0,0,0,0
22965,AAGTCAGAGTAGAAAAAGAAAAG,0,0,0.191926182,0.232310687,0.224468976,522.5,198.215258,0.008695652,0.02173913,0,0,0,0
22966,TGTGAGTGTGTGAGTGCTTGCGG,0,0,0.276923077,0,0.073380489,455,180.3175658,0.086956522,0.347826087,0,0,0,0
22967,AATGACCAGTACCTCTTCCAAGA,0,0,0.000576153,0,0.018329335,387.5,157.7044733,0.02173913,-0.826086957,0,0,0,0
22968,CATGCCTCCTCCCTCCTCACAGG,0,0,0.152675076,0.185677158,0.182543366,425,192.0451416,0,-0.086956522,0,0,0,0
22969,CCAGGGAGGAGGGCGGAGCCAGA,0,0,0.008907539,0,0.142338831,455,175.4877993,0.004347826,2.52173913,0,0,0,0
22970,AAATGAGATGCAGAGGCATGAAG,0,0,0.021960784,0,0.063728886,387.5,141.1245361,0,-0.195652174,0,0,0,0
22971,GGTGCGTGTATGTGTGTGTGGGG,0,0,0.130666667,0,0.325662758,552.5,187.9740522,0.82173913,-0.043478261,0,0,0,0
22972,CCAGGTGTCTATTGATGGATGGA,0,0,0.008463542,0,0.302995647,425,202.0689958,0.034782609,-0.043478261,0,0,0,0
22973,ACCTCCCCAAAGAGAGGCCAAAG,0,0,0,0,0.02322943,362.5,183.8544732,0,0.369565217,0,0,0,0
22974,TGTGTGTGAGTGTGTGAGTATGA,0,0,0.01104798,0,0.268517165,485,159.787969,0.886956522,-0.456521739,0,0,0,0
22975,GGTGTGTGTGTGTGTCTGTGTGG,0,0,0,0,0.060818669,485,175.6773627,0.017391304,0.239130435,0,0,0,0
22976,GGTGTGTGTGTGTGTCTGTGTGA,0,0,0,0,0.060818669,485,175.6773627,0,0.195652174,0,0,0,0
22977,GGGAGTGAGGACTTTGCTCCTGG,0,0,0.168067227,0.41913587,0.406288793,522.5,205.7244986,0.939130435,-0.652173913,0,0,0,0
22978,TGTGAGTTTGTGTGTGTGTGGGG,0,0,0.175,0,0.372455417,552.5,191.1542916,0,-0.043478261,0,0,0,0
22979,TGTGCGTGTGTGTGTGTGTGAGA,0,0,0.009722222,0,0.372455417,552.5,192.9657886,0,0.043478261,0,0,0,0
22980,GGGACCGCGACTGGAGATGGGGG,0,0,0.395959596,0,0.317950254,552.5,190.9081685,0,-0.5,0,0,0,0
22981,TGTGCGTGTGTGTGTGTGTGAGG,0,0,0.14,0.379196691,0.372455417,552.5,192.9657886,0.756521739,4.086956522,0,0,0,0
22982,AAATGAGAAAAGGAGGAAGAGGA,0,0,0.002730624,0,0.07862335,387.5,154.7580521,0.034782609,-0.195652174,0,0,0,0
22983,GCCATTGTCTTTGGATGGATTGA,0,0,0.002787068,0,0.794051205,522.5,210.8079963,0,-0.195652174,0,0,0,0
22984,CACAGCCATCCAGACCCACAGGA,0,0,0,0,0.069289873,455,186.1762325,0.026086957,-0.282608696,0,0,0,0
22985,TTGAACAGCAGTGATGAGAGAGG,0,0,0.031789639,0,0.072985333,455,184.6047356,0.173913043,0.326086957,0,0,0,0
22986,TAGATGGGGGAATGGGGTGTGGG,0,0,0.201666667,0,0.083169333,455,176.2298282,0,-0.02173913,0,0,0,0
22987,GAGATGGAGGAATGGGGTGTAGA,0,0,0.018266908,0,0.083169333,455,179.3296451,0.02173913,-0.217391304,0,0,0,0
22988,GAGCACAAAGCAAATACTGATAG,0,0,0.007834758,0.070008999,0.06751979,357.5,157.828058,0,-0.043478261,0,0,0,0
22989,GCCTCTGTCTCATCCATCTTGAG,0,0,0.046887949,0.136282728,0.134093447,455,181.3396512,0.004347826,-0.260869565,0,0,0,0
22990,GGAATCCCATCTGCAGCAAGCAG,0,0,0.006069094,0.232100486,0.22591114,492.5,148.5546198,0,-0.173913043,0,0,0,0
22991,GACCCTCTCCACTCCACCTGCAG,0,0,0.009912854,0,0.025242791,387.5,153.4886696,0,0.152173913,0,0,0,0
22992,ACATGGGAAGAGGAGGTACAAGA,0,0,0.013135655,0,0.181448575,455,188.4718045,0,-0.130434783,0,0,0,0
22993,GAATCCTAGCAGCAGAAGAGTAG,0,0,0.017887857,0.178418456,0.172074689,455,169.6518987,0,-0.804347826,0,0,0,0
22994,AAATAAGAAGAAGTAGTACAGGA,0,0,0.014098281,0,0.023109381,357.5,171.0793627,0.104347826,0,0,0,0,0
22995,GGGAAGGAGGAATGAGGGTTCGA,0,0,0.008856683,0,0.103262324,485,161.7403468,0,-0.086956522,0,0,0,0
22996,AAATGAAAACAACAGGCACTGAG,0,0,0.02619883,0,0.152592743,455,165.1881623,0.947826087,0.217391304,0,0,0,0
22997,GAATTCAAGGCATGGACTGCAAG,0,0,0.023464272,0,0.130251581,522.5,201.439115,0,-0.065217391,0,0,0,0
22998,CAACAAAATACATAGACTGCTAG,0,0,0.096296296,0,0.487092835,620,208.4624992,0,-0.260869565,0,0,0,0
22999,GGGGTGGAGGCATGAGGCGTCAG,0,0,0.01180891,0.178584677,0.172235,455,186.672983,0,0.108695652,0,0,0,0
23000,CCTGCCTCCGCACTCCGCCCTGG,0,0,0.005310714,0,0.021826573,290,145.542767,0,0.239130435,0,0,1,0
23001,GGGAGGAAAGAATGAGGAGTGGA,0,0,0.027329192,0,0.569608261,620,211.5687188,0,0.108695652,0,0,0,0
23002,GGACCAGACTGGGGACTTGAAAG,0,0,0,0.043292075,0.04183074,357.5,178.3306038,0.047826087,0.152173913,0,0,0,0
23003,ACTGAGTGTGTGTGTGAGTGTGA,0,0,0.012115385,0,0.372455417,552.5,194.0141086,0,0.152173913,0,0,0,0
23004,TGGATGGAGGAATGAATGGAGGA,0,0,0.00390625,0,0.007062745,375,118.3645298,0,0,0,0,0,0
23005,AGTGAGGACTACATCCTCTAGAG,0,0,0.026277862,0,0.206090981,552.5,184.0428353,0,-0.369565217,0,0,0,0
23006,GGTGTGTGTGTGTGTGAGAGAGA,0,0,0.002020202,0,0.111383028,485,162.2177886,0.013043478,0.130434783,0,0,0,0
23007,AGCACGGCAGCTGGAGGAGGGGG,0,0,0.220408163,0,0.114716268,552.5,188.0309024,0,-0.217391304,0,0,0,1
23008,GATGAATGTGTGTGTGTGTGGGG,0,0,0.236923077,0,0.225335527,552.5,192.2281246,0.547826087,0.52173913,0,0,0,0
23009,GATGAATGAGTGTGTGTGAGTGA,0,0,0.007834758,0,0.116171344,485,165.439905,0,0,0,0,0,0
23010,CCTGTGTGTAGAGCTGAGGTTGG,0,0,0.013235294,0.123555934,0.119162834,455,164.9441977,0,-0.130434783,0,0,0,1
23011,GCCTCTCTCCCACCCAACCCCGA,0,0,0.000558748,0,0.051919986,417.5,127.9451083,0,-0.369565217,0,0,0,0
23012,GGCATCTCAGTCTTTGCCTGGGA,0,0,0.003365385,0,0.100056646,455,189.0724366,0,0.108695652,0,0,0,0
23013,CCCTGTGTCTCTGCATGGCCAAG,0,0,0.002089864,0.049781259,0.049781259,395,140.8752155,0,-0.108695652,0,0,0,0
23014,GGGTGGGTGGCGGTGGCTCCCAG,0,0,0.000845411,0,0.078569341,327.5,186.1637572,0.960869565,2.934782609,0,0,0,1
23015,GGTAAGGGTGTGTGTGTGTGGGG,0,0,0.148235294,0,0.241506693,552.5,190.9973278,0,-0.347826087,0,0,0,0
23016,AATTGAGAACAAGTGGCTCAGGG,0,0,0.075294118,0,0.041990519,455,176.6177457,0,-0.02173913,0,0,0,0
23017,TGGATGGAGGATGGAGGGGTGGG,0,0,0.034782609,0,0.094921619,365,177.7612457,0.047826087,-0.413043478,0,0,0,0
23018,GCCTCCCCAAACCCCGCCCCCGA,0,0,0.000536189,0,0.028894225,290,139.153167,0,-0.02173913,0,0,0,0
23019,CCCTCCCATCCAGAGGCTCAAGA,0,0,0.004249223,0,0.050674684,485,174.3263208,0.682608696,1.108695652,0,0,0,0
23020,GGCAGTGCGACTGTAGATGGCAG,0,0,0.036134979,0,0.079416941,455,180.2946479,0.117391304,0.630434783,0,0,0,0
23021,ATGAACTCCTGTGAGTAGAGAGG,0,0,0.386029412,3.59994488,3.59994488,635,214.2250828,0,1.065217391,0,0,0,0
23022,TGGAGGGAGGAAAGAGGGGAGAG,0,0,0.025846154,0,0.050081283,387.5,145.8514263,0.260869565,3.195652174,0,0,0,1
23023,TGAATGGAGGAAATAGGACTCGG,0,0,0.062068966,0,0.028356789,357.5,166.7854949,0,-0.5,0,0,0,0
23024,GAGCCCCTGCACCCGGCCTTAAG,0,0,0.001203704,0,0.106601012,455,163.3675981,0,0.282608696,0,0,1,0
23025,CCTGCCTCAGCTCCTCTCAGTAG,0,0,0.000746965,0,0.014556396,357.5,152.2564135,0.204347826,0.065217391,0,0,0,0
23026,TGTGAGGGTGAGTGTGCGTGAGG,0,0,0.264705882,0,0.33136789,522.5,206.6269551,0.165217391,0.217391304,0,0,0,0
23027,GACTTCCTCCACCCCGCCATTGG,0,0,0.043636364,0,0.20797875,485,149.1524801,0,0.130434783,0,0,0,0
23028,TTCTCTTTCCTACCCACTTTTAG,0,0,0.046620047,0.178584677,0.172235,455,187.306583,0,-0.913043478,0,0,0,0
23029,GGTAAGCGTGTGTGTGCGTTTAG,0,0,0.067375,0,0.275530908,552.5,174.8458389,0.404347826,0.065217391,0,0,0,0
23030,GCTTCCCCAAAGACAAGCCACGG,0,0,0.153087045,0,0.026439768,357.5,177.677232,0,-0.47826087,0,0,0,0
23031,GGCACTGGGGGTGGGGGTGGGAG,0,0,0.027083333,0,0.378321285,432.5,196.8630778,0,-0.5,0,0,0,0
23032,CCCTGCGGGTCTGGGTGGATGGG,0,0,0.268253968,0.141738197,0.141738197,522.5,196.1473971,0,-0.02173913,0,0,1,0
23033,TGGATGGGTGATTGAGGAGGAGG,0,0,0.023006536,0.1884295,0.1884295,455,167.2867023,0,0.130434783,0,0,0,0
23034,ATATGAGATGTGGAGGCACAGAG,0,0,0.025140292,0,0.238701321,425,201.0540355,0.217391304,-0.413043478,0,0,0,0
23035,AGCACTGGGGGTGGAGATGGGGG,0,0,0.135,0,0.33831875,455,188.8839883,0,-0.130434783,0,0,0,0
23036,GGCATAGCTGGTGGAGGTGGCAG,0,0,0.019064721,0,0.280029596,522.5,205.9358319,1,2.02173913,0,0,0,0
23037,GGGGCTGGGGCTGGGGGTGGGGG,0,0,0.130580357,0,0.397208228,522.5,200.4915615,0,-0.065217391,0,0,1,0
23038,GGTAGTGGGGCTGGTGGTGGTGG,0,0,0.053035714,0,0.397208228,522.5,200.0768415,0.5,-0.413043478,0,0,0,0
23039,AGTGCGGGAGTGCGTGCGTGTGG,0,0,0.208978328,0.397317959,0.397317959,522.5,206.0291787,0,-0.108695652,0,0,0,0
23040,GGGTGGGGGGAGTTAGTTGCAAG,0,0,0.008755686,0.078867471,0.078867471,395,154.4588674,0,0.02173913,0,0,0,0
23041,TCCTCCTACCAACCCACCTTTGA,0,0,0.037878788,0,0.480400979,522.5,208.0841153,0,-0.043478261,0,0,0,0
23042,AGTGAGTGGGTGTGAGCTTGTGG,0,0,0.231578947,0,0.050816463,455,175.6098648,0,0.260869565,0,0,0,0
23043,TGGATGAATGAAGGAGTAGTGAG,0,0,0.009017713,0,0.088958845,455,182.3716072,0.213043478,0.282608696,0,0,0,0
23044,GACTTGTCTTCATTGTTTACCAG,0,0,0.047619048,0,0.173786667,492.5,161.1288498,0,0.326086957,0,0,0,0
23045,TGGTGGGAGGCACGAGGAGTGGA,0,0,0.008931419,0,0.307297816,425,201.3086758,0,0.413043478,0,0,0,0
23046,AACAGCAGGGAGTGGAGGGGTGA,0,0,0.001604938,0,0.026821933,455,176.8893817,0,1.086956522,0,0,0,0
23047,CTCTGTGTCACTGGATGTGTTGA,0,0,0.013528138,0,0.090032355,485,157.7969304,0.008695652,0.043478261,0,0,0,0
23048,ACAGTGGGGAGAGCGGAGGTGGG,0,0,0.131092437,0.296624184,0.291053776,552.5,175.7194389,NA,-0.02173913,0,0,0,0
23049,TGCCCCCCCCACCCCGCCCCCGG,0,0,0.220689655,0,0.526848592,552.5,185.1121831,0.191304348,0.5,0,0,0,0
23050,GAAAGAGAAGAAGAGACAGAAAG,0,0,0.015432099,0,0.090617958,485,170.2899742,0.026086957,-0.02173913,0,0,0,0
23051,CCCAGTGTCTATGGATGGATGGA,0,0,0.024801587,0,3.934701493,537.5,214.4963163,0,-0.282608696,0,0,0,0
23052,GGGAAAGACCCGGCAGCTGAGAG,0,0,0.0234375,0,0.00944061,320,131.6345405,0.97826087,2.304347826,0,0,0,0
23053,CGGATGGAGGAATGAGTGGGTGG,0,0,0.01512605,0,0.052629364,417.5,135.6529557,0,0.369565217,0,0,1,0
23054,GTCGTGTTTTCATTTGTCTCAAG,0,0,0.005827506,0,0.069289873,455,186.5909525,0,0.130434783,0,0,0,0
23055,GGCACTCTGGCTGGAGGTAAAAG,0,0,0.104437934,0,0.134857107,485,145.8314024,0,-0.043478261,0,0,0,0
23056,CTCTGTGTGTCTGGCTGGCTGAG,0,0,0.008232798,0.084680165,0.081669315,455,170.0451981,0,-0.282608696,0,0,0,0
23057,GACTTGTCTCCATTATTCTTTGA,0,0,0.010457516,0,0.154716633,455,159.7638251,0.139130435,-0.847826087,0,0,0,0
23058,GCCACTGTTGATGGAGGTGGTAG,0,0,0.062820513,0,0.485165286,522.5,205.670319,0.047826087,0.130434783,0,0,0,0
23059,GAAGGAGAAGGAGAAGCACAGGA,0,0,0.026552287,0,0.223580696,425,197.8892947,0,-0.456521739,0,0,1,0
23060,GCTAGAGCGGCTGGAGGTGGAGA,0,0,0.0171875,0,0.778438874,620,215.357696,0.182608696,-0.913043478,0,0,0,0
23061,AAATAAGAATGAGAGGCATAAAG,0,0,0.054768519,0.250485481,0.242030275,455,175.9418599,0.813043478,-0.630434783,0,0,0,0
23062,TCCTCCCCCAAGTCTGGCCCAGG,0,0,0.090909091,0,0.164916269,455,168.6032992,0,-0.52173913,0,0,0,0
23063,GGTGTGTGTGTGTGGGCATGGGG,0,0,0.007552448,0,0.048243477,455,174.3215448,0,-0.065217391,0,0,0,0
23064,GAGGACGAGGAGAAGGAGAAAGG,0,0,0.026709402,0,0.238119304,552.5,194.7579177,0,0.065217391,0,0,0,0
23065,GAGTTCCAGCAGAAGAGGAGAAG,0,0,0.015306613,0,0.173616039,485,157.4047882,0,-0.347826087,0,0,0,0
23066,AACACAAGTTAGTAGAGGGGTAG,0,0,0.026080247,0.324731052,0.324731052,560,188.1989463,0,-0.173913043,0,0,0,0
23067,AATGTCCAATACATCTCCAAAAG,0,0,0.017551076,0.060818669,0.060818669,485,175.6773627,0,-0.5,0,0,0,0
23068,GTTGTGTGTGTGTGTGTGTGGAG,0,0,0.016798286,0,0.372455417,552.5,192.7257886,0,-1.195652174,0,0,0,0
23069,TACATCGTAGCAGAGTTTATGGG,0,0,0.077922078,0.526848592,0.526848592,552.5,184.0638631,0,-0.043478261,0,0,0,0
23070,AAATGAGAAGAAAAGAACCAAAG,0,0,0.021272555,0,0.006554634,345,146.0028092,0,-0.282608696,0,0,0,0
23071,AGTGGCCACTACATCCTGCAAAG,0,0,0.00411954,0.101358871,0.097755,485,161.5003468,0.726086957,0.304347826,0,0,0,0
23072,GGAGAGTGTGTGTGTGAGTTTAG,0,0,0.036296296,0,0.153139514,485,156.5885087,0.008695652,0.02173913,0,0,0,0
23073,GACTTTCTTTCTTTTTTCTCTGG,0,0,0.021825397,0.077952761,0.077952761,425,193.1077132,0,-0.456521739,0,0,0,0
23074,AGTTGAGTAGAAGAGGCAGAAGA,0,0,0.00210084,0,0.4917675,552.5,184.5841831,0,-0.347826087,0,0,0,0
23075,GGTGAGTGAGTGAGAGAGAGAGA,0,0,0.003711201,0,0.017168463,290,143.7595469,0.091304348,0.434782609,0,0,0,0
23076,GCAATCCCAGCTCCAGCACCGGG,0,0,0.135338346,0.321921243,0.311578392,522.5,200.5091627,0,-0.043478261,0,0,1,0
23077,TTCTCCCCATAACCTGGCCAGGG,0,0,0.748663101,0.669826867,0.648306325,522.5,206.2521631,0,0,0,0,0,0
23078,GGCACTGCAGCTGCACTTGGGGA,0,0,0,0,0.008228696,387.5,165.326498,0.07826087,-0.130434783,0,0,0,0
23079,AGGAACACCAGTGGGAAGAGAGG,0,0,0.356363637,0.080751575,0.080751575,462.5,191.2323895,0,-0.065217391,0,0,0,0
23080,GTTCTGTGAGTGTGTGCTTGGGA,0,0,0.00567169,0,0.310333333,552.5,191.3747467,0,-0.391304348,0,0,0,0
23081,TGTGGGTGAGTGTGTGCACGGGA,0,0,0.009549072,0,0.103262324,485,161.7403468,0,-0.47826087,0,0,0,0
23082,AATATCAGTGAGTAGTGCAGAAG,0,0,0,0,0.08458401,485,169.3472542,0.013043478,-0.304347826,0,0,0,0
23083,AAATGAAAATAAAAGGCAGAAAG,0,0,0.024305556,0,0.1152679,455,171.5777623,0.826086957,1.108695652,0,0,0,0
23084,AACACCAATCAGAAGAGGGGCAG,0,0,0.00957265,0.101581695,0.099949861,455,176.1857928,0,-0.065217391,0,0,0,0
23085,GCCTCCCCAAGTCCTCCCCAAGG,0,0,0,0,0.024680936,290,166.9792789,0,-0.065217391,0,0,0,0
23086,GTCTCCCCAAGGCCTGCACAGGG,0,0,0.07486631,0,0.066310475,387.5,166.3204719,0.743478261,-0.086956522,0,0,0,0
23087,GGCTCCCCAGAACCTGGCTAGAG,0,0,0.043161705,0.234331367,0.225999585,455,175.5041632,0.039130435,0.108695652,0,0,0,1
23088,AAAAGAGGAGAAGAGGAACTGGG,0,0,0.097777778,0,0.25419625,485,157.102872,0.904347826,3.956521739,0,0,0,0
23089,GAGTTGTTTTCTTTGTTGTTGAG,0,0,0.001728395,0,0.062777859,387.5,148.3949663,0,-0.086956522,0,0,0,0
23090,GCAGAGTGAGGGTGTGCGGGCAG,0,0,0.012820513,0.282992933,0.272930963,455,181.4539164,0,-0.195652174,0,0,0,0
23091,GGCACCAAAGCATAGTTTCTAAG,0,0,0.017164751,0,0.131830099,455,176.3294987,0,-0.173913043,0,0,0,0
23092,TGGGAGGGGGAATGGGGAGTGAG,0,0,0.038618827,0,0.383433735,522.5,199.7312415,0,-0.130434783,0,0,0,0
23093,AAATGAAAAAAAGAGGCTGATGG,0,0,0.058333333,0,0.058378574,485,155.6537496,0,-0.347826087,0,0,0,0
23094,GGGATGGAAGAATGAAGAGATAG,0,0,0.089673913,0,0.073296119,485,160.8141938,0.052173913,0.304347826,0,0,0,0
23095,GCCACACAAAAGCCTGGCTATGA,0,0,0.009212018,0,0.30174375,552.5,182.6925991,0,-0.326086957,0,0,0,0
23096,GACCCTCTCCTCCCCTCTTCTGA,0,0,0,0,0.017015292,387.5,168.4721731,0,-0.043478261,0,0,0,0
23097,GGCACTGGGGTTGGGGGTGGGGA,0,0,0.008928571,0,0.378321285,432.5,196.8630778,0,-0.065217391,0,0,0,0
23098,CACATGCATACAGAGACACACAG,0,0,0.081705948,0,1.489014768,627.5,213.3822796,0.882608696,2.934782609,0,0,0,0
23099,GAGGGAGAAAAAGAGGCACAGGA,0,0,0.024755658,0,1.299248042,620,212.8066636,0.052173913,-0.130434783,0,0,0,0
23100,TGTGAGTGAGTGTGCACGCGTGA,0,0,0.00522466,0,0.024285613,387.5,156.9565526,0.017391304,0.456521739,0,0,0,0
23101,GGTGAGTAAGTGTGAGCGTAAGG,1,0.001441174,0.542763158,0.332294836,0.332294836,462.5,165.9555615,0,0.086956522,0,0,0,0
23102,GGTGAGTGAGTTTGTGAGAGTGA,0,0,0.003561254,0,0.151764217,395,160.9497885,0.182608696,0,0,0,0,0
23103,ATCTCTGTCTCTGGATGGAATGA,0,0,0.027901786,0,0.697447183,552.5,180.5340801,0,-0.173913043,0,0,0,0
23104,GACTCCGAGGAGATGAAGAGAGA,0,0,0.004236262,0,0.089336971,455,164.903479,0,-0.173913043,0,0,0,0
23105,GCGTCCCCCAGGCCTGACCAGAG,0,0,0.044938272,0.200258624,0.19349884,455,187.4960249,0,-0.195652174,0,0,0,0
23106,GGAATCTCTCCAGCTGCACCCAG,0,0,0.017975309,0.1167924,0.113212556,425,189.9019608,0.308695652,0.217391304,0,0,0,0
23107,GATTTGTTTTCACTAGTCTCTGA,0,0,0.012279709,0,0.026439768,357.5,177.677232,0,-0.304347826,0,0,0,0
23108,GTCTCATTTTCATTGTTCTGGAG,0,0,0.011091305,0.421955546,0.421955546,552.5,178.7480961,0,-0.02173913,0,0,0,0
23109,TGAAGGGAGGAAGGAGGAGCAGG,0,0,0.011383399,0.261227608,0.251939516,455,170.7467595,0,-0.391304348,0,0,0,1
23110,GACAGGTTTTCACTGTTGTCCAG,0,0,0.008317089,0,0.114018038,455,182.1154262,0.086956522,0.391304348,0,0,0,0
23111,AAATGATATGATGAGGCACATGA,0,0,0.007936508,0,0.498217359,530,206.3409384,0.017391304,-0.826086957,0,0,0,0
23112,TACCACTTTTCATTGTTCTCTAG,0,0,0.057189542,0.813325472,0.789491758,622.5,215.252096,0.017391304,-0.195652174,0,0,0,0
23113,AATGAACTGTGCATCCTCAATGG,0,0,0.160131196,0.275802734,0.267720603,522.5,204.124335,0.073913043,0.239130435,0,0,0,0
23114,ATGAACATCTTTGAGGAGAGGGG,0,0,0.102788897,0,0.120003918,455,187.589937,0,0.369565217,0,0,0,0
23115,GCCATTTTTTCATTGTTTTCTGA,0,0,0.011135406,0,0.187751667,552.5,190.8770827,0,-0.152173913,0,0,0,0
23116,TGTGAGTGTGTATGTGTGTGTAG,0,0,0.067753086,0,0.183248065,455,186.5380081,0.169565217,-0.02173913,0,0,0,0
23117,ATCTCTGTCCCACCCACCCTTGA,0,0,0.009219989,0,0.359837588,552.5,185.8288193,0.008695652,-0.760869565,0,0,0,0
23118,GGTGAATAAGTGTGTGGGAGTGA,0,0,0.001167134,0,0.11028925,485,162.580088,0,0.086956522,0,0,0,0
23119,CCAGTGAGGAAGGCGGAAGCAGA,0,0,0.021494709,0,0.046785459,357.5,175.8707022,0,-0.434782609,0,0,0,0
23120,TGAATGGATGAATGAGGGGATGG,0,0,0.09,0,0.077961934,485,152.1512864,0,0.086956522,0,0,0,0
23121,GGCACATTCTGAGCACGTCACGG,0,0,0.092447868,0,0.34064625,552.5,182.0954023,0,0.108695652,0,1,0,1
23122,GGGAAGGGGGAATGGGGAGTTGA,0,0,0.01583132,0,0.402848101,522.5,200.6048415,0,0.239130435,0,0,0,0
23123,CTGGACCCACAGGGAAATAAAAG,0,0,0.015363512,0.158267532,0.152925168,455,182.1905474,0,-0.260869565,0,0,0,0
23124,CCCTGCACAGAGCCTGGCCAAGG,0,0,0.178571429,0,0.89998622,620,210.5367628,0.056521739,0,0,0,0,0
23125,GGCGTTGCCGCTGGAGGGGGCGG,0,0,0.071386946,0,0.180012975,552.5,187.6549664,0,0.195652174,0,0,0,0
23126,GACTCTCCAAAGCCTGGAGACAG,0,0,0.011784512,0,0.059141775,485,161.0026828,0,-0.02173913,0,0,0,0
23127,TTTGCCCCACAGATCAGTGATGA,0,0,0.006410256,0,0.03037967,357.5,167.3134949,0,-0.369565217,0,0,0,0
23128,GGTGAGTCAGTGAGTGAATGGAG,0,0,0.035685025,0,0.041781429,387.5,160.1914182,0,-0.391304348,0,0,0,0
23129,GAGGACAATCAGAAGAAGAAAAG,0,0,0.049382716,0,0.544570536,620,210.6951188,0,-0.086956522,0,0,0,0
23130,GACACTGAAGCTGGAGGAGGGAG,0,0,0.061111111,0,0.189613667,552.5,186.4770694,0,-0.260869565,0,0,0,0
23131,GTGTGGGGGGAGTCTGCGGCCGG,0,0,0.007575758,0.015102472,0.014565495,387.5,151.1494821,0,-0.304347826,0,0,0,0
23132,CGTGTGGGAGTGTGTGCATGGGG,0,0,0.105776576,0.219771774,0.211957667,552.5,190.1051659,0,-0.282608696,0,0,0,0
23133,TGCATGGAGGAATGAGATGTGAG,0,0,0.046533713,0.241652588,0.234439078,492.5,173.4625557,0.517391304,-0.043478261,0,0,0,0
23134,AACACCTAATCAGAGCTTTTTGG,0,0,0.278571429,0.171309377,0.171309377,552.5,194.5366569,0,-0.282608696,0,0,0,0
23135,CCTATCCATCCACAGCCTCAAGA,0,0,0,0,0.02036783,387.5,166.4609203,0.047826087,0.130434783,0,0,0,0
23136,ACCATCCTTCCAGAGACAGGGGA,0,0,0.002844888,0,0.219695863,485,148.2145832,1,-0.217391304,0,0,0,0
23137,GGCAGTGCCGCTGGAGTTCGGGA,0,0,0.002514368,0,0.111383028,485,162.2177886,0.004347826,-0.456521739,0,0,0,0
23138,CCCTGTGACTCTGCAGGGCTCAG,0,0,0.006366048,0,0.011549968,387.5,156.4245726,0,0.108695652,0,0,0,0
23139,GGTGTGTATGTGTGTGTGTGTGA,0,0,0.007070707,0,0.353596915,552.5,189.8659716,0,0.434782609,0,0,0,0
23140,GGTGTGTATGTGTGTGTGTGTGG,0,0,0.101818182,0,0.353596915,552.5,189.8659716,0,-0.02173913,0,0,0,0
23141,GAAGACAAAGCATATATTGTCAG,0,0,0.002592593,0.069357619,0.068124595,387.5,145.9956674,0.004347826,-0.260869565,0,0,0,0
23142,GGAAAGTGAGTGTGTGCAGGGGA,0,0,0.007726648,0,0.09638643,485,161.6270668,0.004347826,-0.413043478,0,0,0,0
23143,CCAGTCAGTAGTGCTGAGACTGA,0,0,0.001610493,0,0.037772206,357.5,164.742894,0,0.043478261,0,0,0,0
23144,GGCTCCCCAAACCTTGGCCTCAG,0,0,0.042011935,0.051128458,0.051128458,357.5,162.467115,0.22173913,0.173913043,0,0,1,0
23145,GGTGGGTGGGTGTGTGTGTGTAG,0,0,0.058074074,0,0.699446792,560,194.1657886,0,0.108695652,0,0,0,0
23146,AATACCAGGGAGCAGAGCAGAAG,0,0,0.062221526,0.118386517,0.116281868,455,174.4648992,0,6.086956522,0,0,0,0
23147,AACGCCAGAGACAAGAGCGGGGA,0,0,0.014771534,0,0.166445786,425,197.1511987,0,-0.608695652,0,0,0,0
23148,GGCACTGGGGCTGGGGGTGCAGG,0,0,0.179081633,0,0.332294836,462.5,165.9555615,0,0.065217391,0,0,0,0
23149,AATGATGACCACATCCTCCACAG,0,0,0.012500939,0,0.180199171,552.5,179.2910988,0.026086957,0.630434783,0,0,0,0
23150,TGTGAGACAGTGTGTGTGTGTGA,0,0,0.017450142,0,0.416345417,552.5,192.7308912,0.091304348,-0.043478261,0,0,0,0
23151,GCAGCCCCACAGCCTGGCCTTGA,0,0,0.007523148,0,0.599576987,552.5,175.6690637,0.082608696,0.043478261,0,0,0,0
23152,AAGTGAGAAGAACAGACACTGAG,0,0,0.040025991,0,0.043333597,387.5,154.7466536,0,0.108695652,0,0,0,0
23153,CCCTTTTTCCCAACAACCTTTGA,0,0,0.002697919,0,0.155902215,425,194.2053379,0,-0.065217391,0,0,0,0
23154,AAAGACCACACCATCTTCAATGG,0,0,0.075353218,0,0.130306027,455,190.161754,0.117391304,-0.369565217,0,0,0,0
23155,GGAGTGTGCGTGTGTGTGTGAGA,0,0,0.004810005,0,0.348646558,552.5,192.4377886,0.186956522,0.5,0,0,0,0
23156,GGGGAATGTGTGTGTGTGTGTGA,0,0,0.009722222,0,0.210931167,552.5,191.9401246,0.02173913,0.543478261,0,0,0,0
23157,TTATTGTTTTCATTTTTCTCGAG,0,0,0.023344557,0.411084498,0.397208228,525,204.2249784,0,-0.282608696,0,0,0,0
23158,GCCGCTTTCCCAGCAATCTTTGG,0,0,0.008838384,0,0.060022353,357.5,173.6339468,0,0.130434783,0,0,0,0
23159,AAATGAAAAGAATAGGCGTACAG,0,0,0.014358974,0,0.024530411,387.5,151.1461654,0,0.02173913,0,0,0,0
23160,CCCTTCCAGACACAGACACACAG,0,0,0.03726938,0,0.311578392,522.5,199.8755627,0,-0.47826087,0,0,0,0
23161,GAAATCCTCCACCCCTCCTCAAG,0,0,0,0,0.254924684,555,199.2216541,0,-0.086956522,0,0,0,0
23162,GTCTCTCTCTCTGGATGGATAGA,0,0,0.031136775,0,0.932255747,620,215.2884992,0.052173913,0.260869565,0,0,0,0
23163,AAATCAGAAAATGAGGCAAACGA,0,0,0.007275132,0,0.214556568,455,174.4558432,0,0.130434783,0,0,0,0
23164,AGGATGGAGGAATCAGTACTTGA,0,0,0.003335386,0,0.030222669,387.5,155.8267044,0,0.152173913,0,0,0,0
23165,TCCTCTTTCCCACCCTTCTCTGG,0,0,0,0,0.046184952,417.5,143.7878631,0,0,0,0,0,0
23166,CCCTGTGACTATGGATGTCTCAG,0,0,0.021455939,0,0.049024721,387.5,153.6987661,0,0.217391304,0,0,0,0
23167,GTGTGTGTCGCTGGATGGATGAG,0,0,0.053798858,1.299248042,1.299248042,622.5,213.4402636,0.073913043,0.108695652,0,0,0,0
23168,TAGATGGAGTGATCAGGAGTGGA,0,0,0.013299851,0,0.114484162,425,196.0989952,0,-0.47826087,0,0,0,0
23169,GACCCCAGAGCAGAGTTTATGGG,0,0,0.07394958,0.34064625,0.34064625,552.5,182.0954023,0,-0.086956522,0,0,0,0
23170,GACTTGCTTTCATTATAATCTGG,0,0,0.185822021,0,0.01976186,387.5,156.2003533,0,0.086956522,0,0,0,0
23171,GACTTGCTTTCATTATAATCTGA,0,0,0.012904307,0,0.01976186,387.5,156.2003533,0,-0.391304348,0,0,0,0
23172,CGAGGGTGAGTGTGTGCATGTGA,0,0,0.01766091,0,0.305988667,552.5,191.9603467,0.004347826,-0.02173913,0,0,0,0
23173,CCTCACTCCACTCTAGTCACCAG,0,0,0.011261941,0,0.238119304,552.5,194.7579177,0.552173913,-0.043478261,0,0,0,0
23174,GGCCCTGTGGCTGGGGGAGGGGA,0,0,0.009293301,0,0.078958228,455,175.5962282,0.017391304,-0.260869565,0,0,0,0
23175,CACCCCCTCCACCCTGCCACCAG,0,0,0.003527337,0,0.302067797,462.5,175.4449785,0.013043478,-0.260869565,0,0,0,0
23176,GGTTAGTGTGTGTATGTGTGTGG,0,0,0.076363636,0,0.05268594,455,181.7413239,0,-0.239130435,0,0,0,0
23177,TGGTAGGAGGTATGAGGAGTCAG,0,0,0.025382025,1.446502058,1.411646586,530,212.0079963,0,0.086956522,0,0,0,0
23178,AAAAGAGGAGAAGAGGTCCAAGG,0,0,0.031040564,0,0.113428797,485,168.8171387,0,-0.173913043,0,0,0,0
23179,AAATGAGAAGCAGGGGTAAAGGG,0,0,0.037333333,0,0.013688785,290,149.5966206,0,0.043478261,0,0,0,0
23180,TGGATGGATAGATGAAGAGTTAG,0,0,0.083884773,0,0.073322394,457.5,186.7299736,0,0,0,0,0,0
23181,GAGTGGGGGGAGAGTGCTCAAGG,0,0,0,0.040216897,0.040216897,357.5,160.6838949,0,0.02173913,0,1,0,0
23182,CCCATTAATCCAGAGATTCACAG,0,0,0.04212963,0.046870481,0.046870481,485,168.6213909,0,-0.043478261,0,0,0,0
23183,TGTGAGTGCGTGTGTATGTGTGG,0,0,0.266666667,0,0.064062332,485,176.9656827,0.456521739,-0.130434783,0,0,0,0
23184,GGGGAGTGTGTGTGTGTGAGGGG,0,0,0.04,0,0.115680928,485,162.9781086,0.073913043,0.173913043,0,0,0,0
23185,CCATCCTTCCCTCCCACCTTTGG,0,0,0.187590187,0,0.41990681,522.5,209.1699156,0,0.391304348,0,0,0,0
23186,ATGAACAGCAGTGCAGAGAGCAG,0,0,0.011635423,0.009671278,0.00937484,392.5,172.9655509,0.017391304,-0.217391304,0,0,0,0
23187,GGTGAGTGCCTGTGTGTGTTTGG,0,0,0.074666667,0,0.129256726,485,152.1247722,0,-0.717391304,0,0,0,0
23188,GTCACCCACAAGGACTGGGGAGG,0,0,0.039430147,0.188120154,0.185098143,455,185.0147907,0,-0.130434783,1,0,1,0
23189,TGTGAGTGTGTGTGTGAGTGTGG,0,0,0.28,0,0.788265432,560,195.4541086,0,0.065217391,0,0,0,0
23190,GGACACCAAGCATATACTGGAAG,0,0,0.000762527,0,0.127663522,455,165.2321977,0.204347826,0.043478261,0,0,0,0
23191,GGGTGGTGGGAGGCTGCTCTTGG,0,0,0.012777285,0.02511036,0.024686557,357.5,158.5407141,0.052173913,0.652173913,0,0,0,0
23192,GGCTCAGAATGAGCAGGTGATGA,0,0,0.007326007,0,0.312480125,560,198.2781938,0,0.086956522,0,0,0,0
23193,TGCCCTGAGGCTGGATGTGGGGA,0,0,0,0,0.272333333,552.5,197.9381572,0,-0.152173913,0,0,0,0
23194,GTCATCCCATTCATTACATGTGA,0,0,0.020887587,0,0.176397299,552.5,183.3019325,0,-1.065217391,0,0,0,0
23195,GAGTCCAAGCAGTAGAGGAAGGG,1,0.001466994,0.052941176,0,0.286445647,462.5,187.5313876,0,-0.02173913,0,0,0,0
23196,GACTTCTTTTCAATATTTTCTGA,0,0,0.019833108,0,0.018486885,357.5,168.2843406,0,-0.5,0,0,0,0
23197,GGGATTGGGGCGGGAGGTGGGGG,0,0,0.102272727,0,0.694060843,522.5,206.5677626,0,-0.5,0,0,0,0
23198,GCCCTGTTTTCAGTGTCCTCCAG,0,0,0.024271601,0,0.23590875,455,187.6009684,0,0.173913043,0,0,0,0
23199,GGAGTCCATGCAGCAGCACCAGG,0,0,0.1625,0.638056423,0.618499138,522.5,202.5187462,0,0,0,0,0,0
23200,GGCCCAGAGTGGGCAGGTGCTGA,0,0,0.001085591,0,0.030847952,387.5,153.0980934,0.017391304,-0.065217391,0,0,0,0
23201,GGTATGTGTGTGTGTGTGTGTGA,0,0,0.006363636,0,0.353596915,552.5,192.0921886,0,-0.065217391,0,0,0,0
23202,GGTATGTGTGTGTGTGTGTGTGG,0,0,0.091636364,0,0.353596915,552.5,192.0921886,0,-0.065217391,0,0,0,0
23203,GTCATGTTTTTATTGTTCTAGGA,0,0,0.003700004,0,0.387083187,455,174.7187164,0.373913043,0.108695652,0,0,0,0
23204,GGAAAAGACCCACCAGCTGTCAG,0,0,0.018218623,0.02036783,0.02036783,387.5,166.4609203,0,-0.065217391,0,0,1,0
23205,CTCACCCCAGAGGTCAGTAAAGA,0,0,0.002777778,0,0.193587958,522.5,201.1674789,0.02173913,0.065217391,0,0,0,0
23206,ACCTCTTTTACTCCCACCTTCAG,0,0,0.058981481,0.409264216,0.396115165,522.5,202.5323828,0.182608696,-0.5,0,0,0,0
23207,GCCTCTCTCCCACCCTGATTCAG,0,0,0,0.013103997,0.012682985,442.5,153.118949,0.008695652,0.108695652,0,0,0,0
23208,TGGTGGAGGGAATTTGATCCTAG,0,0,0.112921811,0.208549492,0.204841945,455,188.1146077,0,0.065217391,0,0,0,0
23209,TCCATCCATAAAGAAACACAGAG,0,0,0.158605664,0.213111457,0.205917821,425,193.7711583,0,-0.108695652,0,0,0,0
23210,GGCACTGGGGCTGTAGGAGAAGG,0,0,0.107142857,0,0.01830564,387.5,141.9000652,0.004347826,0.195652174,0,0,0,0
23211,GGCAGTGAGGGTGGGGGTGGGGG,0,0,0.063375,0,0.212805723,425,194.3747578,0,-0.086956522,0,0,0,0
23212,GGTGAGTGAGTGCATGAGAGAGA,0,0,0.005482456,0,0.009545153,290,146.3273838,0,-0.043478261,0,0,1,0
23213,AAAAGAGAAAAGGAGGCAGAGAG,0,0,0.010402378,0.225999585,0.225999585,455,174.8705632,0.173913043,0.282608696,0,0,0,0
23214,GGCCCTGGGGTGGGAGGTGGGGA,0,0,0.002424047,0,0.372711207,425,201.2803989,0.086956522,-0.586956522,0,0,1,0
23215,GACTGGGTTTCACTGTTTTCAGA,0,0,0.013268465,0,0.07787432,455,180.6058454,0,-0.217391304,0,0,0,0
23216,TGGATGAAGGCAGGAGGACTAAG,0,0,0.01212727,0,0.069461112,357.5,170.339415,0,-0.369565217,0,0,0,0
23217,AAAAAAAAAGAAGATGCACAAAG,0,0,0.015285126,0,0.261885241,522.5,200.4478776,0,0.173913043,0,0,0,0
23218,TGTGAGTCTGTGTGTGCATGTGA,0,0,0.017751479,0,0.189613667,552.5,186.7170694,0,-0.434782609,0,0,0,0
23219,GAAGTGTGAGTGTGTGTGTGGAG,0,0,0.026590693,0.601049167,0.601049167,552.5,196.1575689,0,-0.195652174,0,0,0,0
23220,GCCTGGCTTTCTGGATGGATCAG,0,0,0.081370773,0,0.344612998,620,211.0710548,0,-0.456521739,0,0,0,0
23221,GAATTGTGTTCTTTGTTCTGTGG,0,0,0.012461874,0.332103316,0.320295198,455,170.7184827,0,-0.217391304,0,0,0,0
23222,AGATGAGAAATAGAGGCACAAAG,0,0,0.059563153,0,1.365955696,530,208.9381799,0,0.195652174,0,0,0,0
23223,GATTTGTTTTCTTTATTCTATGG,0,0,0.107843137,0.089003689,0.085839113,357.5,159.6112781,0,-0.195652174,0,0,0,0
23224,GGTGAGTTCGTGTGTGAATGTGG,0,0,0.115384615,0,0.065964995,485,165.7309583,0,0.326086957,0,0,0,0
23225,CCCATCCATCAATGGACACTTAG,0,0,0.016333333,0,0.019093335,260,154.6938112,0,-0.326086957,0,0,0,0
23226,GGAACAGAATGAGCAAGTGAAGA,0,0,0.043441938,0,0.155758982,552.5,196.5501938,0,-0.260869565,0,0,0,0
23227,GCGTCCCAGGAGAAGAAAAACAG,0,0,0.037704772,0,0.195213011,552.5,186.1617495,0.956521739,0.217391304,0,0,0,0
23228,GGGCAAGACCCAGAAGCCATGGA,0,0,0.002121041,0,0.012781965,387.5,158.6507895,0.030434783,0.217391304,0,0,0,0
23229,CTCTGTGTCTTTGTATGGCTTGA,0,0,0.001071725,0,0.041244131,357.5,170.3427317,0,0.108695652,0,0,0,0
23230,TGTGTGCGTGTGTGTGCGTGTGA,0,0,0.010416667,0,0.569608261,620,211.5687188,0,-0.173913043,0,0,0,0
23231,GTAACGTCCAATGTCTAAGGAGA,0,0,0.011111111,0,0.027583348,455,179.8234981,0,0.152173913,0,0,0,0
23232,CGTGGGTGAGTGAGTGCGGGCGG,0,0,0.089010989,0,0.203890405,455,177.6643595,0,-0.108695652,0,0,0,0
23233,GGTGAGAGAGAGTGAGGGTGAGG,0,0,0.022349071,0,0.055958329,357.5,175.3936029,0.365217391,0,0,0,0,0
23234,TATGCCCATTACATCCTCCAGGG,0,0,0.090517242,0.321904489,0.321904489,552.5,183.2038997,0.22173913,-0.304347826,0,0,0,0
23235,CTGGCCCATCAGGGCAGGAAGGG,0,0,0.065,0,0.186959075,552.5,186.1890694,0,-0.391304348,0,0,0,0
23236,AATGAGCACTTCATCCTCTGAGG,0,0,0.063348416,0.068614256,0.066298163,387.5,143.2983324,0,-0.086956522,0,0,0,0
23237,GTCACTGAGGCTGGAGTTAGTGG,0,0,0.073863636,0,0.19201875,485,164.126072,0,-0.47826087,0,0,0,0
23238,GGCACGGCGGGCAGAGGTGGTGA,0,0,0.008675535,0,0.087264738,362.5,193.9685113,0,0.195652174,0,0,1,0
23239,GGTGGGTGAGTGGGTGGGTGGGG,0,0,0.011048593,0.443021127,0.443021127,462.5,188.6262484,0.108695652,0.152173913,0,0,0,0
23240,GAGTCCTAGAAAAAGAAAAAAAG,0,0,0.082962963,0,0.086787471,455,178.685649,0,-0.065217391,0,0,0,0
23241,GGTGGGTGAGTGGGTGGGTGGGA,0,0,0.000767263,0,0.443021127,462.5,188.6262484,0,0.152173913,0,0,1,0
23242,GGGATGGAGGAAGGGGGAGAGGG,0,0,0.091233459,0,0.072336432,357.5,158.356058,0,0.086956522,0,0,1,0
23243,AATAACCTCTACATCCCCAGAGG,0,0,0.208205635,0.258797087,0.25419625,485,157.102872,0,0.108695652,0,0,0,0
23244,GACTTGTTTTCCCTTTCCTCTGG,0,0,0.020950208,0.026410741,0.0256368,260,166.7914464,0.034782609,NA,0,0,0,0
23245,AAAGACAAGGCATAGACTGAAGG,0,0,0.15,0,0.426140229,552.5,177.2290197,0,-0.195652174,0,0,0,0
23246,TGGAAGGAGGGCTGAGGAGGAGG,0,0,0.015092879,0.180287865,0.180287865,357.5,166.8278959,0.134782609,-0.02173913,1,0,1,0
23247,AATGACCAGCTCATTCTCAAAGG,0,0,0.006772487,0.114246521,0.114246521,427.5,189.8113779,0,-0.043478261,0,0,0,0
23248,GACAGTGAGCCTGGAGGTGGTAG,0,0,0.034222222,0,1.257112069,620,209.5801266,0,-0.086956522,0,0,0,0
23249,TGGAAGGAGGAATTTGCAGTGAG,0,0,0.001626725,0,0.023109381,357.5,171.0793627,0,-0.152173913,0,0,0,0
23250,GGCATGTGAGTGTGTGAGTGGGA,0,0,0.004545455,0,0.570616297,555,195.5239689,0.2,0.456521739,0,0,0,0
23251,ATGAAAATGAGGGAGTAGAGGAG,0,0,0.065200617,0,0.248242453,522.5,202.6383182,0.030434783,0.652173913,0,0,0,0
23252,GAGTCCCCAGAGCCTGGCCCAGG,0,0,0.045913682,0.633355972,0.633355972,552.5,176.3026637,0,-0.130434783,0,0,0,0
23253,ATCATCTCCCATGACTGGGGGGA,0,0,0.002339572,0,0.56142625,552.5,191.9338325,0,-0.130434783,0,0,0,0
23254,CCTGCCTCACAGGGTAGCAAAGG,0,0,0.019897959,0.057832793,0.056804655,455,176.9464643,0,-0.282608696,0,0,0,0
23255,ATCATCTCCAATGATTATGGCAG,0,0,0.006599327,0.086235484,0.083169333,455,178.2813251,0,0.195652174,0,0,0,0
23256,GACATGTTATGCTTGTTCTCAGG,0,0,0.029090584,0.234927387,0.227726547,425,200.4204355,0.286956522,-0.413043478,0,0,0,0
23257,ATGAAGAGTAGTGAGTAGAAAGG,0,0,0.263671875,0.239801575,0.231707007,552.5,173.2168188,0.008695652,-0.282608696,0,0,0,0
23258,GGGATGGAGGGAGGAGGAGGAGG,0,0,0.028622262,0.152668202,0.149801193,357.5,166.3329958,0,0.086956522,0,0,0,0
23259,ATGTACAGCAGTGAGTAAACAAG,0,0,0.031468531,0,0.129409,485,152.6656498,0,-0.239130435,0,0,0,0
23260,AAAAAAGAAGAAGAGGAAGATGA,0,0,0.001671811,0,0.19201875,485,165.303969,0,0.108695652,0,0,0,0
23261,TGAATCGCTTCTGCATCATCTGA,0,0,0,0,0.061892065,485,168.7803934,0,-0.108695652,0,0,0,0
23262,AAAGGAGGAGAAAAGGCAGATGA,0,0,0.003672543,0,0.19301625,455,174.9792626,0,-0.217391304,0,0,0,0
23263,TGTTTGTGTGTGTGTGCGTGAGA,0,0,0.005509642,0,0.833979885,620,213.0782996,0,0.152173913,0,0,0,1
23264,GAGTCCGTGTAGATGAGGAAAGG,0,0,0.037963421,0.075589619,0.075589619,455,178.4831509,0,-0.108695652,0,0,0,0
23265,AGTGAGTGAGTGTGTCTGGGTGG,0,0,0,0,0.034887914,417.5,150.1774631,0,-0.065217391,0,0,0,0
23266,GAACACAAACAATAGCCAGCAAG,0,0,0,0,0.023520768,387.5,165.2664207,0,-0.282608696,0,1,0,1
23267,TGTGAGTGGGTGTGTGTGAGTGG,0,0,0.088888889,0,0.123933228,485,163.5061086,0.230434783,0.5,0,0,0,0
23268,GAGTCAGGGCAGAGGCAGAAGAG,0,0,0,0.022545448,0.022183273,455,185.3865885,0,0.826086957,0,0,0,0
23269,GGTGAGGGAGTTTTTGGGTGAGA,0,0,0.000246454,0,0.027579623,357.5,176.475423,0,-1.065217391,0,0,0,0
23270,GGCCGCCTCCACCCCTACTCTAG,0,0,0,0,0.104848333,485,179.397143,0,-0.195652174,0,0,0,0
23271,GGCGCGGCGGCTGGGTGTGGCGG,0,0,0,0,0.041920373,455,185.0449685,0.439130435,1.891304348,0,0,0,0
23272,ATAAGAGAAGAAGAGGATCATGA,0,0,0.005611672,0,0.119478333,485,171.6769557,0,0.304347826,0,0,0,0
23273,TCTGTGTGAGTGTGTGTGTGTGG,0,0,0.117482518,0,0.609583333,552.5,196.6855689,0.008695652,-0.02173913,0,0,0,0
23274,GACTTGTTCACATTGTTGTAAGG,0,0,0.052747253,0,0.065803424,485,147.68755,0.673913043,1.565217391,0,0,0,0
23275,GGGAGGGGGGATTTCTCTCCTGG,0,0,0,0,0.034090618,357.5,179.1148521,0,-0.043478261,0,0,0,0
23276,AGATGAACAGCAGAGGCACAGAG,0,0,0.035555556,0,0.542336973,522.5,207.2469185,0,0.173913043,0,1,0,0
23277,TGTGAGTAAGTGTGTGTGTGTGG,1,0.051096166,0.466666667,1.290123457,1.290123457,560,196.314072,0,0.108695652,0,0,0,0
23278,GGCTCAGTGGCTGCAGGTGGTGA,0,0,0.014362374,0,0.128972515,522.5,201.8014144,0.443478261,0.782608696,0,0,0,0
23279,AAGTGACAAGAAGCAGCACAAAG,0,0,0.021968046,0,0.04042269,425,190.442613,0,-0.282608696,0,0,0,0
23280,GACCCACTGCGCCCAGCCTCAGA,0,0,0.005766041,0,0.078664699,425,193.0171304,0.356521739,0.630434783,0,0,0,0
23281,GGAGTGTGAGTGTGTGAGTGAGA,0,0,0.008417508,0,1.196117745,560,197.5975689,0,0.173913043,0,0,0,0
23282,AAAGGGGAAGAAGAGACACTAGA,0,0,0.01860119,0,0.068705615,485,162.1143902,0.02173913,-0.347826087,0,0,0,0
23283,TTTGCCCCATCTGGCAGTAATGA,0,0,0.010055304,0,0.359810011,460,200.2620794,0,-0.130434783,0,0,0,0
23284,GTCCCCTGCAATGCCAAGGGGGG,0,0,0.044199498,0.038523101,0.038523101,455,186.2989725,0,0.130434783,0,0,0,0
23285,GAACACATGGCAGAGACTGTAAG,0,0,0.005797101,0.148215887,0.148215887,455,165.5034822,0,0.108695652,0,0,0,0
23286,AGCACTGAGGCTGGACATGGTGG,0,0,0,0,0.104848333,485,177.8256461,0.386956522,0.260869565,0,0,0,0
23287,AACCTCCTCCACCCCGGTTCAAG,0,0,0.005614973,0,0.119478333,485,171.5022357,0.147826087,0.434782609,0,0,0,0
23288,GCCCCCCTCCATCCAGCCTCTGA,0,0,0.006528965,0,0.392060094,432.5,198.236878,0,-0.130434783,0,0,0,0
23289,GGGTTCAAGCAGAAGCAGAATGG,0,0,0,0,0.176585759,552.5,198.0000733,0,0.97826087,0,0,0,0
23290,CATTTGATTCCATTGTTCTCAAG,0,0,0.05941358,0,0.887386413,620,211.2970828,0,-0.5,0,0,0,0
23291,GAGTCTGAACAGAGGTAGAAGGA,0,0,0,0,0.01355398,455,184.5266251,0.095652174,0.347826087,0,0,0,0
23292,AGTGAGTGAGTGAGTGAGTGAGG,1,0.004236178,0.290769231,0,0.499277778,462.5,189.9145684,0,0.02173913,0,0,1,0
23293,GCATCCCCAAACCCTGGGTACAG,0,0,0.007320261,0.048280443,0.047422124,387.5,154.7845663,0,0.152173913,0,0,0,0
23294,AGTGAGTGAGTGAGTGAGTGAGA,0,0,0.020192308,0,0.499277778,462.5,189.9145684,NA,-0.565217391,0,0,0,0
23295,AGATGAGAAACTGAGGCACAGAG,0,0,0.0258107,0,0.359810011,460,200.0220794,0.017391304,0.47826087,0,0,0,0
23296,AGATTAAAAGAAGAGACACAGAG,0,0,0.062222222,0,0.176585759,552.5,198.0000733,0.12173913,0.239130435,0,0,0,0
23297,CACTCCGAACAGAATAAGAAAGG,0,0,0.025229872,0,0.242694227,522.5,200.5051981,0,-0.260869565,0,0,0,0
23298,GGCTATTTCCCACCCACATTGGA,0,0,0.014864363,0,0.656790123,560,193.4483467,0.608695652,0.391304348,0,0,0,0
23299,AAATAATTAAAAGAGGCACAAGG,0,0,0.198095238,0.845647429,0.820866552,620,207.4369458,0.034782609,-0.326086957,0,0,0,0
23300,TGCACTGGGGCTGCAGGTGGAAG,0,0,0.071428571,0,0.443035994,530,205.6609984,0,-0.434782609,0,0,0,0
23301,GAATTGGTTTCAGTGTTTTCCAG,0,0,0.022165388,0.08087923,0.08087923,455,181.3661654,0.008695652,0.282608696,0,0,0,0
23302,GGTGTGTGTGTGTGTGTATGCAG,0,0,0.018275058,0,0.069304995,485,167.5424553,0.004347826,0.02173913,0,0,0,0
23303,TCTGAGTGAGTGTGGGTGTGTAG,0,0,0.004188034,0,0.163368333,455,183.7668674,0.156521739,-0.195652174,0,0,0,0
23304,AGTGGGTGAGTGTGTGTCTGGGA,0,0,0.01,0,0.119478333,485,171.5022357,0,-0.413043478,0,0,0,0
23305,CTTGCCACCCAGGGTACTAAGGG,0,0,0.006722689,0,0.061604575,455,177.6639062,0,0.02173913,0,0,0,0
23306,GCGTGCCCAGAGCCTGGCCAGAG,0,0,0.043209877,2.366805761,2.309774297,627.5,213.5919436,0.991304348,-0.086956522,0,0,0,0
23307,CTCTGTGTCTCCAGATGGAAGAG,0,0,0.115936695,0.132796733,0.132796733,357.5,164.6069791,0,-0.108695652,0,0,0,0
23308,AGGAAAAGCAGTGAGTAAAGTGA,0,0,0.024107143,0,0.187751667,552.5,188.6508658,0,-0.282608696,0,0,0,0
23309,CCAGTCAGGAGGGAGGAGGCTGA,0,0,0.007409161,0,0.036988125,425,194.0989506,0,-0.130434783,0,0,1,0
23310,CCCAGAATGTCTGGATGGATTGA,0,0,0.017741664,0,0.329465174,620,210.1974548,0,-0.217391304,0,0,0,0
23311,GACACCGCAAATGACTAGAGTAG,0,0,0.079005961,0,0.208134859,552.5,181.8690389,0,-0.260869565,0,0,0,0
23312,GCTGCCTCCTCCCTTCTCACAGG,0,0,0.140560641,0.188920427,0.182543366,425,192.2851416,0.017391304,2.826086957,0,0,0,0
23313,TGGATGAAGGAACTAGAAGTTAG,0,0,0.05094217,0,0.021693728,357.5,174.6922029,0.091304348,-0.065217391,0,0,0,0
23314,AAAGGAGAAAAAAAGGAACAAAG,0,0,0.065147198,0,0.206270847,455,182.849232,0,-0.02173913,0,0,0,0
23315,TGTGGGTGTGTGTGTGTGTGTAG,0,0,0.052266667,0.379196691,0.372455417,552.5,192.9657886,0,-1.02173913,0,0,0,0
23316,AATTAAGAAGATGAGCCACAGAG,0,0,0,0,0.125422944,455,192.3791537,0.052173913,0.065217391,0,0,0,0
23317,GACCCCCTCGGACCCGCCCCAGG,0,0,0.049808429,0,0.113340153,392.5,169.5140795,0.043478261,-0.586956522,0,0,1,0
23318,AAATGAGAAAACTAGGCACACAG,0,0,0.019103314,0,0.406822905,432.5,198.1928426,0.2,-0.065217391,0,0,0,0
23319,TCCATGCATCAACAGACACAAAG,0,0,0.040935673,0,0.195328606,425,201.6846118,0.026086957,1.043478261,0,0,0,0
23320,CATTTGCTTTTATTGTTCTCTGA,0,0,0.007213923,0,0.534744255,522.5,210.0587355,0.02173913,0.043478261,0,0,0,0
23321,GGGAGTGCAGCTGGACGTGGAGG,0,0,0,0,0.155758982,552.5,196.1354738,0.043478261,1.565217391,0,0,0,0
23322,TGAGAGTGAGTGTGTGTGTGTGA,0,0,0.023148148,0,1.272061728,560,198.8858889,0,-0.282608696,0,0,0,0
23323,GGTGAGTGGGTGTTTATGTGAGG,0,0,0.082962963,0,0.008228696,387.5,165.326498,0,6.173913043,0,0,0,0
23324,CTAGGCCTACAGGCCAGTAATGG,0,0,0.160714286,0,0.210193223,522.5,202.6446784,0.460869565,0.260869565,0,0,0,0
23325,CTATCCCCACCTGGCAGTAATGA,0,0,0.002775003,0,0.385203768,425,203.8522158,0,-0.47826087,0,0,0,0
23326,GACTTGGTGTGATTTTTCTCTGA,0,0,0.000903139,0,0.084723533,425,192.4199336,0,-0.565217391,0,0,0,0
23327,GCCACTGTGGCTGGAGACGGTAG,0,0,0.062820513,0,0.119478333,485,169.4507387,0,-0.304347826,0,0,0,0
23328,GCGTCTCTGTCACCCACCTTGGA,0,0,0.013908341,0,0.51726468,620,207.3373024,0.591304348,0.239130435,0,0,0,0
23329,GAATGAGAAAAAGATGCAAATAG,0,0,0.014814815,0,0.130040984,455,169.2532421,0,-0.043478261,0,0,0,0
23330,CGTGTGTTAGTGTGTGCCTGTGG,0,0,0.077303649,0,0.310333333,552.5,189.3885298,0,0.413043478,0,0,0,0
23331,TGTGAGTGAATGTGTGTGTGTGA,0,0,0.030246913,0,1.188203704,560,194.4221525,0.008695652,0.043478261,0,0,0,0
23332,GAACCCCTCCCCTCTGCCTCCAG,0,0,0.004194239,0,0.085314369,327.5,188.7355742,0,0.434782609,0,0,0,0
23333,GACTCTGGGGCTGGAGGAGGCAG,0,0,0.05982906,0,0.310333333,552.5,189.5632498,0.17826087,-0.5,0,0,0,0
23334,GCCTCCTTCCCAGTCACCATTGA,0,0,0.001803752,0,0.016518465,357.5,165.5275109,1,2.47826087,0,0,0,0
23335,GTCACTTCAGCTGGAGGAGGAGG,0,0,0.155844156,0,0.129506134,552.5,187.1937056,0,-0.304347826,0,0,0,0
23336,TAGATGGAGGGATGAGTAGATGG,0,0,0.07734375,0,0.149027027,387.5,154.6062053,0,-0.065217391,0,0,0,0
23337,GTCATGTTTTCATTTTTTTCTAG,0,0,0.008245723,0,0.083169333,455,178.4560451,0.013043478,0.065217391,0,0,0,0
23338,GGCTCTTTCCCACGCAGCCTAAG,0,0,0,0,0.028610794,387.5,155.5867044,0,-0.391304348,0,0,0,1
23339,GACACAGTGGCTGGAGGTGTGGG,0,0,0.449166667,0,0.421955546,552.5,176.9365991,0.017391304,0.195652174,0,0,0,0
23340,CTTAAGGAGGAATGAGGAGTTAG,0,0,0.035353535,0,1.286675824,622.5,217.14368,0,-0.02173913,0,0,0,0
23341,GTCATGTTAGGCATTAGATGAGA,0,0,0.00043992,0,0.038086554,387.5,164.7744879,0.047826087,-0.152173913,0,0,0,0
23342,CTTATCTCTGTCATTACCTGGGG,0,0,0.294642857,0,0.822304167,620,211.6124027,0.017391304,-0.043478261,0,0,0,0
23343,CCCTCCCCACAACCAGGCCAAGG,0,0,0.12865497,0.188920427,0.182543366,425,192.2851416,0,-0.108695652,0,0,0,0
23344,GTCACGTCCATTGACTAAGGAGA,0,0,0.00739645,0,0.195684836,462.5,186.960599,0,0.586956522,0,0,0,0
23345,GAATACCAGCAGAACAAGAAAGA,0,0,0.005580357,0,0.27129322,522.5,200.7934776,0.582608696,0.804347826,0,0,0,0
23346,CACACAGAAGCAGACTTGTTGGA,0,0,0.004187281,0,0.050317447,455,177.7836611,0,-0.369565217,0,0,0,0
23347,GACCCTCTCCTCCCTGCCTCTGA,0,0,0.001322751,0,0.24047346,432.5,198.1769107,0,-0.52173913,0,0,1,0
23348,AAATGAGAAAATGAGACTCAGAG,0,0,0.040329218,0,0.020850843,387.5,163.780404,0,4.086956522,0,0,0,0
23349,GCCTCCACCAAGCCTGGCCCTGA,0,0,0.006764069,0,0.517428936,560,176.9194389,0.013043478,0.02173913,0,0,0,0
23350,AGCACTTCTGCTAGAGGTGGTGA,0,0,0.017582417,0,0.242761273,522.5,203.3577183,0,-0.130434783,0,0,0,0
23351,CCCTCTCTCCCTCCCATCTTCGA,0,0,0.005304784,0,0.204841945,455,188.1146077,0.004347826,0.108695652,0,0,0,0
23352,GAGTCAGAGGGGAAGGAGAAGGG,0,0,0.045138889,0.07734375,0.07610128,455,188.90377,0,0,0,0,0,0
23353,AACTCAGAAGAAGAGGTAAAAGG,0,0,0.067346939,0.192757284,0.189330488,485,165.649569,0.9,4.847826087,0,0,0,0
23354,TGGAAGGATGAAGGTGGAGTAGG,0,0,0.013913043,0,0.090665591,425,190.2455575,0,-0.217391304,0,0,0,0
23355,CCAATCCATGCAAAGACACAGAG,0,0,0.080658436,0,0.989230136,530,205.380943,0,-0.217391304,0,0,0,0
23356,ACCTCTTTCTCACCCTGCTTGGA,0,0,0,0,0.096565315,485,175.9337266,0.026086957,0,0,0,0,0
23357,GTCATCTAAGTCTTCCCCTGGGA,0,0,0,0,0.024349417,357.5,175.105415,0,-0.043478261,0,0,0,0
23358,AGGAGTGGGGCTGGAGGTGGAAG,0,0,0.045,0,1.345833333,620,214.283863,0,0.173913043,0,0,0,0
23359,AGTGTGTGAGTGTGTGTATGTGA,0,0,0.007342657,0,0.119478333,485,171.5022357,0.056521739,0.391304348,0,0,0,0
23360,GACACCCTCCACCCCACTCCTGG,0,0,0.149338864,0,0.01681386,417.5,144.8666409,0.013043478,-0.347826087,0,0,0,0
23361,GGGTTGGGGGAGTCAGGTCCAGA,0,0,0.000202713,0,0.023109381,357.5,171.0793627,0,0.347826087,0,0,0,0
23362,AGAAGAGAAGAAGAAACACAAGA,0,0,0.024898848,0,0.069289873,455,186.5909525,0,0.434782609,0,0,0,0
23363,TGAATGGATGGATGAAGAGTGGG,0,0,0.26,0,0.086446235,455,191.1937101,0.373913043,0.97826087,0,0,0,0
23364,GCCTCACCATAGCCTTGGCACAG,0,0,0,0,0.028236187,485,169.7105204,0.32173913,0.260869565,0,0,0,0
23365,AGATAAGAAGCAGAGGCCCATGG,0,0,0.052825397,0.175352376,0.172235,455,186.018263,0.091304348,NA,0,0,0,0
23366,CCAATCCAGTAAGAGACACACAG,0,0,0.098184459,0.433615792,0.420324886,525,203.4903995,0.069565217,-0.413043478,0,0,0,0
23367,GGCGCTGAGGATGGAGGGGGAGG,0,0,0.1015625,0,0.163514241,455,183.5731661,0.343478261,0.326086957,0,0,0,1
23368,AAGTGAGAAGTAGAGAAACAGGA,0,0,0.006093701,0,0.054471032,387.5,174.1673793,0.956521739,3.695652174,0,0,0,0
23369,TGGATGAAGGAAAGAGTTGTCAG,0,0,0.022435897,0,0.028536716,387.5,160.9080543,0.017391304,0.304347826,0,0,0,0
23370,TAACACATTGCATTGACTGCCAG,0,0,0.035555556,0,0.136846598,522.5,200.501218,0,-0.369565217,0,0,0,0
23371,GGTGTGTGTATGTGTGTGTGTAG,0,0,0.024637486,0.325662758,0.325662758,552.5,187.9740522,0,-0.065217391,0,0,0,0
23372,AAAAGAGAAAAAGATGCACCCAG,0,0,0.003741115,0,0.162968187,455,161.9900421,0,-1,0,0,0,0
23373,TGGCTGGAGGAAGGAAGAGGAGA,0,0,0.001128329,0,0.043948881,387.5,154.4010536,0,-0.260869565,0,0,0,0
23374,GCCCGCCTCCACCCCGCGGCGAG,0,0,0.004074074,0,0.097755,485,161.5003468,0.160869565,0.239130435,0,0,1,0
23375,CTTGCCCCAGAGGGAAGGACAGA,0,0,0.000454649,0,0.02886304,387.5,137.4403088,0,-0.304347826,0,0,0,0
23376,CTTGCCCCAAAGGGAAATGAAGG,0,0,0.067407407,0,0.042827353,387.5,148.267131,0,-0.130434783,0,0,0,0
23377,CCAGACAGCAGAGAGGAGGCAGA,0,0,0.007648601,0,0.078802207,522.5,200.526731,0,-0.586956522,0,0,0,1
23378,GGACTCCTGTGTGCAGCACCAGA,0,0,0.003319036,0,0.462858836,522.5,205.036719,0,-0.565217391,0,0,0,0
23379,TGAAAGGAGGAAGGAGGTGTGGG,0,0,0.048913043,0,0.118417614,455,182.4610262,0.008695652,-0.630434783,0,0,0,0
23380,AAATGGGAAAAACAGGCTCAGAG,0,0,0.036387264,0,0.063531421,455,177.4996258,0.008695652,0.108695652,0,0,0,0
23381,GGCGTGTTTTCCTGGTTCTCTGG,0,0,0,0,0.110193987,425,198.7311149,0,-0.239130435,0,0,0,0
23382,TGGATGGGGGAAAGAAGAGTTAG,0,0,0.131623931,0,0.177878481,462.5,190.5124366,0,-0.347826087,0,0,0,0
23383,GGTGTGTGGGGGTGTGTGTGAGA,0,0,0.003142536,0,0.196246288,455,186.7357049,0,0.217391304,0,0,0,0
23384,GACATGTTTTCATAGCTCTTCAG,0,0,0.015285126,0.017227147,0.016920887,387.5,152.2611895,0.082608696,0.217391304,0,0,0,0
23385,GACTTTTTTTACTTGTTCTTCAG,0,0,0.010233918,0.107168933,0.103551416,357.5,166.3302319,0,-0.282608696,0,0,0,0
23386,ATGAACTCCTGTGGGTAGAAGAG,0,0,0.043785743,0.059758764,0.058750178,455,163.0482982,0.126086957,0.217391304,0,0,0,0
23387,CCTGCCTCAGCCTTACTCAGTAG,0,0,0.008668731,0,0.069407893,357.5,160.8871987,0,0.130434783,0,0,0,0
23388,GCCACTGCTGCTGCGGGTGGGGG,0,0,0.102857143,0,0.036674888,425,189.1540134,0,-0.173913043,0,0,0,0
23389,CCCACCCCCACAGAGACACAAAG,0,0,0.088888889,0.75650158,0.734333036,622.5,205.8603463,0.469565217,0.782608696,0,0,0,0
23390,GGCACTGCTGCTGAGGGTGTAAG,0,0,0.047185185,0,0.014556396,357.5,152.2564135,0,-0.347826087,0,0,0,0
23391,ACCATCCACCCAGAGTCACTCAG,0,0,0,0,0.073296119,485,160.8141938,0.069565217,0.369565217,0,0,0,0
23392,TCCTCCTTCCCAGCCACCTCCAG,0,0,0.00292178,0.166422094,0.163296796,455,170.7770955,0,-0.347826087,0,0,0,0
23393,GGAGGTCCGGCTGGAGGTGGAGG,0,0,0.2234375,0,0.878799588,622.5,214.1268992,0,-0.543478261,0,0,1,0
23394,TGGAAGGAGGAAGGAAGAGGGGG,0,0,0.023017903,0,0.043948881,387.5,153.9863336,0,-0.152173913,0,0,0,0
23395,GAGTCAGAGCAGCTGAAGGAGGA,0,0,0.002715121,0,0.016518465,357.5,165.5275109,0,-0.456521739,0,0,0,0
23396,GGCACTGCTGGTGGAGCTGTGAG,0,0,0.005693537,0,0.077890861,387.5,150.8864249,0,0.065217391,0,0,0,0
23397,TATGACCACTACAGCCTCACTAG,0,0,0,0,0.222321469,462.5,171.6232154,0,-0.47826087,0,0,0,0
23398,CCATCCCCACAGCCTGGTCAGGA,0,0,0.009212018,0,0.281815562,552.5,188.2569303,0,0.47826087,0,0,0,0
23399,ATGAAAACATGAGAGTAGAGGAG,0,0,0.145658263,0.228631299,0.228631299,522.5,200.7463988,0,-0.108695652,0,0,0,0
23400,AACTGAGAAGAAAAGAAACACAG,0,0,0.047863248,0,0.037982503,387.5,170.8981425,0.143478261,0.217391304,0,0,0,0
23401,TGGTGGGAGGAAAGAGAAGTCAG,0,0,0.068226884,0,0.223964003,455,186.5526484,0.030434783,0.282608696,0,0,0,0
23402,AATGATCCCTACATTCACAAAGA,0,0,0.000982615,0,0.089311303,455,179.1210664,0,-0.239130435,0,0,0,0
23403,GAGTCTGAGTAGAAAAACAATGG,0,0,0.391686087,0.043995919,0.043995919,455,172.7919247,0,0,0,0,0,0
23404,AAAGGAAAAGAAGAGGGAGAGAG,0,0,0.001191449,0,0.131148806,485,164.2091082,0.660869565,0.043478261,0,0,0,0
23405,GAACAAAATTAATAGACTGCTAG,0,0,0.088020833,0,0.246570675,525,202.2324155,0.004347826,-0.5,0,0,0,0
23406,GAAAGAGAAGAAGAGGAACAAAG,0,0,0.057613169,0,1.290123457,560,198.5402889,0,-0.47826087,0,0,0,0
23407,AGTGCGTGTGTGAGTGCGTGTGA,0,0,0.012980769,0,0.355433782,522.5,204.4525791,0,0.195652174,0,0,0,0
23408,GCCAGCCTCCACGCCGCCTCTGA,0,0,0.003759398,0,0.553689759,522.5,207.2987595,0.030434783,-0.043478261,0,0,0,0
23409,TGCACCCCTCCTGCAGCACCAGG,0,0,0.228571429,1.299248042,1.299248042,620,212.3919436,0.052173913,-0.456521739,0,0,0,0
23410,AGTGAATGTGTGTGTGCATGTGG,0,0,0.373846154,0,0.114716268,552.5,188.0309024,0.565217391,0.043478261,0,0,0,0
23411,GGAGCTGCGGCTGGAGGGAGGGA,0,0,0.008956129,0,0.09638643,485,161.6270668,0,-0.260869565,0,0,1,0
23412,GACAGGGAGGTCCTCCCAATGGG,0,0,0.106666667,0,0.10890785,552.5,186.7425824,0.030434783,-0.369565217,0,0,0,0
23413,GGCACTGTAGCAGGAGCTGGAAG,0,0,0.02745098,0,0.165585601,455,183.4381912,0,-0.434782609,0,0,0,0
23414,GTCTCCCCAAACCATTGCCATGA,0,0,0,0,0.018953366,357.5,182.316289,0,-0.130434783,0,0,0,0
23415,ATCTGAGAAGGAGATGCACATAG,0,0,0.007503608,0,0.220450566,425,197.9948947,0,-0.760869565,0,0,0,0
23416,ACCCCCTTCCCACCCACCCTGAG,0,0,0.037863421,0,0.318743398,552.5,185.7924161,0.091304348,0.413043478,0,0,0,0
23417,CGAGAGTGAGTGAGTGAGTGGGA,0,0,0.011446886,0,0.232606028,455,188.1865684,0,0.282608696,0,0,0,0
23418,AAAGTGTTTTCATTGTTATCTAG,0,0,0.068055555,0.317269355,0.305988667,552.5,192.3750667,0.27826087,0.456521739,0,0,1,0
23419,TACCCCCTTCACCTGGCCTCAGG,0,0,0.032083333,0,0.036674888,425,189.3940134,0.652173913,-0.413043478,0,0,0,1
23420,ACTGAGTGAGTGTGAGTGTGAGG,0,0,0.168340081,0,0.163368333,455,183.7668674,0,-0.108695652,0,0,0,0
23421,GTCATCTCATTCATTGCATGGGA,0,0,0.005842682,0,0.04442216,485,168.3966874,0,-0.086956522,0,0,0,0
23422,TCCTCTTTCCCCCCCACCCCCAG,0,0,0.001711,0.11015908,0.108090364,387.5,143.5982997,0.086956522,-0.347826087,0,0,0,0
23423,GATTAGTTTTCCTTGTTCTTCGA,0,0,0.001884594,0,0.320295198,455,172.5299796,0.030434783,-0.108695652,0,0,0,0
23424,CACTGTGTCTTTGAATGAATTAG,0,0,0.030123722,0.026127504,0.025663015,357.5,175.6673984,0,-0.02173913,0,0,0,0
23425,CTGACTGCAGCTGGAGGTGGAGA,0,0,0.010146104,0,0.822304167,622.5,214.4722196,0,0.5,0,0,0,0
23426,GACTGAGAGCAGAAGAAGGAAGA,0,0,0.005580357,0,0.297519338,552.5,184.8496961,0,-0.434782609,0,0,0,0
23427,TTTGCCTCACAGGGCTGTTATGA,0,0,0,0,0.061892065,485,168.7803934,0,-0.217391304,0,0,0,0
23428,TCCACCGAAGCAGTGTTTCTCGA,0,0,0.008027732,0,0.07850044,455,176.5728154,0.12173913,0.239130435,0,0,1,0
23429,GGCTGTGCAGCTGTAGGTGGGAG,0,0,0.016969697,0,0.130251581,522.5,201.439115,0.817391304,-0.543478261,0,0,0,0
23430,ACCTTTCTCTCTGGCTGGATAGG,0,0,0.05625,0,0.275145253,522.5,201.3214776,0,-0.108695652,0,0,0,0
23431,GGCACTGATGATGGTGGTGGTGA,0,0,0.003611111,0,0.124046168,425,191.7032974,0,-0.347826087,0,0,0,0
23432,CCTCCCTCAGCTTTACTCGCTGA,0,0,0.008272059,0,0.117932929,455,174.1192992,0.004347826,-0.391304348,0,0,0,0
23433,AGGATGGATGAATGAAGAGAGAG,0,0,0.077777778,0,0.073296119,485,160.8141938,0.804347826,2,0,0,0,1
23434,TGTGTGTGAGTGTGTGTGTTCAG,0,0,0.030796857,0,0.268517165,485,159.787969,0.982608696,-0.043478261,0,0,0,0
23435,ATGAACACAGGTGAGTAGTCAAG,0,0,0.028490028,0.109266059,0.105755503,485,142.3628834,0,-0.239130435,0,0,0,0
23436,AAAGTCCCTTCTGCAGTACCCAG,0,0,0.05758547,0.620616516,0.609583333,552.5,197.1002889,0,0.086956522,0,0,0,0
23437,ATTCCCCCCCACCCCGCCTCAGG,0,0,0.45,0,1.345833333,622.5,215.332183,0,0.02173913,0,0,0,0
23438,AATTACCACCATTTCCTCAAGGG,0,0,0.031328671,0.250894548,0.250894548,425,196.1192426,0,-0.5,0,0,0,0
23439,AACTGAGATGAAGAGGCCCTTGG,0,0,0.029387755,0,0.077961934,485,152.1512864,0,-0.043478261,0,0,0,0
23440,TGAATGCCTTCAGAAGCACCCGA,0,0,0.009722222,0,0.066667362,425,198.0587309,0,0.065217391,0,0,0,0
23441,GGTGTGTGCGTGTGTGTGTCTGA,0,0,0.002886003,0,0.155313909,485,155.8281887,0,-0.217391304,0,0,0,0
23442,AAAGGAGAAGCTGAGACACACAG,0,0,0.021604938,0,0.070598108,357.5,187.09179,0,-0.304347826,0,0,0,0
23443,TGTGAGTGTGTGAGTGTGTGAGA,0,0,0.013461538,0,0.144140246,455,184.754788,0,-0.630434783,0,0,1,0
23444,TATTTGTTTTCATTGTATTCAGA,0,0,0.016369048,0,0.117805637,485,172.2625557,0.486956522,0.695652174,0,0,0,0
23445,AGAATCCCTGCTGCTGCATCAGG,0,0,0.041538462,0.130040984,0.130040984,455,169.2532421,0.008695652,-0.304347826,0,0,0,0
23446,GGTACTGCGTCTGCAGGAGGTGA,0,0,0.011083209,0,0.041990519,455,176.6177457,0,-0.304347826,0,0,0,0
23447,GGGTCCGGGGAGTTTGTACCCAG,0,0,0.043209877,0,0.068624422,485,169.7162517,0,-0.195652174,0,0,0,0
23448,AAAAGAGAAGAAAAAGAACATAG,0,0,0.05005307,0,0.060022353,357.5,173.6339468,0,-0.934782609,0,0,0,0
23449,TGTGGGTGAGTGTGGGTGTGTGG,0,0,0.0168,0,0.163368333,455,182.7185474,0.086956522,-0.173913043,0,0,0,0
23450,TGTGAGTGTGAGTGTGCGTGTGA,0,0,0.03125,0,0.954517778,530,210.2101359,0.108695652,-0.304347826,0,0,0,0
23451,TCCTCCCCAGGGTCTGGCCATGA,0,0,0.017554012,0,0.297351481,425,198.4788593,0,-0.239130435,0,0,0,0
23452,TGTGGGTGAGTGTGGGTGTGTGA,0,0,0.001166667,0,0.163368333,455,182.7185474,0.004347826,0.260869565,0,0,0,0
23453,GGCAGTGGGGCTGGATGGGGGAG,0,0,0,0,0.050674684,485,172.1001039,0.791304348,1.434782609,0,0,0,0
23454,TGGATGGATGAATGAATAGATAG,0,0,0.019444444,0,0.02413915,417.5,139.8280828,0,-0.217391304,0,0,0,0
23455,AGGAAGCAGGAATGAGGAGAAGG,0,0,0.193359375,0.485473295,0.476356426,552.5,178.3908993,0,0.065217391,0,0,0,0
23456,CCCTCCCCAAACCCTGGCTCTAG,0,0,0.010283834,0,0.108090364,387.5,143.5982997,0.086956522,0.391304348,0,0,0,0
23457,GGCACTCTTGCGGGAGGTGGCAG,0,0,0.041589506,0,0.267928704,525,202.0411214,0,-0.217391304,0,0,0,0
23458,GAGCTGTTTTTTTTGTTCTCTGA,0,0,0.002304341,0,0.385203768,425,203.8522158,0,-0.913043478,0,0,0,0
23459,AGAACTGGGGCTGGGGGTGGGGG,0,0,0.325928572,0,0.397208228,522.5,201.3651615,0,-0.065217391,0,0,0,0
23460,CCTGTCCATCCAGAGAAAGATGA,0,0,0.001740632,0,0.189330488,485,166.064289,0,-0.02173913,0,0,0,0
23461,ATTAACCACTACATGCTAAAAGA,0,0,0.001223776,0,0.083169333,455,178.4560451,0.034782609,0.217391304,0,0,0,0
23462,CTTGACCCACAGGTCAAGAATGA,0,0,0.003292181,0,0.016900891,387.5,159.863051,0.034782609,-0.347826087,0,0,0,1
23463,AAAAGAGAACAAGATGAACAAGG,0,0,0.012698413,0,0.142843894,455,178.1415309,0.008695652,-0.47826087,0,0,0,0
23464,CACATGCATACACAGACACAGAG,0,0,0.034402505,0,0.308518702,522.5,202.682959,0.160869565,-0.108695652,0,0,0,0
23465,AAAAGAGAAAAAGAAACACATGA,0,0,0.029048656,0,0.063815973,455,181.8392161,0,-0.086956522,0,0,0,0
23466,TCCTCTTACCCACCCCCTTTCAG,0,0,0,0.055345161,0.053377333,485,173.3884239,0,-0.130434783,0,0,0,0
23467,ACCATCCATCCTGTTACACAAAG,0,0,0.006584362,0,0.029531989,327.5,185.6376933,0,-0.565217391,0,0,0,0
23468,CTATTCCCACATGGCAGTAATGA,0,0,0.004414777,0,0.694060843,525,208.7939796,0,0.086956522,0,0,0,0
23469,GCCACCTCCCCACCCACCTCCAG,0,0,0.010203041,0,0.39945125,552.5,176.3029991,0,-0.97826087,0,0,0,0
23470,GGCACTCAGCCTGGCGGTGGAGA,0,0,0.003385417,0,0.230106822,522.5,194.5182442,0.082608696,0.02173913,0,0,0,0
23471,GCCTCTTCCCTATCCTCCTTAGA,0,0,0,0,0.050425099,357.5,183.0823529,0,-0.173913043,0,0,0,0
23472,GGGAGGGGGATGTATGCTCCAAG,0,0,0.021947874,0.110745903,0.108966853,425,195.4653952,0,-0.065217391,0,0,0,0
23473,CACTTATTTCCATTGCTCTCTGG,0,0,0.253968254,0.151745495,0.151745495,552.5,195.1338537,0.195652174,0.217391304,0,0,0,0
23474,GGCCCTGCTGCTGGAGGAGTGGG,0,0,0.087843137,0,0.079068899,485,151.8056864,0,-0.065217391,0,0,0,0
23475,GCCTCCCCAGCGCCTCGCCGGGG,0,0,0,0.053309659,0.052453279,387.5,153.5521541,0.126086957,-0.173913043,0,0,0,0
23476,GTCACAGAGGCAGGGTTTTTGGA,0,0,0.014590348,0,0.082792192,522.5,201.575051,0.2,-0.065217391,0,0,0,0
23477,GCCCCACACAGAGCACGAGATGG,0,0,0.271978022,0.198746278,0.195213011,552.5,186.1617495,0,0.065217391,0,0,0,0
23478,TGGATGGGGGAATGAATGGTTGG,0,0,0.073333333,0,0.018569524,442.5,152.4023128,0.060869565,0.391304348,0,0,1,0
23479,AATGCCCATTAGACCCTCAAGAG,0,0,0.014403292,0,0.064083778,425,194.5966146,0.026086957,-0.065217391,0,0,0,0
23480,CACAGGCATCCACAGACACAAAG,0,0,0.025404926,0.346102049,0.334982304,522.5,206.3863755,0.391304348,1.043478261,0,0,0,0
23481,CACTGTGTCATCGGATGGATCGG,0,0,0.181713024,0.36568446,0.359810011,460,200.0220794,0.008695652,-0.239130435,0,0,0,0
23482,AAATGAGAGGAAGAGAGAGAGAG,0,0,0.001270879,0,0.018234609,417.5,146.2176828,0,-0.369565217,0,0,0,0
23483,GGCCCCTTCCACACAGCCTCCAG,0,0,0.014403292,0,0.106481213,425,192.8704771,0.67826087,0.108695652,0,0,0,0
23484,AAAAAGGAAGCAGAGTTTTTTGG,0,0,0.222857143,0,0.778438874,620,215.597696,0.956521739,5.717391304,0,0,0,0
23485,AAATAAGAAGAAAAGAAACATGA,0,0,0.025925926,0,0.038521809,387.5,170.1378225,0,0.130434783,0,0,0,0
23486,CCCTGTGTGTGGAGATGGATTGG,0,0,0.071428571,0.085509202,0.08425632,362.5,191.794715,0,0.260869565,0,0,0,0
23487,TGGATGGATGAATGAATGGTTAG,0,0,0.01382716,0,0.011345979,442.5,151.5423494,0.056521739,0.282608696,0,0,0,0
23488,GGTGTGTGAGTGTGTGTGGAGGA,0,0,0.002761995,0,0.080071819,417.5,129.0399691,0.07826087,-0.02173913,0,0,0,0
23489,CCTCCCTCCCCTCTCCTCGCCAG,0,0,0.005614973,0.123105465,0.123105465,455,168.3796421,0.008695652,-0.152173913,0,0,1,0
23490,GCCAGTGCAGCTGGAGCTGGTGA,0,0,0.004363284,0,0.372455417,552.5,192.7257886,0,-0.02173913,0,0,0,0
23491,CCCATCCAGCCAGATGCATATAG,0,0,0.002035002,0.012900418,0.012693183,387.5,152.9967722,0.07826087,-0.304347826,0,0,0,0
23492,CCCTGTGTCTCTGGAGGCCAGGG,0,0,0.019183403,0.005864537,0.00577861,375,108.602641,0,0.02173913,0,2,1,0
23493,TGTGAGTGAGTGTGTCTGAGAGA,0,0,0,0,0.034887914,417.5,150.1774631,0.008695652,-0.108695652,0,0,0,0
23494,CAATGCGAAGATCAGGCACAGAG,0,0,0.014176856,0.173156169,0.173156169,425,200.198595,0.086956522,-0.152173913,0,0,0,0
23495,TGGACTGAGGAATAAGGAGGAAG,0,0,0.022875817,0,0.059518236,455,167.3489114,0.004347826,-0.369565217,0,0,0,0
23496,ACTGACAACAATATCCTCAAGGA,0,0,0.018887363,0,0.44279322,522.5,203.8689823,0.026086957,0.130434783,0,0,0,0
23497,TGTGAGTGGGGGTGTGAGTGGGG,0,0,0.124444445,0,0.206712756,455,188.0240249,0,-0.52173913,0,0,0,0
23498,GGCTCTGAAGCAGGAGGTGGAGA,0,0,0.014772727,0,0.410318103,522.5,203.5507022,0.004347826,0.347826087,0,0,0,0
23499,GATTTATTTTCCTTGTTTTCAGA,0,0,0.008076833,0,0.091080587,455,183.7465823,0,0.043478261,0,0,0,0
23500,GGCTGTGCTCCTGGAGGTGGGAG,0,0,0.021117845,0,0.768095474,620,208.0865632,0.134782609,0.086956522,0,0,0,0
23501,AAATGACAAAAATAGACACATGG,0,0,0.1925,0,0.059906683,455,185.0373364,0,-0.608695652,0,0,0,0
23502,TGGATTGAGCAATGAAGAGAAGA,0,0,0.010416667,0,0.060073929,485,157.9962538,0.004347826,-0.282608696,0,0,0,0
23503,TGGATGGAGGCATGGGAAGGTGG,0,0,0.042823529,0,0.034164895,290,140.6391837,0.017391304,0.326086957,0,0,0,0
23504,AAAAGAGAAGAAGAGGGGGAGGA,0,0,9.73E-05,0,0.037635675,442.5,141.1689557,0,-0.152173913,0,0,0,0
23505,AACTGGGAGGAAGAGGCAGAGAG,0,0,0.006613757,0,0.181784315,552.5,182.1782357,0.095652174,0.043478261,0,0,0,0
23506,CTTGCCTCCACTTTACTCTCTGG,0,0,0.319813519,0,0.177767966,455,173.7209431,0,-0.47826087,0,0,0,0
23507,TACTTGTCTCCATTTTTCTCAGG,0,0,0.076190476,0,0.371023101,522.5,196.901425,0.017391304,0.239130435,0,0,0,0
23508,GATCACCATTACATTCTCAAGAG,0,0,0.008006536,0,0.24614019,522.5,200.1595981,0.017391304,-0.130434783,0,0,0,0
23509,GGCAAAGAGGCTGGAGGCGGGGG,0,0,0.137959184,0,0.178245253,552.5,187.6025458,0.069565217,-0.543478261,0,0,0,0
23510,GGCACTGGGGCTGGGGCTGGGAG,0,0,0.025490196,0,0.275727145,462.5,182.1070504,0.052173913,-0.130434783,0,0,0,0
23511,GTCATCTTGGTCCTTCCCTCCAG,0,0,0,0,0.024264548,387.5,151.3148733,0,-0.152173913,0,0,0,0
23512,AAATCAGAGGAAGAGGCACTGGA,0,0,0.021825397,0,0.802811443,560,178.0142997,0,-0.543478261,0,0,0,0
23513,GAACTCCAAGCATGGATTGCAAG,0,0,0.008982417,0,0.058894431,455,182.9032035,0,-0.652173913,0,0,0,0
23514,TCCTCCTTCCCTCCCTCCTTCAG,0,0,0,0,0.08106274,455,192.4094897,0,-0.586956522,0,0,0,0
23515,AAATAGAAAGAAGAGGCAAACAG,0,0,0.068783069,0,0.195655995,555,182.9945153,0,0.130434783,0,0,0,0
23516,AAATGAGAACAAGAGTCTTACAG,0,0,0,0,0.01399298,417.5,140.7485045,0.795652174,-0.413043478,0,0,0,0
23517,GAGTCAGAACAGAAGAACAACAG,0,0,0.073696145,0,0.215429612,560,189.2309024,0,-0.326086957,0,0,0,0
23518,ACCAACCAACCAGAGAAACATGA,0,0,0.015046296,0,0.372455417,552.5,192.9657886,0.060869565,-0.02173913,0,0,0,0
23519,CACCCCCACCACCCATCCTCCAG,0,0,0,0,0.072985333,455,184.6047356,0.008695652,0.217391304,0,0,0,0
23520,TGCCTGGAGGCATGAGGATTGGG,0,0,0.036199095,0,0.272930963,455,180.8203164,0.008695652,-0.152173913,0,0,0,0
23521,TGGGTGGAGGAATGGGGAATGGA,0,0,0.02015129,0,0.266,462.5,174.5713785,0,-0.217391304,0,0,0,0
23522,GAATCTAAGCAGAAGAAAAACGA,0,0,0.033482143,0,0.126439107,552.5,189.0795019,0,-0.326086957,0,0,0,0
23523,CAGTACGAGCAGAGGAAGGAAGA,0,0,0.004960317,0,0.07850044,455,175.5244954,0.073913043,-0.5,0,0,0,0
23524,CCAGTGAGCAGAGAGAAGGGTAG,0,0,0.004927099,0.009652278,0.009342164,387.5,149.1750092,0.017391304,-0.304347826,0,0,0,0
23525,AAATGAGAAGATGAGGTATTTGG,0,0,0.043076923,0,0.033961496,320,122.6121886,0,-0.086956522,0,0,0,0
23526,GAGGAGGAGCAGAAGAAAAAGGA,0,0,0.008585165,0,0.178245253,555,189.8287627,0,-0.304347826,0,0,0,0
23527,GGCCCAGAGGAAGCACCTGATGA,0,0,0.005057579,0,0.1641228,457.5,183.0322885,0.008695652,-0.086956522,0,0,0,0
23528,GATCACCTCCACCCCTCCCCAGG,0,0,0,0,0.08458401,485,169.3472542,0,-0.5,0,0,0,0
23529,GGGTCCGGGCAGAAGGTGAATGG,0,0,0.015042735,0.104848333,0.104848333,485,177.5856461,0,0,0,0,0,0
23530,GGAGAGCGTGTGTGTGTGTGGGA,0,0,0.009548611,0,0.238125599,552.5,191.3429278,0,-0.239130435,0,0,0,0
23531,CGTGCGTGCGTGTGTGTGTGTGG,0,0,0.095238095,0,0.372455417,552.5,192.9657886,0.952173913,-0.152173913,0,0,0,0
23532,CGTGCGTGCGTGTGTGTGTGTGA,0,0,0.006613757,0,0.372455417,552.5,192.9657886,0.530434783,0.413043478,0,0,0,0
23533,GGTGGATGAGTGTGAGAGTGTGG,0,0,0.194526316,0,0.093833394,455,180.9325634,0.026086957,-0.065217391,0,0,0,0
23534,GCCCATTTCTCATCCACCTTGGG,0,0,0.243598616,0.509948268,0.509948268,522.5,202.547023,0,-0.217391304,0,0,0,0
23535,ATGTACTCCAGTGACTACAGCAG,0,0,0.009374043,0,0.05392847,455,176.3128643,0.334782609,1.47826087,0,0,0,0
23536,ACCTCTTTCCTACCCACACTAAG,0,0,0.01066449,0.05731059,0.05731059,387.5,156.7985831,0,-0.282608696,0,0,0,0
23537,AAGAGCGAGCGGAAGAAGAAGAG,0,0,0.043333333,0.807015306,0.794051205,522.5,210.8079963,0.004347826,-0.02173913,0,0,0,0
23538,GCCACTCTCCCTCCCACTTTGGA,0,0,0.00487174,0,0.099003011,455,182.8037855,0,0.043478261,0,0,0,0
23539,GGGAGAGACCCAGCCTCCACAGG,0,0,0.012750885,0.055738305,0.055738305,387.5,135.8190586,0.613043478,0.130434783,0,0,0,0
23540,GCCTCAGTGGCTGGAGGTGGAGG,0,0,0.334090909,0,0.82579023,620,213.200599,0,0.304347826,0,0,0,0
23541,GAATGAGAATAATAGACACAGGA,0,0,0.016927083,0,0.097066953,455,187.4205172,0.008695652,-0.804347826,0,0,0,0
23542,GCTGTGTGTGTGTGTGTGTGGGG,0,0,0.070489511,0.372455417,0.372455417,552.5,192.7257886,0,0.369565217,0,0,0,0
23543,TGTGTGTGAATGTGTGCGTTTGA,0,0,0.016498316,0,0.642348856,552.5,175.7823437,0.039130435,0.217391304,0,0,0,0
23544,AGTGACCATTCCATCCTCCACAG,0,0,0.015019157,0.175363775,0.169128619,455,178.022136,0,-0.217391304,0,0,0,0
23545,GCGTACCCAGTGCCTGGCCAGGG,0,0,0.048840049,0,0.687929438,522.5,206.1618599,0,-0.391304348,0,0,0,0
23546,CACCCCCTCCCTCCCTCCTCTAG,0,0,0,0,0.07436334,357.5,187.96539,0,-0.065217391,0,0,0,0
23547,CTTGACCCAGAGGGGAGTAATGA,0,0,0.000771605,0,0.694775111,530,199.912922,0,0.260869565,0,0,0,0
23548,AACTGAAAAGAAGAGGGAAAAAG,0,0,0.00280112,0,0.129312723,485,164.5547082,0,0,0,0,0,0
23549,CCAGTGAGTTGGGCAGGGGCAGG,0,0,0.105841644,0,0.063816741,357.5,171.2990305,0,-0.804347826,0,0,0,0
23550,GTCAAGTTAGTAATTACCTTTGA,0,0,0.008680555,0,0.196530015,455,171.2719956,0,-0.173913043,0,0,0,0
23551,GGTAGTGATGCTGGAGGTGGAGA,0,0,0.009930555,0,0.822304167,620,210.3240827,0.013043478,0.02173913,0,0,0,0
23552,AAATGAGAAGAAGAGTCTGGCAG,0,0,0,0,0.00577861,375,108.602641,0,NA,0,0,0,0
23553,CATGCCTGGTCTCTACTCACTAG,0,0,0.060966811,0,0.768095474,622.5,206.9086663,0.034782609,-0.413043478,0,0,0,0
23554,GTCATCTTTGTCAGCACCTTCAG,0,0,0,0,0.014556396,357.5,152.2564135,0.77826087,2.695652174,0,0,0,0
23555,GGGGTGTGTGTGTGTGGGTGTGG,0,0,0.006417112,0,0.348646558,552.5,192.4377886,0,0.173913043,0,0,0,1
23556,GCACCTTCCCCACCCACCTCTGA,0,0,0.003540305,0,0.6510065,552.5,177.5609831,0,-0.043478261,0,0,0,0
23557,AGTGTGTTAGTGTGTGAGTGTGA,0,0,0.006628788,0,0.609583333,552.5,193.825752,0,0.02173913,0,0,0,0
23558,GCCTCCGCCCTGCCTGGCCACAG,0,0,0.007150439,0.282499134,0.278359952,525,201.6352187,0,0.652173913,0,0,0,0
23559,GGGTGGAGCGGGTTTGTTCCAAG,0,0,0.042345679,0.129659522,0.127576638,455,185.6408441,0.97826087,-0.413043478,0,0,0,0
23560,CCCTGTGTCTCGGGATGCCCAGG,0,0,0.00447828,0.017836192,0.017289489,345,118.1749664,0.2,0.260869565,0,0,0,0
23561,AACACCAGTGAGTCCAGCAGAAG,0,0,0.010822511,0.031240918,0.030522736,365,163.8057938,0,0.086956522,0,0,0,0
23562,GGAATCCCTTTTTCAGAATCTGA,0,0,0.001380671,0,0.035554092,290,151.7364848,0.017391304,-0.065217391,1,0,0,0
23563,TGAGAGTGTGTGTGTGTGTGTGA,0,0,0.013888889,0,0.367241041,552.5,193.7261086,0,0.239130435,0,0,0,0
23564,AAAGGAGAAGGAGAAGCAGAAGG,0,0,0.047794118,0,0.074184075,357.5,167.1412948,0,0.108695652,0,0,0,0
23565,CCTGCTTCCGCTCTTGTCCCTGG,0,0,0.00591133,0,0.013204918,387.5,155.1705686,0,-0.043478261,0,0,0,0
23566,TGGATGGATGGATGATAAGTAGG,0,0,0,0,0.030650512,387.5,170.735599,0,-0.108695652,0,0,0,0
23567,GAGTCCTAGCAGGAGAAGAAGAG,1,0.027406675,0.096618357,1.768344718,1.768344718,537.5,209.7174987,0,0.02173913,0,0,1,0
23568,CCTTCATCCGCTCTACCCAGGGG,0,0,0.014020581,0,0.153788731,485,158.416705,0.62173913,0.391304348,0,0,0,0
23569,GAGCCCCTCCAACAGGCCTCTGA,0,0,0.000434028,0,0.029118541,327.5,185.1096933,0.134782609,0.608695652,0,0,0,1
23570,GGCAGTGAGGCTGGAGGGCGGAG,0,0,0.015108557,0,0.09280538,485,158.6405298,0.013043478,-0.02173913,0,0,1,0
23571,AAATGAGAAGAGTAGGCTCAGGA,0,0,0.007523148,0,0.094921619,365,177.7612457,0.32173913,0.543478261,0,0,0,0
23572,GGGTGCGGGGAGCGTCCTCCGGG,0,0,0,0.008725089,0.008584926,357.5,178.9870849,0.052173913,0.239130435,0,0,0,0
23573,GAGGCCGAGGAAAAGAAGAAGGA,0,0,0.015753601,0,1.210901266,530,206.8185631,0.739130435,1.217391304,0,0,0,0
23574,TGCATGTGAGTGTGTGCGTGTAG,0,0,0.036363636,0,1.286675824,622.5,216.51008,0.552173913,0.239130435,0,0,0,0
23575,CCAGAGAGAAGGGCAGAGGCAGA,0,0,0.021916174,0,0.115264782,425,192.0287776,0,-0.369565217,0,0,0,0
23576,AAATGTGAAGAAGAAGGAGAGGA,0,0,0.000343275,0,0.029557519,387.5,151.4728834,0.013043478,-0.086956522,0,0,0,0
23577,GAGCCACTGCACCCCGCCTGTGG,0,0,0.016906763,0,0.240647808,552.5,175.7886357,0.304347826,0.565217391,0,0,0,0
23578,GAGCCACTGCACCCCGCCTGTGA,0,0,0.001174081,0,0.240647808,552.5,175.7886357,0.139130435,-0.739130435,0,0,0,0
23579,GACTTCGATGTCATCAACATCGG,0,0,0.114219114,0,0.038521809,387.5,170.5525425,0.1,-0.043478261,0,0,0,0
23580,AATGACAACAACAGCCTCCAGAG,0,0,0,0,0.044379631,455,169.4378982,0.104347826,0,0,0,0,0
23581,GGGACTGGGACAGGAGGTGGGGG,0,0,0.24,0,0.639230037,522.5,202.8643462,0.704347826,-0.195652174,0,0,0,0
23582,AAGTGGGCAGAAGAGGCCCAGAG,0,0,0.009238263,0.185123143,0.185123143,552.5,188.3628658,0.008695652,-0.217391304,0,0,0,0
23583,CTTGCCCCACAGGGATCTGACAG,0,0,0,0,0.007295024,345,135.9704415,0,0.043478261,0,0,0,0
23584,GACTCGTTTTTATGGTTCTCAGG,0,0,0,0.226725108,0.220985232,432.5,201.2424116,0.108695652,-0.456521739,0,0,0,0
23585,CCCTCCCTCCCACCCACCTCCAG,0,0,0.010521886,0.293711344,0.288195638,552.5,177.8932353,0.004347826,0.456521739,0,0,1,0
23586,GATACAGAATCAGAGATTTTAGA,0,0,0.032745846,0,0.142045308,552.5,194.6058537,0,-0.391304348,0,0,0,0
23587,GTCATTTCAGTTAGTACCTGGGA,0,0,0,0,0.06053703,425,194.9589139,0,0.173913043,0,0,0,0
23588,GTCACTTCCAATGAGAATGGAGA,0,0,0.001954064,0,0.008216393,387.5,160.4952353,0.039130435,-0.152173913,0,0,0,0
23589,GACATCCCCCACCCCGCCCCCAG,0,0,0.038326398,0,0.49875,552.5,183.1902631,0,-0.260869565,0,0,0,0
23590,AGCTGAGAAGCAGAGGCTCAGAG,0,0,0.017777778,0,0.16982371,455,186.778583,0.869565217,3.47826087,0,0,0,0
23591,AGAAGAGGAGAAGAGACACAGGG,0,0,0.279365079,0,0.258544304,552.5,197.6981572,0,-0.152173913,0,0,0,0
23592,CCCATCAATCCGGAGAAGCATGG,0,0,0.101111111,0.037483526,0.036279236,387.5,162.6912744,0.717391304,1.043478261,0,0,0,0
23593,CCAGTGCCTAGAGCGGTGCCTGG,0,0,0.016091954,0,0.12450836,485,161.9828912,0,0.239130435,0,0,0,0
23594,GGTGTGTGTGTGTGTGTGTGAAG,0,0,0.026397306,0.699446792,0.699446792,560,194.1657886,0,0.456521739,0,0,0,0
23595,GGGAGGGAGAAATGAGGAGGTGA,0,0,0.007001989,0,0.642348856,552.5,175.7823437,0.047826087,0.652173913,0,0,0,0
23596,GGCCCAGTCTGAGCGGATGAGGG,0,0,0.04,0.025390982,0.025390982,412.5,163.6186245,0.756521739,2.543478261,0,0,0,0
23597,TCAATTGAGGAAAGAGGAGTAGG,0,0,0.23964497,0.34125662,0.330292552,522.5,207.1466955,0.060869565,0.282608696,0,0,0,0
23598,TGATGGGAGGAACGAGGAGTGGG,0,0,0.241148325,0.554851378,0.545938102,525,207.0107595,0.652173913,0.304347826,0,0,1,0
23599,GACTTGTATTAATTATTCTAAAG,0,0,0.073202614,0.09323315,0.09323315,357.5,158.5254778,0,-0.173913043,0,0,0,0
23600,GGCAATGGGGCTGGAGGAGTAGG,0,0,0.171428571,0,0.129409,485,152.2509298,0.030434783,-0.586956522,0,0,0,0
23601,GTCCCCCGCGACCCCGCCCCGGG,0,0,0.057215837,0,0.45934875,552.5,180.1204467,0,0.391304348,0,0,1,0
23602,GGTGAGAGAGGGTGGGCGTTGGG,0,0,0.01225,0,0.063678242,357.5,159.242114,0.147826087,-0.260869565,0,0,0,0
23603,ACATGAGGAGAAGAAGCAAAGAG,0,0,0.060255213,0,0.133665,455,170.9051615,0.034782609,0,0,0,0,0
23604,TGTGCGTGTGTGTGTGCATGTGA,0,0,0.014423077,0,0.189613667,552.5,188.5285664,0.252173913,-0.369565217,0,0,0,0
23605,TGTGAGTGTGTATGTGTGTGAGA,0,0,0.018148148,0,0.183248065,455,186.5380081,0,-0.065217391,0,0,0,0
23606,CCCTTTGTCTCTGGTTGTTTGGA,0,0,0.001495726,0,0.024871842,387.5,147.5333252,0.069565217,-0.065217391,0,0,0,0
23607,CGTGAGTGTATGTGTGAGTGAGG,0,0,0.186666667,0.349240153,0.343031439,552.5,189.2623722,0,0.086956522,0,0,0,0
23608,GCTTCCCCAACCCCTGGCCCAGG,0,0,0.033088235,0,0.177763835,357.5,167.5882159,0.304347826,0.369565217,0,0,0,0
23609,CTGCACAGCAGTGGGTAGAGGAG,0,0,0.023529412,0,0.223971519,522.5,203.5873984,0.252173913,0.52173913,0,0,0,0
23610,ATGAACACCTGTCAGAATAGAAG,0,0,0.058375291,0,0.016400968,387.5,161.9971839,0,-0.195652174,0,0,0,0
23611,GGCCCAGACAGAGAACGAGCAGA,0,0,0.003156566,0,0.016046989,387.5,140.0081457,0,-0.108695652,0,0,0,0
23612,GGGGGCGGGGAGGTTGCCCCGGG,1,0.001296331,0.047642575,0.071390727,0.068980913,455,181.6177622,0.02173913,0.173913043,0,0,0,0
23613,AAATCAGATGAAGAGGCATGGGA,0,0,0.011554622,0,0.127075016,485,146.0662998,0,1.956521739,0,0,0,0
23614,TCTGCCCCAAAACCTGGCCAAGG,0,0,0.401041667,0.717100207,0.694060843,522.5,210.0822996,0.013043478,-0.130434783,0,0,1,0
23615,TTATGAGAAGAAGAGACATAGGA,0,0,0.023310023,0,0.090617958,485,170.9235742,0.056521739,-0.717391304,0,0,0,0
23616,AAATTAGTAGAAGAGGGAAAAAG,0,0,0.000840336,0.188664711,0.182296282,485,163.077752,0,-0.217391304,0,0,0,0
23617,AGCTTGTTTGCATTGTTCACAGG,0,0,0.102857143,0.485227553,0.485227553,552.5,183.2202636,0.039130435,-0.391304348,0,0,0,0
23618,GGGGAGTGGGGGTGTGTGTGAGA,0,0,0.004320988,0,0.19349884,455,187.4960249,0,0.086956522,0,0,0,0
23619,CTGAGCACCAGTGAGCAGTGTGG,0,0,0.221538461,0.090617958,0.090617958,485,169.8752542,0,0.369565217,0,0,0,0
23620,TGTATGTAGGAGGGAGGAGTGAG,0,0,0.013955985,0.186450038,0.183454856,425,199.0733982,0,0.02173913,0,0,0,0
23621,TGCACTGCGGCGGGAGGAGGTGA,0,0,0.023148148,0,0.323140741,462.5,187.2605663,0,-0.369565217,0,0,0,0
23622,AAATGAGAAGTAGAGGAACTTGA,0,0,0.005982906,0,0.23810788,395,156.0462053,0,-0.130434783,0,0,0,0
23623,GACATGTTTTCATCATTCTTGGG,0,0,0.038415366,0,0.026365103,357.5,155.3425939,0.169565217,0.152173913,0,0,0,0
23624,GCGGAGTGAGGGTGGGCGTGTGA,0,0,0.000480769,0,0.220450566,425,197.9948947,0,-0.304347826,0,0,0,0
23625,GGTATTTCTGCTGGAGGTGGAGG,0,0,0.133333333,0,0.561633746,620,211.0407188,0,-0.065217391,0,0,0,0
23626,GGTGAGTGTGTATGTGTGTGTGA,0,0,0.018148148,0,0.309279435,462.5,187.7380081,0,-0.043478261,0,0,0,0
23627,TGCAAGGAGGAAGGAGGAGGAGG,0,0,0.00885304,0.261227608,0.251939516,455,170.7467595,0,-0.217391304,0,0,0,0
23628,CCTGCCCTCTCTCTTCTCACTGA,0,0,0.006788466,0,0.230106822,522.5,194.5182442,0,-0.304347826,0,0,0,0
23629,GTCGCCTCCAAGGAGGAGGGGAG,0,0,0.001402244,0.034090618,0.034090618,357.5,179.1148521,0.108695652,-0.543478261,0,0,1,0
23630,ACTGACCAATACATTCTCCATGA,0,0,0.000645086,0,0.081669315,455,170.0451981,0,-0.130434783,0,0,0,0
23631,CCCTGCCCCGAGCCTGGCCACGG,0,0,0.136054422,0.805112123,0.805112123,620,208.9601632,0,-0.695652174,0,0,0,0
23632,CCTGCCTCCAATCTACTACCAGG,0,0,0.077984085,0,0.045151768,387.5,151.8068467,0,0.195652174,0,0,0,0
23633,CCCAAGCATCCAGATACAGAGAG,0,0,0.001157407,0.079454795,0.076772777,455,171.1706745,0.2,-0.326086957,0,0,0,0
23634,GTGTCCCCAACCCCTGGCCATGG,0,0,0.096256685,0,0.385203768,425,204.4858158,0,-0.304347826,0,1,0,1
23635,GGTGAGTGACTGTGTGTGAGGGA,0,0,0.003703704,0,0.298479778,492.5,163.6741526,0,-0.173913043,0,0,0,0
23636,GGGGAGTGAGAATGTGTGTGTGG,0,0,0.163333333,0,0.155812486,357.5,183.7397048,0,2.956521739,0,0,0,0
23637,GGTGGGTGGGTGTGTGTGTGAGA,0,0,0.015555555,0,0.699446792,560,194.1657886,0,-0.456521739,0,0,0,0
23638,ATGGACATCAGTGAGAAGACCAG,0,0,0.055239899,0,0.113563,485,160.8005572,0,1.913043478,0,0,0,0
23639,GCATCTTTCCCACCTGCATTTAG,0,0,0.001551124,0.014104854,0.014104854,387.5,161.7532193,0.004347826,-0.130434783,0,0,0,0
23640,GGGATACCTAGTGCAGCACCTAG,0,0,0.031525573,0,0.41619731,522.5,205.6641959,0,-0.282608696,0,0,0,0
23641,ATGTACACAAGTGTGTAGGGTGG,0,0,0.109090909,0.045405701,0.045405701,455,171.9794351,0,-0.413043478,0,0,1,0
23642,CCCTGTGGCTCTGCAAGGATTAG,0,0,0.074074074,0,0.068485513,462.5,188.3725725,0.02173913,0.02173913,0,0,0,0
23643,CAACAAAAAGCATATACTACAGA,0,0,0.004700009,0,0.085423231,455,172.4589945,0,0.195652174,0,0,0,0
23644,AAAGAAGAGGAAGAGACACAAGA,0,0,0.02507716,0,0.15797057,552.5,195.7898738,0,0.260869565,0,0,0,0
23645,GACAATAAAGCAGAGTTTTTTGG,1,0.00697,0.530612245,0.958618437,0.958618437,630,214.9425152,0,0.217391304,0,0,0,0
23646,ACTCCCCTCCACCCCGGCTCGGG,0,0,0.028597689,0,0.601049167,555,197.4458889,0.008695652,-0.086956522,0,0,0,0
23647,AATGTTCCACAGGGCAGTAAAAG,0,0,0.129629629,0,0.789491758,620,215.885696,0,-0.152173913,0,0,0,0
23648,ACACTCAAAGCATAGATTGCTGA,0,0,0.008333333,0,0.609583333,552.5,196.6855689,0,3.956521739,0,0,0,0
23649,GGCTGGGAGGAGTTTGGCCCAGA,0,0,0.000673346,0,0.117805637,485,169.1627387,0.004347826,-0.47826087,0,0,1,0
23650,GAGAAAGAGAAGAAGAAGAAAGA,0,0,0.015207141,0,0.760552802,622.5,210.2603596,0,0.02173913,0,0,0,0
23651,AACTTTGAAGAAGAGGAACAAAG,0,0,0.011111111,0,0.34522286,552.5,194.6115849,0.756521739,1,0,0,0,0
23652,GGAACTCTTTCTGCACCACCTGA,0,0,0,0,0.148881024,552.5,195.7374532,0.586956522,-0.543478261,0,0,0,0
23653,GACCGGCTCCGCCCTGCCTCTGG,0,0,0.013,0,0.128747462,425,195.6885907,0,0.02173913,0,0,0,0
23654,CCCGCCTCCCCTCTACTCGCAGA,0,0,0.004464286,0,0.958556333,560,184.1322636,0,-0.608695652,0,0,1,0
23655,ACATGAGGAGATGAGGCTCAAAG,0,0,0.024897119,0,0.152684,455,182.7207493,0,0.173913043,0,0,0,0
23656,GCCACTGTAGCAGAGATTTTTGA,0,0,0.019740039,0,0.156419304,552.5,196.7857732,0,0.152173913,0,0,0,0
23657,GGGATGGGAGAGTCTGCTCCTGG,0,0,0.026239067,0.132378138,0.130251581,522.5,201.439115,0.017391304,0.456521739,0,0,0,0
23658,GGCACTGTGGATGGAGGGGCTGA,0,0,0.006510417,0,0.068185438,387.5,147.3091661,0,-0.065217391,0,0,0,0
23659,GGTGGGTGGGGGTGTGGGTGAGG,0,0,0.011294118,0,0.196246288,455,186.7357049,0,-0.326086957,0,0,0,0
23660,CACATCCACTACATCCTCAAAGA,0,0,0.008348794,0,1.286675824,622.5,216.51008,0.095652174,-0.195652174,0,0,0,0
23661,GGTGAGTGAGGGTGTGTGGGTGA,0,0,0.003240741,0,0.179865665,395,162.4358053,0.034782609,0.217391304,0,0,0,0
23662,GGTGAGCGGGTGTGTGCCGGAGG,0,0,0.054563492,0,0.038728891,485,156.6857056,0,-0.043478261,0,0,0,0
23663,TGTGTGTGAATGTCTGCGTGTGA,0,0,0.01010101,0,0.206277769,522.5,201.2807589,0,-0.173913043,0,0,0,0
23664,CCCATCCCTCCATGGCCACAGGG,0,0,0,0.013965614,0.013537549,357.5,177.673252,0,-0.152173913,0,0,0,0
23665,GAATGAGAAGACGAGGAAAAGAG,0,0,0.013645224,0,0.09979566,387.5,159.7497885,0.286956522,0.369565217,0,0,0,0
23666,GGAACGGCGGCCGGAGGTGTAGG,0,0,0.328421052,0,0.193778595,455,172.0323156,0,-0.260869565,1,0,1,0
23667,AAGTGCTAAGAAAAGGCACATGA,0,0,0.01017501,0,0.225589813,522.5,205.0035147,0,0.217391304,0,0,0,0
23668,AACAGCGACGTCCTCCCCAACAG,0,0,0.077538461,0.434296023,0.426140229,552.5,176.8142997,0,-0.282608696,0,0,0,0
23669,CTTTCTCCACAGGGCAGCCAGGG,0,0,0.029940503,0,0.059141775,485,160.3690828,0,0.086956522,0,0,0,1
23670,AAAAGAGAAGAAGAAAAACAAGG,0,0,0.209150327,0,0.026676601,412.5,165.8448415,0.086956522,-0.260869565,0,0,0,0
23671,TGTGAGTGAGTGAGTGAATGTGG,1,0.0018,0.223668639,0,0.046238115,387.5,163.2912351,0,0.195652174,0,0,0,0
23672,CCCTGTTTCTCAGGATGGGGAAG,0,0,0.007843137,0.067488747,0.066349697,387.5,141.2151189,0,-0.043478261,0,0,0,0
23673,GGAATCCATTCTACAACAGCAGA,0,0,0.005208333,0,0.029998911,387.5,158.5644367,0.017391304,0.239130435,0,0,0,0
23674,TGAATGAATGAATGAGCAGTTGG,0,0,0.094117647,0,0.238125599,552.5,191.3429278,0,0.239130435,0,0,0,0
23675,CTTGATCCATAGGCCAGTAAAGA,0,0,0.014863088,0,0.118783686,522.5,199.4947749,0.034782609,-0.434782609,0,0,0,0
23676,TCTTCTTTTCCACCCACCCTCGA,0,0,0.011524186,0,0.317397827,552.5,183.9642197,0.104347826,0.108695652,0,0,0,0
23677,TGGAAGGAGGAAGGAGTAGATGG,0,0,0.018342391,0,0.098373949,387.5,150.2886485,0,-0.195652174,0,0,1,0
23678,TGAATGAAAGAATGAGGAATGAG,0,0,0.089285714,0,0.205220971,552.5,181.5810389,0.682608696,-0.086956522,0,0,0,0
23679,GGTGTGTGAGTGTGAGAATGTGA,0,0,0.004723347,0,0.030398918,387.5,157.2952141,0.013043478,0.326086957,0,0,0,0
23680,CGTGTGTGTGTGTATGCGTGTAG,0,0,0.03030303,0,0.136846598,522.5,202.312715,0.013043478,-0.152173913,0,0,0,0
23681,GACCCCCTCACCTCCGCCACAGG,0,0,0.069333333,0,0.089151706,357.5,167.7308594,0.169565217,0.347826087,0,0,0,0
23682,GACACGGCGGCTGGGCGTGGTGG,0,0,0,0,0.041920373,455,185.6785685,0.047826087,0.260869565,0,0,0,0
23683,GGCAGTGGAGCTGGAGTTGGGGG,0,0,0.061989796,0,0.353596915,552.5,189.8659716,0,-0.434782609,0,0,0,0
23684,CAGTCTGTGCATAAGAAGAATGG,0,0,0.109329446,0,0.425868976,522.5,206.5980986,0,-0.282608696,0,0,0,0
23685,GAATCCCAGCATGAGAAGAAGGA,0,0,0.008981762,0,0.183454856,425,199.0733982,0,0.956521739,0,0,0,0
23686,TGGAAGGAGGATAGGGGAGTAGG,0,0,0.075,0,0.073007317,327.5,186.4892374,NA,0.282608696,0,0,0,0
23687,GATGAGTGTGAGTGTGGGTGTGA,0,0,0.00155543,0,0.206712756,455,187.7840249,0.039130435,-0.086956522,0,0,0,0
23688,AAATCAGTATAAGAGTCACAGGA,0,0,0,0,0.226643675,552.5,192.5317007,0,0.239130435,0,0,0,0
23689,GATTCCCCAAACACTGGCCATGA,0,0,0.007070136,0,0.268601546,425,201.216579,0.113043478,-0.065217391,0,0,0,0
23690,TCCACTGGGGGTGGAGGTGGGAG,0,0,0.028846154,0,0.794051205,522.5,209.6300993,0.02173913,-0.760869565,0,0,0,0
23691,GACGTATTTTCATTGTTCCACAG,0,0,0.022349936,0.128104558,0.125827144,485,148.6548161,0,0.108695652,0,0,0,0
23692,TGTGAGTGAGGGTGAGAGTGTGA,0,0,0.007504873,0,0.090669425,357.5,177.7767837,0.104347826,-0.630434783,0,0,0,0
23693,CTGGCCTCACAGGGCTCTAAGGA,0,0,0,0,0.06703372,485,178.0142822,0.02173913,-0.108695652,0,0,0,0
23694,GTATACAAACCATAGGCTGCTGG,0,0,0.044755245,0.246437882,0.238119304,552.5,195.8062377,0,-0.173913043,0,0,0,0
23695,GAATGAGAACATGAGGCAAAGGG,0,0,0.057142857,0.238731956,0.238731956,455,175.7441632,0,-0.760869565,0,0,0,0
23696,AAAGGAAAAGAAAAAGCACACAG,0,0,0.140774258,0,0.101349588,425,192.2368771,0,-0.195652174,0,0,0,0
23697,TGGATGGATGAATGATGGGTGGG,0,0,0,0,0.055043967,492.5,173.7284605,0.308695652,0,0,0,0,0
23698,AAGTTGGAGCAGGAGAAGAAGGG,0,0,0.186758893,0.351943434,0.351943434,522.5,206.6263755,0,-0.326086957,0,0,0,0
23699,GAAGGAGAAGAAGAGGAAGAAGA,0,0,0.002531829,0,0.202836708,485,166.592289,0.339130435,0,0,0,0,0
23700,GAAGGAGAAGAAGAGGAAGAAGG,0,0,0.036458333,0,0.202836708,485,166.592289,0,-0.065217391,0,0,0,0
23701,ATGAAGACCAGTTAGTAGGTTGG,0,0,0.039375,0,0.04622953,387.5,140.0290956,0,-0.195652174,0,0,0,0
23702,GCCTCCCCCAACCCTTGCCGTGG,0,0,0,0,0.030847952,387.5,153.0980934,0.634782609,0.826086957,0,0,0,0
23703,AAATTAGAAAAAGAGAAACAAAG,0,0,0.033876543,0,0.091675932,485,174.6454066,0,-0.391304348,0,0,0,0
23704,AGGAACACCAGGGAGAACAGTGA,0,0,0.012626263,0,0.026261648,387.5,168.5321404,0,-0.152173913,0,0,0,0
23705,TGTGTGTTAGTGTGTGTGTGCAG,0,0,0.027497194,0.620616516,0.609583333,552.5,193.825752,0,-0.043478261,0,0,0,0
23706,ACTGCCTCAGCTCTCCTAACAAG,0,0,0.032634033,0.052689881,0.050816463,455,175.6098648,0.865217391,-0.326086957,0,0,0,0
23707,CTTTCCCCACAAGGCAGAGAGAG,0,0,0.021997755,0,0.04809546,387.5,154.4389663,0.043478261,0.195652174,0,0,0,0
23708,GGCTGGGGGCAGTATCCTCCAGG,0,0,0,0,0.034983059,455,184.752653,0,-0.282608696,0,0,0,0
23709,GGTGTGTGTGTCTGTGTGTGCAG,0,0,0.013975045,0,0.173969682,455,185.2496881,0,-0.5,0,0,0,0
23710,TGGAAGGAGGAAGCAGGAGATGG,0,0,0.031444099,0,0.038071996,357.5,159.6355749,0,0.02173913,0,0,0,0
23711,AAATCAGCAGAAGATGCAAACAG,0,0,0.005344995,0,0.126897152,455,169.8568415,0,-0.260869565,0,0,0,0
23712,GGCCCAGGCTGCACACATGAGAG,0,0,0.043104913,0.104879914,0.104879914,357.5,177.898651,0,-0.413043478,0,0,0,0
23713,GCCCCGCCCCGCCCCGCCTCAGG,0,0,0.255357143,0,0.480400979,522.5,207.8441153,0,0.195652174,0,0,1,0
23714,GTCATCGTGGTCTATACCTGTAG,0,0,0.018881627,0,0.032845321,425,191.7185337,0.017391304,0.108695652,0,0,0,0
23715,GTAATCCCTTCTCCAGCAATAAG,0,0,0.008931419,0.085022299,0.085022299,387.5,141.5750796,0,-0.673913043,0,0,0,0
23716,CCCACCCCTCCAGGGACACTTGG,0,0,0.12,0,0.09837725,455,166.0350785,0,-0.217391304,0,0,0,0
23717,CCTTCTGTCTCTGGCTGGAGCAG,0,0,0.006740196,0.180901806,0.174469742,455,166.0390585,0,0.369565217,0,0,0,0
23718,CCCAGTGTGTGGGGATGGATTGG,0,0,0.036848073,0,0.227726547,425,200.4204355,0.213043478,0.282608696,0,0,0,0
23719,GGCAATATGTCTGGAGGTGGGGG,0,0,0.40625,0,0.820866552,620,207.4369458,0,-0.413043478,0,0,0,0
23720,AAATGAGAAGCAGAGTGACTAAG,0,0,0,0,0.021926724,320,137.5577794,0,0.108695652,0,0,0,0
23721,GACACTGCCTCAGGAGGTGGAGA,0,0,0.020566239,0,0.396115165,522.5,202.2923828,0.065217391,-0.043478261,0,0,0,0
23722,TCCTATGTCTCTGGGTTGATCAG,0,0,0.036512346,0.166325226,0.163368333,455,182.7185474,0,-0.086956522,0,0,0,0
23723,GGATTGTTGTCATGGTTCTCCAG,0,0,0,0.134930746,0.134930746,522.5,202.833035,0,-0.956521739,0,0,0,0
23724,GGTGAGTGCGTGAGCGGGTGGGA,0,0,0.000440736,0,0.033301367,357.5,170.5477665,0,-0.239130435,0,0,0,0
23725,GAAGGATAAGAAGAGGAACATGA,0,0,0.011574074,0,0.416345417,552.5,194.9571081,0.034782609,0.02173913,0,0,0,0
23726,AAATTAGAAAATTAGGCACAAAG,0,0,0.007259259,0.246927836,0.239359166,425,195.7045226,0,-0.239130435,0,0,0,0
23727,GACCCCCGCCGCCCCGGGTCCGA,0,0,0.000259622,0,0.059919104,387.5,163.460655,0,-0.02173913,0,1,1,0
23728,ATTATTTTAGTCATTACCTTTGG,0,0,0.4021875,0,0.416048168,552.5,179.7484161,0,-0.173913043,0,0,0,0
23729,GACTTGTTTTCATGATTCAAAGG,0,0,0,0,0.007159489,290,125.4681939,0.017391304,0.02173913,0,0,0,0
23730,GGTGATTGTGGGTGTGGGTGTGA,0,0,0.000653595,0,0.113007124,455,186.2380409,0,-0.260869565,0,0,0,0
23731,GACACCCAAGAAGACTTTTTGGA,0,0,0.009765625,0,0.27147665,432.5,197.5797139,0,-0.934782609,0,0,0,0
23732,CCTGCCTCCGCTGTCCTCTTGGG,0,0,0.006007629,0.018884875,0.018595452,290,127.608058,0,-0.043478261,0,0,1,0
23733,CACCCCCTCAACACCGCCTCAGG,0,0,0.238095238,0,1.059798592,530,205.908943,0,-0.434782609,0,0,0,0
23734,GGGAAGGACCCAGCATTCCTGGG,0,0,0.149425287,0.224485688,0.218162148,492.5,166.879905,0.013043478,-0.195652174,0,0,0,0
23735,GCCCCTTTCTCCCCCATCTTGGA,0,0,0.005193684,0,0.262235805,455,184.6324521,0.02173913,0.239130435,0,0,0,0
23736,CCCACTGTCTCCGGATGGAGCAG,0,0,0.016217013,0.330722511,0.324843,455,172.1843796,0.104347826,0.282608696,0,0,0,0
23737,GTCTCTTTACCTCCCATCTTCAG,0,0,0.031425365,0,0.183248065,455,186.2980081,0,-0.239130435,0,0,0,0
23738,TGGATGGAGGAAGAAGGGGAGGA,0,0,0.003057065,0,0.006432854,290,135.5005616,0.695652174,-0.108695652,0,0,0,0
23739,AACACTAGTGAGTAGACAGCAAG,0,0,0.013071895,0.029616083,0.028616384,417.5,133.8669717,0,-0.413043478,0,0,0,0
23740,GGTGAATGAGTGGGTGAGAGTGA,0,0,0.002415459,0,0.04268194,387.5,156.1805845,0,-0.130434783,0,0,0,0
23741,TCCTCTTTCCTACCTACCTTTGA,0,0,0.001424501,0,0.468666667,432.5,199.9628947,0,-0.543478261,0,0,0,0
23742,TGCAGGAAGGGATGAGGAGTGAG,0,0,0.041481481,0.526289801,0.510158313,522.5,208.7704155,0,-0.326086957,0,0,0,0
23743,GGTAAAGGCCCTGCAGCCGTGAG,0,0,0.010968661,0.127576128,0.125422944,455,190.5676567,0,0.434782609,0,0,0,0
23744,TAGGTGGTGGAATCAGGAGTTAG,0,0,0.02518315,0,0.223971519,522.5,203.3473984,0,-0.369565217,0,0,0,0
23745,AAATTGTTTTAATTGCTCTCAGA,0,0,0.027083333,0,0.14902897,455,195.1534904,0,-0.52173913,0,0,0,0
23746,AGAGAGTGAGTGTGTGAGTGTGA,0,0,0.020833333,0,1.272061728,560,198.8858889,0.091304348,0.543478261,0,0,0,0
23747,GGTATGTGTGTGTGTGTGTGAGG,0,0,0.091636364,0,0.353596915,552.5,192.0921886,0,1.282608696,0,0,0,0
23748,GGTATGTGTGTGTGTGTGTGAGA,0,0,0.006363636,0,0.353596915,552.5,192.0921886,0,-0.173913043,0,0,0,0
23749,GGCACCTTGGCTGAAGGTGGGGG,0,0,0.340909091,0,0.084038194,525,200.2918336,0,-0.630434783,0,0,0,0
23750,GGCGCTGGGCCTGGAGGCGGTGG,0,0,0.068877551,0,0.271345253,552.5,184.8115133,0.069565217,-0.130434783,0,0,0,0
23751,TGTGAGTGAAGGTGTGCATGTGA,0,0,0.017948718,0,0.158628435,455,182.5548466,0.065217391,0.52173913,0,0,0,0
23752,GGTGAGTGAGTGTGGGCTGTGAG,0,0,0.001512346,0,0.00900388,345,111.6840453,0,0,0,0,0,0
23753,GCTGCCTCAGCTCTACTACCAGG,0,0,0.087187176,0,0.06309328,485,159.0688864,0,-0.260869565,0,0,0,0
23754,GGGAAGGAGTACTGAGGAGTTGG,0,0,0.102259725,0.669826867,0.648306325,522.5,205.2038431,1,3.391304348,0,0,0,0
23755,CCCAGTCATGAAGAGACACAGAG,0,0,0.044938272,0.422106805,0.422106805,522.5,204.9038759,0.082608696,0.173913043,0,0,0,0
23756,ATGAACACCAGTAAGAATACTAG,0,0,0.062160062,0.007541423,0.007425845,320,129.8513204,0.047826087,-0.608695652,0,0,0,0
23757,GGTACTGTGGCTGGAGGGTGAGG,0,0,0.133680555,0,0.09638643,485,159.4008498,0.113043478,-0.347826087,0,0,0,0
23758,CCCTGTGACTATGGGTGAATGGA,0,0,0.01875,0,0.041709922,357.5,170.2397445,0.97826087,-0.304347826,0,0,0,0
23759,AATGACCCCCACAGTCTCAAAAG,0,0,0,0,0.050198999,425,185.2622404,0.004347826,0.043478261,0,0,0,0
23760,GGGTCCTGGCATAAGAAGAAAGG,0,0,0.128937729,0,0.480774398,522.5,205.7609018,0,-0.869565217,0,0,0,0
23761,TGGACGGAGGACTGAGGCCTGGG,0,0,0.022469968,0,0.045660247,387.5,154.0242463,0,-0.239130435,0,0,1,0
23762,CTTCCCCCATAGGGCAATTAAGA,0,0,0.017389761,0,0.176849269,485,161.6005526,0.060869565,-0.152173913,0,0,0,0
23763,TAGGTGGAGGAGTGAGGGGTTAG,0,0,0.039609053,0,0.152684,455,184.9469663,0,-0.086956522,0,0,0,0
23764,GCCTGCCCCGAGCCCGGCCAGGA,0,0,0.003607504,0,0.215770049,522.5,194.7531417,0.043478261,0.282608696,0,0,0,0
23765,GGTACAGTGGCTGGAGGTGGAAG,0,0,0.135165895,0,1.447518519,627.5,214.986199,0,-0.173913043,0,0,0,0
23766,GGCCCTGGGACTGGAGCTGGAAG,0,0,0.012918108,0,0.532999604,552.5,189.2487356,0,0.086956522,0,0,0,0
23767,GGCCCATGCTGAGCACATTAGGG,0,0,0.26074074,0.12450836,0.12450836,485,161.9828912,0,-1.02173913,0,0,1,0
23768,GAACACAGAGCACAGACACCAAG,0,0,0.044856714,0.035319571,0.034184806,387.5,150.4295293,0,-0.043478261,0,0,0,0
23769,AAATGGAAAGAAAAGGCAGAGGG,0,0,0.082417582,0,0.07571887,455,174.7835147,0,0.108695652,0,0,0,0
23770,AATGCCCTCTGCAGCCTCAAGAG,0,0,0,0.11831363,0.11831363,425,196.9425947,0.017391304,-0.108695652,0,0,0,0
23771,AATTGAGGAGATGAGGCAAATAG,0,0,0.019172113,0.246328788,0.24194961,455,177.1080827,0,0.282608696,0,0,0,0
23772,GAGTCTGAGAAGGAGAAGAGTGA,0,0,0.027871656,0,0.135166339,455,165.7853591,0,-0.543478261,0,0,0,0
23773,AGGAAGGAGGAAGGAGGAGAGGA,0,0,0.005095109,0,0.26991206,455,171.2747595,0,-0.369565217,0,0,0,0
23774,AGCAGTGCGGCTAGAGGTGGTGG,0,0,0.498461538,0,1.150704225,530,209.6123595,0.013043478,0.239130435,0,0,0,0
23775,TGGAGGGAGGATGGAGGGGTGGG,0,0,0.02226087,0,0.056096875,357.5,175.2729257,0,0.065217391,0,0,0,0
23776,GACCCTGACTGAGCAAGTGGGGA,0,0,0.032096172,0,0.072576354,485,162.7479902,0.034782609,0.195652174,0,0,0,0
23777,GACATCAATGTCCACCTCACAGA,0,0,0.001823793,0,0.024558978,387.5,147.0539236,0.026086957,0.239130435,0,0,0,0
23778,GGTGTGTGAGGGTGTGTGTCAGA,0,0,0.002020202,0,0.141078919,387.5,153.5578853,0,-0.043478261,0,0,0,0
23779,AAAGAAGAAGAAGAAGCAGAAGA,0,0,0.004425381,0,0.133665,455,172.0830585,0,-0.152173913,0,0,0,0
23780,GTGGAGTGCGTGCGTGCGTGGGG,0,0,0.14354067,0,0.333568181,522.5,204.9728991,0,0.304347826,0,0,0,0
23781,GCCTTCTACCCACCCACCTTCAG,0,0,0.119987756,0,1.403540904,627.5,214.225879,0.039130435,0,0,0,0,0
23782,CTCTGTGTCTCAGGATGGAAAAG,0,0,0.106060606,0,0.734108475,462.5,175.3062996,0,-0.086956522,0,0,0,0
23783,AGATGAGAAAAATAGACACAGGG,0,0,0.224,0,0.092152171,455,187.1805172,0,0,0,0,0,0
23784,CGCCCAGACTGAGCCAGAGAGAG,0,0,0.033670034,0.014832503,0.014305125,387.5,162.2812193,0,-0.434782609,0,0,0,0
23785,CCCTTAGTCTCTAGATGTATAGA,0,0,0.011111111,0,0.068980913,455,181.2030422,0.126086957,0.586956522,0,0,0,0
23786,GAATTCAAAGCATAGATTGCAAG,0,0,0.035196409,0,1.144757433,560,197.2519689,0,-0.108695652,0,0,0,0
23787,GTCACCTGCAATAACTTGGAAGA,0,0,0.005151099,0,0.093392989,387.5,148.4771515,0.139130435,-0.586956522,0,0,0,0
23788,GTCACCTGCAATAACTTGGAAGG,0,0,0.074175824,0,0.093392989,387.5,148.4771515,0,-0.108695652,0,0,0,0
23789,TGGTTGGATGAATGATGAGATAG,0,0,0,0,0.069386993,485,159.9405938,0.034782609,0.326086957,0,0,0,0
23790,GACACAGAAACTGAGGTTTTGGA,0,0,0.006944444,0,0.067462756,455,187.4177532,0,-0.108695652,0,0,0,0
23791,GCCTCCACATAGCCTTTCCAGGG,0,0,0,0.060570101,0.059597087,485,173.5505458,0,-0.086956522,0,0,0,0
23792,CCACTGAGTTGAGAGGAGCCTGA,0,0,0.005089637,0,0.068442964,455,170.947479,0.056521739,-0.173913043,0,0,0,0
23793,AAATAAAAAGAAAAGGCACCCAG,0,0,0.047138047,0,0.17451794,455,168.8915787,0.126086957,0.326086957,0,0,0,0
23794,GGTGAGAGAGAGAGTGTGTGTGA,0,0,0.014723558,0,0.080805497,357.5,180.1013039,0.408695652,0.326086957,0,0,0,0
23795,GGCCCAGTGTGAGCACATCATGG,0,0,0.111001642,0.109534347,0.106015171,485,160.4062917,0.4,-0.739130435,0,0,0,0
23796,GGGAGGAGGGAATGAGGAGTTAG,0,0,0.11638862,0,0.932255747,620,212.4286822,0,0.173913043,0,0,0,0
23797,GACAGAGAGGCAGATTTTTTTAG,0,0,0.013756614,0.14405229,0.141738197,522.5,197.9588941,0.004347826,-0.260869565,0,0,0,0
23798,TGGATGGATGATGGATGAGTAAG,0,0,0,0,0.027312414,357.5,180.7363728,0,0.239130435,0,0,0,0
23799,AAATGATAACAATAGCCACAAAG,0,0,0,0,0.059906683,455,185.0373364,0,0.086956522,0,0,0,0
23800,TAACAAAATGCATAGACTGCTAG,0,0,0.144444444,0,0.987826301,627.5,214.6542356,0.008695652,-0.239130435,0,0,0,0
23801,GGGTGGGGGGCGGATGCTGCTGG,0,0,0.008074534,0.014194991,0.013759896,260,161.0834112,0.895652174,-0.173913043,0,0,0,0
23802,TCCAGCCACCCAGAGTCACAGAG,0,0,0,0.166395667,0.166395667,552.5,196.6634738,0,0.217391304,0,0,0,0
23803,GCCTGTTGGCCACCCACCTGGGA,0,0,0.003338002,0,0.40341275,552.5,173.7144828,0,-0.043478261,0,0,0,0
23804,GAGCCACTGCACCCCGCCTTGGA,0,0,0.005987812,0,0.240647808,552.5,175.7886357,0.195652174,-0.891304348,0,0,0,0
23805,AACTGACAAGAGCAGGCACAAGG,0,0,0.089598998,0.186450038,0.183454856,425,199.0733982,0.060869565,-0.086956522,0,0,0,0
23806,ATAAACAGCAGTGAGGAGAATGG,0,0,0.156464629,0.116101159,0.111973118,485,161.1461572,0.047826087,0.391304348,0,0,0,0
23807,TACTCCCCCCACCCAGCCTCAGG,0,0,0.177777778,0,0.402848101,522.5,201.0195615,0.295652174,-0.369565217,0,0,0,0
23808,CAATGAAAAGAAGAAGCACTCAG,0,0,0.125490196,0,0.127663522,455,165.4721977,0.091304348,1.543478261,0,0,0,0
23809,AATTCATAAGAAGGGGCACAAGG,0,0,0.14789916,0,0.143561971,522.5,203.3613146,0,-0.5,0,0,0,0
23810,GGAATCCCTTCTGGAGAAGCTGA,0,0,0,0,0.04384796,395,157.0267044,0,0,0,0,0,0
23811,CCAGTGAGAAGAGGTGGGGCCGA,0,0,0,0,0.012821457,357.5,168.4079024,NA,-0.130434783,0,0,0,0
23812,CCCATCCATCCAGGTAAACATGA,0,0,0.002160494,0,0.035665761,365,173.5676827,0.013043478,-0.065217391,0,0,0,0
23813,GTCCTCTTGTTCATTAGCTGTGA,0,0,0.00078095,0,0.325662758,552.5,188.3887722,0,-0.434782609,0,0,0,0
23814,GCCTCTTCTCCACCCAGCTGAGG,0,0,0.009083045,0.147449913,0.147449913,485,154.0166917,0,-0.304347826,0,0,0,0
23815,AATGACTACTATATACACAATGG,0,0,0.051851852,0.050416201,0.049606302,357.5,173.9075861,0.843478261,1.673913043,0,0,0,0
23816,ACTGCCTCCGCGCTCCTCCCCGG,0,0,0.028213166,0.069468148,0.069468148,357.5,166.528878,0.008695652,-0.130434783,0,0,1,0
23817,TGGATGGAGGAAGGAAGAAGCAG,0,0,0.008525149,0,0.011934394,320,124.5266537,0,-0.195652174,0,0,0,0
23818,GGGAAGGAGGAATGAGGGGAGGA,0,0,0.007472826,0,0.136699648,485,155.3507468,0.260869565,0.086956522,0,0,0,0
23819,AAGTGAGAAGACCAGGAACAAGA,0,0,0.002194407,0,0.108647626,357.5,180.4704679,0.060869565,0.152173913,0,0,0,0
23820,GAAGTGATTGCATTGTTCTCAGA,0,0,0.016456886,0,0.846587038,620,210.4234828,0,-0.347826087,0,0,1,0
23821,AAGGAGGAGCAGAAGAAGAAGGA,0,0,0.011160714,0,0.789491758,622.5,215.252096,0.12173913,0.456521739,0,0,0,0
23822,CCCAATCAGCCAGAGACACCAGA,0,0,0.004536221,0,0.244064714,552.5,175.0283157,0.082608696,0.391304348,0,0,0,0
23823,AGTGAGTGAGTGATTGAGTGAAG,0,0,0.020102564,0,0.035150404,357.5,177.0753837,0,-0.52173913,0,0,0,1
23824,AACAGGAGTGAGTAGAGGAGAGA,0,0,0.001984127,0,0.056147255,485,159.9543628,0.039130435,-0.347826087,0,0,0,0
23825,AAATCAGCAGAGGAGGCCCAAGA,0,0,0.003216895,0,0.144953165,455,181.6724293,0.026086957,-0.47826087,0,0,0,0
23826,GGCGCTGCGGCGGGACCTGGAGG,0,0,0,0,0.048973462,387.5,172.3357626,0.982608696,2.717391304,0,0,0,0
23827,TGTGGGTGTGTGTGTGTGTGAGG,0,0,0.2016,0,0.372455417,552.5,192.9657886,0,0.02173913,0,1,0,0
23828,AAATGAGGAGAGCAGGCACATGA,0,0,0.015486246,0,0.462027586,432.5,200.0847621,0,-0.260869565,0,0,0,0
23829,TGTGGGTGTGTGTGTGTGTGAGA,0,0,0.014,0,0.372455417,552.5,192.9657886,0,0.065217391,0,0,0,0
23830,GGTGCTGGGGCTGGAGGCGGTGG,0,0,0.118383291,0,0.305988667,552.5,189.2752498,0,0.173913043,0,0,0,0
23831,GGTACCGTGGCTGGAGGGGGCGG,0,0,0.182291666,0,0.185123143,552.5,188.3628658,0,-0.543478261,0,0,1,0
23832,GAGATCCTTGTTCTCCCCATTGA,0,0,0.005508814,0,0.474043556,522.5,205.4729018,0.22173913,0.413043478,0,0,0,0
23833,TGGATGGAGAAATGTTGAGAAGG,0,0,0,0,0.025328791,387.5,145.5752162,0,-0.891304348,0,0,0,0
23834,GAGGAGGAGAAGAAGAAGAAAGG,0,0,0.154761905,0,0.760552802,622.5,210.2603596,0,0.130434783,0,0,0,0
23835,GCCATGAATGCAGAGACACAAGA,0,0,0.009246679,0,0.544491663,620,210.0390988,0,0.413043478,0,0,0,0
23836,GACCACCGCCACCCCTCCCCGGA,0,0,0,0,0.081441456,485,166.7754372,0.152173913,0,0,0,0,0
23837,GAGCAGGAGGAGAAGAAGAAGGA,0,0,0.004992738,0,0.760552802,622.5,210.2603596,0,-0.5,0,0,0,0
23838,AAGAGATAAGAAAAGGCACAGGA,0,0,0.010659534,0,0.372875724,522.5,205.9158987,0.317391304,-0.065217391,0,0,0,0
23839,AAAGGAGAAGAAGCTGAACAAGG,0,0,0.008928571,0,0.023109381,357.5,171.4940827,0,-0.52173913,0,0,0,0
23840,GGTGTGGGTGTGTGTGCGTGTGG,0,0,0.128342246,0,1.012636909,627.5,212.7687188,0,-0.652173913,0,0,0,0
23841,GCACGCCAAGCCTAGACTGCTGA,0,0,0.004523026,0,0.480774398,522.5,207.5723988,0.008695652,-0.304347826,0,0,1,1
23842,GGTGAGTGAGTGTGAGGGTGTAG,0,0,0.008829263,0,0.56333908,470,186.4068674,0.195652174,0.304347826,0,0,0,0
23843,GAGGGGGAGAAGAAGAAGAAGGA,0,0,0.011284722,0,0.760552802,622.5,210.2603596,0,-0.173913043,0,0,0,0
23844,GATGAGTGTGTGTGTGTGTGAGG,1,0.001266486,0.236923077,0.764011111,0.741204809,560,195.2141086,0,-0.195652174,0,0,0,0
23845,GGGACTGTGGCTGGAGCTTGAAG,0,0,0.017792302,0,0.189330488,485,163.838072,0.004347826,-0.239130435,0,0,0,0
23846,GACCTGTTTTCATCTCTCTCAGG,0,0,0.017607043,0,0.010324191,392.5,175.1917679,0.004347826,-0.02173913,0,0,0,0
23847,TACACCAAAGAAGAGATTTTCAG,0,0,0.176767677,0,0.103232035,455,193.2983096,0,0.304347826,0,0,0,0
23848,GGTGTGCGTGTGTGTGGGTGTGG,0,0,0.008823529,0,0.241506693,552.5,190.5826078,0.156521739,-0.108695652,0,0,0,0
23849,ATGTCTGAGCAGAAGGAGAAAAG,0,0,0.03030303,0.164761667,0.164761667,552.5,199.8855901,0.047826087,0.065217391,0,0,0,0
23850,GCCATCTGAGTCTCTACCTGTGA,0,0,0.003741497,0,0.086676978,425,194.7216779,0,1.456521739,0,0,0,0
23851,GGTGGGTGAGTGTGGGTGTGTGG,0,0,0.0168,0,0.306794992,462.5,183.9185474,0.447826087,0.065217391,0,0,0,0
23852,GTCATCTCTGTCTTTTCCTGCAG,0,0,0,0,0.055513037,455,185.3526563,0,1.326086957,0,0,0,0
23853,TGGGAGTGTGTGTGTGCATGTGA,0,0,0.014423077,0,0.186959075,552.5,189.2888864,0,0.108695652,0,0,0,0
23854,CCATGTGTCTCTGGGTGCACTGA,0,0,0.001693523,0,0.034196069,387.5,141.9040452,0.134782609,-1.108695652,0,0,0,0
23855,TGGGAGTGTGTGTGTGCATGTGG,0,0,0.207692308,0,0.186959075,552.5,189.2888864,0,-0.891304348,0,0,1,0
23856,GGTGTGAATGTGTGTGCGTGAGG,0,0,0.190909091,0.552668239,0.544570536,622.5,208.4689019,0.004347826,-0.586956522,0,0,0,0
23857,ATCACCTCCAATCAATGGGGGAG,0,0,0.003852769,0,0.063223545,357.5,174.5075468,0,0.108695652,0,0,0,0
23858,GGGAGGGAGGAAAGAGGAGGGAG,0,0,0.019390124,0,0.26991206,455,171.2747595,0,0.826086957,0,0,0,0
23859,GGTGCGTGTGTGAGTGTGTGTGG,0,0,0.096923077,0,0.136842006,455,183.466468,0,0.195652174,0,0,0,0
23860,AGTGAGAGAGAGTGTGTGTGGAG,0,0,0.071458333,0,0.231071706,455,189.6006244,0,0.260869565,0,0,0,0
23861,GGCCCTGGGCCTGGGGGTGGGAG,0,0,0.015294118,0,0.35314247,522.5,196.027825,0,-0.760869565,0,0,0,0
23862,GACATGTTTTCATTTATCTTGGG,0,0,0.018552876,0,0.030434884,387.5,149.6933526,0.047826087,-0.217391304,0,0,0,0
23863,GTTGTGTGAGGGTGTGTGTGTGA,0,0,0.002999694,0,0.33831875,455,190.4554852,0,0.543478261,0,0,0,0
23864,GGTGTGTGAATATGTGAGTGGGA,0,0,0.010265619,0,0.262235805,455,184.2177321,0.004347826,0.130434783,0,0,0,0
23865,GCCTCTTTCCCTCTAACATTAAG,0,0,0.007583272,0.005256015,0.005256015,260,160.2143601,0,-0.260869565,0,0,0,1
23866,AATGATCACAGCATCCTCACCAG,0,0,0.030483405,0,0.1938432,455,169.0545959,0.095652174,0.369565217,0,0,0,0
23867,AATCATCACTACATATTCAATGG,0,0,0.033613445,0,0.041920373,455,185.0449685,0,-0.152173913,0,0,0,0
23868,GGCCCCCTTCACCCCACCTTCAG,0,0,0.054444444,0,0.073296119,485,160.5741938,0,-0.217391304,0,0,0,0
23869,GGCACTCTGGCTGGAGCTGGGGG,0,0,0.141544118,0,0.74016963,560,193.9308912,0.173913043,0.456521739,0,0,0,0
23870,GGCTGGAGGGGATTTGCTCCTGG,0,0,0.233333333,0.263094174,0.263094174,425,202.342635,0.191304348,0.326086957,0,0,0,0
23871,CCAAGTGTCTCTTGATGGAAAAG,0,0,0.018055556,0,0.251939516,455,171.1614795,0.026086957,-0.173913043,0,0,0,0
23872,AGTGAGTAAGTGTGTTTGTGTGA,0,0,0,0,0.104848333,485,177.8256461,0,-0.043478261,0,0,0,0
23873,AAGAACACCATTCAGGAGAGGGG,0,0,0.047433103,0.057471401,0.055531438,357.5,185.9421699,0.343478261,0.217391304,0,0,0,0
23874,GAGCCTCTCCACCCCGGCACCAG,0,0,0.002023031,0,0.114544945,485,165.151905,0,0.043478261,0,0,0,1
23875,GGCTCTCTCCCACCCTCTTTAGA,0,0,0,0,0.036456719,485,173.86506,0,-0.043478261,0,0,0,0
23876,AGATGAGAAACTGAGGCACAAGA,0,0,0.00691358,0,0.359810011,460,200.0220794,0,0.282608696,0,0,0,0
23877,CCCTGTGTCTCTGTAGGGTACAG,0,0,0.007248521,0,0.004594896,320,122.3867896,0.065217391,0.195652174,0,0,0,0
23878,CACCCCATCCACCCGGCCCCAAG,0,0,0.001915709,0,0.096436474,455,171.8617977,0.217391304,-0.086956522,0,0,1,0
23879,GGTGTGTGTGTTTGTGCATGTGA,0,0,0.004034427,0,0.088566384,455,180.8124659,0.004347826,-0.130434783,0,0,0,0
23880,TGTGAGCGTGTGTGTGGGTGTGA,0,0,0.001685049,0,0.25438705,552.5,191.8709278,0.008695652,0.173913043,0,0,0,0
23881,AAATGAGGAAAATAGGCACAAGA,0,0,0.014259259,0,0.864893103,530,202.8091261,0,-0.043478261,0,0,0,0
23882,GACACTGAGGGAGATTTTTTAAG,0,0,0.005731922,0,0.078664699,425,193.0171304,0,0.326086957,0,0,0,0
23883,GACACAGAAGCAGATCTTATGGG,0,0,0.02526725,0,0.013204918,387.5,155.1705686,0,2.282608696,0,0,0,0
23884,GAGTCCAAGCAGCAGCAAAAAGG,0,0,0,0,0.012748871,387.5,164.6057395,1,2.804347826,0,0,0,0
23885,GGATGGAGGGAGTTTGCTCCTGG,1,0.02824,0.75,4.049152532,4.049152532,635,218.6888192,0,-0.282608696,0,0,0,0
23886,GCTGAGTGAGTATGTGTGAGTGA,0,0,0.005982906,0,0.094473225,387.5,159.5097885,0,0.02173913,0,0,0,0
23887,GGCCCTGCTGCTGGAAGTTGGGG,0,0,0.125490196,0,0.052414635,485,166.3301938,0,0.02173913,0,0,0,0
23888,GAGTGGGGGCAGTTTGCTTTGGG,0,0,0.046863905,0.20233989,0.20233989,485,146.0826637,0.113043478,-0.108695652,0,0,0,0
23889,AATGACCACAACACCCGCAGAGA,0,0,0.001530024,0,0.031520871,387.5,144.4453679,0.682608696,-0.913043478,0,0,1,0
23890,CCATGCGTCTCTGGAAGGAGGGA,0,0,0.008777616,0,0.067743736,485,162.4599902,0.395652174,-0.02173913,0,0,0,0
23891,GCTATGTGAGTGTGTGTGTGGGG,0,0,0.105734266,0,0.609583333,552.5,195.8119689,0.234782609,-0.108695652,0,0,0,0
23892,GGTAAGTGAGTGGGTGAGTATGA,0,0,0.007133152,0,0.098373949,387.5,150.7033685,0.2,-0.260869565,0,0,0,0
23893,GAAGACAAAGCCTAGAATGAAGA,0,0,0.002132066,0,0.125064555,387.5,152.4865886,0,-0.304347826,0,0,0,0
23894,AAATAAGAAAAAGAGACACTTGG,0,0,0.485333333,0,0.104591523,485,158.4939178,0,-0.02173913,0,0,0,0
23895,GACCCCCTCCCCGCCCCCTACAG,0,0,0,0,0.022040629,290,149.0445699,0,-0.217391304,0,0,0,0
23896,ACCAGCAGTGCGAAGAGCGGAGA,0,0,0.009065934,0,0.307297816,425,201.9422758,0,-0.52173913,0,0,0,0
23897,GACTTAGTTTCATTCTTCTGCAG,0,0,0.002446611,0,0.06941502,455,163.6862137,0,-0.043478261,0,0,0,0
23898,GAAGGAGAAGCAGAGGCTCACGG,0,0,0.125,0,0.172235,455,186.672983,0,NA,0,0,0,0
23899,GACTCTGAAGTAGAGTTTGTTGG,0,0,0.045454545,0.167467781,0.167467781,455,179.5623324,0,-0.065217391,0,0,0,0
23900,AAAAGCAGTGATTAGAGCAGAGG,0,0,0.142857143,0,0.24194961,455,178.9195796,0.039130435,-0.239130435,0,0,0,0
23901,TGTGTGTGAGTGTGTGTGAGGGA,0,0,0.003367003,0,0.202836708,485,166.177569,0,-0.456521739,0,0,0,0
23902,GTCAACGTTGTCCTCCTCATTGG,0,0,0.072727273,0.609583333,0.609583333,552.5,193.585752,0.017391304,0.260869565,0,0,0,0
23903,GACCTCCTCCAGCCTCCCTCTGA,0,0,0,0,0.032447696,357.5,178.7001321,0,0.130434783,0,0,0,0
23904,ACCTCCACAAAGCCTGCCCTGGG,0,0,0.095294118,0.186907219,0.183397224,485,158.6931082,0,0.434782609,0,0,0,0
23905,ATGCCCACCAGTGAGAAGAGGGA,0,0,0.01114082,0,0.5114241,560,200.9496541,0,-0.630434783,0,0,0,0
23906,GTTTTGTTTTTATTTTTCTCAAG,0,0,0.005698006,0,0.220450566,425,197.9948947,0,0.195652174,0,0,0,0
23907,GGCACTTGGGCTGGAGTTGGGGA,0,0,0.006377551,0,0.74016963,560,193.9308912,0.004347826,0.217391304,0,0,0,0
23908,CCCAGTTCCTGTGGATGGATCGG,0,0,0.068027211,0.525454888,0.51740194,522.5,206.6133185,0,-0.304347826,0,0,0,0
23909,GGACACAAAGCTTAGACTCCAGG,0,0,0.11954023,0.536360656,0.519333333,462.5,181.6958996,0.030434783,0.130434783,0,0,0,0
23910,GACACAGAAGGGCAGTTTTTTAG,0,0,0.018301928,0,0.087264738,362.5,193.9685113,0.030434783,0.173913043,0,0,0,0
23911,GAGTCAGAGAAGAATAAGACAAG,0,0,0.00677409,0,0.093603563,455,161.0776581,0,0.5,0,0,0,0
23912,TGAATGGATGAATGAAGACTGAG,0,0,0.046487867,0,0.05168083,485,166.6757938,0.265217391,-0.065217391,0,0,1,0
23913,GGCCCACACAGAGCTCCTGATGG,0,0,0.027731092,0,0.092860578,455,176.6319501,0,-0.043478261,0,0,0,0
23914,AATGAGTGACTGTGTGAGTGAGA,0,0,0.009871795,0,0.56142625,552.5,192.9821525,0,-0.043478261,0,0,0,0
23915,AGCATCCCTTCTGCAGCCCGTGG,0,0,0.004321729,0,0.134785853,485,156.1110668,0,-0.434782609,0,0,0,0
23916,ATGCACAGCAGTGATTAGTGAAG,0,0,0.004524887,0.133665,0.133665,455,170.2715615,0.534782609,-0.043478261,0,0,0,0
23917,GACATGTTATCATTATTGTCTGA,0,0,0.003853393,0,0.048243477,455,174.7362648,0,-0.543478261,0,0,0,0
23918,GTCATGTCCTATGAGTAGGGAGA,0,0,0.000974822,0,0.213651194,522.5,196.926938,0.160869565,-0.086956522,0,0,0,0
23919,TGGATGGATGGATGATGAATAAG,0,0,0,0,0.026286255,387.5,160.9737101,0,0.369565217,0,0,0,0
23920,AAATGAAAGGAATAGGCAAAGGG,0,0,0.085714286,0,0.076469801,455,172.6097184,0,-0.065217391,0,0,0,0
23921,GGAACAGAATGAGCAGGTGAAAG,0,0,0.024951267,0,0.155758982,552.5,196.5501938,0,0.195652174,0,0,0,0
23922,GGGAGGGGAGAATGAGGAGTTAG,0,0,0.074821256,0,0.833979885,620,210.8520827,0.043478261,0.347826087,0,0,0,0
23923,TGGATGGGGGAGGGAGGAGGAGA,0,0,0.001693189,0,0.119348963,357.5,161.7471621,0,-0.043478261,0,0,0,1
23924,TACAACCACCCAGAGACACAAGA,0,0,0.023310023,0,0.833979885,620,213.7118996,0,0.217391304,0,0,0,0
23925,GCCTCATTCCCTCCCAACCTGGA,0,0,0.002582659,0,0.054262311,387.5,157.9638045,0,0.086956522,0,0,0,1
23926,GACCCACTCCAAACCGCCACTGA,0,0,0.005061548,0,0.054544193,357.5,169.4505951,0.139130435,0.239130435,0,0,1,0
23927,CCTGCCTCTGCTTTCCTCACGGG,0,0,0.167045455,0.161183272,0.161183272,432.5,192.7338775,0,-0.130434783,0,0,0,0
23928,TGAATGAATGAATAAGGAGTTGG,0,0,0.3,0,0.087716364,522.5,200.6898542,0,-0.02173913,0,0,0,0
23929,GACTTTGTTTTATTGTTTTCTGA,0,0,0.00538677,0,0.067566537,455,183.3774182,0,-0.304347826,0,0,0,0
23930,GACGCCTTCCACCCCGCTCCTGG,0,0,0.072044335,0,0.066766665,485,159.771886,0,-0.826086957,0,0,0,1
23931,CGGAAGGAGGAAAGAGGAGAAGG,0,0,0.166895604,0,0.26991206,455,171.2747595,0.004347826,0.043478261,0,0,0,0
23932,GGGAGGGACCCAGCATTCTTCAG,0,0,0.041481481,0.11414215,0.11028925,485,164.391585,0.026086957,-0.02173913,0,0,0,0
23933,GGCTTCCCCAAGACTGGCCATGA,0,0,0.006756528,0,0.338304443,522.5,204.2125791,0.804347826,-0.195652174,0,0,0,0
23934,TGTGAGTGTGACTGTGCGTGTAG,0,0,0.061764706,0.246625016,0.238701321,425,201.2940355,0,1.565217391,0,0,0,0
23935,GAGGCCTAGGAGAAGAAAAATGG,0,0,0.096153846,0,0.185328808,552.5,185.5281495,0,0.630434783,0,0,0,0
23936,AACACTAATTAGTAGAGCAGCGG,0,0,0.538903061,0.268364157,0.263834804,552.5,178.5744627,0.695652174,-1.108695652,0,0,0,0
23937,AAAGACCACAACATCATAAATGA,0,0,0.022893773,0,0.048472277,485,170.9685044,0,-0.260869565,0,0,0,0
23938,AGTGTGTGAGTGTGTGCCTGAGA,0,0,0.010822511,0,0.656790123,560,193.6883467,0,-0.043478261,0,0,0,0
23939,TGAATGGAGAAAAGAGAAGTAGA,0,0,0.031410256,0,0.203383055,455,183.194832,0.034782609,-0.282608696,0,0,0,0
23940,TGTGTCTGAGTGTGTGTGTGTAG,0,0,0.029996939,0,0.368797917,552.5,195.1395849,0.4,-0.086956522,0,0,0,0
23941,CCAAACCATCCAGAGAAACCAAG,0,0,0.011915451,0.259877595,0.250637503,485,159.259969,0.695652174,0.065217391,0,0,0,0
23942,TAGATGGGGGAATGAGTTGTCAG,0,0,0.020109212,0,0.119478333,485,169.4507387,0,0.239130435,0,0,0,0
23943,GCCTCTGACCCCCACACCTTTGG,0,0,0.043343653,0.06940549,0.068341804,425,194.3617171,0,-0.347826087,0,0,0,0
23944,GGTGAGGGAGTTTCTGAGTGGGA,0,0,0.003142283,0,0.027579623,357.5,176.475423,0.091304348,-0.043478261,0,0,0,0
23945,ATGGACACCAGTCATTGGAGTAG,0,0,0.001719986,0,0.060022353,357.5,173.6339468,0,-0.217391304,0,0,0,0
23946,GGCCCAGATCAAGCACATGAGAG,0,0,0.11292181,0.169312454,0.1641228,457.5,183.0322885,0,-0.130434783,0,0,0,0
23947,GGTGGGGGAGTGTGTGAGTAGGG,0,0,0.185294118,0,0.173616039,485,157.4047882,0,-0.369565217,0,0,0,0
23948,CTCAGCTTAGTTATTGCCTGTAG,0,0,0.012272628,0,0.133988,455,192.9071537,0.026086957,-0.086956522,0,0,0,0
23949,AAATGAGACCAAAAGTCACACAG,0,0,0,0,0.051127507,455,183.4607368,0,-0.108695652,0,0,0,0
23950,AAAGAAGAAGAAGAAGCTCAAAG,0,0,0.066085694,0,0.078958228,455,177.4077251,0.017391304,0.065217391,0,0,0,0
23951,AGGATGCAGGCATGAGGATTAGA,0,0,0.012731481,0,0.199709861,455,179.8387356,0,-0.173913043,0,0,0,0
23952,CCCACCCATTAAGAGACACAAGG,0,0,0.705882353,0,1.300126506,530,207.8898599,0,-0.130434783,0,0,0,0
23953,AAATAAGAAAAAGAAGGACAAGA,0,0,0.003109915,0,0.142843894,455,177.7268109,0,-0.304347826,0,0,0,0
23954,AAAGGGGCAGAAGAGGCACCCAG,0,0,0.011273449,0.406681137,0.39945125,552.5,176.3029991,0,-0.02173913,0,0,0,0
23955,CCCTCCCATCAGCCTGGCCAAGA,0,0,0.006448413,0,0.805112123,622.5,207.1486663,0.273913043,-0.369565217,0,0,0,0
23956,GACTTGTTCTCCATGTTCTCAGA,0,0,0.011678605,0,0.282298855,432.5,199.2247987,0.07826087,0.47826087,0,0,0,0
23957,GAGACAGAGAAGAAGAAGACAAG,0,0,0.0225803,0.374553327,0.367894601,552.5,174.4110797,0.343478261,0.543478261,0,0,0,0
23958,CCCTCTCTCCCACCTACCTTAGA,0,0,0.002273479,0,0.576755556,530,203.8097976,0.134782609,-0.086956522,0,0,0,0
23959,GAATGCCAAGCATAAACTGCAGG,0,0,0.237176471,0.270578527,0.261885241,522.5,200.4478776,0,-0.260869565,0,0,0,0
23960,AACTTTTTTTCAATGTTATCTGG,0,0,0.223668639,0.075338601,0.072659895,455,182.4913622,0.030434783,-0.47826087,0,0,0,0
23961,CATGTGTGAGTGTGTGAGTGTGA,0,0,0.007122507,0,0.609583333,552.5,196.6855689,0,0.086956522,0,0,0,0
23962,GACACAGAAGCAAAGGTTTCAAG,0,0,0.006993007,0.026124635,0.025242791,387.5,153.4886696,0,-0.47826087,0,0,0,0
23963,GGGTGGGGGGAGTAGGGTGCAGA,0,0,1.58E-05,0,0.006319527,290,141.6196828,0,-0.347826087,0,0,0,0
23964,CCCTACCATCCACAGACACCAGG,0,0,0.030448021,0.260141488,0.25551675,455,170.4011595,0.047826087,-0.065217391,0,0,0,0
23965,GTCTCCCCCAAGCCTTTCCATGA,0,0,0,0,0.064062332,485,176.7256827,0,-0.043478261,0,0,0,0
23966,GAGTCTGAACAGTAGAAAAATAG,0,0,0.032142857,0.042147338,0.042147338,455,178.5315818,0,-0.260869565,0,0,0,0
23967,GCCACCTCCAATGCCCAGAGGAG,0,0,0.022675737,0.01325319,0.012781965,387.5,159.2843895,0.034782609,-0.02173913,0,0,0,0
23968,GCCCCTGTGGCTGGAGTTGGTGA,0,0,0.003711821,0,0.609583333,552.5,194.000472,0,-0.5,0,0,0,0
23969,TGGAGGGAGCAGTGAGGGGTGGA,0,0,0.005135802,0,0.133501865,455,179.7805098,0,-0.673913043,0,0,0,0
23970,TGGAGGGAGCAGTGAGGGGTGGG,0,0,0.073955556,0.135793742,0.133501865,455,179.7805098,0,-0.195652174,0,0,0,0
23971,GACATCTAAGCTGGGTTTTTCAG,0,0,0.01466517,0,0.071635385,425,196.1732141,0,0.173913043,0,0,0,0
23972,GACACTTAAGAAGAGTTTTGTGG,0,0,0.070228091,0.148773132,0.143751255,455,171.6631516,0.3,-0.108695652,0,0,0,0
23973,GGGTGGTGGGAGCTTCCTCTAAG,0,0,0,0.028986456,0.028497233,387.5,152.8914728,0.747826087,-0.282608696,0,0,0,0
23974,TGGATGGATGAATGAATAGAAGA,0,0,0.005208333,0,0.02413915,417.5,139.8280828,0,-0.47826087,0,0,0,0
23975,GGCACAGGTGCTGGAGCTGGGGG,0,0,0.069915966,0,0.20361644,552.5,189.3683076,0,-0.173913043,0,0,0,0
23976,TATGTGTGAGTGTGTGTGTGTGG,0,0,0.143589744,0,0.609583333,552.5,196.6855689,0,-0.065217391,0,0,0,0
23977,TATGTGTGAGTGTGTGTGTGTGA,0,0,0.00997151,0,0.609583333,552.5,196.6855689,0.1,-0.086956522,0,0,0,0
23978,TTGATGGAGGGAAGAGGGGTAGA,0,0,0.007954545,0,0.066654945,357.5,177.8072625,0,0.043478261,0,0,0,0
23979,TGGAGGGAGGAGGGGGGAGTAGG,0,0,0.078376812,0,0.073007317,327.5,186.4892374,0,0,0,0,0,0
23980,AAGTACCATTACATCCTGAAGGA,0,0,0.001473064,0,0.186959075,552.5,188.4152864,0,0.456521739,0,0,0,0
23981,TGAATCTCTGCTGCAGCACCAGA,0,0,0.028211805,0,1.68098692,627.5,213.0250828,0,-0.326086957,0,0,0,0
23982,AAGTGAGAAAATGAGGCTCAGAG,0,0,0.024645633,0,0.138653257,455,180.5408298,0,-0.217391304,0,0,0,0
23983,CCTATCCATCCAGGGTCACAAGA,0,0,0,0,0.07513536,462.5,190.9443895,0,0.108695652,0,0,0,0
23984,AGATGAGGAGAAGAGCCATAAGG,0,0,0,0,0.085785,485,167.8237572,0,-0.043478261,0,0,0,0
23985,TTGCACAAAGCACAGACTGCTGA,0,0,0.024366472,0,0.573580538,525,208.9326795,0,0.260869565,0,0,0,0
23986,GGTGCATGAGTGTGTAGGTGTGG,0,0,0.029411765,0,0.060221432,485,177.851159,0,0.152173913,0,0,0,0
23987,GCTCCCCTCCGTCCCGCCTCCAG,0,0,0.049016204,0,0.385203768,425,204.4858158,0.230434783,-0.239130435,0,0,0,0
23988,CCCTTTGACTCTGAATGGAATGA,0,0,0.00703125,0,0.09837725,455,166.0350785,0,1.97826087,0,0,0,0
23989,GGTGTGTGTGTGTGAGTGTGAGA,0,0,0.004093567,0,0.094763973,455,178.758767,0,1.804347826,0,0,0,0
23990,GCCTTTTTATCCCCCACCTTGGA,0,0,0.009381743,0,0.377902973,522.5,201.2440628,0.156521739,-0.086956522,0,0,0,0
23991,GGTGAGTGTGTGTGGGCCAGCGA,0,0,0.000283447,0,0.014464324,387.5,144.8618649,0.082608696,0.086956522,0,0,0,0
23992,AAAAGTGAATAAGAGGTACAAAG,0,0,0.033436214,0,0.322464761,552.5,190.5625685,0,0.260869565,0,0,0,0
23993,TGTGTGTGAGGGTGTGTGTGGGG,0,0,0.067878788,0.344442166,0.33831875,455,190.6954852,0.604347826,2.673913043,0,0,0,0
23994,TGTGTGTGAGTGTGTGTGGGGAG,0,0,0.010998878,0,0.202836708,485,166.177569,0.460869565,-0.586956522,0,0,0,0
23995,AGTGAGTGTGCGTGTGTGTGTGA,0,0,0.011666667,0,0.206712756,455,188.0240249,0,-0.152173913,0,0,0,0
23996,AAATAAGAAAAAGAGGAACATAG,0,0,0.097865569,1.054321596,1.054321596,560,193.1338325,0,0.543478261,0,0,0,0
23997,GAGCCCATGCACCCAGCCTCCAG,0,0,0.013374486,0,0.165760157,522.5,198.1220173,0.473913043,-0.326086957,0,0,0,0
23998,TGTGTGTGAGTGAGTGTGTGTGA,0,0,0.008158508,0,0.23590875,455,187.4262484,0,-0.152173913,0,0,0,0
23999,ATCTTGATTTCATTGTTCTGTGG,0,0,0.033689839,0,0.476356426,552.5,179.4392193,0.047826087,0.043478261,0,0,0,0
24000,TGGGTGGGGGAATGAGAACTGGA,0,0,0.013316837,0,0.19201875,485,163.492472,NA,-0.02173913,0,0,0,0
24001,GGCCGAGACTGAGGCCCTGAGGG,0,0,0,0.023109381,0.023109381,357.5,171.0793627,0,-0.108695652,0,0,0,0
24002,GGTGAGTGAGTGGGAGTCTGGAG,0,0,0.008701302,0,0.010213034,290,149.0842135,0,-0.086956522,0,0,0,0
24003,GAGTCAAAGGAGAAAAAGAAGAG,0,0,0.088114258,0.145923766,0.145923766,522.5,195.8320772,0,-0.260869565,0,0,0,0
24004,GGTGAGTGAGGGGGGGCGGGGGG,0,0,0.001304348,0,0.024749342,260,158.5155742,0.152173913,0.152173913,0,0,0,0
24005,CCCGCCCCACAGGGCTGTAAAGA,0,0,0,0,0.534369486,560,202.3435741,0,-0.260869565,0,0,0,0
24006,GCCAGTGCAGATGGAGGTGGGGG,0,0,0.200274725,0,0.485165286,522.5,207.4818159,0.013043478,NA,0,0,0,0
24007,GAAAACAAAGCAGAGACAGCAGA,0,0,0.010170353,0,0.239002985,462.5,184.6037462,0.082608696,-0.173913043,0,0,0,0
24008,AAAAACAAACCATAGACTGAGAG,0,0,0.039298246,0,0.642348856,552.5,176.1970637,0,-0.434782609,0,0,0,0
24009,GCGTCCTTCCCACCCACCGCCAG,0,0,0.002678298,0.128639409,0.124065564,485,149.0004161,0,-0.065217391,0,0,0,0
24010,GCCTGTGTCCCAGCCACCTGGGG,0,0,0.008493237,0.17451794,0.17451794,455,168.8915787,0.013043478,0.152173913,0,0,0,0
24011,TGCAGGGAGGGATGAGGAGGAGG,0,0,0.028235294,0.37462874,0.361308608,455,174.0159964,0,-0.108695652,0,0,0,0
24012,ATGAACTGAAGTGAGAAGAGAAG,0,0,0.056818182,0,0.102694193,555,192.468796,0,-0.260869565,0,0,0,0
24013,GGAGACTGAGTGTGTGGGAGGAG,0,0,0.002122061,0,0.114544945,485,165.151905,0,0.108695652,0,0,0,0
24014,AAATGTGATGTAGAGACACAAAG,0,0,0.034188034,0,0.0504863,455,189.9357261,0,-0.173913043,0,0,0,0
24015,CTTGCCCCACGCTGCAGGAAGGG,0,0,0.034411765,0.028710904,0.02827089,295,170.331162,0,-0.282608696,0,0,0,0
24016,TGGATCGTGGAACTAGGAGTTGA,0,0,0.004272044,0,0.047617542,425,193.1756939,0.991304348,4.826086957,0,0,0,0
24017,GGTGGTTGTGTGTGTACGTGTGG,0,0,0.288,0,0.090966306,552.5,194.8774898,0,-0.804347826,0,0,0,0
24018,TGTGAGTGAGTGAGTGCTTTGAG,0,0,0.083760684,0,0.052902764,387.5,147.1397463,0,0.260869565,0,0,0,0
24019,ATGAAGACCAATCAGTAAAGAGA,0,0,0.010121457,0,0.038284407,357.5,176.2612785,0,-0.195652174,0,0,0,0
24020,GCCCCCCGCCACCCCCCCGCCGG,0,0,0,0,0.085785,485,167.8237572,0.308695652,0.565217391,0,0,0,0
24021,CCCATCCATCCCTTCACACACGG,0,0,0.011483254,0.009921775,0.009921775,300,176.1383728,0,-0.152173913,0,0,0,0
24022,GGTGAGTGTGTGTCAGGGTGGAG,0,0,0.002270382,0,0.012821457,357.5,168.4079024,0,0,0,0,0,0
24023,AAAAAAAAAGAAGAGGAACAGGG,0,0,0.192592593,0,0.395264636,552.5,193.6687881,0.582608696,2.434782609,0,0,0,0
24024,AGAGAGAGAGTGTGTGCATGAGA,0,0,0.027043269,0,0.208990259,552.5,190.8654859,0,-0.52173913,0,0,0,0
24025,AAAGGACAAGAAGAGGACCAAAG,0,0,0.009902263,0,0.077471869,485,169.5337749,0.139130435,-0.282608696,0,0,0,0
24026,AAATGAGAATAGGAGACACGCAG,0,0,0.116338356,0,0.046499123,387.5,152.0661373,0,-0.760869565,0,0,0,0
24027,GACATATTAGTAATTACATGGGA,0,0,0.020985958,0,0.09237382,455,184.0345823,0.160869565,0.108695652,0,0,0,0
24028,AACACCCTCCACCCCACCACAGG,0,0,0.216541354,0,0.090617958,485,170.2899742,0,-0.369565217,0,0,0,0
24029,CTTGCCCCTCAGGAAAGTGAAGA,0,0,0.002604167,0,0.010995838,357.5,158.6460135,0.008695652,-0.108695652,0,0,0,0
24030,GAACACCATGCAGTGACTGCAGA,0,0,0.002536232,0,0.032845321,425,191.7185337,0,-0.217391304,0,0,0,0
24031,TGGTGGGAGGGATGGGGAGTGGG,0,0,0.172072727,0.219869813,0.212805723,425,196.6009747,0.730434783,0.47826087,0,0,0,0
24032,GGTGAGTGAATGTGAGGGTCAAG,0,0,0.003531705,0,0.056695258,387.5,141.877531,0,0.130434783,0,0,0,0
24033,TGTGGGGGTGTGTGTGCGTGTAG,0,0,0.065882353,0,0.569608261,620,211.5687188,0,0.043478261,0,0,0,1
24034,TCCTCCCCACAGCCTGGCTGTGG,0,0,0.117647059,0.206212423,0.20233989,485,146.3226637,0.008695652,-0.239130435,0,0,0,0
24035,TGAATTCCCTTTGCAGCACCTGA,0,0,0.018315018,0,0.293524998,522.5,207.2241519,0,-0.673913043,0,0,0,0
24036,GGGACTGTAGCTGGAGGGGGAAG,0,0,0.024305556,0,0.186959075,552.5,186.1890694,0,-0.043478261,0,0,0,0
24037,AGGAACACCAGTGAGGAAATGGG,0,0,0.140911242,0.023512339,0.023512339,417.5,139.1106409,0,-0.413043478,0,0,0,0
24038,GGTGAGTGTAGGTGTGCCTGTGG,0,0,0.106666667,0,0.087580097,457.5,178.5950662,0,-0.130434783,0,0,0,0
24039,CCAGAGAGTAGAGAGGTGGACAG,0,0,0.003024691,0.037875241,0.037875241,387.5,148.1487844,0.191304348,-0.152173913,0,0,0,0
24040,AGTGAGTGTGTGTGTGTATGAGA,0,0,0.012115385,0,0.073001262,485,168.8307753,0.073913043,-0.152173913,0,0,0,0
24041,CCTTGTCTCTTTGGATGGCTGAG,0,0,0.007800987,0.189785817,0.186411847,455,179.3107356,0,0.847826087,0,0,0,0
24042,GGCCCTGCCGCTGGTGCTGGTGA,0,0,0.000621063,0,0.094763973,455,179.173487,0,-0.195652174,0,0,1,0
24043,GCCTGCAGAAATCCTGGCCAGGA,0,0,0.007726648,0,0.458669828,522.5,204.7125818,0,-0.043478261,0,0,0,0
24044,TGTGTATGAGTGTGTGTGTGTAG,0,0,0.043995511,0.375472992,0.368797917,552.5,195.1395849,0,0,0,0,0,0
24045,GAAGACAAGGCACAGACTGGCAG,0,0,0.004013301,0,0.156120734,455,167.7296992,0,0.043478261,0,0,0,0
24046,CCCTGTAGCTCAGGATAGATGAG,0,0,0.141958847,0.188120154,0.185098143,455,185.0147907,0,-0.217391304,0,0,0,0
24047,GGGATGGATGAATGTGCAGTTGA,0,0,0.00166714,0,0.099818052,455,180.047087,0,0.195652174,0,0,0,0
24048,CTCAACACCAGTGAGATGAGAGG,0,0,0.03996004,0,0.103380457,485,180.397463,0.9,1.173913043,0,0,0,0
24049,GACAGCTCCGTCATTACCTGGGG,0,0,0.309450549,0,0.833979885,620,210.6120827,0,-0.217391304,0,0,0,0
24050,AATACCAGTGAGTATACCTGTGA,0,0,0.001069872,0,0.050740571,387.5,152.7308674,0,-0.065217391,0,0,0,0
24051,AAAACAGAAGAATAGGCAAAGGG,0,0,0.048104956,0,0.19301625,455,176.7907595,0,-0.782608696,0,0,0,0
24052,TATGAACACAAAATCCTCAATGA,0,0,0.039480077,0,0.392225327,522.5,204.7061791,0,-0.195652174,0,0,0,0
24053,GACATGTTTTGATTGTTATGTGG,0,0,0.003770739,0,0.071821995,387.5,149.5353831,0,0.130434783,0,0,0,0
24054,CGTGTGTGCGTGTGTACGTGTGG,0,0,0.148423006,0,0.166395667,552.5,196.6634738,0.073913043,-0.543478261,0,0,0,0
24055,TGGATGGAGGAAGGGTCAGTGAG,0,0,0,0,0.008962459,315,157.2191209,0,0.239130435,0,0,0,0
24056,GGGTCGGGGAAGAGTGCTCCAGA,0,0,0,0,0.075982292,425,191.7814384,0,-0.130434783,0,0,0,0
24057,ACATCTTTCCCACTCAACTTTGA,0,0,0.018537037,0,0.089556326,455,186.0467043,0,-0.217391304,0,0,0,0
24058,GAGCCCCAGAAGAAGAATAAAGA,0,0,0.017849038,0,0.185328808,552.5,185.5281495,0.682608696,-0.347826087,0,0,0,0
24059,TTCACCTCCAAAAACTAGGGAAG,0,0,0.191452991,0.566146479,0.566146479,432.5,203.184579,0.082608696,0.152173913,0,0,0,0
24060,AAGTCAGAGGAGAAGAAGAAGGG,1,0.0047,0.325,0,1.489014768,627.5,213.6222796,0.134782609,-0.630434783,0,0,0,0
24061,AGTGAGTGAGTGTGTGTGACGGG,0,0,0.051428572,0,0.084582907,417.5,130.3282891,0.052173913,-0.152173913,0,0,0,0
24062,GGCTTTTTACCACCCATCTTTGG,0,0,0.177075099,0.372455417,0.372455417,552.5,192.7257886,0,-0.02173913,0,0,0,0
24063,GAGCACATAGCATATACTGAAGG,0,0,0.018707483,0.180901806,0.174469742,455,164.2275615,0.239130435,-0.152173913,0,0,0,0
24064,GAGTCTCAGAAGAAGAATAAAGA,0,0,0.025614528,0,0.112123929,552.5,184.6157655,0.008695652,0,0,0,0,0
24065,GAGTATCAGAAGAAGAAGAAGAG,0,0,0.08196649,0.511616695,0.496624264,622.5,208.7507788,0,-0.152173913,0,0,0,0
24066,GTGACTGGGACTGGAGGTGGGGA,0,0,0.013257576,0,1.2395125,620,210.3404466,0,0.043478261,0,0,0,0
24067,GGTACTGGGCCTGCAGGTGGGGA,0,0,0.00526148,0,0.193587958,522.5,198.941262,0,0.086956522,0,0,0,0
24068,GGTGTGTGAGAGTGTGTGTGGGA,0,0,0.008838384,0,0.635340376,462.5,191.8954852,0.330434783,0.608695652,0,0,0,0
24069,GGTGAGTGGGTGGGTGAGTAGGG,0,0,0.076086957,0,0.054313087,387.5,147.6171881,0.413043478,-0.260869565,0,0,0,0
24070,CCCACCCCTCCAGATGCACACAG,0,0,0.003052503,0.068139834,0.065950602,455,183.3164156,0,-0.5,0,0,0,0
24071,TAGGCTGAGCAGAAGAGGAACAG,0,0,0.026552288,0,0.368797917,552.5,195.5543049,0,0.086956522,0,0,0,0
24072,GACCCCCGCCACTCCTCCCCCAG,0,0,0,0,0.029998911,387.5,158.5644367,0,-0.869565217,0,0,0,0
24073,GTTGTGTGATTGTGTGAGTGTGG,0,0,0.087741047,0,0.56142625,552.5,191.6938325,0,-0.695652174,0,0,0,0
24074,AGGATGGAGAAAAGAGGAGAGAG,0,0,0.094230769,0,0.248589007,455,167.5713431,0,-0.130434783,0,0,0,0
24075,CCCTGGTTCTCTAGATGGAAAGA,0,0,0.01177394,0,0.100237361,455,168.3939147,0,-0.739130435,0,0,0,0
24076,GTAATCTTAGTCATAAGCTAAGG,0,0,0.027670278,0,0.067170851,387.5,146.3412674,0,-0.260869565,0,0,0,0
24077,GGGAGGGGAGAGTTTGTTCCAGG,1,0.002882631,0.142857143,0.719720612,0.699446792,560,194.5805086,0,-0.434782609,0,0,0,0
24078,CAGAGCGATGTCCTCCCCCTGGG,0,0,0.04729064,0.519472711,0.519472711,552.5,186.6356801,0,0.065217391,1,0,0,0
24079,GCAGCTGTTCCACCCACCTTCAG,0,0,0.072281227,0.561633746,0.561633746,620,211.4554388,0.669565217,0.673913043,0,0,0,0
24080,TATTTATAAGAAGAGGCACAAGA,0,0,0.008403361,0,0.919204167,620,215.0004992,0,-0.130434783,0,0,0,0
24081,GACCCCATCCACCCATCCCCTAG,0,0,0,0,0.01490737,387.5,154.5733718,0,0.173913043,0,0,0,0
24082,AACTCCAAAGCAGTGTTTTTGGA,0,0,0.021212121,0,0.152972547,522.5,204.3040346,0.113043478,0.217391304,0,0,0,0
24083,AACAACACAGAGTAGAGAGGAAG,0,0,0.045584045,0.183103326,0.180012975,552.5,185.4287494,0,0.043478261,0,0,0,0
24084,CCTGTCTCAACTCTACTGACTGA,0,0,0.004713805,0,0.16579195,552.5,183.5368299,0,1.217391304,0,0,0,0
24085,TGGGAGTGGGTATGTGCGTGTGA,0,0,0.021604938,0,0.424071175,522.5,206.9961192,0,-0.369565217,0,0,0,0
24086,GTGTGTGGGGAGTTTGCTTTTAG,0,0,0.015229215,0.132915997,0.132915997,485,149.2884161,0,-0.434782609,0,0,0,0
24087,AGTGTGTGAGAGTGTGTGTGTGA,0,0,0.007954545,0,0.33831875,455,190.6954852,0,-0.369565217,0,0,0,0
24088,AGTGTGTGAGAGTGTGTGTGTGG,0,0,0.114545455,0,0.33831875,455,190.6954852,0.004347826,-0.152173913,0,0,0,0
24089,AGGAACACCCATGGGTAGAGGAG,0,0,0.033876543,0.114484162,0.114484162,425,196.0989952,0,-0.217391304,0,0,0,0
24090,TGGATGGAGGATGGATGAGTGGA,0,0,0,0,0.079468745,365,185.8961531,0,0.239130435,0,0,0,0
24091,AACTAAGTAGAAAAGGCACAAAG,0,0,0.038095238,0.554851378,0.545938102,522.5,204.7845425,0.547826087,-0.239130435,0,0,0,0
24092,TGTGAGTGTATGTGTGTGTGTGG,0,0,0.261333333,0.349240153,0.343031439,552.5,189.2623722,0.026086957,0.173913043,0,0,0,0
24093,CTCCCCCGCCACCGCGCCTCCGA,0,0,0,0,0.223971519,522.5,204.2209984,0,-0.47826087,0,0,0,0
24094,GTGAACTTAGTCACTACCAGGGG,0,0,0.020408163,0,0.073273358,455,174.9964954,0,-0.52173913,0,0,0,1
24095,AAATGAGAAGTTGAGGCTCATGG,0,0,0.051282051,0,0.136127904,365,181.0304826,0.030434783,-0.173913043,0,0,0,0
24096,TGGATGGAGGCATCAGGCCTGGG,0,0,0.014637579,0,0.006968836,290,145.1593984,0,-0.108695652,0,0,0,0
24097,AGGAAGGATGACTGAGGAGTGAG,0,0,0.018193632,0.444369398,0.43009247,522.5,206.2357992,0,-0.108695652,0,0,0,0
24098,CCCATCCTCACAGACACACATAG,0,0,0.024242424,0.209053472,0.205849587,525,192.9416447,0.013043478,-0.47826087,0,0,0,0
24099,AAAAAAAAAGAAGAGACACAAGA,0,0,0.028659612,0,0.176585759,552.5,197.3664733,0.030434783,-0.195652174,0,0,0,0
24100,CAAGGAGAGGAAGAGGCAAAGGG,0,0,0.153061225,0,0.321904489,552.5,183.6186197,0,-0.173913043,0,0,0,0
24101,GCAGTGAGTAGAGAGTAGGGGAG,0,0,0,0,0.017874176,387.5,153.1347895,0.52173913,0,0,0,0,0
24102,CCCTGTGTGTCAGGCTGAATAGA,0,0,0.006493506,0,0.022591897,357.5,167.8937643,0.052173913,0.065217391,0,0,0,0
24103,AATTCAGAAGAAACGGCACACGG,0,0,0.109705421,0,0.081344777,425,196.2451748,0,-0.130434783,0,0,0,0
24104,GATGAGTAAGTGTCTGAGTGGGG,0,0,0.169230769,0,0.090827917,455,183.2348873,0,0.282608696,0,0,0,0
24105,GGTGTTTGTGTGTGTGTGTGTAG,0,0,0.017598204,0,0.213926133,552.5,191.1798046,0,0.152173913,0,0,1,0
24106,GACCCCCTCCACAGCAGCTCTGG,0,0,0,0,0.004982859,290,159.7869579,0,0,0,0,0,0
24107,GACAGCGAAGCATAGTGGTTAAG,0,0,0.001830065,0,0.043896945,387.5,162.0029151,0,0.02173913,0,0,0,0
24108,CCAGAGAGAAGAGGGCAGGCGGG,0,0,0,0.023146949,0.022403272,455,185.0242891,0,-0.304347826,0,0,0,0
24109,TTTGCCTACGCTCTACTCACTGG,0,0,0.590909091,2.606310014,2.543507363,627.5,217.060183,0.908695652,5.347826087,0,0,0,0
24110,ATGAAATCCAGCGAGAAGAGAAG,0,0,0.090709729,0,0.050029384,455,190.0263089,0,-0.391304348,0,0,0,0
24111,TTGAACACCAGCCAGTAAAGGGA,0,0,0.019177498,0,0.059088708,357.5,176.5612457,0,-0.130434783,0,0,0,0
24112,GGCACTGAGGCCGGAGGAGGAAG,0,0,0.106432748,0,0.271438222,462.5,184.1607493,0.504347826,0.130434783,0,0,1,0
24113,CTCGCCCCTCTGGGCAGAAATGG,0,0,0.052747253,0.103762287,0.103762287,455,183.0588027,0.260869565,-0.565217391,0,0,0,0
24114,AAAGGAGGAAAAGAGGTACATGA,0,0,0.013863169,0,0.532999604,552.5,189.2487356,0,-0.108695652,0,0,0,0
24115,TAATGAGAAAATGATGCACAGGA,0,0,0.00308642,0,0.182543366,425,192.2851416,0,-0.173913043,0,0,0,0
24116,GTGAGGGGGGAGTTTGCCTCTGG,0,0,0.05994006,0,0.097755,485,161.9150668,0,0.108695652,0,0,0,0
24117,ATCTCTCTCCCACCCACCATTGA,0,0,0.011160714,0,0.359837588,552.5,185.8288193,0.017391304,-0.5,0,0,0,0
24118,GGCCTAGATTGAGCCCTTGAGAG,0,0,0.009842746,0.094763973,0.094763973,455,178.758767,0,-0.108695652,0,0,0,0
24119,TAAATCCATCCAGAGCCACATAG,0,0,0,0.268520667,0.268520667,555,201.1435741,0.434782609,1.739130435,0,0,0,0
24120,TGGATGGATGAATGGACAGTTGG,0,0,0.081568628,0,0.014800608,412.5,162.7586611,0,-0.043478261,0,0,0,0
24121,GCCTCTTGCACACTCACGTTTGG,0,0,0.06214321,0,0.038481988,455,174.0459287,0,0.043478261,0,0,0,0
24122,GGTGTGGGAGTGTGAGAGTGTGG,0,0,0.057791538,0,0.105930922,455,180.3353666,0,0.282608696,0,0,0,0
24123,TGGATGGATGGATGATGAATTGA,0,0,0,0,0.026286255,387.5,160.9737101,0.760869565,-0.065217391,0,0,0,0
24124,GACTCTGAAGCAGAGTTCCTGGA,0,0,0.00485147,0,0.059141775,485,160.3690828,0,-0.260869565,0,0,0,0
24125,CTCTGTGTCTCTGAATTTATAGA,0,0,0.007891414,0,0.017802272,387.5,160.911371,0,-0.043478261,0,0,0,0
24126,GCCTGGGTTTCTGGATGGATCAG,0,0,0.118357488,0,0.987826301,627.5,214.6542356,0,-0.043478261,0,0,0,0
24127,GGGGAGTGTGTGAGTGCATGGGA,0,0,0.009985207,0,0.072353162,455,179.7895658,0,-0.086956522,0,0,0,0
24128,CCCTGTCTCTCTAGATAGATAGA,0,0,0.041132478,0,0.286445647,462.5,187.5313876,0.004347826,-0.239130435,0,0,0,0
24129,TGCATGCAGTAAGGAGGAGTTGG,0,0,0.056046196,0,0.343418542,522.5,201.7977622,0,-0.043478261,0,0,0,0
24130,GTGACCTCGAAAGACAAGGGAAG,0,0,0.058361392,0.077949014,0.076633419,455,189.7076933,0.465217391,0.891304348,0,0,0,0
24131,AAATGAGAAGATGAGCCTCTGAG,0,0,0,0,0.00944061,320,131.6345405,0.02173913,-0.52173913,0,0,0,0
24132,GGGACTGGGACTGGGGGTGGGGA,0,0,0.013541667,0,0.365828778,522.5,196.373425,0,-0.043478261,0,0,0,1
24133,GGGGTGTGTGTGTGTGTGTGCGA,0,0,0.003535354,0,0.348646558,552.5,192.4377886,0,0.195652174,0,0,0,0
24134,AAATGAGGAGCTGAGGCTCACAG,0,0,0.012674897,0,0.076571946,357.5,176.7306656,0,-0.304347826,0,0,0,0
24135,GAGCCCGAGCTGATGAGGAAGGA,0,0,0.001301275,0,0.047857114,357.5,179.4710206,0,-0.326086957,0,0,0,0
24136,GGACCAGATTCAGCACGGGAAGG,0,0,0.108333333,0,0.103762287,455,183.0588027,0.269565217,0.369565217,0,0,0,0
24137,CCCAACAATCGTGAGACACACAG,0,0,0.008101852,0,0.254561754,425,201.582315,0,-0.347826087,0,0,0,0
24138,AAAGGAGAGGAAGAGGAAGAAGA,0,0,0.001687886,0,0.117323456,485,162.6325086,0.956521739,3.108695652,0,0,0,0
24139,TGTGTGTGAGTGCGTGTGTGAGA,0,0,0.009303562,0,0.23590875,455,187.4262484,0,-0.413043478,0,0,0,0
24140,AATTACGACTAAGTCCTCAAAAG,0,0,0.020667028,0,0.186059692,425,198.7277982,0,-0.369565217,0,0,0,0
24141,TCCTTTTTCCCATCCACCTGAGA,0,0,0.005459002,0,0.26991206,455,171.2747595,0,0.02173913,0,0,0,0
24142,AGTATGTAGGAATGGGGAGTGGG,0,0,0.185714286,0,0.27129322,522.5,202.0817976,0.02173913,-0.52173913,0,0,0,0
24143,TATGAGAGAGTGTGTGAGTGCGA,0,0,0.023993946,0,0.416345417,552.5,195.5907081,0.134782609,0.347826087,1,0,1,0
24144,GGGAAGGAGGAATGGTGAGTTAG,0,0,0,0,0.072985333,455,186.4162325,0.3,0,0,0,0,0
24145,GATATGTGTGTGTGTGCGTGCGA,0,0,0.011538461,0,0.833979885,620,212.8382996,0.047826087,-0.065217391,0,0,0,0
24146,TGGAAGGAGGAGTGAGGAAGGGA,0,0,0.003160987,0,0.102325545,387.5,142.3099797,0.286956522,0,0,0,0,0
24147,TGGATGGATGAATGAGTGGAAGG,0,0,0.03,0,0.027507403,417.5,131.6931754,0.052173913,-0.260869565,0,0,0,0
24148,AAGAACACCAGAGAGTATAAGGA,0,0,0.029380342,0,0.067256227,387.5,148.6829663,0.143478261,-0.130434783,0,0,0,0
24149,AGTGAGTGAGTGTGAATGTGTAG,0,0,0.063040936,0,0.028099353,412.5,166.7184415,0,-0.695652174,0,0,0,0
24150,AGCATTCCTTCTGCAGCACTTGA,0,0,0.007461735,0,0.416048168,552.5,179.7484161,0.960869565,0.260869565,0,0,0,0
24151,AAAAGAGAAGTAGAGACATATAG,0,0,0.017532325,0,0.047610675,387.5,164.0598905,0,-0.347826087,0,0,0,0
24152,TGTGCGTGTGTGTGTGTGTGTAG,0,0,0.036296296,0.379196691,0.372455417,552.5,192.9657886,0,0.304347826,0,0,0,0
24153,TAAATGGAGGAGTGAGGAGTGGA,0,0,0.031828703,0,1.365500444,530,211.9158996,0.086956522,0.152173913,0,0,0,0
24154,CCCATCCATGCTGAAACTCACAG,0,0,0.01581538,0,0.032488523,357.5,166.8618083,0.656521739,-0.260869565,0,0,0,0
24155,GACGTGTTTTCATTTTACTTGGG,0,0,0.014285714,0,0.068124595,387.5,145.9956674,0,0.239130435,0,0,0,0
24156,TGAGTGTGAGTGTGTGCGTATGA,0,0,0.016910173,0,0.687682923,552.5,180.2460801,0.034782609,0.217391304,0,0,0,0
24157,TGTGTGTGTGTGTGTGTGTGCGG,0,0,0.101818182,0,0.372455417,552.5,192.9657886,0,-0.369565217,0,0,0,0
24158,TGTGTGTGTGTGTGTGTGTGCGA,0,0,0.007070707,0,0.372455417,552.5,192.9657886,0,0.173913043,0,0,0,0
24159,ATAAAAACCACTGAGTTGAGAGA,0,0,0.002763605,0,0.191598687,455,189.6698212,0,0.239130435,0,0,0,0
24160,GGCCCAGTCTGGCCACGTGTGAG,0,0,0.020272904,0.119348963,0.119348963,357.5,161.7471621,0,0.043478261,0,0,0,0
24161,TGTATCCCTTCTGCACCATCAGG,0,0,0,0,0.089349306,485,170.6355742,0,-0.52173913,0,0,0,0
24162,TGAGTGTGAGTGTGTGTGTGAGA,0,0,0.008417508,0,0.601049167,552.5,196.3975689,0,-0.782608696,0,0,0,0
24163,AAATGAAAAAAATAGGCTCAGAG,0,0,0.036296296,0,0.068265755,455,176.902429,0,0.152173913,0,0,0,0
24164,TTGATGGAGAAATGGGGAGGGAG,0,0,0.017662903,0.172149493,0.172149493,455,162.6236421,0.7,-0.5,0,0,0,0
24165,GCAGGGAGCAGAGCAGAGGCTGG,0,0,0.5076687,0,0.24614019,522.5,199.7448781,0,-0.326086957,0,0,0,0
24166,TCCACACATCCACAGACACACAG,0,0,0.101364522,0.351943434,0.351943434,522.5,206.6263755,0.004347826,-0.347826087,0,0,0,0
24167,GGCCCGGGAGCAGAGTTTTTAAG,0,0,0.026840959,0,0.82579023,620,213.200599,0,0.5,0,0,0,0
24168,GGCACCGGGGCTAGAGGTGTAGA,0,0,0.026223776,0,0.146760412,455,167.6772786,0,0.282608696,0,0,0,0
24169,CCCATCTAACCAGAGCCAGAGGA,0,0,0,0,0.033986578,485,164.820613,0.02173913,0.195652174,0,0,0,0
24170,TGTGCGTGTGTGTGTGCATGCAG,0,0,0.053846154,0,0.189613667,552.5,188.5285664,0,0.304347826,0,0,0,0
24171,ACATGACCAGGAGAGGCACAGGG,0,0,0.150478317,0.542336973,0.542336973,522.5,207.2469185,0.665217391,-0.02173913,0,0,0,0
24172,AGATGAGGAGAAGGGGCACGGGA,0,0,0.014538852,0,0.10391963,455,167.0833985,0.069565217,-0.173913043,1,0,0,0
24173,GACCCACTCCTTCCCGCCTAGGA,0,0,0.00534188,0,0.103551416,357.5,166.3302319,0,-0.239130435,0,0,0,0
24174,GACACGGAAACCAAGTTTTTCAG,0,0,0.029389714,0.147066184,0.144812296,425,195.2068586,0,-0.391304348,0,0,0,0
24175,GGGCCTGCTGCGGGAGGTGGAGG,0,0,0.047058823,0,0.424071175,522.5,206.1225192,0,0.239130435,0,0,0,0
24176,GGCACGGATGCTGGAGATGGAGG,0,0,0.184888889,0,0.20361644,552.5,189.3683076,0.708695652,3.52173913,0,0,0,0
24177,CTGGCCCCACAGAGAAGTAAGAG,0,0,0.026590693,0.30407129,0.30407129,432.5,196.1656579,0,-0.434782609,0,0,0,0
24178,GGCACTGCCACGGGAGGAGGTGG,0,0,0.167521367,0,0.077638572,455,177.1090495,0,-0.130434783,0,0,1,0
24179,AGCAGTGAGGCTGGAGATGGTGG,0,0,0.3276,0,0.609583333,552.5,193.825752,0.004347826,-0.065217391,0,0,0,0
24180,GGTGTGAGAGTGAGGGCGTGGGG,0,0,0.011013986,0,0.101349588,425,191.8221571,0.330434783,-0.52173913,0,0,0,0
24181,GGCAATGCAGCTGGAAGTGCGGG,0,0,0.157434402,0,0.069386993,485,159.5258738,0,-0.260869565,0,0,0,0
24182,TGTGAGTGTGTGTATGTGTGTGA,0,0,0.014583333,0,0.055495857,455,182.6149239,0,0.369565217,0,0,0,0
24183,TGTGAGTCAGTGTGTGAGAGTAG,0,0,0.021272555,0,0.202836708,485,164.366072,0,2.5,0,0,0,0
24184,TGTGAGTGTGTGTATGTGTGTGG,0,0,0.21,0,0.055495857,455,182.6149239,0,-0.304347826,0,0,0,0
24185,CACTCCTCAATGCCTGGCCAAGA,0,0,0.009018759,0,0.542336973,522.5,210.3467355,0,0.173913043,0,0,0,0
24186,AAAGGGGTAGAAGAGTCACATAG,0,0,0,0,0.156419304,552.5,196.1521732,0.134782609,0.152173913,0,0,0,0
24187,GTAATCCCTTCTGCAGCATTCAG,0,0,0.022843823,0.470008475,0.470008475,492.5,152.2744001,0.113043478,0.043478261,0,0,0,0
24188,TGTAAGTGTGTGTGTGTGTGTGA,0,0,0.0175,0,0.372455417,552.5,193.3805086,0.7,0.152173913,0,0,0,0
24189,GGTGAGTCAGTGAGTGAGTGGGG,0,0,0.198816568,0,0.398158228,462.5,186.8147514,0.443478261,0.5,0,0,0,0
24190,GTCATAATAGTCTTTAGCTGAAG,0,0,0.00371732,0,0.088085272,455,184.5454036,0,-0.456521739,0,0,0,0
24191,GACCCCGTCCACCCAGACACTGG,0,0,0.013943355,0,0.033368241,387.5,150.8756866,0,-0.02173913,0,0,1,0
24192,ATGAAAACCAGTGAGCACATGGA,0,0,0.014329806,0,0.012784463,417.5,137.5646569,0,-0.108695652,0,0,0,0
24193,GGCCCTGCCTGAGCAGTTGATGG,0,0,0.01177394,0.059221906,0.057319194,485,176.0396621,0.239130435,-0.826086957,0,0,0,0
24194,TTAGCCCCACAGGTCAGCAAAGA,0,0,0.005668934,0,0.045592311,455,181.6094821,0,0.369565217,0,0,0,0
24195,AACAGCAGGGAGGAGAGAGGGAG,0,0,0.01352657,0,0.069665021,455,179.0292458,0.008695652,-0.652173913,0,0,0,0
24196,GCCTGTTTCCCAAGCACCTGCAG,0,0,0,0.038071996,0.038071996,357.5,159.6355749,0,0.02173913,0,0,0,0
24197,CCCGTGAGGAAAGCAGAGGCAGG,0,0,0.24969988,0.134695296,0.134695296,425,194.2751144,1,1,0,0,0,0
24198,GAAGCCAAAGCATAGATTCCAGG,0,0,0.052298851,0,0.19201875,485,165.303969,0,0.02173913,0,0,0,0
24199,TGAATGAATGAATGAGGAGGAAG,0,0,0.018300654,0,0.271673476,552.5,175.1914389,1,3.065217391,0,0,0,0
24200,GCCTCCTCTAGGCCTGGCCCCGA,0,0,0.005001184,0,0.145176887,455,169.4893552,0.013043478,0.326086957,0,0,0,0
24201,TGGTTGGAGGAAACAGGACTGGG,0,0,0.084639498,0,0.028759421,357.5,166.4398949,0.369565217,0,0,0,0,0
24202,GAACACAAAGCATGAATTTCCAG,0,0,0.03542645,0.006510305,0.006319527,290,141.6196828,0,-0.108695652,0,0,0,0
24203,TGTGTGTGCTTGTGTGCGTGTAG,0,0,0.043771044,0,0.805112123,620,208.9601632,0,-0.326086957,0,0,0,0
24204,GGTGTGTACATGTGTGCGTGTGG,0,0,0.193939394,0,0.734333036,622.5,205.8603463,0,-0.652173913,0,0,0,0
24205,CAATCAGAGCAGAAAAAGAATGA,0,0,0.032513005,0,0.240310978,522.5,202.6789944,0,-0.086956522,0,0,0,0
24206,GACCCAGCCTGAGCAGGGGATGG,0,0,0.018596788,0.054343439,0.053377333,485,173.1484239,0,-0.456521739,0,0,1,0
24207,TGTGTGTGGGTGTGTGTGTGAGG,0,0,0.113131313,0,0.372455417,552.5,192.9657886,0.995652174,3.065217391,0,0,0,0
24208,TGTGTGTGGGTGTGTGTGTGAGA,0,0,0.007856341,0,0.372455417,552.5,192.9657886,0,0.065217391,0,0,0,0
24209,TGGATGGATGGATGAGTAGATGA,0,0,0.003385417,0,0.077890861,387.5,150.8864249,0,-0.02173913,0,0,1,0
24210,TGGATGGATGGATGAGTAGATGG,0,0,0.04875,0,0.077890861,387.5,150.8864249,0.056521739,0.304347826,0,0,0,1
24211,TTTGTGTGAGTGTGTGTGTGTGG,0,0,0.107988981,0,0.609583333,552.5,196.6855689,0,-0.717391304,0,0,0,0
24212,CCCTCTTTTTCTCCCACCTTTGG,0,0,0.196078431,0,0.396115165,522.5,202.5323828,0,-0.695652174,0,0,0,0
24213,GGGGTGTGTGTGTGTGAGTGTGG,0,0,0.050909091,0,0.348646558,552.5,192.4377886,0,-0.043478261,0,0,1,0
24214,TGGGAGTGTGTGTGTGCGGGGGG,0,0,0.075,0.317397827,0.317397827,552.5,183.9642197,0.260869565,0.02173913,0,0,0,1
24215,GGGGTGTGTGTGTGTGAGTGTGA,0,0,0.003535354,0,0.348646558,552.5,192.4377886,0,-0.304347826,0,0,0,0
24216,GAGAGCGAGCAGAAGCAGGACGG,0,0,0,0,0.085785,485,169.0016542,0,0.347826087,0,0,0,0
24217,AAATGGGAAGAACAGGCCCCTGA,0,0,0.000904136,0,0.028765041,387.5,145.3537623,0,-0.043478261,0,1,0,1
24218,CCTTCTCTCCCACCCACCATGGG,0,0,0.096460459,0.354799862,0.354799862,552.5,185.5408193,0,-0.152173913,0,0,0,0
24219,TGTGTGTGAGTGTGTGAGTGTGA,0,0,0.011784512,0,1.290123457,560,198.1255689,0.226086957,-0.695652174,0,0,0,0
24220,TGGATGGAGGATGGAGAAGAAAG,0,0,0.011835749,0,0.041724123,290,143.860868,0,-0.173913043,0,0,0,0
24221,GAGCCGCTGCACCCAGCCTCTGG,0,0,0.034391534,0,0.146830007,522.5,198.7192141,0,0.195652174,0,0,0,0
24222,CCCATAAAAACAGAGACACATAG,0,0,0.145304233,0,0.303437425,620,206.0793184,0.056521739,-0.108695652,0,0,0,0
24223,GGCCCTGCTGCTGGAGGCAGCAG,0,0,0.014939309,0,0.059728305,485,158.1952864,0.039130435,-0.02173913,0,0,0,0
24224,AAGTCCCAGCAACAGAAGAAAGG,0,0,0.121578947,0.195480436,0.195480436,425,199.6013982,0,0.173913043,0,0,0,0
24225,TATGTCCACTACATCGTCAGTGA,0,0,0.002970885,0,0.119960915,485,163.4856542,0.034782609,-0.108695652,0,0,0,0
24226,GGGTAGGGGGAGTTTGAGCAGAG,0,0,0.017475994,0,0.049822465,417.5,134.3646357,0.134782609,0.108695652,0,0,0,0
24227,TCCTCTGTCTCTGGGTGGAGTAG,0,0,0.023366013,0.190493182,0.186915845,455,166.5670585,0.017391304,-0.065217391,0,0,1,0
24228,TCCATCCATACAGAGACAGGAGA,0,0,0.005752996,0,0.20233989,485,146.3226637,0,-0.5,0,0,0,0
24229,CATTAGTTTTCTTTGTTCTCTAG,0,0,0.021219136,0,0.694060843,522.5,209.6675796,0.008695652,0.152173913,0,0,0,0
24230,CGCCTCCTCCACCCCTCCTCTAG,0,0,0,0,0.272333333,552.5,200.3832541,0,-0.5,0,0,0,0
24231,AAAAGAAAAGAAGAGGAATATGG,0,0,0.102564103,0,0.131148806,485,164.2091082,0,0.282608696,0,0,0,0
24232,GCCTCCCCGAAGCCTCCCCTGGG,0,0,0,0,0.02413915,417.5,139.8280828,0.017391304,-0.152173913,0,0,0,0
24233,AATGACAACTACATCATGGACAG,0,0,0.009722222,0.010902405,0.010902405,417.5,143.3570601,0,2.130434783,0,0,0,0
24234,AAATTAGAAAAAGGGTCACAGGA,0,0,0,0,0.033769908,455,183.992333,0.07826087,0.195652174,0,0,0,0
24235,TGTGTGAGAGTGTGTGTGTGTGG,0,0,0.148484849,0,0.416345417,552.5,194.5423881,0,-0.608695652,0,0,1,0
24236,TGTGTGAGAGTGTGTGTGTGTGA,0,0,0.010311448,0,0.416345417,552.5,194.5423881,0,-0.086956522,0,0,0,0
24237,GGGAGGGAGGAATGAAGAGGCAG,0,0,0.028007957,0,0.119960915,485,163.4856542,0,0.239130435,0,0,0,0
24238,GGTGTGTGAGGGTGTGTGTGTGA,0,0,0.004713805,0,0.635340376,462.5,191.8954852,0.060869565,0.173913043,0,0,0,0
24239,GAGTCCGAGCAGCCAATGAATGA,0,0,0.00039314,0,0.00776399,295,162.8683622,0,-0.608695652,0,0,0,0
24240,CACAGCCATACAAAGACACATAG,0,0,0.09653872,0.526876011,0.509948268,522.5,203.180623,0,0.217391304,0,0,0,0
24241,AAAAGAGAAAAAAAGGAACAAAG,0,0,0.049635961,0,0.206270847,455,182.849232,0.065217391,0.173913043,0,0,0,0
24242,GAAGTGTTTTCATTGTTCAGAGG,0,0,0.009103641,0.212627123,0.205067048,485,149.9128001,0,-0.260869565,0,0,0,0
24243,AGTGTGTGGGTGGGTGCGTGTGA,0,0,0.003952569,0,0.355433782,522.5,204.4525791,0.02173913,-0.304347826,0,0,0,0
24244,CACATCGATTTGCTCCTCATTAG,0,0,0.031207133,0.281221203,0.276221715,455,185.5060521,0,0.043478261,0,0,0,0
24245,GAAAGTGCGGCAGGAGGTGGAAG,0,0,0.091259259,0,0.694060843,522.5,209.4275796,0,-0.130434783,0,0,0,0
24246,TACTTGTTTTCATAGTTCTTAAG,0,0,0.048148148,0,0.222321469,462.5,171.6232154,0,-0.347826087,0,0,0,0
24247,GGCACAGGGGCTGGAGATGGAAG,0,0,0.134814815,0,0.655640741,560,194.528088,0,0.086956522,0,0,0,0
24248,GACCCACCGCACCCAGCCTCAAG,0,0,0.033117774,0,0.141738197,522.5,196.1473971,0,-0.108695652,0,0,0,0
24249,CTCCCCCATACAGAGACACAGGG,0,0,0.278074866,0,1.257112069,620,211.8063436,0,-0.065217391,0,0,0,0
24250,GCCTCTTCCCAAACCAACTTGGA,0,0,0.009348291,0,0.118309659,357.5,179.3846677,0,-0.239130435,0,0,0,0
24251,AATGACCATTAGCTTCTCAAAGG,0,0,0.00545809,0.042556552,0.042556552,327.5,183.8177771,0,-0.695652174,0,0,0,0
24252,ATGTGAGAGGAAGGGGCACAGGG,0,0,0.138271605,0,0.134930746,522.5,202.833035,0,0.369565217,0,0,0,0
24253,ATGAACACAAGTGACAAGATTAG,0,0,0.038567493,0.017361144,0.016803356,387.5,146.6071723,0.02173913,0.391304348,0,0,0,0
24254,TTCTCCTCCAAGGACTAGGTAAG,0,0,0.057744108,0.349711364,0.343144014,455,173.4726996,0,NA,0,0,0,0
24255,AAAGGAGTAGCAGAGGCAGAGGA,0,0,0.00093006,0,0.27680625,455,178.2484994,0,-0.456521739,0,0,0,0
24256,GAGCATAAAGCATAGTCTGGGAG,0,0,0,0,0.067743736,485,162.4599902,0.295652174,-0.695652174,0,0,0,0
24257,GTATAAGAATAAGAGGCACAGGG,0,0,0.512121212,1.317695783,1.317695783,620,212.6799436,0,-0.108695652,0,0,0,0
24258,GTCTTATTTTCATTCATCTCTGA,0,0,0.012521913,0,0.041920373,455,185.6785685,0,0.130434783,0,0,0,0
24259,AGGTGGTGGGAGCTTGTTCCTGG,1,0.001446001,0.189473684,0,0.161125676,455,186.3313876,0.47826087,-0.152173913,0,0,0,0
24260,GGTGTGGGGGTGTGTGTGTGGGG,0,0,0.066547831,0,0.241506693,552.5,190.5826078,0.017391304,-0.108695652,0,0,0,0
24261,AGGATGGAGGAATGGAGAATGGA,0,0,0.032242063,0,0.024285613,387.5,156.9565526,0,-0.239130435,0,0,0,0
24262,TGTGTGAGAGTGTGTGTGTGAAG,0,0,0.038496072,0,0.416345417,552.5,194.5423881,0.008695652,0.108695652,0,0,0,0
24263,GGAACTGAGGCTGGAGCTGGCAG,0,0,0.034364561,0,1.196117745,560,195.786072,0,0.434782609,0,0,0,0
24264,GGAGAGGGAATGTGTGCATGGGA,0,0,0.018853695,0,0.192480029,552.5,185.8737495,0.047826087,0.173913043,0,0,0,0
24265,TGTGTGAGAGTGTGTGCGTGTGA,0,0,0.022095959,0,1.737215529,627.5,216.7284992,0.982608696,0.130434783,0,0,0,0
24266,GGTACTGCTGCTTGAGGAGGGAG,0,0,0.019012346,0,0.072353162,455,179.7895658,0,-0.195652174,0,0,0,1
24267,GGGGAGGGGGAGTTCACTCCAAG,0,0,0.038299663,0.069289873,0.069289873,455,185.5426325,0.026086957,-0.413043478,0,0,0,0
24268,CCCATCCAGCCAGACTAACATGA,0,0,0,0,0.014800608,412.5,162.7586611,0,-0.152173913,0,0,0,0
24269,GGAGAATGAGTTTGTGCTTGAGA,0,0,0.012718763,0,0.091080587,455,183.7465823,0,-0.043478261,0,0,0,0
24270,GCCGCCCCACAGCCTGCACACAG,0,0,0.006843193,0.108117457,0.104467922,485,166.9252192,0.013043478,0.239130435,0,0,0,1
24271,TGTGTGTGTGAGTGTGCGTGTGA,0,0,0.011363636,0,0.485165286,522.5,207.7218159,0,0.586956522,0,0,0,0
24272,AAAAGAGAAGAGGACACACAGAG,0,0,0.024317247,0,0.034090618,357.5,179.1148521,0,-0.217391304,0,0,0,0
24273,GGCTCTCCTGCTGGAGATGGGAG,0,0,0.056460905,0,0.241506693,552.5,190.9973278,0.291304348,-0.391304348,0,0,0,0
24274,CCCCATTTCCTACCCACCTTAAG,0,0,0.021068256,0,0.794051205,522.5,210.8079963,0.02173913,-0.152173913,0,0,0,0
24275,CAGGCCCCACTGGGCAGGAAAGA,0,0,0.003013368,0,0.16982371,455,186.778583,0.026086957,-0.043478261,0,0,0,0
24276,GGACTCCTTTCTGCAGCGCTGGA,0,0,0.002573529,0,0.129409,485,152.6656498,0.013043478,0.173913043,0,0,0,0
24277,GGTGAGGGAGTGAGCGAGTGCAG,0,0,0.013437543,0,0.039019591,357.5,172.124366,0.165217391,-0.043478261,0,0,0,0
24278,GAGTAGGAGGAGAAAAAGAATAG,0,0,0.027112079,0,0.213651194,522.5,196.926938,0.047826087,0.195652174,0,0,0,0
24279,GGCACTGCCGCAGAAGGTGGGAG,0,0,0.083760684,0,0.108688707,432.5,197.0849346,0,-0.304347826,0,0,1,0
24280,TCCATCTTTCCAGAGACTCAGAG,0,0,0.045138889,0.219771774,0.211957667,552.5,188.293669,0,-0.02173913,0,0,0,1
24281,TAACCCAAAGCATAGACAGCTGA,0,0,0.023148148,0,0.656790123,560,193.6883467,0,-0.5,0,0,0,0
24282,AAATGAGAAGTAGATGTAAAAGA,0,0,0.000610501,0,0.024621439,290,147.0287837,0.086956522,0.173913043,0,0,0,0
24283,AAATGAGAAGATAAGGAAGAGGA,0,0,0.001246439,0,0.031518222,290,150.250468,0.008695652,0.347826087,0,0,0,0
24284,TGTATGGGGAAATGTGGAGTTAG,0,0,0.017744856,0,0.365828778,522.5,196.373425,0,-0.195652174,0,0,0,0
24285,AGTGAATGAGTGTGTGCATGTGA,0,0,0.04326923,0,0.397358025,560,193.1906827,0.082608696,0.304347826,0,0,0,0
24286,GAAGCTGAAGCAGAGATTTTAAG,0,0,0.118546577,0,0.154229434,552.5,198.7239901,0,-0.130434783,0,0,0,0
24287,TCTGTGTGTGTGTGTGCGTGAGA,0,0,0.01048951,0,0.833979885,620,213.7118996,0.969565217,0.369565217,0,0,0,0
24288,GGGATGGTGGAATGAACAGTTGG,0,0,0.096455974,0,0.104848333,485,177.8256461,0.008695652,0,0,0,0,0
24289,GGTTTGCTTTCTGCAGCACCTGG,0,0,0.196524064,0,0.778438874,620,212.912599,0,-0.195652174,0,0,0,0
24290,GGGCTGTGGGAATGAGGAGTAAG,0,0,0.036677086,0.946765564,0.932255747,620,212.8434022,0,-0.195652174,0,0,0,0
24291,TGTGAGTGAGTATGAGTGTGTGA,0,0,0.017511371,0,0.08037722,357.5,176.2907669,0,1.739130435,0,0,0,0
24292,GTTGAGTGAGTGAGTGAGTGAAG,0,0,0.053302253,0,0.469470149,462.5,189.6745684,0.056521739,0.217391304,0,0,0,0
24293,AAAGGAGAAGAAGAAGGAGAAGG,0,0,0.004325259,0,0.051461025,387.5,152.3852674,0.204347826,-0.130434783,0,0,0,0
24294,TGGGAGGAGGCATGAGGAGCTGG,0,0,0.011363636,0.373071126,0.36643875,455,173.6703964,0,-0.804347826,0,0,0,0
24295,AAAGGAGAAGAAGAAGGAGAAGA,0,0,0.000300365,0,0.051461025,387.5,152.3852674,0,NA,0,0,0,0
24296,GACATGTTTTCACTTATCTCAAG,0,0,0.012657907,0.026815181,0.026815181,357.5,177.331632,0.213043478,0.543478261,0,0,0,0
24297,ATGAACACCGTTTAGTAGTGGGA,0,0,0.002396998,0,0.089151706,357.5,167.7308594,0,-0.47826087,0,0,0,0
24298,TGGATGGAGGGATGGAGAGGTGG,0,0,0.074558823,0,0.015263278,290,144.3368689,0,0,0,0,1,0
24299,AAATGAGAAGTAGAGGCACAAAG,0,0,0.07977208,0,55.5,545,216.5699163,0,0.02173913,0,0,0,0
24300,TAATTGTTTTTATTGTTTTCAGA,0,0,0.011904762,0,0.16982371,455,187.018583,0,-0.173913043,0,0,0,0
24301,AGCAGTGTCTCTGGATGGAAAAG,0,0,0.048309179,0.710795455,0.697447183,552.5,180.9488001,0,-0.108695652,0,0,0,0
24302,GGGAAGGAGGATTGAGGAGGTGA,0,0,0.00195368,0,0.343144014,455,173.0579796,0.013043478,0.152173913,0,0,0,0
24303,AGGATGGGAGAATGAGGAGGAGG,0,0,0.083193277,0.434296023,0.426140229,552.5,175.0028028,0.056521739,0.239130435,0,0,0,0
24304,AACTAAGAAGCAGTGGCACAGGG,0,0,0.079238095,0,0.116657239,425,199.5144116,0.530434783,-0.52173913,0,0,0,0
24305,GCAGAGTGAGTTTGTGAGTGTGA,0,0,0.006163708,0,0.29571619,455,189.7297885,0,-0.608695652,0,0,0,0
24306,CATGCTTCACAGGGCAATAAAAG,0,0,0.154475308,0,0.251888977,552.5,193.8047241,0,0.108695652,0,0,0,0
24307,TGTGTGTGAGTGTGTGTTTGTGA,0,0,0.007856341,0,0.119478333,485,171.5022357,0,-0.043478261,0,0,0,0
24308,TGTGTGTGAGTGTGTGTTTGTGG,0,0,0.113131313,0,0.119478333,485,171.5022357,0,-0.02173913,0,0,1,0
24309,GGTGACTGCGTATGTGTGTGTGG,0,0,0.16969697,0,0.100179289,455,184.7520241,0,-0.065217391,0,0,0,0
24310,GGTCTGTGTGTGTGTGTGTGTGG,0,0,0.053903743,0,0.353596915,552.5,192.0921886,0,-1.108695652,0,0,0,0
24311,GGTCTGTGTGTGTGTGTGTGTGA,0,0,0.003743315,0,0.353596915,552.5,192.0921886,0.586956522,-0.108695652,0,0,0,0
24312,GACATGGTTTCATTGTCTTCTAG,0,0,0.032954358,0,0.077471869,485,169.5337749,0,-0.695652174,0,0,0,0
24313,CGTGAGTGTGTGTGTGAGTGTGA,0,0,0.013888889,0,0.788265432,560,195.4541086,0,-0.97826087,0,0,0,0
24314,GCATCCACAAAGCTTGGCCCAGG,0,0,0.108333333,0.068693411,0.066250978,455,167.5120346,0,0.108695652,0,0,0,0
24315,GCCTCAAGGAAGCCTGGCCAGAG,0,0,0.077380952,0.329465174,0.329465174,625,207.9712379,0,-0.608695652,0,0,0,0
24316,TGTGCGTGAGTGTGTGTGTGAGG,0,0,0.233333334,0,1.290123457,560,198.1255689,0,-0.02173913,0,0,0,0
24317,TGTGCCTGAGTGTGTGCGTGTGG,0,0,0.340909091,0,1.46807152,627.5,217.325696,0.004347826,0.282608696,0,0,1,0
24318,CACTTGTATTAATAGTTCTCAAG,0,0,0.068783069,0,0.124304193,425,198.2309147,0,0.02173913,0,0,0,0
24319,GACTTGTTTTACTTGTTCACTGA,0,0,0.00391604,0,0.229854304,365,175.7058159,0,-0.195652174,0,0,0,0
24320,GGCCCTGCAGCTGGAGATGGAAG,0,0,0.054901961,0,0.699446792,560,194.5805086,0,0.130434783,0,0,0,0
24321,GGAGAGTGAGTGAGTGAGAGAGA,0,0,0.004578755,0,0.073270899,387.5,157.4385685,0,-0.282608696,0,0,0,0
24322,GAAAACAAAGCAAAGAAAGCAGG,0,0,0.181376518,0.045430462,0.043896945,387.5,162.4176351,0,-0.673913043,0,0,0,0
24323,AGGTTTGAGGAATGAGGAGGAGG,0,0,0.07486631,0.43003125,0.421955546,552.5,179.4028161,0,0.304347826,0,0,0,0
24324,ATCATCCCCAGTAAGTAGAGAAG,0,0,0.014643476,0.378963491,0.372875724,522.5,205.5011787,0.104347826,0.434782609,0,0,0,0
24325,GGTGAGTGTGTGTTGGGGTGGAG,0,0,0.000122004,0,0.012821457,357.5,168.4079024,0,-0.782608696,0,0,0,0
24326,GCCATCCAGAAAGAGACACATGG,0,0,0.367391304,0.45413253,0.446837229,525,204.0183995,0,0.086956522,0,0,0,0
24327,GACTTGCTCTCCTGGTTCTCCAG,0,0,0,0.042406754,0.041756842,425,193.5017538,0,-0.130434783,0,0,0,0
24328,TGGATGGAGAGCTGAGGAGGCAG,0,0,0.007304208,0.15249042,0.150040774,392.5,163.1244795,0,0.086956522,0,0,0,0
24329,GAGAGCGATGTACTCCCCAAGGA,0,0,0.008928571,0,0.320295198,455,172.5299796,0,-0.239130435,0,0,0,0
24330,TTGAAGGAGGAATTAGGAGGGAG,0,0,0.003881957,0,0.10391963,455,168.8948954,0,0.326086957,0,0,0,0
24331,AGTGAGTGTGTGTGTGTGTTGGG,0,0,0.1764,0,0.164063988,485,157.1165087,0.017391304,0.086956522,0,0,0,0
24332,GGGAGTGAGGATTGAGGAGTGAG,0,0,0.035269279,0,0.425868976,522.5,208.4095956,0,0.173913043,0,0,0,0
24333,AGGAACAGCAGGGAGGAGAGAGG,0,0,0.093461538,0,0.127203797,455,190.8556567,0,-0.5,0,0,0,0
24334,TGAGAGAGAGTGTGTGGGTGGGA,0,0,0.002553105,0,0.410516581,552.5,195.3027081,0,-0.086956522,0,0,0,0
24335,TGTGTGTGAGTGTGTGTGTGTGA,0,0,0.011784512,0,1.290123457,560,198.1255689,0,-0.152173913,0,0,0,0
24336,GAAAACAATGCATAGCCTGTTGA,0,0,0,0,0.069386993,485,159.9405938,0.343478261,0.804347826,0,0,0,0
24337,GACATGTTTTCATTCTTCTTGGA,0,0,0.002705628,0,0.374491005,462.5,168.1817785,0.026086957,-0.260869565,0,0,0,0
24338,GTCATCTCCAAAGAGGAGGGGAG,0,0,0.002284382,0.033524798,0.032447696,357.5,178.7001321,0,-0.369565217,1,0,1,0
24339,GACATGATTTCATTCTTCTTTGG,0,0,0.034090909,0,0.120854801,455,164.5985977,0,-0.065217391,0,0,0,0
24340,GGTGTGATAGTGTGTGCCTGTGG,0,0,0.09469697,0,0.201225633,552.5,187.005349,0,-0.152173913,0,0,0,0
24341,AGTGACTGAATGTGTGCATGGGA,0,0,0.027534965,0,0.172919285,552.5,186.9989463,0,0.130434783,0,0,0,0
24342,GGTACTGGAGCTGGAGGAGGAAG,0,0,0.049107143,0,0.186959075,552.5,186.1890694,0.052173913,-0.847826087,0,0,0,0
24343,GCCTCCCCTCATCCCGGCCATGG,0,0,0.020979021,0.101277997,0.101277997,425,188.3253612,0,-0.782608696,0,0,0,0
24344,TTCAGTGTGGCTGGAGGTGGTGG,0,0,0.334090909,0,1.364942529,620,214.571863,0,-0.739130435,0,0,0,0
24345,GGTGTGTGAGTGTGTGTTTCCAG,0,0,0.012570146,0,0.049822465,417.5,134.3646357,0.004347826,0.260869565,0,0,0,0
24346,ATTAACATTATTGAGTAGAGAAG,0,0,0.038172187,0.470809763,0.456378813,522.5,205.382319,0,0,0,0,0,0
24347,ACTGTCCCACAGAGCAGTAAAGA,0,0,0.034965035,0,0.581724684,522.5,208.1723595,0.013043478,0.086956522,0,0,0,0
24348,GTCCCAGAGGCTGGAGGTGGAGG,0,0,0.126524064,0,0.82579023,620,213.200599,0,-0.586956522,0,0,0,0
24349,AAAAGAGAATAAGAGGAAGAAAG,0,0,0.005851337,0.176849269,0.176849269,485,161.6005526,0.013043478,-0.108695652,0,0,0,0
24350,GTGAGCTCCTATGACCAGGGAGA,0,0,0.012254902,0,0.234785634,552.5,195.1035177,0,-0.130434783,0,0,1,0
24351,GACATGTTTTCATTTCTCTCGGG,0,0,0.045351474,0,0.137061659,462.5,188.0309525,0.404347826,-0.434782609,0,0,0,0
24352,GTCTCCCCAACTCCTGGCCTGAG,0,0,0.021756022,0,0.190444928,357.5,167.8762159,0.043478261,-0.5,0,0,0,0
24353,TGCACTGGGGTTGGCGGTGGGGG,0,0,0.053946054,0,0.223580696,425,195.6630778,0,NA,0,0,1,0
24354,CCTCCCTCCGATCTTCTCAAAGG,0,0,0.039705882,0.099983062,0.098205585,357.5,160.7516948,0,2.5,0,0,0,0
24355,GGTGTGTGTGTGTGTTGGTGGGG,0,0,0,0,0.060818669,485,175.6773627,0,0.086956522,0,0,0,0
24356,GCCTCCCCAAAGAGAGGCCCTGA,0,0,0,0,0.008795944,295,146.7168733,0,0.173913043,0,0,0,0
24357,TCCTGTGACTCTGGATGGAATAG,0,0,0.116666667,1.544444444,1.492090395,560,180.1625831,0,0.043478261,0,0,0,0
24358,GAGTACTAGCAGAAGTAGTAAAG,0,0,0,0.057567729,0.055624514,485,167.4920734,0,-0.108695652,0,0,0,0
24359,GAACACCAGGCATAGGCTGGTAG,0,0,0.000855399,0.045764147,0.044991756,485,158.431013,0.352173913,-0.695652174,0,0,0,0
24360,CAATGAGAAGCAGAGAGACAAGG,0,0,0.020168067,0,0.058190825,387.5,174.6953793,0,0.02173913,0,0,0,0
24361,AGAAGTGAAGAAGAGGCTCATGA,0,0,0.009448224,0,0.187751667,552.5,190.8770827,0,-0.434782609,0,0,0,0
24362,TGGAGGGAGGAGTGAAGAGGGAG,0,0,0.021147422,0,0.055872996,387.5,155.7695537,0,0,0,0,0,0
24363,GAAACCGAAGCAGGGTGTTGTGA,0,0,0.000583109,0,0.037344988,387.5,148.9091044,0,0.152173913,0,0,0,0
24364,TCTGCCTCCTCTGTGCTCACCAG,0,0,0.018671086,0.148602043,0.14358594,425,190.5019215,0.091304348,0.456521739,0,0,0,0
24365,CCAGAGAGTAGAGCTGCCGCAGG,0,0,0.006002401,0.030920788,0.030398918,387.5,157.2952141,0,0.52173913,0,0,0,0
24366,GGCAATGGGGGTGGAGGTGGGAG,0,0,0.023809524,0,1.411646586,530,209.7817793,0,-0.152173913,0,0,0,0
24367,TGCTGGGTCTCTGGCTGGATAGA,0,0,0.007528703,0,0.243723101,522.5,202.9669944,1,-0.195652174,0,0,0,0
24368,AACACAAGTGAGTGGATCTGAAG,0,0,0.01872428,0.016715212,0.016433098,387.5,154.0407204,0,-0.347826087,0,0,0,0
24369,AGATGAGAAGATAAGGCATAGGG,0,0,0.113609467,0,0.094963995,357.5,170.9965791,0.030434783,0.282608696,0,0,0,0
24370,GGGAGGGAGGAATGTGGAGTTAG,0,0,0.031742351,0,0.844444444,530,204.9046584,0.143478261,0.565217391,0,0,0,0
24371,AAAGAAAAAAAAGAGGCACAAGA,0,0,0.035108024,0,0.858607543,620,209.6631628,0.008695652,0.086956522,0,0,0,0
24372,GAATGGGAAGAAGAGTCACAGGA,0,0,0,0,0.327883914,560,201.3255901,0,0.260869565,0,0,0,0
24373,AAATAAGAAGAAGAGAAAAAGGA,0,0,0.012037037,0,0.03135496,417.5,148.8891431,0,-0.065217391,0,0,0,0
24374,CCCTGTGGCTGTGGCTGGACTGA,0,0,0.000315657,0,0.09323315,357.5,158.5254778,0,-0.239130435,0,0,0,0
24375,GTGAACAGCAGTGAATAAAGAGA,0,0,0.029088558,0,0.083169333,455,176.4698282,0,1.130434783,0,0,0,0
24376,AAAAGAAAAGAAGAGGCATAGGA,0,0,0.015262515,0,0.677902985,560,186.3952193,0.017391304,-0.217391304,0,0,0,0
24377,GGCAGTGAGGCTGGGGGTGGGGG,0,0,0.2535,0,0.75437037,530,201.8048415,0.108695652,-0.086956522,0,0,0,0
24378,GGTGAGTGAGTGAGTGGTGGTGA,0,0,0.000471342,0,0.01255604,345,132.5432352,0.217391304,0.326086957,0,0,0,0
24379,TGGAAATAGGAATGAGGAGGGGG,0,0,0.050420168,0.272825204,0.272825204,555,176.6049153,0.008695652,-0.065217391,0,0,0,0
24380,TGCATGGGGGAAGGAGGAGGAGA,0,0,0.000901698,0,0.251939516,455,168.9352626,0,-0.326086957,0,0,0,0
24381,AACATGTTTTCATTTCTCTCAGG,0,0,0.040816327,0,0.072985333,455,186.8309525,0.539130435,0.717391304,0,0,0,0
24382,AGTGAGAGAGTGTGTATGTGTGA,0,0,0.025520833,0,0.071611412,485,178.5422822,0,0.02173913,0,0,0,0
24383,GCCCCTCCCCCACCCACCCTGGG,1,0.004594397,0.122718053,0.34064625,0.34064625,552.5,182.0954023,0,-0.173913043,0,0,1,0
24384,CCCTGTGGCTCTGAAGCGATCAG,0,0,0.011613876,0.014116628,0.014116628,387.5,166.1864614,0,-0.065217391,0,0,0,0
24385,GACTGGTTTTCATTTTTCAGAGG,0,0,0.001536615,0,0.055738305,387.5,135.8190586,0,-0.630434783,0,0,0,0
24386,GGTGTGTGTGTGTGTGTGTCGGA,0,0,0.003030303,0,0.155313909,485,155.8281887,0.604347826,1.065217391,0,0,1,0
24387,GGTGTGTGTGTGTGTGTGTCGGG,0,0,0.043636364,0,0.155313909,485,155.8281887,0.265217391,0.369565217,0,0,0,0
24388,GCCAGGCATCCAGAGACTCAGAG,0,0,0.037874396,0,0.187751667,552.5,190.7023627,0,-0.5,0,0,0,0
24389,CCAGTGATTAGTGGGGAGGAAGG,0,0,0,0,0.045950893,357.5,159.607298,0.017391304,-0.869565217,0,0,0,0
24390,ATATGAAAAGAAGAGGCACTGAG,0,0,0.113131313,0,1.01909774,560,180.6392193,0,0.02173913,0,0,0,0
24391,GGGTGGGGGGAAGCTCCTCCTAG,0,0,0,0.006462393,0.006367706,295,173.0569685,0,-0.239130435,0,0,0,0
24392,GAATACATAACATAGACTGGGGG,0,0,0.018823529,0.619096408,0.60809025,552.5,173.0972467,0,-0.891304348,0,0,0,0
24393,TCATAAGAAGAAGAGGCACAGGA,0,0,0.04728836,0,2.426564496,627.5,218.87168,0.37826087,0.565217391,0,0,0,0
24394,ATGAACACCAGGCAGTATGGTGG,0,0,0.052631579,0,0.016045641,290,145.8132458,0,0.173913043,0,0,0,0
24395,GAATCCAAGCAGAAGAAAATGGA,0,0,0.021634615,0,0.087148938,485,153.727886,0.052173913,-0.282608696,0,0,0,0
24396,AACTGAGACCAAGAGGCCCAGGA,0,0,0.001295756,0,0.172189308,552.5,184.2971499,0,-0.52173913,0,0,0,0
24397,GGTGAGTGGGTGTGTGTGTTGGG,0,0,0.217777778,0.283678372,0.276113616,492.5,158.3165087,0.108695652,0.282608696,0,0,0,0
24398,AAAAGAGAAGAAGAGATACAGAG,0,0,0.057613169,0,0.196898279,492.5,181.251863,0,0,0,0,0,0
24399,GCCTGTCTAAAGCCTGGTCAAGA,0,0,0.021763393,0,0.178245253,552.5,187.6025458,0,0.043478261,0,0,0,0
24400,AAAAGGGAGGAGGAGGCACACAG,0,0,0.042458684,0.256092016,0.248242453,522.5,204.8645352,0,-0.217391304,0,0,0,0
24401,GTCACTTCCAAGGACTAGAGAAG,0,0,0.085978836,0.286875217,0.278794225,462.5,180.1499156,0,-0.065217391,0,0,0,0
24402,GGCTCTGCGGCCGGTGGTGGGGA,0,0,0.008373206,0,0.371150222,432.5,197.603278,0,-0.304347826,0,0,0,1
24403,GACCTGTTTTCTTTGCCCTCCAG,0,0,0.026314665,0,0.048973462,387.5,172.3357626,0,0,0,0,0,0
24404,TGCCTCCTCCACCCAGCCTCTGA,0,0,0.007856341,0,0.402848101,522.5,203.4646584,0,-0.347826087,0,0,0,0
24405,GACATATTTTCATTTTTCTTGGA,0,0,0.001417234,0,0.107052935,455,165.1957945,0.004347826,0.217391304,0,0,0,0
24406,GTTTGGTGAGTGCGTGCGTGTGG,0,0,0.13153545,0,0.553689759,522.5,207.2987595,0,-0.086956522,0,0,0,0
24407,GGAGAGTGTGTGAGTGTGTGTGA,0,0,0.009615385,0,0.134926218,455,184.226788,0,-0.065217391,0,0,0,0
24408,GATTCAGAGCAGAATGAGAACAG,0,0,0.003306878,0.042043076,0.041333488,455,185.3905685,0.047826087,-0.043478261,0,0,0,0
24409,GGGTGGGGGGAGTTTCACCACGA,0,0,0,0,0.007062745,375,118.3645298,0.1,-0.434782609,0,0,0,0
24410,CCTGCCTCCCCTCCTCTCAGGGA,0,0,9.34E-05,0,0.021941801,357.5,151.2244574,0,-0.02173913,0,0,0,1
24411,AGTGAGTGAGAATGTGAGTGTGA,0,0,0.020416667,0,0.166452825,357.5,184.2677048,1,1.586956522,0,0,0,0
24412,GGTGAGAGTGTGGGTGTGTGAGA,0,0,0.004438406,0,0.088958845,455,182.3716072,0,0.086956522,0,0,0,0
24413,TGCCCTTCCTGAGCACGTGAAAG,0,0,0.045351474,0.572793166,0.564014727,622.5,211.9310182,0,-0.434782609,0,0,0,0
24414,ATCCCCCTCCACCCCACCCCTGG,0,0,0.180564263,0,0.090617958,485,170.9235742,0,-0.217391304,0,0,0,0
24415,CCCTGTCTCTCTGTATTGGTGGG,0,0,0.0171875,0,0.018551746,387.5,153.4435236,0,-0.239130435,0,0,0,0
24416,AAATGAGAAGCATAGGAAAAAGG,0,0,0.024,0,0.035554092,290,151.7364848,0.1,0.02173913,0,0,0,0
24417,GGTGAAAGAGTATGTGTGTGTGG,0,0,0.381111111,0,0.111984377,455,186.3286237,0,-0.173913043,0,0,0,0
24418,CACATCCAGCAAGAGACAGAGGG,0,0,0.042207792,0.175363775,0.169128619,455,178.022136,0,-0.065217391,0,0,0,0
24419,GTCCCAGGCTGAGCAGGTGAGAG,0,0,0.018613485,0.541956882,0.541956882,560,199.7717572,0,-0.52173913,0,0,0,0
24420,TGTGTGTGAGTGGGTGCGAGTGG,0,0,0.027103331,0,0.203890405,455,177.6643595,0,-0.02173913,0,0,0,0
24421,TGTGTGTGCGTGTGTGTGTGCGG,0,0,0.096969697,0,0.372455417,552.5,192.9657886,0,0.173913043,0,0,0,0
24422,TGGGAGTGAGTGTGAGTGTGGGA,0,0,0.009381092,0,0.161081177,455,183.4788674,0,0.369565217,0,0,0,0
24423,TGTGTGTGCGTGTGTGTGTGCGA,0,0,0.006734007,0,0.372455417,552.5,192.9657886,0,0.086956522,0,0,0,0
24424,GACTCAGAAGCATAGTTTTAAGG,0,0,0.099715909,0,0.154587634,455,169.9034955,0.482608696,0.130434783,0,0,0,0
24425,GGCTCTGCAGCTGGAGGAGAGGA,0,0,0.017755682,0,0.079068899,485,151.8056864,0.226086957,0.173913043,0,0,0,1
24426,GCCTCCCCCAAGCCTTCCCTGAG,0,0,0,0,0.02413915,417.5,139.8280828,0,-0.108695652,0,0,0,0
24427,TTCAAGGAGGAAGGAGGAGTAGA,0,0,0.002216986,0,0.545938102,522.5,207.6443595,0,-0.673913043,0,0,0,0
24428,ATCATCTTAGGCATTACTTGAGA,0,0,0.016071428,0,0.364518519,462.5,188.746583,0,-0.434782609,0,0,0,0
24429,GGAGCAGCGGCTGGATGTGGAAG,0,0,0,0,0.154229434,552.5,198.7239901,0.013043478,0.217391304,0,0,0,0
24430,ACATGACAAGAAGAGGTAGATGG,0,0,0.031510417,0,0.131148806,485,164.8427082,0.452173913,-0.304347826,0,0,0,0
24431,CCAGGGACAAGAGCGGAAGCAGG,0,0,0.253186813,0,0.180012975,552.5,185.4287494,0,0.065217391,0,0,0,0
24432,GGTGATGGTGTGTGTGCGTACAG,0,0,0.057189542,0,0.158255886,552.5,173.9334549,0,-0.282608696,0,0,0,0
24433,CACTTGTTTACATTATTGTCTGG,0,0,0.076830732,0,0.076598956,455,174.5779087,0,0.152173913,0,0,0,0
24434,TGGATGCTGGGATGAGGAGCCGG,0,0,0.017410714,0.241684442,0.237605379,455,170.3493186,0,-0.369565217,0,0,0,0
24435,AAACACAGAGCACAGACTGCTGA,0,0,0.03618421,0,1.150704225,530,207.8008625,0.2,-0.260869565,0,0,0,0
24436,CCCATCCATCCAGAGATCAGCAG,0,0,0.007552651,0,0.012934678,400,104.9049558,0,-0.47826087,0,0,0,0
24437,TGGATGGAGGGATGGGGGATGGA,0,0,0.008382936,0,0.012534551,290,142.5915615,0,-0.260869565,0,0,0,0
24438,TTGATGTAGGAATGAGGTGCGGG,0,0,0.016528926,0,0.09336586,485,154.015886,0,0.217391304,0,0,0,0
24439,AAAAGAGAGGAAGAGGAAAATGG,0,0,0.063492064,0,0.117323456,485,162.6325086,0,-0.826086957,0,0,0,0
24440,AAAAGAGAGGAAGAGGAAAATGA,0,0,0.004409171,0,0.117323456,485,162.6325086,0,0,0,0,0,0
24441,CACTCCGACCTGAAGAAGAACAG,0,0,0.011800604,0.486183143,0.478372972,522.5,208.4821359,0,-0.543478261,0,0,0,0
24442,CCCTCCCCTAAGCCTGGGGAAGG,0,0,0.007142857,0.06309328,0.06309328,485,159.0688864,0.326086957,0.673913043,0,0,0,0
24443,TGGATAGATGAATGATGAATGGA,0,0,0,0,0.030105241,485,165.4178098,0,-0.217391304,0,0,0,0
24444,GCCATCCCCAAGCCTGGCCCCAG,0,0,0.01020304,0.410714338,0.40341275,552.5,175.9406997,0.030434783,0.086956522,0,0,0,0
24445,CCCATCCTTCTAGATACAGATGA,0,0,0.000163527,0,0.067033803,357.5,164.9150778,0,-0.847826087,0,0,0,0
24446,AAGGAACACTGCATCCTCACAGG,0,0,0.068587662,0,0.218591708,455,173.5183324,0,0.195652174,0,0,0,0
24447,TCCTCCCTCCCACCCACCTGAGG,0,0,0.110294117,0.293711344,0.288195638,552.5,177.8932353,0,-0.282608696,0,0,0,0
24448,TGGATGCTGGAATGAGAAGACAG,0,0,0.040104167,0.167654973,0.164825353,485,155.5932912,0,-0.217391304,0,0,0,0
24449,GGAGTCCCTTCTGGAGAACCCAG,0,0,0,0.175512882,0.170568858,462.5,186.9011043,0.256521739,-0.391304348,0,0,0,0
24450,TAAGGATAAAAAGAGGCACAAGG,0,0,0.333333333,0.89998622,0.89998622,620,210.9514828,0,-0.369565217,0,0,0,0
24451,AAGTCAGATGAAGAGGTACACAG,0,0,0.034855967,0,0.348646558,552.5,192.4377886,0.013043478,-0.413043478,0,0,0,0
24452,GGGTGGGGGGAGATGGTTTCAGG,0,0,0.007455621,0,0.017168463,290,143.7595469,0,0.260869565,0,0,0,0
24453,AACACCAAAGTATAGTTTTTCAG,0,0,0.021538462,0,0.220511467,425,201.087415,0,-0.304347826,0,0,0,0
24454,AATGGAGCAGAAGAGGCAGAAGG,0,0,0.023634454,0.500668269,0.4917675,552.5,183.9505831,0,-0.043478261,0,0,0,0
24455,GCCTCCCCACAGCTTCACCACAG,0,0,0,0,0.012403648,387.5,164.294542,0,-0.304347826,0,0,0,0
24456,GCCACCACCATGCCTGGCCATAG,0,0,0.016280016,0,0.316132585,522.5,205.7533551,0,-0.413043478,0,0,0,0
24457,GCCACCCAAAGGCCTGGCCTCAG,0,0,0.031296296,0.373071126,0.36643875,455,171.8588994,0.004347826,-0.02173913,0,0,0,0
24458,GACCCAGCCCACCCCACCTCCAG,0,0,0.11328976,0,0.101685739,555,194.6425924,0,-0.065217391,0,0,0,0
24459,GGCCTAGAGTGTGCAAGTGAAGG,0,0,0.131313131,0.076431537,0.073975905,455,188.9473733,0,0.739130435,0,0,0,0
24460,ATATTAAAAAAAGAGGCACAAAG,0,0,0.052794613,0,0.858607543,620,210.2967628,0,0.543478261,0,0,0,0
24461,GGAAAGTGTGTGTGTGTGTGTGA,0,0,0.0125,0,0.348646558,552.5,192.8525086,0,0.173913043,0,0,1,0
24462,GAAACCAAAGCATAGAGTGGCGA,0,0,0.000101176,0,0.25419625,485,158.914369,0,NA,0,0,0,0
24463,TGTGAGTGAGTGTGTGTGTGGAG,0,0,0.120987654,0,5.899193548,567.5,200.6138889,0.043478261,0.02173913,0,0,0,0
24464,CCGGTGAGTAGACAGGAAGCTGG,0,0,0.062348178,0.017644224,0.017644224,357.5,172.1101615,0,-0.130434783,0,0,1,0
24465,AAATGAGAACAATAGGCCCTGGG,0,0,0.013714286,0,0.041679092,387.5,142.1480098,0,-0.065217391,0,0,0,0
24466,GTGTCCAAGCAGGAGCAGAACGA,0,0,0,0,0.068338689,455,189.7890728,0,-0.326086957,0,0,0,0
24467,AAAGAAAGAGAAGAGGCACAGAG,0,0,0.102983539,0.904530669,0.891277473,620,211.5550822,0.913043478,-0.130434783,0,0,0,0
24468,TCTGCCCCCTTTCTACTCACGGG,0,0,0.171875,0.507647329,0.499492352,522.5,205.5949991,0.060869565,-0.086956522,0,0,0,0
24469,GAAGCCCAGGCAGAGTTTTTGGA,0,0,0.017240548,0,0.561633746,620,211.4554388,0,-0.413043478,0,0,0,0
24470,CAATGAAAAGAAGAGGCAGGAGA,0,0,0.005689776,0,0.150052274,485,148.9312193,0,0.891304348,0,0,0,0
24471,GGGATGGTGGAATGAGGAGACGG,0,0,0.230590062,1.544444444,1.492090395,560,180.1625831,0,-0.847826087,0,0,0,0
24472,GTTGTGTGTGTGTGTGTGTGTAG,0,0,0.016798286,0,0.372455417,552.5,192.7257886,0,-0.913043478,0,0,0,0
24473,GAGTTGTTTGCAGTATTCTCTGA,0,0,0.004262575,0,0.141575737,425,189.9739215,0.026086957,-0.086956522,0,0,0,0
24474,GGAATCCATTCAGCAGAACCTGA,0,0,0.016851852,0,0.506185654,462.5,188.5979715,0,0.086956522,0,0,0,0
24475,CCAGCGAGCAGAGAGGAGGGTGG,0,0,0.019004525,0.0601085,0.0601085,455,165.1751151,0,-0.347826087,0,0,1,0
24476,CTCCCCTCCAATGACTTGGAAAG,0,0,0.008169935,0.27365625,0.268517165,485,160.202689,0.782608696,0,0,0,0,0
24477,GACTTACTGTCATTGTCCTCAAG,0,0,0.07788671,0.143686461,0.139070029,552.5,190.0849438,1,0.152173913,0,0,0,0
24478,GGCCCCCTCCTCCCCTCCTGTGA,0,0,0,0,0.066578308,387.5,158.3038905,0,0.086956522,0,0,0,0
24479,GACCCCCTCCACGGCGCCCGGGA,0,0,0,0,0.010338516,290,130.175895,0,0.195652174,0,0,0,0
24480,GGGGCTGCGGCTGGAGGGCGTGG,0,0,0.046695402,0,0.09638643,485,161.6270668,0,-0.065217391,0,0,1,0
24481,CTAGCCCCACAGAGCAGAACAAG,0,0,0.025900026,0.051200611,0.049380145,387.5,146.6117463,0,-1.02173913,0,0,0,0
24482,GGAGAGTGTGTGTGTGTTTGGGG,0,0,0.133333333,0,0.071979244,485,168.3027753,0,-0.456521739,0,0,0,1
24483,GGGAGAAACCCAGCATCGTTCAG,0,0,0.016592593,0.065600435,0.063386074,485,159.357166,0,-0.239130435,0,0,0,0
24484,TGGAGGGAGGATGGAGGAGCAGA,0,0,0.000351339,0,0.125714241,357.5,163.5586591,0,0.152173913,0,0,0,0
24485,AAAAGAGAAGAAGAGAGAGAAGA,0,0,0.000243153,0,0.033027225,417.5,149.3038631,0,-0.413043478,0,0,0,0
24486,GGTGTGAGTGTGAGTGCGTGAGG,0,0,0.132167832,0.227408781,0.220438397,522.5,202.0693983,0,-0.043478261,0,0,0,0
24487,GACCCCTAAGCAATGTTTTTAGA,0,0,0.006895066,0,0.056347346,425,194.804714,0,0.456521739,0,0,0,0
24488,TGGATGCATCAATGAGGATTTAG,0,0,0.025349794,0.18198627,0.18198627,552.5,177.1173025,0,-0.282608696,0,0,0,0
24489,CCCGTCCTTCCACATACACACAG,0,0,0.004177109,0.153314627,0.148388855,425,191.5202409,1,-0.97826087,1,0,0,0
24490,GCCATCTTATTCATTCCTTGAGA,0,0,0,0,0.049160524,485,171.2565044,0,-0.369565217,0,0,0,0
24491,GCCTCTCCCAAGCCTGCCCTGGA,0,0,0.005202081,0,0.089207198,485,155.3305247,0,0.173913043,0,0,0,0
24492,AAGGACCAGTACATCCAGAATAG,0,0,0.005706447,0.071979244,0.071979244,485,168.3027753,0.339130435,0,0,0,0,0
24493,GGGGGGGGGGAGGTTAATCCGGG,0,0,0.076086957,0.039183127,0.038521809,387.5,170.5525425,0,-0.369565217,0,0,0,0
24494,GGGTGGGGGTAATCGGCTCCAGA,0,0,0.000752315,0,0.023612285,327.5,180.6459569,0.008695652,-0.130434783,0,0,0,0
24495,ATTAAAAGCAGTGGGTAGAGGGA,0,0,0.009672619,0,0.1271669,522.5,202.1470144,0,0,0,0,0,0
24496,CACCTCTTAGTCATAACCTGAGA,0,0,0.008576305,0,0.402848101,522.5,203.8793784,0,-0.260869565,0,1,0,0
24497,CTTGCCTCACAGGGCAGCTGTGA,0,0,0.009957108,0,0.026431993,442.5,123.5078861,0,-0.195652174,0,0,0,0
24498,ACAGTGAGTGGGGTGGAGGCCAG,0,0,0.076284103,0.103230957,0.101488662,425,194.8529785,0.013043478,0.173913043,0,0,0,0
24499,CCAGTAGGTAGAGCTGAGGTTGG,0,0,0.030252101,0.071839999,0.06941502,455,163.6862137,0,-0.739130435,0,0,0,0
24500,AGTGAGAAAGTGTGTGCATGCGG,0,0,0.545192307,0.219771774,0.211957667,552.5,188.293669,0.008695652,-0.717391304,0,0,0,0
24501,TGTGAGTGTGAGTGTGTGTGAGA,0,0,0.014583333,0,0.206712756,455,188.0240249,0.017391304,-0.086956522,0,0,0,0
24502,TGTGAGTGTGAGTGTGTGTGAGG,0,0,0.21,0,0.206712756,455,188.0240249,0,0.217391304,0,0,0,0
24503,AACTTCATTTCATTGTTCTTTGG,0,0,0.161079545,0.293711344,0.288195638,552.5,177.8932353,0,-0.130434783,0,0,0,0
24504,GGCCGTGGGGCTGGAGGAGGGAG,0,0,0.023529412,0,0.294620253,552.5,188.5149298,0.347826087,0.086956522,0,0,0,0
24505,AAAAGAGAAGAGGAGAAACATGA,0,0,0.011145405,0,0.048973462,387.5,172.3357626,0.013043478,0.152173913,0,0,0,0
24506,GGTGTGTGCCTGTGTGTGTGAAG,0,0,0.010056117,0.325662758,0.325662758,552.5,187.9740522,0,-0.043478261,0,0,0,0
24507,GCGACGGCGGCTGGAGCTGGGGA,0,0,0.003232062,0,0.363634746,552.5,195.6599049,NA,NA,0,0,0,0
24508,CCCTTCCCTCCACAGACACAGAG,0,0,0.029771398,1.061038961,1.034177215,530,206.9272625,0,0.065217391,0,0,0,0
24509,GACACTGACACAGAATTTTTAAG,0,0,0.120842411,0.13054088,0.13054088,522.5,194.2554777,0,0,0,0,0,0
24510,TGTGTGTGAGTGTGTGTGTAAAG,0,0,0.041245791,0.27365625,0.268517165,485,159.787969,0,-0.434782609,0,0,0,0
24511,GTGGTGTGAGTGTGTACGTGTGG,0,0,0.115702479,0,0.254924684,552.5,199.8552541,0,-0.369565217,0,0,0,0
24512,GCCTGTGTCCCTGCATGGAGGGA,0,0,0.002557545,0,0.095709979,455,165.431479,0,-0.652173913,0,0,1,0
24513,TCCTAAGTCTCTGGAAGGATGAG,0,0,0.177029555,0.164761667,0.164761667,552.5,198.8372701,0,-0.02173913,0,0,0,0
24514,TGGATAGAGGGATGAAGAGAGGG,0,0,0.365625,0,0.036200902,387.5,156.7579065,0.482608696,-0.434782609,0,0,0,0
24515,AGAATCCATTCTGCAGGATCAGA,0,0,0.001102941,0,0.202836708,485,164.366072,0.069565217,0.239130435,0,0,0,0
24516,GCCACCGCAAAGCCTAGCCAAGA,0,0,0.01556178,0,0.34930266,560,199.8547933,0,-0.282608696,0,0,0,0
24517,GAGACTGAGAAGAAGAAGAAAGG,0,0,0.383219955,0,1.41725502,627.5,212.7486796,0.243478261,-0.760869565,0,0,0,0
24518,CAGTCTGAGCAGGAGAAAAAGAG,0,0,0.077639751,0,0.072659895,455,182.4913622,0,-0.108695652,0,0,0,0
24519,ATGAACCCCAGTCAGAAGACTGG,0,0,0.071770335,0.028986456,0.028497233,387.5,152.8914728,0.4,0.565217391,0,0,0,0
24520,AATGTGTGTGTGTGTGCGTGTGA,0,0,0.011538461,0,0.833979885,620,213.7118996,0.034782609,-0.652173913,0,0,0,0
24521,AACATGTTTTCATTTTTCTGGGA,0,0,0.0002501,0,0.186915845,455,166.9817785,0,0,0,0,0,0
24522,AAATGATGAGAAGAGTCAAAGAG,0,0,0,0,0.055624514,485,165.6805764,0.017391304,-0.065217391,0,0,0,0
24523,GGAGAGTGTGTGTGTGGGTGTGA,0,0,0.0017507,0,0.730827942,560,194.9261086,0,0.152173913,0,0,0,0
24524,CACCCCCCCCCCCCCGCCCCAGG,0,0,0.078817734,0,0.292400968,455,179.1220994,0,-0.130434783,0,0,0,1
24525,GGGACTGCGGGTGCAGGTGCGGG,0,0,0.022959184,0,0.053834983,357.5,163.6651317,0,-0.347826087,0,0,0,0
24526,TCCTCTTTCCCAGAAACCTTAGG,0,0,0.010606061,0.024040939,0.02322943,362.5,183.8544732,0,-0.130434783,0,0,0,0
24527,GTCTCCTTAGTAATAACCTGAGA,0,0,0.018274854,0,0.188649398,425,195.114958,0,-0.630434783,0,0,0,0
24528,AATTTCCTCCACATCCTCAAAGG,0,0,0.030224321,1.257112069,1.257112069,620,208.9465266,0.208695652,-0.347826087,0,0,0,0
24529,CCTTGTGACTCTGCCTGGATGGG,0,0,0.064285714,0.059184026,0.059184026,425,189.7259768,0.517391304,-0.02173913,0,0,0,0
24530,GGTGTGTGATGGTGTGTGTGTGA,0,0,0.003829966,0,0.29581478,455,185.7037488,0,0.326086957,0,0,0,0
24531,TGTGAGTGTGTGTTTGCCTGTGA,0,0,0.005291005,0,0.028252436,455,178.1777017,0,-0.543478261,0,0,0,0
24532,TTCTTCTAAGTCATTACCTTAAG,0,0,0.092390572,0,0.697447183,552.5,178.0889831,0,-0.260869565,0,0,0,0
24533,GGTTGGGGGAAGCTTGCACCTAG,0,0,0.063677713,0.109062622,0.109062622,455,178.7576098,0.743478261,-0.195652174,0,0,0,1
24534,GGGAGGGGGCAGGTTGCTCCAGG,1,0.002200351,0.049689441,0.977216883,0.952477215,530,205.035343,0,-0.239130435,0,0,0,0
24535,GGTGTGTGTGTGTCTGTGTGTGG,0,0,0.043636364,0,0.05268594,455,181.3266039,0.02173913,0.891304348,0,0,0,0
24536,GGTGTGTGTGTGTCTGTGTGTGA,0,0,0.003030303,0,0.05268594,455,181.3266039,0.986956522,6.304347826,0,0,0,0
24537,TGGAGGGAGGGAAGAGAAGTGGG,0,0,0.2688,0.124300022,0.124300022,357.5,181.1961647,0,0.130434783,0,0,0,0
24538,TTGAGCACCAGTGAGCACAGGAG,0,0,0.059259259,0,0.053377333,485,175.1999208,0.082608696,0.02173913,0,0,0,0
24539,GACACAGAAGAAGATTTTGTCAG,0,0,0.006448413,0.043340374,0.042608891,357.5,166.2289108,0.843478261,-0.260869565,0,0,0,0
24540,GGTGTGTGCCTGTGTGTGTGTGG,0,0,0.038787879,0,0.325662758,552.5,187.9740522,0,-0.608695652,0,0,0,0
24541,AGTGTGTGAGTGTGTCTGTGTGA,0,0,0,0,0.104848333,485,179.637143,0.139130435,-0.130434783,0,0,0,0
24542,GGAATCCCTGGTGCAGCTTCAGG,0,0,0.028846154,0.045151768,0.045151768,387.5,151.8068467,0,-0.543478261,0,0,0,0
24543,GGGACTGCGTCTGCAGGGGGTGG,0,0,0.058035714,0,0.041990519,455,176.6177457,0,4.02173913,0,0,0,0
24544,GGTGTATGTGTGTGTGTGTGTGA,0,0,0.007070707,0,0.213926133,552.5,191.1798046,0,-0.195652174,0,0,0,0
24545,AACTGAGAACAAGAGCCAGATGG,0,0,0,0,0.077901873,485,165.6438378,0.539130435,-0.869565217,0,0,0,0
24546,GGTTAGAGAGTGTGCGCGTGGGG,0,0,0.08677686,0.529350989,0.515234963,530,202.9361976,0,-0.282608696,0,0,0,0
24547,GGGAAAGGCCCAGCACAGGTCGG,0,0,0.030419753,0,0.018569524,442.5,152.4023128,0,-0.152173913,0,0,0,0
24548,AAATGAGAACATGTGGTACATGG,0,0,0.033185185,0,0.035480203,357.5,173.8668674,0,-0.173913043,0,0,0,0
24549,GGACCAGCCAGAGCACCTGAGAG,0,0,0.019421102,0.543897002,0.52553761,552.5,189.5943356,0,-0.086956522,0,0,0,0
24550,GCTGCCTCCAGTCTTCTCACAAG,0,0,0.011046699,0.213111457,0.205917821,425,193.7711583,0,-0.239130435,0,0,0,0
24551,ACAGTAAGTAGAGAGGAGTCAGA,0,0,0.016203704,0,0.047492766,455,175.0268314,0,-0.02173913,1,0,0,0
24552,GGCACTGGGACTGGAGGAAGAGG,0,0,0.285714286,0,0.081354538,485,154.9371134,0,-0.02173913,0,0,0,0
24553,CCAATGAGTTGAGTGGTGGCTGA,0,0,0.005392157,0,0.079416941,455,180.7093679,0.252173913,0.47826087,0,0,0,0
24554,CATTTGTTTCTATTGTTCTCTGG,0,0,0.080586081,0.732855442,0.721082663,522.5,207.4501799,0,-0.260869565,0,0,0,0
24555,GGACCAGCTGCTGGAGGTGGCGG,0,0,0.141385621,0,0.497494021,620,212.0526356,0,NA,0,0,1,0
24556,GGGAGGGGGCCGTGTGCTCCTGA,0,0,0,0,0.108966853,425,195.4653952,0,0.347826087,0,0,0,0
24557,AACTGAGGAGAGGAAGCACAGAG,0,0,0.055386105,0.195426448,0.195426448,425,193.649061,0.030434783,0.608695652,0,0,0,0
24558,AAAGGAGAAGATGTGGCCCAGGG,0,0,0.021164021,0,0.021598022,357.5,173.5477816,0.056521739,0.108695652,0,0,0,0
24559,AAAAGAAAAGAAAAGGCTCAGGG,0,0,0.21978022,0,0.07787432,455,181.0205654,0,0,0,0,0,0
24560,GACTCCCGAAACCCAGGCCAGGA,0,0,0.009951349,0,0.198201266,425,193.937061,0.086956522,-0.543478261,0,0,1,0
24561,GGGTCCAAACAGAACAAGAAAGG,0,0,0.14025974,0.170999823,0.16811375,522.5,198.4100173,0,0.47826087,0,0,0,0
24562,GGGTGGGGAGAAATTGCTTCCAG,0,0,0.049704142,0,0.052430423,357.5,167.2767987,0.230434783,0.260869565,0,0,0,0
24563,AAATGAGAAACGGAGGCCCAGAG,0,0,0.013315043,0,0.067280336,392.5,174.8387461,0,-0.239130435,0,0,0,0
24564,AACTTCTTTTAATTGTTCACAGA,0,0,0.009131493,0,0.176902586,455,180.4359324,0.02173913,0.434782609,0,0,0,0
24565,CACCCCTTCCACCCCACCTGCAG,0,0,0.008850762,0,0.081933305,485,162.3907934,0,0.065217391,0,0,1,0
24566,AGTGTGTGAGTGTGTGTTTGCAG,0,0,0.026397306,0,0.119478333,485,171.5022357,0,-0.304347826,0,0,0,0
24567,GACATCGAGGCCTTCACCATGGA,0,0,0.020061728,0,0.030809736,357.5,182.2223895,0.108695652,-0.326086957,0,0,0,0
24568,GTCATCTCAGTCATGTACTGTGG,0,0,0,0,0.025390982,412.5,163.6186245,0,-0.02173913,0,0,0,0
24569,AGAGTAGAGGAAGAGGCACAGGG,0,0,0.1,0.846960117,0.833979885,620,212.8382996,0,-0.195652174,0,0,0,0
24570,TGGGAAGAGGAGTGAGGAGTTGA,0,0,0.015673225,0,0.406288793,525,207.5359956,0,-0.130434783,0,0,0,0
24571,GGTGAGAGTGTGTGTGAGTGTGA,0,0,0.017013889,0,0.452243644,560,193.0709278,0,-0.804347826,0,0,0,0
24572,AGCACCAGTGAGCAAAGCTGGGA,0,0,0.02751978,0,0.051728355,357.5,164.505658,0,-0.173913043,0,0,0,0
24573,TCCATGGAGGAATGAGGACTTGG,0,0,0.119363395,0,1.040777778,560,188.8840001,0.013043478,0.043478261,0,0,0,0
24574,TGAATGGAGGAATGAGCAGAGGG,0,0,0.099264706,0,0.530449741,492.5,161.748289,0,-0.043478261,0,0,0,0
24575,TAGTCCTAGCTGAGGAAGAAGGA,0,0,0.005698006,0,0.084899764,425,198.9475508,0,-0.369565217,0,0,0,0
24576,CCCTCCCCCAAACCGGGCCACGG,0,0,0.019047619,0.125331575,0.121100973,425,193.3170976,0.708695652,1.934782609,0,0,0,0
24577,GGTCACTGAGTGTGGGGGTGAGA,0,0,7.37E-05,0,0.093833394,455,181.3472834,0.086956522,-0.02173913,0,0,0,0
24578,ATGAAAACCACTGTGTAAAGGGA,0,0,0.010204082,0,0.014739991,357.5,174.1214144,0,-0.260869565,0,0,0,0
24579,ATATGTGTAGAAGATGCACAAGG,0,0,0.03180493,0.247907189,0.243723101,522.5,199.8671775,0,-0.326086957,0,0,0,0
24580,AAATGTGGAAAAGAGGCAGAAGG,0,0,0.061111111,0,0.263834804,552.5,178.5744627,0,-0.326086957,0,0,0,0
24581,ACTGGACATTACATCCTCAAAGA,0,0,0.031919643,0,0.50455783,620,211.9259156,0,-0.260869565,0,0,0,0
24582,GACACTGAAGCAAAGGTTTGGAG,0,0,0.013574661,0,0.025242791,387.5,153.4886696,0.052173913,0.391304348,0,0,0,0
24583,AGATGAGAAAATGTGGCACAGAG,0,0,0.034414266,0,0.101488662,425,194.6129785,0,0.456521739,0,0,0,0
24584,GGTGAATGTGTGTGTGCTTGAGA,0,0,0.027777778,0,0.215429612,560,189.2309024,0,-0.47826087,0,0,0,0
24585,ATGAACACCAGTTAGGGGTGCAG,0,0,0.002558301,0.011018566,0.011018566,320,140.6781426,0,-0.217391304,0,0,0,0
24586,GGCAGTGCAGCTGGAGGCAGGGG,0,0,0.118075802,0,0.056704087,485,157.7805664,0.034782609,-0.282608696,0,0,0,0
24587,CCCTGTCTCTCTGTATTGGTCAG,0,0,0.004456019,0,0.018551746,387.5,153.4435236,0.87826087,4.130434783,0,0,0,0
24588,GTCACTGGGGCTAGAGGTGGGGA,0,0,0.026223776,0,1.089333333,530,207.5608625,0,0.260869565,0,0,0,0
24589,AAGTCAAAGCAGGAGAAGAAAGA,0,0,0.037849379,0,0.240377365,522.5,205.5315147,0,0.065217391,0,0,0,0
24590,GCATTCCCAAATCCTGGTCATGA,0,0,0.009469697,0,0.150546424,455,184.2442463,0,-0.02173913,0,0,0,0
24591,AAATAAGAAGAGGAGGCAAGGGA,0,0,0.014245513,0,0.102325545,387.5,142.3099797,0.02173913,1.173913043,0,0,0,0
24592,GACATCAATTCAGAGACACAAGA,0,0,0.032550569,0,0.89998622,620,211.5850828,0,-0.52173913,0,0,0,0
24593,GGGGAGTGTGCGTGTGGGTGTGG,0,0,0.011764706,0,0.19349884,455,187.4960249,0,-0.695652174,0,0,0,0
24594,CTGAAAACCAGAGTGTAGAGTAG,0,0,0.088042328,0.067811866,0.066667362,425,198.0587309,0,-0.391304348,0,0,0,0
24595,GAAGCTGAGGCTGGAGGTGGAGA,0,0,0.020688657,0,1.345833333,622.5,214.458583,0,-0.065217391,0,0,0,0
24596,GACCCCTTCCACTCAGCCTCTGG,0,0,0.126388889,0,0.189299934,432.5,194.3104771,0.247826087,0.239130435,0,0,0,0
24597,AACACCACTTAGTAAAGTGGAAG,0,0,0.078431372,0.07034598,0.069215924,455,171.4780918,0.004347826,-0.52173913,0,0,0,0
24598,GGCACTGCAGCTGCAGGAGTGGG,0,0,0.128571429,0,0.010645722,387.5,141.0401018,0.156521739,0.326086957,0,0,0,0
24599,AACATAGCTGACCTCCCCATCAG,0,0,0.069642857,0.48824426,0.480400979,522.5,208.0841153,0.008695652,0.239130435,0,0,0,0
24600,GGGGAGGGGGAGTGTGGTCCCAG,0,0,0,0,0.086229035,455,184.4127843,0,0.130434783,0,0,0,0
24601,GGCGCTGCGGCGGCAGGAGGAGG,0,0,0.089285714,0,0.021598022,357.5,173.5477816,0.017391304,-0.391304348,0,0,0,0
24602,GGAGAGAGAGAGTGTGTGTGAAG,0,0,0.056712963,0,0.216300667,455,189.0726244,0.247826087,0.239130435,0,0,0,0
24603,CGTGAGTGAGTGTGGGTGTGGGA,0,0,0.001157407,0,0.345753086,462.5,185.2068674,0,0.02173913,0,0,0,0
24604,GACACCAGTGAGGAGAGATGTGG,0,0,0.093645485,0.039962519,0.039962519,387.5,153.5293462,0,-0.326086957,0,0,0,0
24605,GCCTGGGTGTGTGGATGGATAGA,0,0,0.005607315,0,0.293524998,522.5,207.2241519,0.004347826,0.065217391,0,0,0,0
24606,AAATGCCCAGAAGAGGCAAATAG,0,0,0.014880952,0,0.195655995,555,181.1830183,0,-0.369565217,0,0,0,0
24607,AAATGTGAAGAACAGACATACAG,0,0,0.035987404,0,0.019068295,387.5,159.8782696,0,-0.586956522,0,0,0,0
24608,TCTTCCCCAAAGCCTAGGCACAG,0,0,0.023765432,0,0.052630051,485,175.9602408,0,-0.586956522,0,0,0,0
24609,CCCAGCCATCAGGACACACATAG,0,0,0.024511785,0,0.104700416,327.5,189.7584743,0,-0.369565217,0,0,0,0
24610,GTGTGGGTGGAGGTTGGTCCAGG,0,0,0.006103232,0.23590875,0.23590875,455,185.3747514,0,0.173913043,0,0,0,0
24611,TGGAGCGAGGAATGAGGAGGAAG,0,0,0.019964349,0.819387179,0.794927861,560,180.1880961,0,-0.065217391,0,0,0,0
24612,GAGTAAGAGCTGAAGATGAAGAG,0,0,0.005643739,0,0.194319155,455,188.9095012,0,0.108695652,0,0,0,0
24613,AAATGAGAAGAACTGGCAGGAGA,0,0,0.001490655,0,0.010338516,290,130.175895,0,-0.456521739,0,0,0,0
24614,CCTGCCTCTGCTCTACTTCTGGA,0,0,0.002424569,0,0.022506057,442.5,121.9312865,0,0.086956522,0,0,0,0
24615,GGTAGTGCGGGTGGTGGTGGGGA,0,0,0.001432292,0,0.220450566,425,196.9465747,0,-0.130434783,0,0,0,0
24616,AAAGAAAAAGAAAAGGCACAAGG,0,0,0.5,0,0.378170105,522.5,205.1555787,0.047826087,0.260869565,0,0,0,0
24617,GAAGATAGAGAATAGACTGCTGG,0,0,0.255357143,0,0.458313578,522.5,207.2105153,0,0.304347826,0,0,0,0
24618,GGTGTGTGTGTGTGTGAGTGTGA,0,0,0.007070707,0,0.699446792,560,194.1657886,0,-0.086956522,0,0,0,0
24619,AAAGGAGAAGAAAATGCAGATGA,0,0,0.00071543,0,0.051728355,357.5,163.872058,0,-0.152173913,0,0,0,0
24620,TGGAAAGATCCAGTATCCGTGGA,0,0,0.044560185,0,0.270694992,530,204.801035,0,-0.347826087,0,0,0,0
24621,CCCTCCTCAGAGCCTGCCCAGGA,0,0,0.005268311,0,0.383454129,552.5,190.8389717,0,-0.52173913,0,0,0,0
24622,GGCTTCTCTTCAATGTTCTCTGA,0,0,0.026223776,0,0.334982304,522.5,204.5748785,0,0.956521739,0,0,0,0
24623,CGTGCTCCAAAGGGCAATAAAGA,0,0,0.043814815,0,0.339662881,552.5,191.1961685,0,-0.586956522,0,0,0,0
24624,TTCAACTCCAAAGCCTAGGGTGG,0,0,0.097959183,0.11208573,0.110193987,425,198.5563949,0,-0.239130435,0,0,0,0
24625,GCCTCTTGCCCACACTCCTACGA,0,0,0,0,0.016064133,387.5,150.0349726,0,-0.5,0,0,0,0
24626,ACCTCCCCAAACCCCAGCCAAAG,0,0,0.03368984,0.035908784,0.035908784,357.5,179.9884521,0,-0.108695652,0,0,1,0
24627,GGGTGGGGGGAGCATCCCCCAGA,0,0,0,0,0.002536728,290,155.3497356,0.008695652,0,0,0,0,0
24628,AACACAAGAGAGAAGAGCAGCAG,0,0,0.110544218,0,0.067736793,455,173.2069152,0,-0.97826087,0,0,0,0
24629,ATGACCAGCAGTGATGAGAGAGA,0,0,0.001103807,0,0.065950602,455,183.3164156,0.013043478,5,0,0,0,0
24630,CCCTGTGTATAGGGATGGGTGGA,0,0,0.008370536,0,0.075190916,357.5,170.5460356,0.595652174,0.608695652,0,0,0,0
24631,ATGAACACCAGGCAGGAAAGTAG,0,0,0.013080037,0.008761429,0.008761429,290,159.2728198,0,-0.304347826,0,0,0,0
24632,AACACCAGTGAGGAGAACCCTAG,0,0,0.01212727,0,0.026713615,320,120.8289685,0,-0.02173913,0,0,0,0
24633,GAACCCGAGCAGGAGAAGAGGAG,0,0,0.062747605,0.261227608,0.251939516,455,171.1614795,0.004347826,-0.086956522,0,0,0,0
24634,ATTTCTGAAGAAGAGGCACACAG,0,0,0.074696545,0.790014173,0.778438874,620,215.357696,0,-0.391304348,0,0,0,0
24635,AAATATTAAGAAGAGGCACATAG,0,0,0.091710758,0.958618437,0.958618437,630,214.9425152,0,-0.086956522,0,0,0,0
24636,TGGATAGAAGAATGAGCAGATGG,0,0,0.085084034,0,0.089207198,485,155.3305247,0,-0.217391304,0,0,0,0
24637,GGTGAGTAGGTGAGTGGGTGGGA,0,0,0.00188537,0,0.13024721,455,181.6549711,0.008695652,0.173913043,0,0,0,0
24638,GACTTGTTTGCCTCCTTCTCTGG,0,0,0.010252905,0,0.023612285,327.5,180.6459569,0.226086957,0.543478261,0,0,0,0
24639,GCCTCCTCCAAAGCTGGCCATAG,0,0,0.015319865,0.108455691,0.108455691,425,195.6416179,0.086956522,-0.173913043,0,0,0,0
24640,GGTAAGTGTGTGTGTATGTGAGG,0,0,0.252,0,0.060818669,485,176.0920827,0.12173913,0.086956522,0,0,0,0
24641,AATGCCCACTATATCCTTGACAG,0,0,0.016826923,0.047255365,0.045660247,387.5,154.0242463,0,-0.304347826,0,0,0,0
24642,AGGCTGGAGGAATGGGGAGAAAG,0,0,0.033455882,0.190493182,0.186915845,455,166.9817785,0.152173913,-0.086956522,0,0,0,0
24643,GACTTTTTGACATTGTTATCTGA,0,0,0.013227513,0,0.10030413,552.5,183.0391659,0,0.239130435,0,0,0,1
24644,TCGATGGAGGAATGACTAGTTAG,0,0,0,0.215073504,0.2086534,492.5,181.885463,0.02173913,0.239130435,0,0,0,0
24645,GGGTGGGGGGAGGTTCTTCTAGA,0,0,0,0,0.014586482,320,134.2885426,0,0.065217391,0,0,0,0
24646,GGTGTGTGAGGGTGAGCATGTGA,0,0,0.004048583,0,0.043821816,357.5,172.0512414,0,0.652173913,0,0,0,0
24647,TGTCCAAACTGAGCACTTGAGAG,0,0,0.044560185,0,0.410516581,552.5,195.3027081,0.147826087,0.47826087,0,0,0,0
24648,CTTGCCTTCTCTCTACCCACAGG,0,0,0.456216578,0,0.56142625,552.5,189.8823356,0.956521739,3.347826087,0,0,0,0
24649,GGAATCTCTTCTTCGGCATCTGG,0,0,0.073125,0,0.033541582,357.5,162.3624772,0.134782609,-0.195652174,0,0,0,0
24650,AAATGAGAAAATGAGGAAGAGGG,0,0,0.018148148,0,0.07862335,387.5,154.7580521,0,-0.152173913,0,0,0,0
24651,TGGAAGAAGGCATGGGGAGTTGG,0,0,0.13,0,0.145346309,425,195.0913939,0,0.326086957,0,0,0,0
24652,ACGGACCACTGAATCCTCAATAG,0,0,0.04728836,0.391492809,0.385203768,425,204.4858158,0.013043478,0.282608696,0,0,1,0
24653,GCCTGGGGGCTGTTTGCTCCCAG,0,0,0.008496435,0.721082663,0.721082663,522.5,207.2101799,0.004347826,0.217391304,0,0,0,0
24654,GGAGTCCCTCCTACAGCACCAGG,1,0.009656383,0.307692307,0,0.952477215,530,205.035343,0,-0.086956522,0,0,0,0
24655,AGATAAGAAGATTAGGCACAAAG,0,0,0.017975309,0,0.272415361,425,200.456259,0.513043478,-0.413043478,0,0,0,0
24656,TGTGAGTGTGTGTGTGTGTGTAG,0,0,0.072592593,0.788265432,0.788265432,560,195.4541086,0,-0.108695652,0,0,0,0
24657,GCTACCTCCAGTTACTAGGGAGG,0,0,0.114910714,0,0.302995647,425,202.7025958,0.791304348,0.282608696,0,0,0,0
24658,GTGATGGAGGAAGGAGGAGCAAG,0,0,0.003742529,0,0.26991206,455,172.3230795,0,0.086956522,0,0,0,0
24659,AAAGGAGAAGAAGAGGGACCCAG,0,0,0.002166271,0.537981481,0.537981481,492.5,161.402689,0,-0.260869565,0,0,0,0
24660,GCCACTCCACAGCCTGGCCCAGG,0,0,0.033498248,0.374553327,0.367894601,552.5,174.4110797,0,-0.304347826,0,0,0,0
24661,CTTGGCCCACAGGGCACTGAGGG,0,0,0.052941177,0.382126866,0.382126866,492.5,167.377569,0,-0.108695652,0,0,0,0
24662,TGTGAGTGTGTGTGTGTGTGAGG,0,0,0.28,0,0.788265432,560,195.4541086,0.013043478,0.282608696,0,0,0,0
24663,CCTCCCTTTTCTCTACTCACAGG,0,0,0.329331342,0,0.768095474,622.5,206.2750663,0,-0.391304348,0,0,0,0
24664,TGTGAGTGTGTGTGTGTGTGAGA,0,0,0.019444444,0,0.788265432,560,195.4541086,0.1,-0.391304348,0,0,0,0
24665,AAATGAGAAGATTAGGCACTAGG,0,0,0.06,0.212175934,0.212175934,365,166.0469791,0.313043478,1.652173913,0,0,0,0
24666,AATGATCTCTTCATCCTAAAAAG,0,0,0.017094017,0,0.098926116,455,182.6607821,0,0.173913043,0,0,0,0
24667,TGTGTGTGGGTGTGTGAGTGTGA,0,0,0.007856341,0,0.372455417,552.5,192.9657886,0.026086957,-0.195652174,0,0,0,0
24668,AAATGAGAGCCAGAGGAACAAGG,0,0,0.049777778,0.169312454,0.1641228,457.5,183.0322885,0.1,0.173913043,0,0,0,0
24669,GGTCTCCCTTCTGCAGCCTCGGA,0,0,0.00152097,0,0.09638643,485,161.6270668,0,-0.282608696,0,0,0,0
24670,GCCTCCTCCAGGCCTGCCCACGG,0,0,0.071008403,0,0.127576638,455,185.6408441,0.091304348,-0.043478261,0,0,1,0
24671,AAATGAGAAGTTTAGACACAAAG,0,0,0.007977208,0,0.023718637,295,178.4660694,0,0,0,0,0,0
24672,AGAAGAAAAGAAGAGGCCCAAGG,0,0,0.072562358,0.215794005,0.211957667,552.5,190.2798859,0,0.173913043,0,0,0,0
24673,AGATGAAAAGGAGAGGCAAAAGG,0,0,0.222857143,0.196028574,0.189058669,455,179.5987356,0.860869565,0.956521739,0,0,0,0
24674,GAACACAAAGCATAGCAACCTGA,0,0,0,0,0.005335167,400,124.7541298,0,-0.086956522,0,0,0,0
24675,GTCATCTCAGTAATTCCCTGGGA,0,0,0,0,0.226140084,462.5,192.2956567,0,-0.152173913,0,0,0,0
24676,GGTGGGTGAGTCCGTGGGTGAGA,0,0,0.001229284,0,0.11019029,357.5,179.7101479,0,-0.260869565,0,0,1,0
24677,TGCAGGGAGGCTGGAGGTGGGGA,0,0,0.01547619,0,0.82579023,620,213.025879,0.008695652,0.086956522,0,0,0,0
24678,CTCATCTTCGTCATTACCCCCGG,0,0,0.048255756,0,0.134234172,485,147.3546198,0.043478261,0,0,0,0,0
24679,CCTGTGAGGAGAGGAGAGGCCGG,0,0,0,0.03616144,0.03616144,425,188.8660134,0.1,-0.5,0,0,0,0
24680,CCTGCCTGGGCTCAACCCACAGA,0,0,0.012076259,0,0.050146859,455,179.515107,0.004347826,-0.108695652,0,0,0,0
24681,GCCTCCTTCCCACTCTACTTGGG,0,0,0,0,0.00854056,387.5,167.5002944,0,-0.239130435,0,0,0,0
24682,CCCATCCAGGCAGAGTCACAAGG,0,0,0,0.252264048,0.246185396,560,194.1600573,0.191304348,1.5,0,0,0,0
24683,TCCTCCCCAAAACCTGAGCAGGA,0,0,0.008065844,0,0.05878334,387.5,165.0744552,0.047826087,0.304347826,0,0,0,0
24684,GGGGAGAGAGTGTGTGAGTTTGG,0,0,0.142916667,0,0.171185414,485,158.1651082,0,-0.391304348,0,0,0,0
24685,AAAATAGAAGAAGAGGAGCAAGA,0,0,0.001851852,0,0.113428797,485,170.6286357,0,-0.152173913,0,0,0,0
24686,CAGGTGAGTAGAGCGGCGGCGGG,0,0,0.078431372,1.232921368,1.196117745,560,198.6458889,0,-0.5,0,0,0,0
24687,GGCACTTGGGCTGGGTGTGGTGG,0,0,0,0,0.045044261,455,182.2215548,0,-0.434782609,0,0,0,0
24688,CCCACGGCGGCTGGCGGTGGGGA,0,0,0.005351791,0,0.243723101,522.5,202.9669944,0.095652174,-0.456521739,0,0,0,0
24689,CAGCCCCATCCAGAGACACATAG,0,0,0.033273916,1.286675824,1.286675824,625,216.27008,0.017391304,0,0,0,0,0
24690,CCAGTGAGCAGAGAGGAAGCTGG,0,0,0.223668639,0.048921968,0.047683437,462.5,179.3777017,0,-0.652173913,0,0,0,0
24691,GGGAAAGACCTCTCATCTGTGAG,0,0,0.004048583,0.028710904,0.02827089,295,170.331162,0.004347826,0.434782609,0,0,0,1
24692,AGAGGAGAAGGAGATGCACAGAG,0,0,0.012037037,0.227418991,0.223580696,425,197.6492947,0,-0.108695652,0,0,0,0
24693,AGGTGAGAATAAGAGGCAGAGAG,0,0,0.012872942,0.4696153,0.452917868,552.5,182.6922636,0,-0.152173913,0,0,0,0
24694,GAACACCAACCATTGAATGCAAG,0,0,0.011292181,0,0.05162771,455,179.1997871,0,-0.173913043,0,0,0,0
24695,AGCATCCATACAGAGACACGAAG,0,0,0.119528906,0,0.642348856,552.5,176.8306637,0.039130435,-0.326086957,0,0,0,0
24696,GATGTGTGTGTGTGTGCATGTGG,0,0,0.127810651,0,0.189613667,552.5,188.2885664,0,-0.043478261,0,0,0,0
24697,AATGAGCACTTCATCTTCACGGG,0,0,0.010758472,0,0.036200902,387.5,156.7579065,0,0.043478261,0,0,0,0
24698,AAATGAGAAGAAGAGTACCCAGA,0,0,0,0,0.007062745,375,118.3645298,0,0.130434783,0,0,0,0
24699,GTGAAAAACCCAGTATCCCTGGA,0,0,0.014527458,0,0.050756291,455,174.1896346,0.017391304,0.152173913,0,0,0,0
24700,GACACTGAGGCTTGAGGGGGGGA,0,0,0.003819444,0,0.120099,455,180.9375292,0,-0.086956522,0,0,0,0
24701,GAGTCCCAGAGGAAGAAGAGGAG,0,0,0.076783315,0.222591371,0.218834554,455,168.4573991,0,-0.152173913,0,0,0,0
24702,CTTGCAGCACAGGGCAGCATGGG,0,0,0.112364946,0.052539701,0.050766209,485,152.469902,0,-0.413043478,0,0,0,0
24703,GGTGAGTCAGTGAGTGTGAGTGG,0,0,0.056804734,0,0.067148726,387.5,154.8667515,0.27826087,0.630434783,0,0,0,0
24704,AGAAACCACCACATCCTCAAAGG,0,0,0.274285714,1.278706571,1.2395125,622.5,212.5666636,0,-0.760869565,0,0,0,0
24705,AGATGAGAACAATAGACACAGGG,0,0,0.096,0,0.092152171,455,187.1805172,0.12173913,0.065217391,0,0,0,0
24706,TACCCCCTCTTCCCAGCCTCTGG,0,0,0.064353947,0,0.205917821,425,193.7711583,0,-0.47826087,0,0,0,0
24707,GAGTTCCAGTAGAAGAAGAGGGA,0,0,0.02186659,0,0.415325641,552.5,173.3991629,0,-0.630434783,0,0,0,0
24708,CCTGGCTCCGCTGTGCCCACGGG,0,0,0.037540107,0.060022353,0.060022353,357.5,173.2192268,0.130434783,0.195652174,0,0,1,0
24709,AATGCCCACACGATCCTCAAAGG,0,0,0.076190476,0.348609699,0.343267022,460,198.9737594,0,0,0,0,0,0
24710,TAGATCCATCCAGAAACACAAGA,0,0,0.023767082,0,0.397208228,525,204.2249784,0,-0.326086957,0,0,0,0
24711,CCCTGCTTTTCTGGATGTATTGG,0,0,0.303030303,0.074384061,0.074384061,552.5,185.6477216,0,-0.347826087,0,0,0,0
24712,AGATGAGAACACGAGGCCCAAGG,0,0,0.0160401,0,0.140621964,455,180.8288298,0,-0.130434783,0,0,0,0
24713,CACCCCCTCCCCACAGCCTCCAG,0,0,0.006331117,0,0.086525729,327.5,189.2635742,0,-0.47826087,0,0,0,0
24714,CCCTGCCATCCAGAAGCACAGAG,0,0,0.019111172,0.069289873,0.069289873,455,185.5426325,0,0.065217391,0,0,0,0
24715,TTCATCCATCCATAGACACTTGG,0,0,0.163636364,0,0.26991206,455,172.3230795,0,-0.413043478,0,0,0,0
24716,GGCACTGTGTCAGGAGCTGGGGA,0,0,0.009293301,0,0.249597935,455,182.4062351,0,-0.195652174,0,0,1,0
24717,TGGAAATAGGAATGATGAGTCAG,0,0,0,0,0.101685739,555,196.4540893,0,-0.217391304,0,0,0,0
24718,GGTGTGCGAGTGTGCGCGCGCGG,0,0,0.018808777,0,0.086670755,455,170.5734777,0,-0.260869565,0,0,0,0
24719,TTCATCCATCCATAGACACTTGA,0,0,0.011363636,0,0.26991206,455,172.3230795,0,1.347826087,0,0,0,0
24720,CTTGCTTCAGAGGGCAGAAATAG,0,0,0.050711591,0,0.112123929,552.5,184.6157655,0,-0.152173913,0,0,0,0
24721,ACCTGCCCCAAGCCTGACCAGAG,0,0,0.074666667,0.379196691,0.372455417,552.5,192.9657886,0,-0.260869565,0,0,0,0
24722,TGGATGGAGGAATGGGGAGATGG,0,0,0.365625,0,0.707788,470,170.2553785,0.07826087,0.260869565,0,0,0,0
24723,CCAGTCCCTGCTGCAGCACCCAG,0,0,0.040064102,1.317695783,1.317695783,620,213.0946636,0.039130435,-0.260869565,0,0,0,0
24724,AAATGAACAGAAGAAGGACACAG,0,0,0.00615148,0,0.100825818,455,178.5238696,0,-0.02173913,0,0,0,0
24725,TCCTTCCCAGAGCCAGGCCAGGG,0,0,0.204678362,0.383984607,0.371023101,522.5,198.712922,0,-0.543478261,0,0,0,0
24726,CCTCCCTCCCCCCTACACACAAG,0,0,0.027739938,0.266737708,0.262235805,455,184.6324521,0,-0.282608696,1,0,1,0
24727,GGTTTGTGTGTGTGTGCGTAGGG,0,0,0.074380165,0.410714338,0.40341275,552.5,175.9406997,0,-0.152173913,0,0,0,0
24728,AAAAGCAGAGAGTAGAGTGGAGA,0,0,0.021556122,0,0.186959075,552.5,188.0005664,0,-0.02173913,0,0,0,0
24729,GCATGAGAACAAGAGGCACGTGG,0,0,0.240336134,0.654642614,0.642348856,552.5,176.8306637,0.013043478,-0.413043478,0,0,0,0
24730,GGTGAGTGCATGTATGTGTGAGA,0,0,0.012962963,0,0.044061797,455,177.6231875,0,0.065217391,0,0,0,0
24731,TGGATGGATGAATGAACAGGTGA,0,0,0.00153787,0,0.02413915,417.5,139.8280828,0.3,0.47826087,0,0,1,0
24732,GGTGAGTGAGTGTGAGGGGATGG,0,0,0.007981811,0,0.017686193,320,116.1212675,0,0.152173913,0,0,0,0
24733,GGTGAGAGGGTGTGTGAGTGTGG,0,0,0.272222223,0,0.452243644,560,193.0709278,0.626086957,-0.152173913,0,0,0,0
24734,TGAATGAAGGCAAGAGGAGTTGA,0,0,0.014423077,0,0.206946027,425,200.559415,0,0.260869565,0,0,0,0
24735,AGAAGAGACAAAGAGGCACAGAG,0,0,0.052674897,0,0.768095474,620,209.1348832,NA,-0.456521739,0,0,0,0
24736,ACCTCTTTCCCTCCCACCTCCAG,0,0,0.007070707,0.759866667,0.734108475,462.5,175.5462996,0.230434783,-0.239130435,0,0,0,0
24737,GAGATGTTTTCTTTGTTTTCAGA,0,0,0.003543084,0,0.150546424,455,184.6589663,0.052173913,-0.391304348,0,0,0,0
24738,CTGGCCTCCAAAGACTAGGGGAG,0,0,0.046296296,0.717100207,0.694060843,522.5,210.0822996,0,0.02173913,0,0,0,0
24739,CGCTCCTTTTCATTGTTCTCCGG,0,0,0.38961039,0.813325472,0.789491758,620,215.885696,0,-1.195652174,0,0,0,0
24740,GGGAAAAACCCAGCAGTCCTCAG,0,0,0.018773946,0,0.021415438,417.5,147.7942823,0.204347826,0.217391304,0,0,0,0
24741,AGGAAGGAGGAATGAAGAGAAGG,0,0,0.28125,0,0.119960915,485,163.4856542,0,0.043478261,0,0,0,0
24742,CCCTCTTTTCCTCCCACCTTCAG,0,0,0.054012346,0,0.846167111,530,208.7241192,0.004347826,0.043478261,0,0,0,0
24743,CCTGGCCCGCAGGGCAGTGAGAG,0,0,0.033333333,0.315970766,0.30473625,552.5,182.9638997,0.017391304,-0.195652174,0,0,0,0
24744,AAATGAGAACAAGAGACACATAG,0,0,0.103703704,1.059798592,1.059798592,567.5,199.3198377,0.07826087,0.130434783,0,0,0,0
24745,ATTTACACCAGTTACTAGAGAGG,0,0,0.026033058,0,0.153719584,425,194.0920579,0,0.043478261,0,0,0,0
24746,ACCTCCCCAAAGTGTGACCACAG,0,0,0,0.03578661,0.035150404,357.5,177.0753837,0,-0.413043478,0,0,0,0
24747,GATGAGTGAGTGTGAGAGAGAGA,0,0,0.004535912,0,0.051461025,387.5,153.0188674,0.02173913,0.47826087,0,0,0,0
24748,AATGGAGAAAAAGAGGCAGAGGG,0,0,0.051470588,0.461115476,0.452917868,552.5,182.0586636,0,0.347826087,0,0,0,0
24749,GGGGAATGAGTGTGTCTGTGGGG,0,0,0,0,0.059378332,485,178.611479,0,-0.282608696,0,0,0,0
24750,CAGTCCCAGCAGTAGAACAATGG,0,0,0.070153061,0.085051677,0.082027617,455,181.8941654,0.147826087,0.152173913,0,0,0,1
24751,AACTTATTTTCATTGTTTTATAG,0,0,0.075,0,0.082703287,485,154.8530828,0,0.326086957,0,0,0,0
24752,AAAGTAGAAGGAGAGGGACAGGA,0,0,0.000497855,0,0.321188687,455,189.8218852,0,-0.608695652,0,0,0,0
24753,GGCACAGTGGGTGGAGGGGGAGG,0,0,0.063194444,0,0.098926116,455,182.6607821,0.017391304,0.5,0,0,1,0
24754,TGTGTGTGAGTGTGTCTGTGCGA,0,0,0,0,0.104848333,485,179.637143,0,-0.217391304,0,0,0,0
24755,GGGCCTGCAGCTGGGGGTGGGGG,0,0,0.073739496,0,0.242694227,522.5,199.6315981,0.704347826,0.195652174,0,0,0,0
24756,GGTGAGTGGGTGAGTGTCTGAGG,0,0,0.102564103,0,0.025528453,387.5,159.3314548,0.008695652,-0.304347826,0,0,0,0
24757,CCCATCCTTCCAGGGACACGGAG,0,0,0.039651416,0.184746009,0.184746009,462.5,168.5233985,0,0.260869565,0,0,0,0
24758,GGGGGGCGGGGGTTTGCGCCAAG,0,0,0.024136767,0.115581719,0.111680226,455,184.2898022,0.12173913,0.347826087,1,0,1,0
24759,ACCCTTTTCCCATCCACCTTGAG,0,0,0.067254902,0.581724684,0.581724684,522.5,207.5387595,0.008695652,-0.152173913,0,0,0,0
24760,TGGACGGAGGAAGGAGGGGAGGG,0,0,0.058695652,0,0.050081283,387.5,145.8514263,0,-0.239130435,0,0,0,0
24761,CCTTGTGTCTTTGTGTGGATAGG,0,0,0.036666667,0.032847134,0.032847134,327.5,186.5957101,0,-0.47826087,0,0,0,0
24762,CATGCCCCACACGGCGGTCATGA,0,0,0.001237743,0,0.04220622,387.5,163.2074737,0.026086957,-0.347826087,0,0,0,0
24763,GCCTCCCCGCCGGCTGGCCAGGA,0,0,0.000841751,0,0.157723721,427.5,194.519079,0.004347826,-0.413043478,0,0,0,0
24764,TGAGAGTGAGTGTGAGAGTGTGA,0,0,0.013401559,0,0.161081177,455,183.4788674,0,-0.630434783,0,0,0,1
24765,GGTGTGAGAGTGTGTGAGTGGGG,0,0,0.148484849,0,0.781869327,560,195.7423881,0.013043478,-0.043478261,0,0,0,0
24766,CAATTTTTATCATTGTTCTCAAG,0,0,0.099353322,0,0.497494021,620,212.9262356,0,-0.260869565,0,0,0,0
24767,ACCTCGTCCCCACCCACCCTGGA,0,0,0.009852217,0,0.318743398,552.5,183.5661991,0.004347826,-0.782608696,0,0,1,0
24768,GGAACCCATTCTGCAGCCTCAGA,0,0,0.003968254,0,0.09280538,485,158.6405298,0,0.065217391,0,0,0,0
24769,CCAATCCACCCACAGACTCATGA,0,0,0.011695906,0,0.072353162,455,179.7895658,0.169565217,-0.47826087,0,0,0,0
24770,TGGAAGTAGGAAGGTGGAGTGAG,0,0,0.003864734,0,0.101349588,425,191.8221571,0.030434783,-0.673913043,0,0,0,0
24771,AAATGAGAATTAGAGAGACAAAG,0,0,0.003812636,0,0.046201508,387.5,169.7036429,0,-0.413043478,0,0,0,0
24772,GAGTCAGAGAAGAGGAAGCAGAG,0,0,0.020144742,0,0.039311386,455,170.035095,0.039130435,0.434782609,0,0,0,0
24773,GAGAAGGAGGAGAAGAAGAAGGA,0,0,0.003674309,0,0.760552802,622.5,210.2603596,0.013043478,0,0,0,0,0
24774,GACACCTAAGCATAATGTTTTGA,0,0,0.001318174,0,0.039019591,357.5,172.124366,0,0.260869565,0,0,0,0
24775,TGGAAGGAGCCAGCATCCCTGGA,0,0,0.013765084,0,0.194752216,552.5,182.7062357,0,-0.239130435,0,0,1,0
24776,GGGAAGTGTGTGAGTGCGTGTGA,0,0,0.012980769,0,0.333568181,522.5,204.3392991,0.056521739,0.260869565,0,1,0,0
24777,GCCACTTTCCAACCAAACTTGGA,0,0,0.002572016,0,0.086078568,357.5,176.9031837,0,0.260869565,0,0,0,0
24778,GGGGAGTGTGTGTGTGTGAGAGA,0,0,0.002777778,0,0.115680928,485,162.9781086,0,-0.47826087,0,0,0,0
24779,TAAAGAGAAAAAGAGGCACAAGA,0,0,0.030864197,0,2.461181435,627.5,214.5346636,0.208695652,0.304347826,0,0,0,0
24780,GATTTGTTTTCCTTGCCCTCAAG,0,0,0.022073157,0,0.048287834,387.5,172.6813626,0,0.434782609,0,0,0,0
24781,GATTCCCAGAAGGAGAAGAAAGA,0,0,0.013492603,0,0.343418542,522.5,201.7977622,0.952173913,1.391304348,0,0,0,0
24782,CCCTCCACACAGCCTGGCAAAAG,0,0,0.01984127,0.331410419,0.331410419,552.5,181.0770828,0.004347826,0.217391304,0,0,0,0
24783,ATTTGAGAAGAGGAGGCCCAGGG,0,0,0.070622188,0,0.150546424,455,185.2925663,0.043478261,0.608695652,0,0,0,0
24784,GGTGAGTGTGTGTGTTTATGTGA,0,0,0,0,0.011345979,442.5,151.5423494,0,-0.239130435,0,0,0,0
24785,GCCTCTTCTCCACTCACCTGGGA,0,0,0.007863562,0,0.057065031,455,163.3636181,0,0.02173913,0,0,0,0
24786,TGTGCCCCACAGAGCACTAAGGG,0,0,0.182443439,0.240178592,0.23590875,455,188.4745684,0,0,0,0,0,0
24787,GTCACAGAATCACAGTTTTTGGA,0,0,0.016043898,0,0.308518702,522.5,202.682959,0,-0.5,0,0,0,0
24788,AGGAGGGAGGAATGTGGAGGAGG,0,0,0.022588235,0,0.186915845,455,166.5670585,0.017391304,0.02173913,0,0,0,0
24789,GACCCCCTCTCCCCTGCCCCGGG,0,0,0.006923597,0,0.061738132,357.5,163.0231584,0.591304348,2.717391304,0,0,0,1
24790,GAATGAGGAGCTGAGGCACAGAG,0,0,0.025349794,0,0.390673193,425,202.1539989,0,-0.043478261,0,0,0,0
24791,ATGAATACCTGGGAGTAGAGTGG,0,0,0.409663866,0,0.69728947,530,205.9061791,0,-0.217391304,0,0,0,0
24792,AAGTGGGAGGAAGAGGCAGAGGG,0,0,0.036375661,0.185074529,0.181784315,552.5,182.1782357,0.047826087,0.913043478,0,0,0,0
24793,TGGGAGTGAGTGCGTGAGTGTGG,0,0,0.184210526,0,0.232606028,455,188.1865684,0.469565217,-0.043478261,0,0,0,0
24794,GGCAATGCGGAGGGAGATGGGAG,0,0,0.051851852,0,0.158024834,357.5,182.9793848,0.704347826,1.108695652,0,0,0,0
24795,AAATAAAAAGAAGAGGAAGAAAG,0,0,0.013106996,0,0.12450836,485,163.7943882,0.873913043,0.913043478,0,0,0,0
24796,CCCTGAGTCTCTGGAAGGACTGG,0,0,0.071625344,0.136727592,0.136727592,492.5,164.1879902,0.230434783,-1.043478261,0,0,0,0
24797,CCATTTGTCTCTGGGTGGTTGGA,0,0,0.006319444,0,0.13179369,455,172.4286585,0,-0.804347826,0,0,0,0
24798,CTGAACACCAGTGGTTACAGAGG,0,0,0.027210884,0,0.012392231,357.5,167.9304605,NA,1.739130435,0,0,0,0
24799,GAGTCCCAGAAAAAGAAGAGAGA,0,0,0.029532044,0,0.193993875,455,166.9713824,0,0.826086957,0,0,0,0
24800,GGGTGGGGGGAGGTTGGTGCCAG,0,0,0.0004973,0,0.119375512,395,159.1665685,0,-0.608695652,0,0,0,0
24801,AAATAAGAAGTAGACCCACATGA,0,0,0,0,0.036602584,357.5,180.1861488,0,0.065217391,0,0,0,0
24802,GACTTGTTTTCATTTTCTTTTGG,0,0,0.019447779,0,0.011004742,320,121.4459342,0,-0.195652174,0,0,0,0
24803,GGGCAGGACACAGCAACCGTGGG,0,0,0.198624904,0.144062179,0.144062179,552.5,194.2602537,0,0.239130435,0,0,0,0
24804,GACCTCCTCCTCCCAGGCTCAAG,0,0,0.000663582,0,0.086078568,357.5,176.4884637,0,0.02173913,0,0,0,0
24805,TAATGAGAAGCAGTGGGACAGAG,0,0,0.003253449,0,0.050409494,357.5,180.3446206,0,-0.260869565,0,0,0,0
24806,GGTGTGTGTGAGTGTGTGTGAAG,0,0,0.01979798,0,0.196246288,455,186.7357049,0,-0.326086957,0,0,0,0
24807,AACCTCCGCCACCCCGGCTCAAG,0,0,0.006405229,0,0.609583333,552.5,193.825752,0,-0.260869565,0,0,0,0
24808,GAAACCAAAGAAGAGCTTTTAGA,0,0,0.030092592,0,0.096633025,455,192.7703096,0,-0.173913043,0,0,0,0
24809,AAATGGTTATCATTGTTCTCAGA,0,0,0.032190476,0,0.822304167,620,213.4238996,0,0.391304348,0,0,0,0
24810,CGGATGGATGAATGAGGACTCAG,0,0,0.053128991,0.688669492,0.688669492,560,185.6922197,0.013043478,-0.239130435,0,0,0,0
24811,CGTGTATGAGTGTGTGTGTGTGA,0,0,0.008417508,0,0.368797917,552.5,195.1395849,0,-0.217391304,0,0,0,0
24812,GACATGTTTTTGTTTTTCTCTGG,0,0,0.015117158,0.108175948,0.104700416,327.5,190.1731943,0.017391304,-0.217391304,0,0,0,0
24813,GGTGGAGGAGGGTGTGCGTGGGG,0,0,0.169411765,0.313028173,0.313028173,525,207.5124315,0.004347826,-0.086956522,1,0,1,0
24814,CCCTCCCCAAATCCTGGGCTGGA,0,0,0.001526252,0,0.067256227,387.5,148.9229663,0.086956522,-0.043478261,0,0,0,0
24815,GGCACTGTGGTTGAAGGAGGAAG,0,0,0.034900285,0,0.023189471,357.5,172.8075814,0.013043478,-0.456521739,0,0,0,0
24816,GGTGGGTGTGTGTGTGAGAGAGA,0,0,0.004,0,0.111383028,485,162.2177886,1,3.239130435,0,0,0,0
24817,GGGTGCTGGGACCTTGCTCCAGA,0,0,0.011308351,0,0.10739066,425,197.8154142,0,-0.239130435,0,0,0,0
24818,TGTGCGTGAGTGTATGTGTGCGA,0,0,0.012152778,0,0.090827917,455,185.2863843,0.047826087,-0.586956522,0,0,0,0
24819,CCCTCTGTCTCTGTAAGGGTGGA,0,0,0.004960317,0,0.012134777,387.5,158.2360695,0.073913043,0.130434783,0,0,0,0
24820,ACCTCTTTCCCATCCAGCCTAGA,0,0,0.000709939,0,0.078497806,387.5,157.9665685,0.034782609,0.304347826,0,0,0,0
24821,GGTGTAGGAGTGTGTGTGTGGGG,0,0,0.099821747,0.239135105,0.239135105,555,192.7564041,0,-0.086956522,0,0,0,0
24822,GGTGAGTCAGTCAGTGAGTGGAG,0,0,0.027288549,0,0.104879914,357.5,177.898651,0,-0.630434783,0,0,0,0
24823,TGTGAGCGAGTGTGTGTATGCGA,0,0,0.015424679,0,0.081603702,485,170.4073749,0.113043478,0.043478261,0,0,0,0
24824,ATCATCTTTGCCATCACCTGTAG,0,0,0.025454545,0,0.136607805,425,194.8031144,0,-0.304347826,0,0,0,0
24825,GGCACTGCAGGGGGTGGTGGGGG,0,0,0.016071429,0,0.061030715,327.5,187.0870139,0.047826087,-0.586956522,0,0,0,0
24826,GGGTGGGAGCAGATGGCTCCGGA,0,0,0.000961538,0,0.130382635,425,187.4021045,0.360869565,0.173913043,0,0,0,0
24827,GACATGTTTTCACTGTTCGACGA,0,0,0.003263367,0,0.080487776,387.5,140.9414796,0.030434783,0.195652174,0,0,0,0
24828,CCCATCAATTCATATACACACAG,0,0,0.007843137,0.091867193,0.08905134,425,188.1187407,0.004347826,-0.456521739,0,0,0,0
24829,AAAGGAGCAGAAGAGGCTGATGG,0,0,0.016741071,0,0.097755,485,159.0552498,0,-1,0,0,0,0
24830,CCAGTGTCTAGAAGGGAGGCTGG,0,0,0,0,0.053756663,425,192.5784971,0,-0.5,0,0,0,0
24831,TCATCCCCCAGGCCTGGCCAGAG,0,0,0.08345679,0.486183143,0.478372972,522.5,208.4821359,0,-0.304347826,1,0,1,0
24832,GGTGTGTGTGTGTGTGTCTGGAG,0,0,0.012570146,0,0.069304995,485,167.5424553,0.4,0.739130435,0,0,0,0
24833,GGGGTGTGAGTGTGTGCATGGGG,0,0,0.125874126,0,0.60893267,560,193.1603467,0,0.043478261,0,0,0,0
24834,CCCATACACACAAAGACACACAG,0,0,0.177777778,0,0.179838034,522.5,198.9631787,0,0.239130435,0,0,0,0
24835,CCCACCCAACCAGAAAAACATAG,0,0,0.10573711,0,0.094763973,455,178.758767,0,0.086956522,0,0,0,0
24836,CCCATCCCTGCAGAGATACACAG,0,0,0.020164609,0.972166667,0.947554852,560,191.3223356,0.065217391,0.195652174,0,0,0,0
24837,TCCATCCATGCATAGACACTTGG,0,0,0.07,0,0.248589007,455,167.5713431,0.07826087,-0.02173913,0,0,0,0
24838,ACATCAGAAAAAGAGGCAGATGG,0,0,0.07202381,0.476283266,0.45934875,552.5,181.9319436,0.039130435,0.065217391,0,0,0,0
24839,GCCTCCCTGAAGCCTGTCCCAGG,0,0,0.033143939,0.147449913,0.147449913,485,154.0166917,0.904347826,0.47826087,0,0,0,0
24840,GGGACTGCGGTTGGAGGTCTTGA,0,0,0.00335249,0,0.113812211,387.5,144.5563164,0.091304348,0.456521739,0,0,0,0
24841,GACCCCGTCCCCCGTGCCTCTGG,0,0,0,0,0.020660894,327.5,184.7405293,0,-0.02173913,0,0,0,0
24842,GAGTTCTAGAAGAAGAAAAAGAG,0,0,0.056565656,0,0.185328808,552.5,185.1134295,0,0,0,0,0,1
24843,GGCTGGAGAGAGATTGCTCCCAG,0,0,0.044378698,0.231546693,0.227827067,522.5,202.8297183,0,0.152173913,0,1,0,0
24844,AAATATGAAAAAGAGGGACAGGA,0,0,0.002360203,0,0.322464761,552.5,190.1478485,0,0.239130435,0,0,0,0
24845,TCCTCTTTCCCCACCACCTCCAG,0,0,0.002385529,0,0.132796733,357.5,164.8469791,0,0,0,0,0,0
24846,AGATGAAAAGCAGAGGCCCAGGG,0,0,0.060952381,0,0.117636505,455,184.9234022,0,-0.086956522,0,0,0,0
24847,AAAAGAGAAGAAAAGCCAGAAAG,0,0,0,0,0.033198795,387.5,160.7906536,0.065217391,0.065217391,0,0,0,0
24848,GTCTCCACAACACCTGGCCAAGG,0,0,0.254545454,0.271186195,0.266829791,425,202.630635,0.530434783,0.326086957,0,0,0,1
24849,GAGGCCGAGCTGAAGGAGCACGG,0,0,0.0076515,0.047610675,0.047610675,387.5,164.0598905,0,-0.043478261,1,0,1,0
24850,AAATGACAAGAATAGGCCAAAGA,0,0,0.001169218,0,0.024530411,387.5,151.1461654,0.039130435,0.282608696,0,0,0,0
24851,TGGATGGATGAATTGGGGGTGGA,0,0,0.002567901,0,0.006841855,357.5,163.9706801,0,0.130434783,0,0,0,0
24852,GACCCAGTGTGAGCAGGTGACGG,0,0,0.034536892,0.163489192,0.15797057,552.5,194.6119768,NA,0.195652174,0,0,1,0
24853,AAGTTGTTTTCATGGTTCTAAAG,0,0,0,0.104425803,0.102464755,455,169.8952154,0,-0.239130435,0,0,0,0
24854,GGTTGGGGGGATTTTCCTACTAG,0,0,0,0,0.041615333,387.5,162.9194737,0.495652174,-0.086956522,0,0,0,0
24855,AACTGAGGTTAAGAGGCACAGAG,0,0,0.039722222,0,0.757342138,622.5,206.6206663,0.030434783,0.369565217,0,0,0,0
24856,AAATTATAATAAGAGGCATAGAG,0,0,0.016666667,0,0.29784987,552.5,179.7887628,0,-0.239130435,0,0,0,0
24857,GAACACATAACCTAGTCTGCAGA,0,0,0,0,0.106381852,455,186.1039203,0,-0.391304348,0,0,0,0
24858,TTCATCATTGTCCTCCCCATTGA,0,0,0.021645022,0,0.932255747,620,213.4770022,0.2,-0.434782609,0,0,0,0
24859,GGGAGAGAGGAATGGGGAGTTAG,0,0,0.103162641,0,0.243723101,522.5,201.9186744,0.134782609,0.065217391,0,0,0,0
24860,GGGTGGGGGGGATTGGTTCCAGG,0,0,0.014155556,0,0.038456342,260,170.0606832,0.008695652,-0.543478261,0,0,0,0
24861,GCTTCCCCACAGCCTGGCCAGGG,0,0,0.229166666,0,6.438064925,635,216.0802636,0,0.217391304,0,0,1,0
24862,GGTGAGTGTGGGGGTGAGTGTGG,0,0,0.029217391,0,0.068963652,357.5,178.5247043,0.02173913,0.391304348,0,0,0,0
24863,GGGAAAGACCAGGCAGCCTTCAG,0,0,0.032407407,0.020832023,0.020193493,290,157.21739,0.013043478,-0.326086957,0,0,0,1
24864,GCCTCCCCACAGTGTGGCCTCAG,0,0,0,0.032201916,0.031684616,357.5,155.9321585,0,-0.195652174,0,0,0,0
24865,ATTGAGTGTGTGTGTGTGTGAGA,0,0,0.011136364,0,0.372455417,552.5,194.0141086,0.256521739,0.217391304,0,0,0,0
24866,GGTCCCCTCCATCCCACCTCGAG,0,0,0.076780627,0,0.125422944,455,193.4274737,0,1.891304348,0,0,0,0
24867,GTCCCCTCCCACCCCGCCTCCAG,0,0,0.153198653,0,1.737215529,627.5,214.6770022,0,0,0,0,0,0
24868,GTGCACCAAGCATAAACTGCTGA,0,0,0.012708787,0,0.27129322,522.5,201.8417976,0,-0.043478261,0,0,0,0
24869,GGCGTGTGTGTGTGTGTGTGTGG,0,0,0.043636364,0.36082635,0.348646558,552.5,192.4377886,0,-0.326086957,0,0,0,0
24870,GCCTCTTTCTCACTAAACTTGAG,0,0,0.018556712,0.019627418,0.019326615,357.5,167.3759463,0.008695652,-0.043478261,0,0,0,0
24871,GGTGTGTGGGTGTGTGTGTGAGA,0,0,0.007856341,0,0.699446792,560,194.1657886,0,-0.586956522,0,0,0,0
24872,AGGATGGTGGAATGATTAGTGGG,0,0,0,0,0.104848333,485,177.8256461,0,-0.413043478,0,0,0,0
24873,GCAACCCCTCCAGAGACACATAG,0,0,0.087922705,1.366780156,1.345833333,620,214.283863,0,-0.108695652,0,0,0,0
24874,GCCCCTTTCCACCCCGCCCCGGG,0,0,0.163529205,0,0.206090981,552.5,184.0428353,0,-0.586956522,0,0,0,0
24875,CTTTCCCCAAAGGGCAGCAGGAG,0,0,0.02677758,0.121342896,0.119185689,485,150.7737304,0.039130435,-0.02173913,0,0,0,0
24876,CCTGCCTCCCCTCAAGTCCCAGA,0,0,0.000547345,0,0.010637521,387.5,154.5326531,0,-0.173913043,0,0,0,0
24877,GGACACAATGTATAGTCTGCTGG,0,0,0,0,0.087673666,455,191.4817101,0.056521739,0.456521739,0,0,0,0
24878,GCAGTCAGGAGTGCGGAGGCTGG,0,0,0.128458498,0,0.260205944,522.5,205.7381352,0,0,0,0,0,0
24879,GGCGTGTGTGTGTGTGTGTGTGA,0,0,0.003030303,0,0.348646558,552.5,192.4377886,0.013043478,0.086956522,0,0,0,0
24880,AAAAGAGACAAAGAGACACAAGA,0,0,0.017636684,0,0.145490895,552.5,192.0864573,0.1,0.5,0,0,0,0
24881,GATTTATTTTCATTGTTATCTGA,0,0,0.025707799,0,0.368404265,560,192.6626827,0.673913043,1.369565217,0,0,0,0
24882,GGGGTGTGTGTGTGTGTGTGGAG,0,0,0.013198653,0.36082635,0.348646558,552.5,192.4377886,0,-0.260869565,0,0,0,0
24883,TGCATGGATGAATGAGTAGACAG,0,0,0.007478632,0,0.153139514,485,156.5885087,0,-0.543478261,0,0,0,0
24884,AATGAGCACTGCCTCTTCAAGGG,0,0,0.021052632,0.032499491,0.031977411,357.5,184.3961859,0,-0.456521739,0,0,0,0
24885,GGTGTGTGTGTGCGTGTGTGTGG,0,0,0.080382775,0,0.136842006,455,183.466468,0,0.065217391,0,0,0,0
24886,GATCACAAAGGTTAGACTACAGA,0,0,0.002917834,0,0.134282034,357.5,173.9778159,0.008695652,-0.152173913,0,0,0,0
24887,GGTGAGTGACTGTGTGACTGAGA,0,0,0.006172839,0,0.185720751,492.5,168.9988192,0,-0.086956522,0,0,0,0
24888,CACCCCCCCCACCAGGCCTCAGG,0,0,0.0125,0,0.060024367,425,190.2539768,0,-0.108695652,0,0,0,0
24889,TGTATGGGAGAATGAGGAATAGG,0,0,0.168367347,0,0.300469943,552.5,180.8644028,0.013043478,0.434782609,0,0,0,0
24890,GGGTGGGGGGGGTTGGGTCTGGG,0,0,0.000573529,0,0.034164895,290,140.6391837,0.013043478,-0.108695652,0,0,0,0
24891,GAACACCAAGCGTTAACTGCGGG,0,0,0.158605664,0.018894753,0.018315604,327.5,183.2545125,0,-0.108695652,0,0,0,0
24892,TGGCTGGAGGAATGATGGGGAGG,0,0,0,0,0.022258348,417.5,138.4770409,0,-0.108695652,0,0,0,0
24893,GGCTCCGCAGCTGGAGGTGGGGG,0,0,0.371900826,0,0.896991699,627.5,213.7806356,0,0.217391304,0,0,0,0
24894,CCAGTGAGTAAACCAGAGCCTGA,0,0,0.012336453,0,0.024749342,260,158.5155742,0,-0.02173913,0,0,0,0
24895,TTCTCTCCAAAGCCTGGCCAGAG,0,0,0.218855219,1.502614379,1.46807152,627.5,218.374016,0,0.065217391,0,0,0,0
24896,CACACCGAGCAGAAGCAGAAGGA,0,0,0,0,0.268520667,552.5,200.5099741,0,0.152173913,0,0,0,0
24897,GAATGAGAATGAGAGGCAGAAGG,0,0,0.066015625,0.269301292,0.269301292,455,177.2301799,0,-0.543478261,0,0,0,0
24898,CCTTCTGCCTCTGGATAGATGGA,0,0,0.035011574,0,0.570616297,552.5,193.297752,0.834782609,5.565217391,0,0,0,0
24899,AGTGGGTGAGTGTGTGTGTTAGA,0,0,0.0147,0,0.268517165,485,159.787969,0.565217391,-0.739130435,0,0,0,0
24900,TGTGACCCCTACATCCCCAAGGA,0,0,0.016806723,0,0.609583333,552.5,194.874072,0,0,0,0,0,0
24901,GCCTACTGCCCACCCACCTACAG,0,0,0.055555555,0.39945125,0.39945125,552.5,175.8882791,0,-0.065217391,0,0,0,0
24902,ATTTACAACTAAATCCTCAAAAG,0,0,0.036730946,0,0.480774398,522.5,207.9871188,0.013043478,-0.239130435,0,0,0,0
24903,GAGTCCCAGAACAAGAAGATAGA,0,0,0.013143382,0,0.193993875,455,166.9713824,0.008695652,0.195652174,0,0,0,0
24904,AGATGAGAAAAAGAAGCACAGAG,0,0,0.182193173,0,0.733917371,530,200.961242,0,-0.347826087,0,0,0,0
24905,CTGCACACAAGTGAGGAGAGTAG,0,0,0.023270847,0.166395667,0.166395667,552.5,197.0781938,0.204347826,0.152173913,0,0,0,0
24906,GGTGTGTGAGCATGTGAGTGCAG,0,0,0.027374984,0,0.158024834,357.5,182.9793848,0,-0.086956522,0,0,0,0
24907,AGGAATGAGGAATGAGGAATGAG,0,0,0.061728395,0,0.318743398,552.5,185.3776961,0,-0.304347826,0,0,0,0
24908,TGGATGGATGAATGAGGGGGTAG,0,0,0.009760349,0,0.140566932,492.5,153.8792864,NA,-0.086956522,0,0,0,0
24909,AGGATGGAGGAAAGAAGAGCAGA,0,0,0.004370629,0,0.046424874,387.5,155.2746536,0.034782609,-0.217391304,0,0,0,1
24910,GACACGTTTTCATTTTTCTTGGG,0,0,0.020408163,0,0.176947,455,165.6934585,0,0.239130435,0,0,0,0
24911,GGCCTGGACTGGGCACCTGAGGA,0,0,0.005364098,0,0.172261305,455,187.4234845,0,-0.065217391,0,0,1,0
24912,GGTGTGTGTGTGTGTGCGTGGGA,0,0,0.015151515,0,3.673734177,635,216.3518996,0.143478261,-0.173913043,0,0,0,0
24913,GATGAGTCAGTGAGTGAGTGTGA,0,0,0.011682597,0,0.23590875,455,185.3747514,0,0.02173913,0,0,0,0
24914,GTGTAACACCCAGCATCTGTAAG,0,0,0.046401515,0,0.211957667,552.5,190.2798859,0,-0.413043478,0,0,0,0
24915,CCAATCAATTTAGAGACACAGAG,0,0,0.048801743,0.484712906,0.469855806,522.5,205.0669991,0.217391304,0.173913043,0,0,0,0
24916,TGTGCGTGAGTGTGCGTGTGTGG,0,0,0.063636364,0,0.163368333,455,182.7185474,0,0.152173913,0,0,0,0
24917,TGTGTGTTCGTGTGTGCGTGTGG,0,0,0.12987013,0.860350791,0.833979885,620,210.8520827,0.008695652,-0.434782609,0,0,0,0
24918,AAATGAGAAAAAGGGGAAAAAAG,0,0,0.022584362,0,0.02381073,387.5,150.8349679,0.004347826,-0.891304348,0,0,0,0
24919,GGAGGGTGAGTGTGTGTATGTGG,0,0,0.166153846,0,0.117805637,485,170.9742357,0,-0.456521739,0,0,0,0
24920,CTTGCCCCACAGAGGGGTATTGA,0,0,0.000369822,0,0.010153707,290,141.0676321,0.173913043,0.326086957,0,0,0,0
24921,AAATGAGAACACAAGCCACATAG,0,0,0,0,0.041169777,357.5,179.7044167,0,-0.347826087,0,0,0,0
24922,TGGATGGTGGAAAGATGGGTGAG,0,0,0,0,0.018665989,387.5,163.8891033,0,-0.543478261,0,0,0,0
24923,GCCTCCCCAGAGGGTGCCCAGGG,0,0,0,0.028342577,0.027908208,357.5,172.0836473,0.017391304,-0.108695652,0,0,0,0
24924,TGGAGGGAGGGATGATGAATGGA,0,0,0,0,0.045200008,387.5,163.6451705,0.256521739,0.086956522,0,0,0,0
24925,CCCCTCCCTCCCTAGACACATGG,0,0,0.011941619,0,0.272415361,425,198.0111621,0,-0.304347826,0,0,0,0
24926,CACTTGTTTTCTTTGTTCGTAGA,0,0,0.001240079,0,0.108090364,387.5,143.5982997,0.191304348,0.434782609,0,0,0,0
24927,TAGATGGACGAATGATGAATGGA,0,0,0,0,0.052414635,485,166.9637938,0.104347826,-0.413043478,0,0,0,0
24928,TTGATGGAGGAATGGCAAGTGGA,0,0,0,0,0.028099353,412.5,166.4784415,0.034782609,0.108695652,0,0,0,0
24929,AAATGAGAATAAGATTCACAAGG,0,0,0,0,0.10798312,462.5,183.9128161,1,-0.847826087,0,0,0,0
24930,TGGATGGATGGATGAGGGATGGG,0,0,0.099047619,0,0.029954105,387.5,152.8388027,0,1.195652174,0,0,0,0
24931,GGCAGTGGGGCGGGAGGTGAAGG,0,0,0.180803571,0,0.324843,455,169.9581627,0,-0.217391304,0,0,0,0
24932,AAATGAGAAGAAATGGCTCTTGG,0,0,0.147692308,0,0.006432854,290,135.5005616,0,0.391304348,0,0,0,0
24933,TGGATGGATGGATGAGGGATGGA,0,0,0.006878307,0,0.029954105,387.5,152.8388027,0,-0.130434783,0,0,0,0
24934,ACCTCTTTCCATCCCACCTTGGG,1,0.002685955,0.225,0.789671233,0.768613333,432.5,206.4538158,0,-0.565217391,0,0,0,0
24935,GGGTGGGGGAAGAGGGCTCCTGG,0,0,0,0.019133775,0.018573078,362.5,178.8627368,0,-0.043478261,0,0,0,0
24936,CCCACCCACACACAGACACACAG,0,0,0.087329435,0.306652251,0.297252948,522.5,199.4608427,0,-0.847826087,0,0,0,0
24937,AAATGAGAAGAGCAGGCACTCAG,0,0,0.047303444,0,0.212175934,365,166.0469791,0.27826087,0.413043478,0,0,0,0
24938,AAATGAGAAGGAAAGACAGATGG,0,0,0.075,0,0.015883906,290,155.4341699,0,-0.369565217,0,0,0,0
24939,GGTGTGTCTGTGTGTGTGTGAGA,0,0,0.004351204,0,0.353596915,552.5,189.8659716,0.547826087,0.934782609,0,0,0,0
24940,GCCTCCACAAAGACTGGTCCTGA,0,0,0.002926761,0,0.032473591,387.5,144.7565655,0.013043478,0.434782609,0,0,0,0
24941,AAATGAGAGAAAGAAGCAGATGA,0,0,0.005083515,0,0.067967565,455,165.2934617,0.160869565,0.152173913,0,0,0,0
24942,AACATACATGTCTTCCCCATTAG,0,0,0.104270833,0,0.240377365,522.5,205.5315147,0.634782609,0.869565217,0,0,0,0
24943,TACAAGTTTTCATTCTTCTCAGA,0,0,0.004509379,0,0.402848101,522.5,202.8310584,0.747826087,0.086956522,0,0,0,0
24944,GACTGGATTTCACTCTTCTCTAG,0,0,0.031259968,0.103004275,0.101349588,425,191.8221571,0,-0.260869565,0,0,0,0
24945,GAAGACAAGGCTTAGCCTGCTAG,0,0,0,0.07772152,0.07772152,455,189.3620933,0,-0.5,0,0,0,0
24946,GAACACAAAGCAGGGACTATGGA,0,0,0.001811594,0,0.010338516,290,130.175895,0,0,0,0,0,0
24947,CCCTCCCCAATGCCTAGACAGAG,0,0,0.030681569,0.030716565,0.02962442,387.5,170.2581571,0,-0.130434783,0,0,1,0
24948,CCCTGTGTGACTGGACAGATCAG,0,0,0.085596708,0,0.050863282,485,171.9739463,0.030434783,-0.152173913,0,0,0,0
24949,AAATTAGCAGAAATGGCACATGA,0,0,0.004395604,0,0.082499774,425,193.6733579,0.069565217,0.282608696,0,0,0,0
24950,GTCAGCTTGGACATAACCTGAGG,0,0,0.185263158,0,0.130024297,425,193.5147944,0.034782609,-0.108695652,0,0,0,0
24951,TGAATGGATGGATGATGAGTAGA,0,0,0,0,0.086446235,455,191.1937101,0.07826087,-0.326086957,0,0,0,0
24952,GCCACTTTGCCTCCCACCATGAG,0,0,0.007278632,0,0.149930235,455,175.9025193,0.004347826,-0.673913043,0,0,0,0
24953,TGGATGGATCAATGATGATTGGA,0,0,0,0,0.043620975,485,162.2120574,0.02173913,-0.02173913,0,0,0,0
24954,TCCCCTTTGCCCCCCACCTTTGA,0,0,0.007320179,0,0.43009247,522.5,206.6505192,0.360869565,0,0,0,0,0
24955,AGATGAGAATAAGAGACACTTGG,0,0,0.39,0,0.110484003,485,159.5422378,0.095652174,-0.086956522,0,0,0,0
24956,AATCACTACCACATCCTCTAAGG,0,0,0.123529412,0,0.313735196,552.5,180.2034828,0.286956522,-0.543478261,0,0,0,0
24957,GCTACCTCCAGTGACTAGGGAAG,1,0.029040975,0.099305555,0,1.46235865,530,213.4019163,0,-0.347826087,0,0,0,0
24958,CCAGTGAGCAGACTGGAGGAAAG,0,0,0.036947069,0.021717625,0.02101987,357.5,156.9641145,0,-0.173913043,0,0,0,0
24959,TGTGAGTGTGTGTGTGTGTAAGA,0,0,0.018229167,0,0.164063988,485,157.1165087,0,-0.108695652,0,0,0,0
24960,CACCCCCTACACCCCCACTCCAG,0,0,0,0,0.064062332,485,176.9656827,0,-0.5,0,0,0,0
24961,ACCATCCATTCACAGACCCAGGA,0,0,0.005241863,0,0.110611179,455,179.2856098,0,-0.369565217,0,0,0,0
24962,GGCTCTGCGCCCTGAGGTGGAGA,0,0,0.005023923,0,0.250894548,425,196.1192426,0.086956522,0.173913043,0,0,0,0
24963,GTGTCCCAGCGGAAGAAGCACAG,0,0,0.01743295,0.196028574,0.189058669,455,179.5987356,0,-0.065217391,0,0,0,0
24964,ATTCACAGCAGTGTGTAGAGGGA,0,0,0.004201681,0,0.210193223,522.5,203.0593984,0,0.065217391,0,0,0,0
24965,CACATCCAGCCTGGGACACAAGA,0,0,0.004863449,0,0.067328526,425,195.6449346,0,-0.434782609,0,0,0,0
24966,AAAAGAAAAGAAAAAGCACAAGG,0,0,0.413703943,0,0.101349588,425,192.2368771,1,3.47826087,0,0,0,0
24967,CAGTGAGAAGAAGAAGCACAAGA,0,0,0.034235916,0,0.832622222,530,205.6649784,0,-0.173913043,0,0,0,0
24968,AGTGAGTGAGTGAGTGTGTTTGG,0,0,0.203538462,0,0.103916143,387.5,151.5769685,0,0.152173913,0,0,0,0
24969,AAGGCAGAAGAAGAGGCAGATGA,0,0,0.002605028,0,0.4917675,555,185.7620801,0,0.217391304,0,0,0,0
24970,CCCATCCAGACAGGGACACCTGA,0,0,0.003951553,0,0.050024032,455,161.4716987,0.791304348,1.826086957,0,0,0,0
24971,GAGAAAGAGAAGAAGAAGAAGGA,0,0,0.015207141,0,0.760552802,622.5,210.2603596,0,-0.282608696,0,0,0,0
24972,CCCTCTGTCCCAACCACTTTGAG,0,0,0.02693385,0,0.082027617,455,181.8941654,0.860869565,0.173913043,0,0,0,0
24973,ACATGAGAAGCTGAGGCACAGAG,0,0,0.027160494,0,0.768613333,432.5,206.2138158,0,-0.5,0,0,0,0
24974,AAAGACGACTACATCCTTAGTAG,0,0,0.042840666,0.090361802,0.087148938,485,153.727886,0.086956522,0.413043478,0,0,0,0
24975,AAATAGGAAGAAGAGACACATGA,0,0,0.042989418,0,0.29290963,560,200.0372701,0,-0.086956522,0,0,0,0
24976,GGCATCCCTCCTGCAGCCGCCAG,0,0,0.001410935,0.090378633,0.088771902,485,157.5089304,0.1,-0.043478261,0,0,1,0
24977,CCCTGTGGCTCTGCATGGTACAG,0,0,0.024679487,0,0.029419779,387.5,136.5753985,0,-0.304347826,0,0,0,0
24978,GAGCTCCTCCACCCAGCCCCGGG,0,0,0.019505399,0,0.13179369,455,172.4286585,0.991304348,-0.47826087,0,0,0,0
24979,TCCTGGGTCCCTGGATGGAGCAG,0,0,0.013943355,0,0.388621058,552.5,175.2846797,0,-0.326086957,0,0,0,0
24980,GAAAACAAGGCAGAGACTCCTGG,0,0,0.065651385,0.117932929,0.117932929,455,174.1192992,0,0,0,0,0,0
24981,GGAACAGCGGCTGTTGGTGGTGG,0,0,0.040059259,0,0.035806336,425,191.0398098,0.108695652,0.173913043,0,0,0,0
24982,AAAACAGAAGAAGAAGCAAATAG,0,0,0.039126762,0,0.133665,455,172.0830585,0.734782609,0.347826087,0,0,0,0
24983,GCCCCGTTCCCACACAGCTTCAG,0,0,0.0019736,0,0.052168566,455,183.9151203,0.008695652,-0.760869565,0,0,0,0
24984,GGTGGGTGTGTGTGTATGTGTGG,0,0,0.2016,0,0.060818669,485,175.6773627,0.039130435,-0.173913043,0,0,0,0
24985,AAATGATGAGAAAAGGCACTCAG,0,0,0.06017094,0.168525908,0.165681589,455,167.0800818,0,-0.130434783,0,0,0,0
24986,AAAAACCACAACATCCTCTAGAG,0,0,0.076923077,0,0.452917868,552.5,182.0586636,0,-0.108695652,0,0,0,0
24987,ACCTGTGTCTCTGGATGACTTGG,0,0,0.143236074,0.220915254,0.220915254,492.5,164.2286668,0.013043478,-0.456521739,0,0,0,0
24988,AACACAGAAGCAGACTTTTCAAG,0,0,0.005371901,0,0.113084086,455,166.0693945,0.017391304,0.043478261,0,0,0,0
24989,TGGATGGTGGATGGAGGATTAGG,0,0,0.02484472,0,0.085810839,357.5,168.1367621,0,-0.130434783,0,0,0,0
24990,GCAGAGTGAGTGTGTGTGTGCAG,0,0,0.05982906,0,1.196117745,560,198.6458889,0,-0.130434783,0,0,0,0
24991,GAGTTAGTGCAGAAGAAAAATGG,0,0,0.175324675,0.181305258,0.178245253,552.5,187.6025458,0,-0.152173913,0,0,0,0
24992,CCCACCCACCTACAGACACACAG,0,0,0.031004533,0,0.17912637,425,198.2224954,0,-0.456521739,0,0,0,0
24993,TGGTGGGGGGAGTGTGATTCTGG,0,0,0,0.030222669,0.030222669,387.5,155.8267044,0.582608696,-0.304347826,0,0,0,0
24994,GGAATACCTACTGAAGGACCTGA,0,0,0.001137955,0,0.045731719,455,179.7969839,0,-0.065217391,0,0,0,0
24995,GGGACTGAGGCTGCAGGAGGGGG,0,0,0.092857143,0,0.045592311,455,178.5096651,0.97826087,0.02173913,0,1,1,0
24996,CACAGGTTTTCATGGTTCTCGGG,0,0,0,0,0.223971519,522.5,205.3988954,0.017391304,-0.347826087,0,0,0,0
24997,AGAAGAGAAAAAGAGGCACTAGG,0,0,0.213333333,0.642348856,0.642348856,552.5,175.9570637,0,-0.173913043,0,0,0,0
24998,GAAACCGAAGCAAAGTGTTAAGA,0,0,0.003676471,0,0.096996713,387.5,151.0489685,0,-0.434782609,0,0,0,0
24999,GGCCCAGACTGTGAACCTGCTGG,0,0,0.006238859,0.016572289,0.016064326,290,141.7210039,0.043478261,0.02173913,0,0,0,0
25000,GGTGTGTGGGTGTCTGTGTGTGG,0,0,0.048484849,0,0.05268594,455,181.3266039,0,-0.369565217,0,0,0,1
25001,GCTGCCCGAGAGCCTGGCCATGG,0,0,0.153459822,1.258804523,1.2395125,620,209.7068466,0,0.347826087,0,0,1,0
25002,TTCACTGTGGCTAGAGGTGGTGA,0,0,0.035693473,0,0.581724684,522.5,206.3608625,0,-0.304347826,0,0,0,0
25003,AAAAGATAGGAAGAGGGACAGAG,0,0,0.002766539,0.24565273,0.241506693,552.5,190.9973278,0.2,-0.413043478,0,0,0,0
25004,TGTGCATGAGTGTGTGTGTGAGA,0,0,0.016203704,0,0.368797917,552.5,195.1395849,0.239130435,-0.586956522,0,0,0,0
25005,CCCATATATCCATATACACAGGG,0,0,0.032334184,0.061316501,0.061316501,425,191.3244931,0.026086957,-0.043478261,0,0,0,0
25006,GACAGAAAAGCAGAGTTTATGGG,0,0,0.159183674,0.202491139,0.195655995,555,182.9945153,0,-0.02173913,0,0,0,0
25007,TGGAGAGAGGAAAGAGGAGAAGG,0,0,0.249230769,0.154587634,0.154587634,455,169.4887755,0.056521739,0.282608696,0,0,0,0
25008,AAATGAAAAGAAAAGGAAGACGA,0,0,0.003739316,0,0.048184735,387.5,155.5833877,0,-0.369565217,0,0,0,0
25009,GGAATGCCATCTGCAGCATGGAG,0,0,0.003267974,0.075537496,0.072987707,485,145.5686358,0.013043478,-0.282608696,0,0,0,0
25010,GGTGTGGTAGTGTGTGCTTGTGA,0,0,0.006189344,0,0.201225633,552.5,187.005349,0.052173913,-0.173913043,0,0,0,0
25011,GACGCACACTGAGCAGGTGAAAG,0,0,0.011601468,0.182754694,0.176585759,552.5,198.4147933,0.095652174,0.217391304,0,0,0,0
25012,GAACACAGTACATAGACTGGCAG,0,0,0.00626289,0.352730832,0.352730832,555,170.0110663,0,0.108695652,0,0,0,0
25013,AAATGAGAAGTTGAGGCTGAGGA,0,0,0.000445157,0,0.02301119,290,149.0824826,0,-0.043478261,0,0,0,0
25014,GAGCCCCTGCACCCGGCCTACAG,0,0,0.002006173,0,0.106601012,455,163.3675981,0,-0.043478261,0,0,0,0
25015,TGTGAGTGAGTGTGTTGCTGAAG,0,0,0,0,0.020550273,442.5,155.5021298,NA,-0.02173913,0,0,0,0
25016,CCTGCCTCAGCTCTCCTGAATAG,0,0,0.004040404,0,0.01914801,387.5,138.4722649,0,0.086956522,0,0,0,0
25017,GTCACCTGTAATGACTAGGGAGA,0,0,0.0390625,0,3.189285714,635,214.5404027,0.02173913,-0.434782609,0,0,0,0
25018,GCCCCAGACTGACCATGTGAAAG,0,0,0.0232534,0,0.209737313,462.5,193.3722536,0,-0.043478261,0,0,0,0
25019,AGAATGTTTTCATTGTTCTCAGG,0,0,0.297142857,0,1.286675824,625,217.5584,0.013043478,0.02173913,0,0,0,0
25020,AAATAAGAAGAAGAAGAAGAAGA,0,0,0.003304285,0,0.048855403,387.5,151.9705474,0,-0.086956522,0,0,0,0
25021,AAATAAGAAGAAGAAGAAGAAGG,0,0,0.047581699,0,0.048855403,387.5,151.9705474,0,0.782608696,0,0,0,0
25022,TTCATCCTAGTCAACACCTGGGG,0,0,0.116071429,0,0.040996643,425,190.970613,0.017391304,-0.173913043,0,0,0,0
25023,AGCACTGTGCCTGGGGGTGGGGG,0,0,0.20475,0,0.371023101,522.5,196.901425,0,-0.543478261,0,0,0,1
25024,AGTCACCACTACAACCTCAAGGA,0,0,0.018207283,0,0.443035994,530,207.6472154,0,0.369565217,0,0,0,0
25025,GACCCCCTGCACCTGGCCTGTGA,0,0,9.27E-05,0,0.014556396,357.5,152.2564135,0.62173913,-0.260869565,0,0,0,0
25026,GGGATGGGGGAAGGAGGAGATGG,0,0,0.102930057,0.275077841,0.26991206,455,169.4632626,0,-0.239130435,0,0,0,0
25027,AGAGTGTGAGTGTGTGTGTGAGA,0,0,0.007575758,0,0.601049167,552.5,196.3975689,0.039130435,-0.173913043,0,0,0,0
25028,CTGTCCCCACATGGCAGAAAAAG,0,0,0.012086679,0,0.150546424,455,184.6589663,0.013043478,0.217391304,0,0,0,0
25029,GTTGACTGACTGTGTACGTGAAG,0,0,0.044995409,0,0.144062179,552.5,194.8938537,0,0.326086957,0,0,0,0
25030,TGGATGGATGAATGAGGGATAGA,0,0,0.010582011,0,0.106183653,492.5,160.2688864,0,-0.173913043,0,0,0,0
25031,TGGATGGAGGAATGAGGATGAGG,0,0,0.117647059,0,0.685644231,500,153.7144001,0.017391304,0.282608696,0,0,0,0
25032,ATATGAAAAGTAGAGGCAGAGGG,0,0,0.027972028,0,0.189058669,455,179.5987356,0.47826087,-0.108695652,0,0,0,0
25033,GGGAAAGACCGAGCATGCAGAGA,0,0,0.000128728,0,0.040156499,320,124.0982054,0.995652174,-0.739130435,0,0,0,0
25034,GCCCCTGTCCCTTCCACCTTGGA,0,0,0.0061675,0,0.186059692,425,198.7277982,0,-0.304347826,0,0,0,0
25035,TGTGAGCGAGTGTGGGTGTGTGA,0,0,0.001114005,0,0.111580572,455,181.6236866,0,-0.217391304,0,0,0,0
25036,CTCTGTGCCTCTGGCTGGAATGG,0,0,0.13946281,0.186915845,0.186915845,455,164.5155615,0,-0.586956522,0,0,0,0
25037,AACTCCCTCCACCCCGGCTGTGG,0,0,0.002491349,0,0.268517165,485,160.202689,0,0.217391304,0,0,0,0
25038,CTTGCCTCACAGGGCTGTTGTGA,0,0,0,0,0.023195422,417.5,131.6427934,0.052173913,-0.195652174,0,0,0,0
25039,TAGATGGAGGACTGCGGAGAGAG,0,0,0.008856275,0,0.091962596,357.5,159.8992781,0.060869565,-0.565217391,0,0,0,0
25040,GCCCCTCTCCCCCCGACCTTGGG,0,0,0.005853328,0.133124635,0.128847539,425,194.0200972,0,-0.239130435,0,0,1,0
25041,AAGTGAGTCGAGGAGGCACAGGG,0,0,0.108087679,0.424071175,0.424071175,522.5,203.8963022,0,0.326086957,0,0,0,0
25042,GGAAGCCCTCTTTCAGCACCAAG,0,0,0.008168661,0.278546644,0.270008816,425,197.1905393,0,-0.195652174,0,0,0,0
25043,GAGTCAGAGCATTACAAGAAGAG,0,0,0.007575758,0,0.044169427,327.5,185.9915734,0,-0.217391304,0,0,0,0
25044,ACCCTCCAACCAGAGACAGACAG,0,0,0.010620915,0.321904489,0.321904489,552.5,183.6186197,1,0.086956522,0,0,0,0
25045,GGTGTGTGTGTGTGTTAGTGTAG,0,0,0,0,0.060818669,485,175.6773627,0,-0.826086957,0,0,0,0
25046,CCTGTGAGAAGAGCTGAAGCCAG,0,0,0.016806723,0.050105032,0.050105032,455,175.0818648,0.169565217,0.5,0,0,0,0
25047,GTAACCTCCAATGTCTTTGGAGA,0,0,0.002853224,0,0.01755304,387.5,160.623371,0.017391304,-0.47826087,0,0,0,0
25048,GGAGAGAGAGTGTGAGCGTGTGA,0,0,0.025127924,0,0.536642613,530,203.2817976,0,-0.130434783,0,0,0,0
25049,GTTTCCCCACATCCTGGCCATGA,0,0,0.005564459,0,0.639230037,522.5,205.7241631,0.047826087,0.239130435,0,0,0,0
25050,GAGTCCCAGAGGAAGAGGAAAGG,0,0,0.068345588,0,0.192304556,455,184.608888,0,0.065217391,0,0,0,0
25051,AAATGTGAGGAAAAGGCAAAGAG,0,0,0.048840049,0,0.067736793,455,173.2069152,0.22173913,-0.239130435,0,0,0,0
25052,GACCCAGGCTGAGCTCCTGAAGA,0,0,0.00202782,0,0.163368333,455,180.6670504,0.052173913,0.347826087,0,0,0,0
25053,GGGACTGCCTCTGGGGGTGGCAG,0,0,0.036863426,0,0.223521383,522.5,195.5134617,0,-0.043478261,0,0,0,0
25054,GGAGAGTGAGTGAGTGAATGTGA,0,0,0.011094674,0,0.045590781,387.5,162.7632351,0.57826087,-0.152173913,0,0,0,0
25055,TGGATGGATGAATGGGCAGATGG,0,0,0.045882353,0,0.037612163,387.5,142.9094871,0,0.02173913,0,0,1,0
25056,GGCATTTTCCCACTCACCTTCAG,0,0,0.040078726,0.223971519,0.223971519,522.5,205.1588954,0,0.130434783,0,0,0,0
25057,CCAGCCTCCTCTGTACTTACAGA,0,0,0.003533018,0,0.109062622,455,178.7576098,0.352173913,-0.217391304,0,0,0,0
25058,GGCCCCCTCCAGCCTGCTTCTGG,0,0,0.015238095,0,0.040919312,357.5,171.6135447,0.1,-0.173913043,0,0,0,0
25059,GGCAGTGAGGCCGGAAGTGGGAG,0,0,0.095789474,0,0.121073494,455,189.8073367,0.017391304,-0.456521739,0,0,1,0
25060,GGTGTGTGAGGGTGTGAGAGAGG,0,0,0.019393939,0,0.101174436,387.5,159.9474853,1,2.717391304,0,0,0,0
25061,GAGCCTGAGCGGAAGAGGAAAGG,0,0,0.068919921,0.197655107,0.194319155,455,189.3242212,0,-0.086956522,0,0,0,0
25062,GTCCCCTGCCTCCCCGCCTCGGG,0,0,0.133333333,0,0.542336973,522.5,207.2469185,0,-0.673913043,0,0,0,0
25063,GAACAAAATAGATAGACTGCTAG,0,0,0.033703704,0,0.246570675,525,202.2324155,0,-0.173913043,0,0,0,0
25064,AGTGTGTGTATGTGTGCGTGTGA,0,0,0.012727273,0,0.805112123,620,208.9601632,0.008695652,0.065217391,0,0,0,0
25065,CCTTGTGTCTGTGGCTGGGTGGG,0,0,0.017578125,0.074469398,0.073145498,357.5,167.4868948,0.008695652,0.369565217,0,0,0,0
25066,GAGTCTCAGGAGAAGAAGACTGA,0,0,0.003918306,0,0.238549379,552.5,172.9014989,0,0.086956522,0,0,0,0
25067,AAAGGAGAAGAAGAGGGAAGAGG,0,0,0.012048937,0,0.080071819,417.5,129.4546891,0.769565217,0.434782609,0,0,0,0
25068,GCTTCTTTCTGGCCCACCTTTGA,0,0,0.008113199,0,0.35477267,460,199.7340794,1,-0.130434783,0,0,0,0
25069,TGGCTGGTAGAATGAGGTGTCAG,0,0,0.012605042,0,0.180012975,552.5,185.8434694,0,-0.195652174,0,0,0,0
25070,CCAGTGAGCACAGCAGTGGCCAG,0,0,0.012870789,0.049267902,0.047757775,357.5,173.8170033,0.2,-0.260869565,0,0,0,1
25071,TGTGAGTGTGAGTGTGTGTGTGG,0,0,0.21,0,0.206712756,455,188.0240249,0,-0.130434783,0,0,0,0
25072,TGTGAGTGTGAGTGTGTGTGTGA,0,0,0.014583333,0,0.206712756,455,188.0240249,0.095652174,0.413043478,0,0,0,0
25073,CGTGAGAGTGTGTGTGCCTGAGG,0,0,0.178571428,0,0.129506134,552.5,187.4337056,0.017391304,0.108695652,0,0,1,0
25074,CCCGTGTTTTCATTGTTCACTGG,0,0,0.100218659,0,0.526848592,552.5,187.3384001,0,-0.108695652,0,0,0,0
25075,TAGATAGAGGTATAAGGAGTGAG,0,0,0.050624589,0,0.075204037,425,199.3047476,0,0,0,0,0,0
25076,GGCGGTGTGGGTGGAGGTGGTAG,0,0,0.021267361,0,0.757543103,522.5,207.7081793,0,0.152173913,0,0,0,0
25077,TCCATCCATTCTGAGACATAAGA,0,0,0.010055304,0,0.238731956,455,175.7441632,0.1,0.304347826,0,0,0,0
25078,CACCCCCTCCACCTTGCCCCTGG,0,0,0.009633279,0,0.021038118,357.5,162.6057938,0,-0.130434783,0,0,0,0
25079,CTTGGCCCACTGGGTAGAAAAGA,0,0,0.000569801,0,0.043821816,357.5,172.0512414,0,0.630434783,0,0,0,0
25080,ATGTACTTCAGGGAGTAGAGAGG,0,0,0.121803977,0,0.458669828,522.5,205.1273018,0,0.065217391,0,0,0,0
25081,AAAAGAGAAAAAAAGGCAAACAG,0,0,0.045584046,0,0.177767966,455,173.0873431,0,0,0,0,0,0
25082,CAATGAGAAGAAAAGGCGTATGG,0,0,0.146069315,0,0.039962519,387.5,153.5293462,0.32173913,0.652173913,0,0,0,0
25083,CCAAACCTTGCAGAGACACAAGA,0,0,0.005015432,0,1.2395125,620,209.2921266,0.02173913,0.369565217,0,0,0,0
25084,GGGTGGGGGGAGATCTCTGCAGA,0,0,0,0,0.007670066,290,147.4572321,0,-0.108695652,0,0,0,0
25085,TGTGAGTGCGTGTATGAGTGTGG,0,0,0.2,0,0.055495857,455,182.6149239,0.008695652,2.065217391,0,0,1,1
25086,TGGGTGGATGAATGAGGGGCTGG,0,0,0.012121212,0,0.079068899,485,151.8056864,0,0,0,0,0,0
25087,GCCTCTCCAAAGCCTGCGCGAGA,0,0,0.001547024,0,0.028616384,417.5,133.8669717,0.713043478,0.130434783,0,0,1,0
25088,AAATAAGAAGAGGAGGAAGAGGA,0,0,0.00253558,0,0.089689771,387.5,158.4614685,0,0.065217391,0,0,0,0
25089,AGATGAGGAAACGAGGCACAGAG,0,0,0.037357591,0,0.648306325,522.5,203.1523462,0,-0.130434783,0,0,0,0
25090,TGTGAATGTGTGTGTGCGTGTGG,0,0,0.6,0,0.987826301,627.5,214.6542356,0,0.195652174,0,0,0,0
25091,GAGGAGGAGAAGAAGAAGAAAGA,0,0,0.010747354,0,0.760552802,622.5,210.2603596,0,-0.326086957,0,0,0,0
25092,AAATGAGAATAAGATTTACAGGA,0,0,0,0,0.022309918,412.5,161.726705,0,-0.195652174,0,0,0,0
25093,GGTGAGTGTGTGTGTATGTGAGA,0,0,0.019444444,0,0.108122079,492.5,178.1656827,0.008695652,-0.130434783,0,0,0,0
25094,ACTCCCTCTGCTCTACTCCCAGA,0,0,0.006655679,0,0.321904489,552.5,183.6186197,0,-0.456521739,0,0,0,0
25095,GCCTTTTTCCTGCCCACCTTGGA,0,0,0.009820426,0,0.69453012,432.5,205.1654958,0,0.173913043,0,0,0,0
25096,CCCGTCCCTCCGGAGACACAAGG,0,0,0.193452381,1.314767932,1.314767932,530,208.7104826,0,-0.065217391,0,0,0,0
25097,AAATGAGCAAAAGATGCAAATAG,0,0,0.006349206,0,0.111239878,455,166.1534251,0,-0.173913043,0,0,0,0
25098,AAATGAGATGGAGAGGAGCAGGG,0,0,0.0728,0,0.036610572,387.5,162.6006916,0,-0.173913043,0,0,0,0
25099,GGCGCTGCGGCTGGCGCTGGGAG,0,0,0.010398099,0,0.306794992,462.5,184.3332674,0.043478261,6.326086957,1,0,1,0
25100,CCCATCCTTCCCTACACACATAG,0,0,0.002392345,0,0.069650659,327.5,184.6777405,0,-0.108695652,0,0,0,0
25101,GCCTATCTACCAACCACCTTCAG,0,0,0.033577534,0.227408781,0.220438397,522.5,202.0693983,0,-0.043478261,0,0,0,0
25102,AATGGCATCTACATCCTGAAGGA,0,0,0.002142857,0,0.201225633,552.5,187.005349,0,2.086956522,0,0,0,0
25103,GGGTGGGGGCAGTTTACAACAGG,0,0,0.114285714,0,0.01399298,417.5,140.7485045,0.047826087,0.086956522,0,0,0,0
25104,GCCTTCTTTTCAGTGTTCTAAAG,0,0,0.018115942,0.163296796,0.163296796,455,170.5370955,0.834782609,1.434782609,0,0,0,0
25105,GTCACTGAGGCTGCAGGTGAGGG,0,0,0.166193182,0,0.10391963,455,167.0833985,0.008695652,-0.065217391,0,0,0,0
25106,GGCACAGCAGCTGGAGGTGCTGG,0,0,0.238775511,0,0.485700923,560,177.5166357,0,0.173913043,0,0,0,0
25107,GAGCCAAAGCAGGAGAAGAAAGA,0,0,0.027211972,0,0.228792914,522.5,204.6579147,0.017391304,-0.630434783,0,0,0,0
25108,ATGGAAACCAGTTAGAAGAGAAG,0,0,0.041035354,0.060534271,0.060534271,455,189.7526696,0,0.282608696,0,0,0,0
25109,GCCTGTGTCCCTGGATGAACTGA,0,0,0.002128306,0,0.125900376,485,151.6473304,0.065217391,0.282608696,0,0,0,0
25110,GTGACCTCCAATGCCTAGAGGGG,0,0,0.076530612,0,0.155075889,462.5,177.4848154,0,0.086956522,0,0,0,0
25111,TGCATGGAGGAGTGATGATTGGG,0,0,0,0,0.041615333,387.5,162.9194737,0.391304348,0.086956522,0,0,0,0
25112,GACTTCAAGCAGAAGAATAATGA,0,0,0.011331261,0,0.208990259,552.5,189.5771659,0,-0.369565217,0,0,0,0
25113,TCCTCCTCAAAGCCTTGCGATGG,0,0,0,0,0.061892065,485,168.7803934,0.004347826,-0.260869565,0,0,0,0
25114,CTTTGCCCACAGAGCAGTGAGAG,0,0,0.01958042,0.19301625,0.19301625,455,176.7907595,0.773913043,-0.173913043,0,0,0,0
25115,CCTGCCGCACATGGTAGTAATGA,0,0,0.000718236,0,0.135371465,425,194.6536972,0,-0.086956522,0,1,0,0
25116,GTTGAGGGGGTGTGAGCGTGAGA,0,0,0.010033253,0,0.16811375,522.5,198.4100173,0.013043478,0.195652174,0,0,0,0
25117,AACCCCCCCCCCCCCGCCCCCAG,0,0,0.025747126,0,0.292400968,455,179.1220994,0,-0.282608696,0,0,0,0
25118,GGCCCGGCGGCTGGACGAGGGGG,0,0,0,0,0.030658184,485,173.8286568,0,0.369565217,0,0,0,0
25119,TGTGAGTGAGGGTGTGTATGTGA,0,0,0.008974359,0,0.066310475,387.5,166.5604719,0.039130435,-0.391304348,0,0,0,0
25120,AAAAGAAAAGAAAAGGCACGTGG,0,0,0.336134453,0,0.17451794,455,169.3062987,0,0.02173913,0,0,0,0
25121,AAAGGAGAAGCAGAGACAAAGAG,0,0,0.027777778,0,0.047610675,387.5,164.0598905,0,-0.304347826,0,0,0,0
25122,GAGATCGATGACCCCACCATGGG,0,0,0.107142857,0.021442902,0.021080997,357.5,183.5143058,0.030434783,-0.391304348,0,0,0,0
25123,GGCACAGGGGCTGGAGGCAGCAG,0,0,0.044217687,0,0.056147255,485,158.1428658,0,-0.173913043,0,0,0,0
25124,GGAGTGGGTAGAGCGGAGGGGAG,0,0,0.006837562,0.485473295,0.476356426,552.5,179.4392193,0.060869565,-0.195652174,0,0,1,0
25125,GAGTAGGAGGAGAAGAGGAAGGA,0,0,0.001361656,0,0.322464761,552.5,190.1478485,0,-1.02173913,0,0,1,0
25126,GGTGAGTGTGTGTGTTGCTGGGG,0,0,0,0,0.011345979,442.5,151.5423494,0,2.282608696,0,0,0,0
25127,GGGGCTGGGGCTGGAGCTGGCAG,0,0,0.012254902,0,0.570616297,552.5,193.712472,0.113043478,0.304347826,0,0,0,0
25128,GACCCTCTCCCCTCCACCTCCAG,0,0,0.067407407,0,0.031977411,357.5,184.3961859,0.047826087,-0.130434783,0,0,0,0
25129,CCTGAGAGTAGACAGGAGGCAGG,0,0,0.052012384,0.084045019,0.081344777,425,196.2451748,0.413043478,-0.326086957,0,0,1,0
25130,TGGATGGATGAATAAGGTGAAGA,0,0,0.0078125,0,0.010645722,387.5,141.0401018,0,-0.260869565,0,0,0,0
25131,AGTGAGTGCGTGTGTGTGTATGA,0,0,0.015625,0,0.164063988,485,157.1165087,0,0.130434783,0,0,0,0
25132,CCTACTTTCCCACCCACTTTGGA,0,0,0.010439444,0,0.305988667,552.5,192.3750667,0,-0.326086957,0,0,0,0
25133,CGTGTGTGTGTGTGTGTGTGCAG,0,0,0.018855219,0,0.372455417,552.5,192.9657886,0.008695652,-0.152173913,0,0,0,0
25134,GGGAAATCCCCAGCATCTCTAGG,0,0,0.070574042,0.063386074,0.063386074,485,157.545669,0,-0.52173913,0,0,0,0
25135,CCTGCCCCACTGGACAGTGAAAG,0,0,0.019230769,0.042764652,0.041244131,357.5,170.3427317,0.030434783,0.043478261,0,0,0,0
25136,GGCAAGAACCCAGCATCCATGAG,0,0,0.050875051,0.206883639,0.203205708,552.5,183.7548353,0,-0.260869565,0,0,0,0
25137,GACACTGAGGCAGGAGGTGGGGG,0,0,0.44,0,1.384888889,530,209.3440826,0.030434783,-0.065217391,0,0,0,1
25138,CCCTGTGCCTGTGGAAGGAAAGA,0,0,0.008877841,0,0.059836201,387.5,155.4440735,0,0.173913043,0,0,0,0
25139,TCCTTCCCAAGGCCTGGCCTTAG,0,0,0.064343434,0.394491477,0.387083187,455,174.5439964,0.02173913,-0.434782609,0,0,0,0
25140,GGTGGGTGTGTGTGTGCCTGTGA,0,0,0.014285714,0,0.356082003,560,189.7285664,0.039130435,0.282608696,0,0,0,0
25141,AAATGAGAAATAGAGCTACATAG,0,0,0,0,0.046201508,387.5,169.7036429,0,-0.260869565,0,0,0,0
25142,GAACACAATCCATAGAATGGGAG,0,0,0.001708061,0,0.129256726,485,152.1247722,0,0.130434783,0,0,0,0
25143,TCCTCTGTCTCTGGAAGTATCAG,0,0,0.12345679,0,0.053377333,485,175.1999208,0.017391304,-0.173913043,0,0,0,0
25144,CCAGGTGTCTGTGGATGAATGGA,0,0,0.006510417,0,0.16982371,455,186.144983,0,0.586956522,0,0,0,0
25145,GGGTGGAGGGAGCTTGCTGGGGA,0,0,0.000403122,0,0.0521897,387.5,139.4318988,0.27826087,0.717391304,0,0,0,0
25146,GGTGGGTGAGAGTGAGTGTGTGG,0,0,0.145894737,0,0.086078568,357.5,176.4884637,0,-0.543478261,0,0,0,0
25147,AAATGGCAGGAAGAGGCACTGAG,0,0,0.050925926,0.163784475,0.158255886,552.5,173.9334549,0.67826087,0,0,0,0,0
25148,GGGGAGGGAGGGTGTGCATGCAG,0,0,0.021116139,0,0.115989594,455,184.6354022,0,-0.47826087,0,0,0,0
25149,CCAGGGAGGAGAGAGGAGGGGGA,0,0,0.000566449,0,0.0601085,455,165.1751151,0,-0.5,0,0,1,0
25150,GGCACGGTGGGTGGAGGTGAAAG,0,0,0.030381944,0,0.210470358,455,170.9465154,0,-0.47826087,0,0,0,0
25151,CTTGCCCTACAGCGTAGTAACAG,0,0,0.006367771,0,0.26380241,432.5,193.5938409,0,0.043478261,0,0,0,0
25152,AACTTGTATTAATTGTTCTGGAG,0,0,0.008235294,0.394491477,0.387083187,455,172.7324994,0,-0.347826087,0,0,0,0
25153,GAGTGTGAGCTGAAAAAGAAGGA,0,0,0.011204482,0,0.128747462,425,195.6885907,0.143478261,0.217391304,0,0,0,0
25154,CAATTAGAAGAAGAGAAACAAAG,0,0,0.031111111,0,0.104848333,485,179.637143,0,0.152173913,0,0,0,0
25155,GTCACCTCATCTGACAAGGGAGG,0,0,0.275019098,0.074463599,0.073322394,457.5,186.7299736,0,-0.195652174,0,0,0,0
25156,GCCCCTCCGGCTGGAGGCGGTGG,0,0,0.071994182,0,0.211957667,552.5,190.2798859,0.356521739,1.086956522,0,0,0,0
25157,GAGTCCGGGTGGAAGAAAAAGGA,0,0,0.021568627,0,0.143338947,455,179.4550296,0.882608696,2.02173913,0,0,0,0
25158,AAATGAGATCAAGAGACAGAGAG,0,0,0.007777778,0,0.043620975,485,162.2120574,0,-0.434782609,0,0,0,0
25159,TGTGTGTGCGTGTGTGTGTGGAG,0,0,0.025140292,0.379196691,0.372455417,552.5,192.9657886,0.052173913,0.043478261,0,0,0,0
25160,AAATGAGGAGAAAAAGCAGAAGG,0,0,0.079638009,0,0.046742489,357.5,161.645841,0,-0.369565217,0,0,0,0
25161,GCCTCCTCCCATCCTGGCCATGG,0,0,0.059523809,0.254211765,0.246762336,522.5,200.149202,0.07826087,0.217391304,0,0,1,0
25162,CCTAGTGTCTCTGCATGGTTGAG,0,0,0.019586895,0.074599572,0.073273358,455,175.4112154,0,-0.086956522,0,0,0,0
25163,GGTGAGGGTGTGTGTGCGGGTGA,0,0,0.006127451,0,0.390863585,560,183.3090389,0.165217391,0.152173913,0,0,0,0
25164,GAGTCAGAGGAGATGAAAAAAGA,0,0,0.009259259,0,0.024460418,455,175.3597617,0.013043478,0.217391304,0,0,0,0
25165,CTCATACACCCAGACACACAGAG,0,0,0.055096419,0,0.148914815,522.5,199.0072141,0.343478261,-0.086956522,0,0,0,0
25166,ATGAAAAACAGTGAGTACATTGG,0,0,0.201190476,0.076924891,0.074328271,485,151.7532658,0,0.217391304,0,0,0,0
25167,AAATGTGAAGACAAGGCAAAGAG,0,0,0.019278967,0,0.054544193,357.5,169.4505951,0,-0.130434783,0,0,0,0
25168,TGGAAGGAGGGATGGGAAGTTAG,0,0,0.051117284,0,0.086078568,357.5,176.4884637,0,-0.326086957,0,0,0,0
25169,CTTGGCCCAGATGGCAGGAAGGA,0,0,0.002077398,0,0.133501865,455,179.7805098,0,0.152173913,0,0,0,0
25170,TGTGTCTGTGTGTGTGCGTGTGA,0,0,0.010330578,0,0.50455783,620,212.1659156,0.082608696,-0.130434783,0,0,0,0
25171,TGTGTCTGTGTGTGTGCGTGTGG,0,0,0.148760331,0,0.50455783,620,212.1659156,0,0.043478261,0,0,0,0
25172,AAATGAGATGCAGAGGCCAAAGG,0,0,0.019591837,0,0.029954105,387.5,152.8388027,0,0,0,0,0,0
25173,TGAATGGAGGAATTATGAATTGG,0,0,0,0,0.012603017,387.5,158.9963895,0,0.02173913,0,0,0,0
25174,AAAGGAGAAACAGAGTCACAAGA,0,0,0,0,0.132156214,455,189.816154,0,-0.369565217,0,0,0,0
25175,TCCTCTTTCTCCCCCACCCTCAG,0,0,0.017713881,0.238731956,0.238731956,455,175.7441632,0,-0.304347826,0,0,1,0
25176,GGTGTGTGTGTGTGGGTGTGTGG,0,0,0.005090909,0,0.094763973,455,178.758767,0,0.130434783,0,0,0,0
25177,GTCTCTCCTGCTGGAGGTGGGGG,0,0,0.148484848,0,0.569608261,620,211.7434388,0,0.02173913,0,0,0,0
25178,GAAAGAGAGGAAGAGGCACCAGG,0,0,0.072150072,0,0.426140229,552.5,177.2290197,0.052173913,0.130434783,0,0,0,0
25179,ATGAACACGAGTGTGGAAAGGGA,0,0,0.005494505,0,0.004391041,387.5,160.8892758,0.017391304,0,0,0,0,0
25180,GACTCAGAGCAGAAGAGCAAAGA,0,0,0.002084167,0,0.07127241,485,170.4765717,0.395652174,1.239130435,0,0,0,0
25181,GACATGTTTGCAGTGATCTCCAG,0,0,0.014639145,0.092152171,0.092152171,455,186.5469172,0.013043478,0.130434783,0,0,0,0
25182,GTCTCTGGGGCTGGAGGTGGAGG,0,0,0.260330578,0,2.543507363,627.5,216.186583,0,-0.326086957,0,0,1,0
25183,AATCTCCACTACATCTTGAAGGA,0,0,0.000548471,0,0.050674684,485,174.3263208,0.030434783,0.108695652,0,0,0,0
25184,TAGGACACCAGAGAGTAGAGAGA,0,0,0.029380342,0,0.703915663,522.5,210.3702996,0,0,0,0,0,0
25185,AAAGGAAAAGAAGAGCCACCCGG,0,0,0,0,0.077563529,485,161.5171934,0,-0.02173913,0,0,0,0
25186,AAACATCACAACATCCTCAAAGA,0,0,0.020901218,0,0.749905063,620,211.0206796,0,-0.173913043,0,0,0,0
25187,GCCTCTTCCCCACCATCCTGAAG,0,0,0,0.028893877,0.028893877,387.5,147.4671357,0,-0.260869565,0,0,0,0
25188,AAATTAGAACAAGAGGAATAGAG,0,0,0.006700855,0,0.167894875,485,161.1858326,0,-0.108695652,0,0,0,0
25189,GATTTGTTTTTTTTTTTCTCTGA,0,0,0.000699532,0,0.108461679,327.5,190.5187943,0,1.108695652,0,0,0,0
25190,GCCACCGCGGCAGGAGGCGGAGG,0,0,0.215784216,0,0.09237382,455,184.0345823,0,-0.130434783,0,0,0,0
25191,AGATGAGAAAACGAGGCAAAGAG,0,0,0.021832359,0,0.225999585,455,175.5041632,0,-0.108695652,0,0,0,0
25192,CCCTGTGGCTCTGCATTGGTCGA,0,0,0.002046131,0,0.025853127,387.5,152.7268874,0,-0.239130435,0,0,0,0
25193,AATGACCACTAAGTGATCAAAGA,0,0,0.001617495,0,0.011453324,260,170.4891315,0.026086957,-0.043478261,0,0,0,0
25194,GGGTGGAGGGAGTTTGATTTTAG,0,0,0.016752137,0.052811317,0.051919986,417.5,127.9451083,0.069565217,0.304347826,0,0,0,0
25195,GCGCCAGGCTGAGCACGTGGTGG,0,0,0.194117647,0.687682923,0.687682923,552.5,178.1945831,0,0.326086957,0,0,1,0
25196,GACACTGAAGCTGAGGTTCTAGA,0,0,0.002052545,0,0.024241864,387.5,161.6614897,0,0.630434783,0,0,0,0
25197,GGCACCTGAGTCCTTACCTGAAG,0,0,0.033621832,0,0.553689759,522.5,205.0725425,0.013043478,4.347826087,0,0,0,0
25198,AAATGAGAAGAAGAGGAGAGCAG,0,0,0.015860566,0,0.012934678,400,104.9049558,0,-0.065217391,0,0,0,0
25199,GGGTGCGGGGAAATAGCTCCGAG,0,0,0.066126855,0.044169427,0.044169427,327.5,185.9915734,0.017391304,0.195652174,0,0,0,0
25200,GGGAAAGACCCAGCCCCCCATGA,0,0,0.003183777,0,0.007901364,320,119.8189527,0,-0.108695652,0,0,0,0
25201,TGGAGAGGGGAATGAGGAATAGA,0,0,0.023280423,0,0.286465585,552.5,182.2778791,0.195652174,0.456521739,0,0,0,0
25202,CCCAGCTAACTAGAGACACACGA,0,0,0.01031746,0,0.316132585,522.5,205.3386351,0,-0.086956522,0,0,0,0
25203,GACCTCTTAGTCATTACTTAAAG,0,0,0.046662896,0,0.136699648,485,155.5254668,0,0.086956522,0,0,0,0
25204,GGTGTGTCAGTGTGTGTGTGTGA,0,0,0.007252007,0,1.144757433,560,195.025752,0,-0.108695652,0,0,0,0
25205,AGGAAGGAGGGATGGGGAGTTGG,0,0,0.21125,0,0.223580696,425,197.4745747,0,0.934782609,0,0,0,0
25206,GATGGGTGAGTGTGTGGGTAGGG,0,0,0.033597285,0,0.268517165,485,159.547969,0,0.130434783,0,0,0,0
25207,TGAGAGTGGGTGTGTGCCTGGGG,0,0,0.22675737,0,0.186959075,552.5,189.2888864,0.008695652,0.173913043,0,0,0,0
25208,GGCAAAGAGGCAGGAGGTGGGGA,0,0,0.017883598,0,0.406288793,522.5,205.3097786,0.252173913,-0.043478261,0,0,0,0
25209,CCAATGAGCAGAGTGGGGGCTAG,0,0,0.027873303,0.05359042,0.05268594,455,181.7413239,0,0.347826087,0,0,1,0
25210,GATTAGTTTTCATTTTTCACTGA,0,0,0.000974348,0,0.13179369,455,172.4286585,0,-0.086956522,0,0,0,0
25211,GAACACCATTTATAGACTGCTGA,0,0,0.004557292,0,0.278359952,525,201.6352187,0,0.152173913,0,0,0,0
25212,AAAAGAAAAGAATAGGCAAATGA,0,0,0.004251701,0,0.131830099,455,175.6958987,0,-0.217391304,0,0,0,0
25213,GGTCATTGTGTGTGTGTGTGTGG,0,0,0.09882353,0,0.213926133,552.5,191.5945246,0.013043478,0.108695652,0,0,0,0
25214,GGGAGGGAGGGAGGAGGAGTGGA,0,0,0.00720857,0,0.322857199,425,202.1822758,0,-0.065217391,0,0,0,0
25215,GGTCATTGTGTGTGTGTGTGTGA,0,0,0.006862745,0,0.213926133,552.5,191.5945246,0.226086957,-0.217391304,0,0,0,0
25216,AAAAGAGAAGAAGTGCTACATGA,0,0,0,0,0.014831394,387.5,168.4126784,0,-0.304347826,0,0,0,0
25217,GGGGTGAGAGTGTGTGCGGGAGA,0,0,0.002761995,0,0.335877203,552.5,184.2524993,0,0,0,0,0,0
25218,CCTGCCCCACAGGGCACCAGGAG,0,0,0.017136266,0.052629364,0.052629364,417.5,135.4129557,0,0.065217391,0,0,0,1
25219,TTGAAGGAGCAATAAGGAGTAGA,0,0,0.006628788,0,0.206277769,522.5,201.0407589,0,0.282608696,0,0,0,0
25220,TGTGAGTGTGTGGGTGAGTGTGA,0,0,0.005072464,0,0.144140246,455,184.754788,0,-0.326086957,0,0,0,0
25221,AAGTCACAGCAGAAGAAGCAGGA,0,0,0.00825508,0,0.217701741,552.5,184.2828353,0,0.043478261,0,0,0,0
25222,AGGCACACCACTGAGGAGAGTGA,0,0,0.003054299,0,0.143492089,455,194.5678904,0.069565217,0.043478261,0,0,0,1
25223,AAATAAGAAGTTGAGGCACACAG,0,0,0.023045267,0,0.69453012,432.5,205.1654958,0,0.02173913,0,0,0,0
25224,ATGAACAGCAGTGAGCAAAGAGA,0,0,0.020604395,0,0.094893037,492.5,174.5884239,0,-0.304347826,0,0,0,0
25225,GACACGGATGCGGAGTTTGTTGA,0,0,0.003761574,0,0.086114993,455,174.9901353,0.008695652,0.108695652,0,0,0,0
25226,GGTGTGTGAGGGTGTGTGAGGGA,0,0,0.001346801,0,0.101174436,387.5,159.9474853,0,-0.565217391,0,0,0,0
25227,GAAAAATAAGCAGAGTTTTTGGG,0,0,0.262779397,0.53957968,0.531673751,622.5,213.2145152,0.030434783,0.173913043,0,0,0,0
25228,CAAGGAGAAGAAGAATCACAGAG,0,0,0,0,0.072985333,455,186.8309525,0,-0.195652174,0,0,0,0
25229,GGTGAGTGTGTGTGAGTGTGTGA,0,0,0.01125731,0,0.168469286,462.5,181.247087,0,-0.456521739,0,1,0,1
25230,AAATCAGAAGAAAAGGGAGAAGA,0,0,0.00037034,0,0.070548661,387.5,156.6782485,0,-0.456521739,0,0,0,0
25231,GGTGAGTGTGTGTGAGTGTGTGG,0,0,0.162105263,0,0.168469286,462.5,181.247087,0.182608696,-0.608695652,0,0,0,0
25232,CCCTCCCTCAGGCCTGGCCAGGG,0,0,0.232142857,0.493086352,0.485165286,522.5,205.910319,0.02173913,0.108695652,0,0,0,0
25233,CCAGTGAGGAGAGCAGAGGTGGA,0,0,0.012138189,0,0.192203764,462.5,165.0955981,0,0.260869565,0,0,0,0
25234,GCAAACCCTTATGCAGCAACCGG,0,0,0.111263736,0.287011089,0.27680625,455,180.6935964,0,-0.413043478,0,0,0,0
25235,AGCACCGGTCAGTAGAGCTGAGG,0,0,0.150588235,0.325301471,0.313735196,552.5,180.8370828,0.430434783,-0.130434783,0,0,1,0
25236,GAAATCCCATCTCCATCACCTGA,0,0,0,0,0.06113461,455,188.2124732,0.42173913,0,0,0,0,0
25237,TGGATAGAGAAAGGAGGGGTCGA,0,0,0.006763285,0,0.063531421,455,177.4996258,0,-0.52173913,0,0,0,0
25238,AAAAGAGAAGACAAGGCAAAGAG,0,0,0.012852644,0,0.094963995,357.5,170.3629791,0.008695652,0,0,0,0,0
25239,GAATGAGAAAGAGAGGGACAGAG,0,0,0.009251997,0,0.311591569,455,186.9920688,0,-0.673913043,0,0,0,0
25240,TAATGAGGCTAAGAGGCACAAGG,0,0,0.34047619,0.805112123,0.805112123,622.5,207.1486663,0.039130435,-0.173913043,0,0,0,0
25241,TGGATGGATGAATCATGGGTGGA,0,0,0,0,0.004391041,387.5,160.8892758,1,2.934782609,0,0,0,0
25242,AAATCAGAATGAGAGGCACACAG,0,0,0.107581018,0,1.300126506,530,207.8898599,0,0.043478261,0,0,0,0
25243,AATAGAGAAGAAGGGGCTCAGGA,0,0,0.005446623,0,0.045592311,455,180.7358821,0.869565217,0.043478261,0,0,0,0
25244,CCTGCTTCCTCTCTTCTCCCTGG,0,0,0.031219212,0.071921594,0.070707728,455,167.4672581,0,-0.02173913,0,0,0,0
25245,GGGTCCCCAACCCCTGGCCATAG,0,0,0.019096334,0,0.385203768,425,204.4858158,0,-0.130434783,0,0,0,0
25246,AAATGAGAAGGAGAAGTGCAAGA,0,0,0.007930283,0,0.015320006,290,152.3534504,0,-0.282608696,0,0,0,0
25247,TGGAGAGAGGAATGAGGAGCCAG,0,0,0.015084175,0,0.794927861,560,180.1880961,0,0.239130435,0,0,0,0
25248,GTTGAATGAGTGTGTGTGGGTGA,0,0,0.005155724,0,0.116171344,485,165.439905,0.02173913,-0.47826087,0,0,0,0
25249,AAGTGAGAAGAAGAAGAAGAGGA,0,0,0.002329944,0,0.050740571,387.5,152.7308674,0.008695652,0.152173913,0,0,0,0
25250,AAGTGAGAGGAAAAGGCACATGA,0,0,0.026115859,0,0.656264509,530,206.4128991,0.095652174,-0.02173913,0,0,0,0
25251,GGCAATGGGGCTGGGGGAGGGGG,0,0,0.159183673,0,0.078958228,455,175.1815082,0.017391304,-0.086956522,0,0,0,0
25252,AGAATCCCTTCTGTGGCAGCTGA,0,0,0.003723958,0,0.021038118,357.5,162.6057938,0.439130435,-0.543478261,0,0,0,0
25253,TGTGAGTGAGTGAGTACATGTGG,0,0,0.47928994,0,0.020657028,387.5,166.9889203,0,-0.543478261,0,0,0,0
25254,GTTACATCCAGTGACTAAGGGGA,0,0,0.019949777,0,0.102743345,455,185.232599,0.260869565,0.652173913,0,0,0,0
25255,GACATGTTTTCATTGTTCTGTAG,0,0,0.007262164,0,6.389516129,567.5,183.5888001,0.17826087,-0.02173913,0,0,0,0
25256,GAGCCACTCCACCCCACCTTCAG,0,0,0.036111111,0,0.067743736,485,162.4599902,0,-0.326086957,0,0,0,0
25257,GAAGAGTGTGTGTGTGTGTGGGG,0,0,0.169230769,0,0.367241041,552.5,193.4861086,0.647826087,-0.652173913,0,0,0,0
25258,AAAGGAGATAAAGAGACACAAGG,0,0,0.35,0,0.145490895,552.5,192.0864573,0,0.043478261,0,0,0,0
25259,AGGTGGAGGCAGGTTGCTCCTAG,0,0,0.024347826,0.36592984,0.36592984,522.5,202.3257622,0,0.217391304,0,0,0,0
25260,AAACACAAAACATTGACTTCCAG,0,0,0.077432099,0.072298905,0.072298905,455,171.821079,1,0.130434783,0,0,0,0
25261,GTCACCTTAGTCATGACCCTCAG,0,0,0.002503193,0,0.055738305,387.5,135.8190586,0.217391304,0.217391304,0,0,0,0
25262,TGTGAATGTGTGTGTGTGTGAGA,0,0,0.019444444,0,0.225335527,552.5,192.4681246,0,-0.195652174,0,0,0,0
25263,TGTGAGAGTGTGTGTGCATGTGA,0,0,0.025240384,0,0.129506134,552.5,187.4337056,0,0.130434783,0,0,0,0
25264,AAATGGAGAGAAGAGGCAAAGAG,0,0,0.058201058,0.199014896,0.195655995,555,181.1830183,0,0.434782609,0,0,0,0
25265,GGGTGGGGGCAGTGTGTTCTAAG,0,0,0,0.032035497,0.031520871,387.5,144.4453679,0,-0.456521739,0,0,0,0
25266,GGGTGGGGTGAGTGTGTACCCAG,0,0,0,0,0.009828784,387.5,157.1915907,0.330434783,0.369565217,0,0,0,0
25267,GGGACAGAACCTGCATCCCTGAG,0,0,0.01660281,0,0.142338831,455,175.4877993,0.247826087,-0.043478261,0,0,0,0
25268,TACTTGTCTTCATTTTTCACTGA,0,0,0.002834467,0,0.141195423,455,171.1451615,0.013043478,0.608695652,0,0,0,0
25269,TAGTCAGGGGAGAAGAAGAAAGG,0,0,0.264814815,0.797205949,0.797205949,620,209.3224626,0.043478261,0.217391304,0,0,1,0
25270,ATCAGCACCAGTGTGTAGACAGG,0,0,0.063296703,0,0.096999969,455,168.6068954,0,-0.043478261,0,0,0,0
25271,GGGTGGGGTGACTGTCCTCCCAG,0,0,0,0.0106793,0.010515632,357.5,178.5965087,0,-0.217391304,0,0,0,0
25272,AAATGAGCAGAACTGGCACCAAG,0,0,0.005670743,0,0.0361443,357.5,157.8240779,0.226086957,0.260869565,0,0,0,0
25273,GGTGTGAGTGTGTGTGTGTGTAG,0,0,0.023097643,0.241506693,0.241506693,552.5,190.5826078,0,0.086956522,0,0,0,0
25274,GGTGCGTGTGTATGTGTGTGTGG,0,0,0.130666667,0,0.173969682,455,185.2496881,0,-0.173913043,0,0,0,0
25275,AAAGAAGAAGAAGAGACACCAGG,0,0,0.123106061,0,0.113563,485,162.6120542,0,-0.282608696,0,0,0,0
25276,AAAGAAGAAGAAGAGACACCAGA,0,0,0.008549032,0,0.113563,485,162.6120542,0,-0.173913043,0,0,0,0
25277,ACCAACCATGCAGAGAAACAAAG,0,0,0.023525377,0.571587811,0.56142625,552.5,191.9338325,0.073913043,-0.260869565,0,0,0,0
25278,GCCTCTCCAAAGCCACCCCACAG,0,0,0,0,0.015361544,412.5,164.9324575,0.160869565,0.108695652,0,0,0,0
25279,GGCACTGAAGCTGAAGCTGGCAG,0,0,0.019117647,0,0.050146859,455,179.515107,0,0.260869565,0,0,0,0
25280,TGGCAGTAGGAAAGAGGAGTGAG,0,0,0.018099547,0.378170105,0.378170105,522.5,205.1555787,0,0.065217391,0,0,0,0
25281,GGAGAGAGAGTGTGTGTGAGTGA,0,0,0.005787037,0,0.129312723,485,164.5547082,0,0,0,0,0,0
25282,CGTGTGTGCGTGTGTGGGTGTGG,0,0,0.008730765,0,0.372455417,552.5,192.9657886,0,-0.282608696,0,0,0,0
25283,CTCTTTTTCCCATCCACCTTCAG,0,0,0.074992348,0.581724684,0.581724684,522.5,208.1723595,0,-0.282608696,0,0,0,0
25284,TGTGAGTGAGTGCATGTGTGTGG,0,0,0.27631579,0,0.035150404,357.5,177.0753837,0,0.108695652,0,0,0,0
25285,GAGCCCACAGCATTGACTGCCAG,0,0,0.018106996,0,0.210193223,522.5,202.6446784,0.026086957,0.173913043,0,0,0,0
25286,GCTGCCTCAGATCTACCCACAGA,0,0,0.028772378,0,0.206712756,455,188.0240249,0,-0.173913043,0,0,0,0
25287,AGGAAAGACCCTGCCTCGGTGAG,0,0,0.002828283,0,0.040919312,357.5,171.8535447,0.130434783,0.565217391,0,0,0,0
25288,GGGGAAGACCCACCATCAATGGG,0,0,0.101214575,0,0.037831185,387.5,152.6557462,0.343478261,0.565217391,0,0,0,0
25289,CACATTCATACAGACACACAGAG,0,0,0.041383532,0.228322521,0.224468976,522.5,197.975258,0.013043478,-0.304347826,0,0,0,0
25290,GAAATTCCTTCTGTTGCACCAGG,0,0,0.115238095,0.036938171,0.036314742,425,191.3278098,0,-0.282608696,0,0,0,0
25291,GCCTCCCCGGGACCTGGCCATAG,0,0,0.058253315,0.200516979,0.200516979,462.5,196.3022991,0,0.152173913,0,0,0,0
25292,GGGGTGTGAGAGTGTGTGTGTAG,0,0,0.016498317,0.327755523,0.316692045,455,190.1674852,0,0.02173913,0,0,0,0
25293,GGAAAAGACTCAGCATCTGCGAG,0,0,0.010695187,0.121849517,0.117517089,485,151.1193304,0.239130435,-0.130434783,0,0,0,0
25294,TTGAAGAGCAGTGAGTTGAGTGG,0,0,0.042857143,0.375472992,0.368797917,552.5,193.328088,0,-0.282608696,0,0,0,0
25295,GCATATTTCCCCCCCAGCTTTGG,0,0,0.007666224,0,0.280743218,455,188.6814685,0,0.043478261,0,0,0,0
25296,TGGATGGAGATATGAGGATGAGG,0,0,0.033785822,0,0.096062691,387.5,140.09258,0,0.369565217,0,0,0,0
25297,AACTGTGTGTCTGGTTGGATAGG,0,0,0.09004329,0.254738974,0.24614019,522.5,200.7931981,0,0.086956522,0,0,0,0
25298,AAATAAAAAGAAGTGGCAGAGAG,0,0,0.014979424,0,0.048186352,455,173.1413146,0.008695652,-0.239130435,0,0,0,0
25299,AGAGAGAGAGTGTGTGTGTGCGA,0,0,0.018229167,0,0.410516581,552.5,195.3027081,0.091304348,-0.282608696,0,0,0,0
25300,GGGAGGGGGCAGTTTGGTACAGA,0,0,0.000333467,0,0.176849269,485,161.6005526,0,0.043478261,0,0,0,0
25301,AAATGAGAAGAGGAGGGAAGGGA,0,0,0.00096689,0,0.033961496,320,122.6121886,0.013043478,0.043478261,0,0,0,0
25302,TGTGTGTGTGTGTGTACGTGGGG,0,0,0.218181818,0,0.166395667,552.5,196.6634738,0,-0.173913043,0,0,0,0
25303,CAACAAAAAGCATAGACTGTTAG,0,0,0.051587302,0,0.902714689,560,181.4764161,0,-0.782608696,0,0,0,0
25304,CCATGTGTCATTGGAGGGATTGG,0,0,0.079120879,0,0.130306027,455,190.161754,0,-0.02173913,0,0,0,0
25305,GAGCCAGGGAAGAAGAAGAAAGA,0,0,0.02651857,0,0.760552802,620,208.4488626,1,3.304347826,0,0,0,0
25306,GCCTCTTGGCCACATACCTTGGA,0,0,0.000735597,0,0.033302485,425,186.2941965,0.039130435,-0.108695652,0,0,0,0
25307,GGGTGGGGTGAGGATGGTCCTGA,0,0,0.000351832,0,0.018514566,357.5,173.1156034,0,0,0,0,0,0
25308,AGTGAGTGAATGAGTGAGTGAAG,0,0,0.070358974,0,0.217271959,455,183.722832,0.026086957,0.065217391,0,0,0,0
25309,TGGATGGAGGAATGGATAGATAG,0,0,0.023697917,0,0.009657223,345,129.5808415,0,0.108695652,0,0,0,0
25310,CCTGCCCCACAGGCCAGGGAGAG,0,0,0.011904762,0.015102472,0.014565495,387.5,151.1494821,0,-0.282608696,0,0,0,0
25311,AGATGAGAAAAAAAGGAACAAGA,0,0,0.022336182,0,0.217271959,455,183.482832,0,-0.217391304,0,0,0,0
25312,AAAGGGGAAGAAGATGCAAATGA,0,0,0.001898081,0,0.080867325,455,171.5853945,0,-0.086956522,0,0,0,0
25313,AAGTGAGAAGATGAGGTATACGG,0,0,0.043874644,0,0.0931506,387.5,159.2217885,0.252173913,NA,0,0,0,0
25314,GTCCTTTTAGTCACTTCCTGAGG,0,0,0,0,0.023306476,455,187.6128055,0.304347826,0,0,0,0,0
25315,GTCACTGAGACTGAAGGTGGAGA,0,0,0.020107323,0,0.206277769,522.5,199.229262,0,-0.108695652,0,0,0,0
25316,GGGAGGGGTGAGTGAGCTCCCAG,0,0,0,0.036066176,0.034907424,425,188.5204134,0.273913043,-0.065217391,0,0,0,0
25317,AGAGGGGAAGGAGAGGCACATGA,0,0,0.016121032,0,0.480400979,522.5,210.0703323,0.02173913,0.108695652,0,0,0,0
25318,TAGTCCCAGCAGAAGAACACTGG,0,0,0.074404762,0.095152766,0.09336586,485,154.255886,0,-0.347826087,0,0,0,0
25319,TCCATCCATCCACACACACCCAG,0,0,0.006766227,0.073720861,0.072336432,357.5,158.356058,0,0.086956522,0,0,0,0
25320,GGTGTGAGCGTGTGTGCTTGTGA,0,0,0.008417508,0,0.122948862,552.5,186.1453856,0,-0.282608696,0,0,0,0
25321,CGTGTGTGGGTGTGTGCGTGGGG,0,0,0.173160173,0,1.632770745,627.5,215.1518996,0.169565217,-0.369565217,0,0,0,1
25322,CCATCCCCAAAACCTGACCACGA,0,0,0.037448559,0,0.29571619,455,189.9697885,0.013043478,0.043478261,0,0,0,0
25323,TGTGTGTGAATGTGTACGTGCAG,0,0,0.087991021,0.250819,0.250819,552.5,195.6315177,0,-0.130434783,0,0,0,0
25324,GGGAAAGGTCCAGCACCAGTTGG,0,0,0.23034188,0.02995122,0.029470076,485,169.4286435,0,-0.086956522,0,0,0,0
25325,TTCAAATTAGTGATTACCTGCAG,0,0,0.053497942,0,0.425868976,522.5,208.4095956,0,-0.173913043,0,0,0,0
25326,TGGGAGGAGGAAGGAGGAGGAGG,0,0,0.014386189,0,0.25551675,455,170.4011595,0.769565217,-0.02173913,0,0,0,0
25327,GACTGAGAAGCTGAGGCACAGAG,0,0,0.014814815,0.397990615,0.385203768,425,204.7258158,0,0.195652174,0,0,0,0
25328,GGATGAGAAGAAGAAGCACAAGA,0,0,0.052287581,0,0.844444444,530,205.9529784,0.073913043,-0.173913043,0,0,0,0
25329,GCCACGCAAAAGCCTGGGCAAAG,0,0,0.005349794,0.184472162,0.178245253,552.5,188.0172658,0,0.195652174,0,0,0,0
25330,AGAGAAGAAGAATAGGCACAGGA,0,0,0.009027778,0,0.553689759,522.5,207.2987595,0,-0.195652174,0,0,0,0
25331,ATGAGAAGGAGTGAGTAGAGAGG,0,0,0.26606414,0.489552393,0.482379464,620,209.0660987,0,-0.391304348,0,0,0,0
25332,AGTGTGTGAGTGTGTGTGAGTGA,0,0,0.003030303,0,0.202836708,485,166.177569,0.795652174,-0.086956522,0,0,0,0
